tau [fm]		Pi [fm^-4]
0.25		22.4387
0.26		20.9364		
0.27		19.5318		
0.28		18.2179		
0.29		16.9885		
0.3		15.8378		
0.31		14.7605		
0.32		13.7519		
0.33		12.8077		
0.34		11.9238		
0.35		11.0965		
0.36		10.3223		
0.37		9.59805		
0.38		8.92062		
0.39		8.28724		
0.4		7.69525		
0.41		7.14216		
0.42		6.62563		
0.43		6.14346		
0.44		5.69356		
0.45		5.27398		
0.46		4.88286		
0.47		4.51845		
0.48		4.1791		
0.49		3.86325		
0.5		3.56944		
0.51		3.29626		
0.52		3.04241		
0.53		2.80665		
0.54		2.5878		
0.55		2.38477		
0.56		2.1965		
0.57		2.02203		
0.58		1.86042		
0.59		1.71081		
0.6		1.57238		
0.61		1.44436		
0.62		1.32603		
0.63		1.21672		
0.64		1.11577		
0.65		1.02261		
0.66		0.936665		
0.67		0.857419		
0.68		0.784382		
0.69		0.717096		
0.7		0.655135		
0.71		0.598101		
0.72		0.545622		
0.73		0.497354		
0.74		0.452973		
0.75		0.412181		
0.76		0.374699		
0.77		0.340269		
0.78		0.308652		
0.79		0.279623		
0.8		0.252979		
0.81		0.228527		
0.82		0.206092		
0.83		0.18551		
0.84		0.166631		
0.85		0.149315		
0.86		0.133434		
0.87		0.118871		
0.88		0.105515		
0.89		0.0932666		
0.9		0.0820337		
0.91		0.0717312		
0.92		0.0622813		
0.93		0.0536123		
0.94		0.0456585		
0.95		0.0383595		
0.96		0.0316603		
0.97		0.02551		
0.98		0.0198624		
0.99		0.0146749		
1		0.00990882		
1.01		0.00552849		
1.02		0.00150143		
1.03		-0.00220205		
1.04		-0.0056091		
1.05		-0.00874454		
1.06		-0.011631		
1.07		-0.0142892		
1.08		-0.016738		
1.09		-0.0189947		
1.1		-0.021075		
1.11		-0.0229933		
1.12		-0.0247627		
1.13		-0.0263951		
1.14		-0.0279017		
1.15		-0.0292922		
1.16		-0.0305759		
1.17		-0.0317611		
1.18		-0.0328555		
1.19		-0.0338659		
1.2		-0.0347988		
1.21		-0.03566		
1.22		-0.0364549		
1.23		-0.0371883		
1.24		-0.0378647		
1.25		-0.0384883		
1.26		-0.0390628		
1.27		-0.0395918		
1.28		-0.0400783		
1.29		-0.0405254		
1.3		-0.0409357		
1.31		-0.0413118		
1.32		-0.0416559		
1.33		-0.0419701		
1.34		-0.0422565		
1.35		-0.0425169		
1.36		-0.0427528		
1.37		-0.042966		
1.38		-0.0431579		
1.39		-0.0433297		
1.4		-0.0434829		
1.41		-0.0436184		
1.42		-0.0437374		
1.43		-0.043841		
1.44		-0.0439301		
1.45		-0.0440056		
1.46		-0.0440682		
1.47		-0.0441189		
1.48		-0.0441582		
1.49		-0.044187		
1.5		-0.0442058		
1.51		-0.0442152		
1.52		-0.0442159		
1.53		-0.0442084		
1.54		-0.0441931		
1.55		-0.0441705		
1.56		-0.0441412		
1.57		-0.0441054		
1.58		-0.0440637		
1.59		-0.0440164		
1.6		-0.0439638		
1.61		-0.0439064		
1.62		-0.0438443		
1.63		-0.043778		
1.64		-0.0437077		
1.65		-0.0436337		
1.66		-0.0435563		
1.67		-0.0434756		
1.68		-0.043392		
1.69		-0.0433056		
1.7		-0.0432167		
1.71		-0.0431255		
1.72		-0.0430321		
1.73		-0.0429368		
1.74		-0.0428397		
1.75		-0.0427409		
1.76		-0.0426406		
1.77		-0.0425391		
1.78		-0.0424363		
1.79		-0.0423325		
1.8		-0.0422278		
1.81		-0.0421223		
1.82		-0.042016		
1.83		-0.0419092		
1.84		-0.0418019		
1.85		-0.0416943		
1.86		-0.0415863		
1.87		-0.0414781		
1.88		-0.0413699		
1.89		-0.0412616		
1.9		-0.0411533		
1.91		-0.0410451		
1.92		-0.0409372		
1.93		-0.0408294		
1.94		-0.040722		
1.95		-0.040615		
1.96		-0.0405083		
1.97		-0.0404022		
1.98		-0.0402965		
1.99		-0.0401915		
2		-0.040087		
2.01		-0.0399832		
2.02		-0.0398801		
2.03		-0.0397778		
2.04		-0.0396762		
2.05		-0.0395754		
2.06		-0.0394755		
2.07		-0.0393764		
2.08		-0.0392782		
2.09		-0.0391809		
2.1		-0.0390846		
2.11		-0.0389892		
2.12		-0.0388949		
2.13		-0.0388015		
2.14		-0.0387092		
2.15		-0.0386179		
2.16		-0.0385276		
2.17		-0.0384385		
2.18		-0.0383504		
2.19		-0.0382635		
2.2		-0.0381776		
2.21		-0.0380929		
2.22		-0.0380093		
2.23		-0.0379269		
2.24		-0.0378456		
2.25		-0.0377655		
2.26		-0.0376866		
2.27		-0.0376088		
2.28		-0.0375322		
2.29		-0.0374568		
2.3		-0.0373826		
2.31		-0.0373096		
2.32		-0.0372378		
2.33		-0.0371671		
2.34		-0.0370977		
2.35		-0.0370295		
2.36		-0.0369625		
2.37		-0.0368966		
2.38		-0.036832		
2.39		-0.0367686		
2.4		-0.0367064		
2.41		-0.0366454		
2.42		-0.0365855		
2.43		-0.0365269		
2.44		-0.0364695		
2.45		-0.0364132		
2.46		-0.0363581		
2.47		-0.0363042		
2.48		-0.0362515		
2.49		-0.0362		
2.5		-0.0361496		
2.51		-0.0361004		
2.52		-0.0360524		
2.53		-0.0360055		
2.54		-0.0359598		
2.55		-0.0359152		
2.56		-0.0358718		
2.57		-0.0358295		
2.58		-0.0357883		
2.59		-0.0357482		
2.6		-0.0357093		
2.61		-0.0356715		
2.62		-0.0356347		
2.63		-0.0355991		
2.64		-0.0355646		
2.65		-0.0355311		
2.66		-0.0354987		
2.67		-0.0354674		
2.68		-0.0354372		
2.69		-0.035408		
2.7		-0.0353799		
2.71		-0.0353528		
2.72		-0.0353268		
2.73		-0.0353018		
2.74		-0.0352778		
2.75		-0.0352548		
2.76		-0.0352328		
2.77		-0.0352118		
2.78		-0.0351918		
2.79		-0.0351728		
2.8		-0.0351548		
2.81		-0.0351378		
2.82		-0.0351217		
2.83		-0.0351065		
2.84		-0.0350924		
2.85		-0.0350791		
2.86		-0.0350668		
2.87		-0.0350554		
2.88		-0.0350449		
2.89		-0.0350354		
2.9		-0.0350267		
2.91		-0.0350189		
2.92		-0.035012		
2.93		-0.035006		
2.94		-0.0350009		
2.95		-0.0349966		
2.96		-0.0349932		
2.97		-0.0349906		
2.98		-0.0349889		
2.99		-0.034988		
3		-0.034988		
3.01		-0.0349887		
3.02		-0.0349903		
3.03		-0.0349926		
3.04		-0.0349958		
3.05		-0.0349998		
3.06		-0.0350045		
3.07		-0.03501		
3.08		-0.0350163		
3.09		-0.0350233		
3.1		-0.0350311		
3.11		-0.0350397		
3.12		-0.0350489		
3.13		-0.035059		
3.14		-0.0350697		
3.15		-0.0350811		
3.16		-0.0350933		
3.17		-0.0351062		
3.18		-0.0351198		
3.19		-0.035134		
3.2		-0.035149		
3.21		-0.0351646		
3.22		-0.0351809		
3.23		-0.0351978		
3.24		-0.0352154		
3.25		-0.0352337		
3.26		-0.0352526		
3.27		-0.0352721		
3.28		-0.0352923		
3.29		-0.0353131		
3.3		-0.0353345		
3.31		-0.0353566		
3.32		-0.0353792		
3.33		-0.0354025		
3.34		-0.0354263		
3.35		-0.0354507		
3.36		-0.0354757		
3.37		-0.0355013		
3.38		-0.0355274		
3.39		-0.0355541		
3.4		-0.0355814		
3.41		-0.0356092		
3.42		-0.0356376		
3.43		-0.0356665		
3.44		-0.0356959		
3.45		-0.0357259		
3.46		-0.0357564		
3.47		-0.0357874		
3.48		-0.0358189		
3.49		-0.0358509		
3.5		-0.0358834		
3.51		-0.0359165		
3.52		-0.03595		
3.53		-0.035984		
3.54		-0.0360184		
3.55		-0.0360534		
3.56		-0.0360888		
3.57		-0.0361247		
3.58		-0.036161		
3.59		-0.0361978		
3.6		-0.0362351		
3.61		-0.0362728		
3.62		-0.0363109		
3.63		-0.0363494		
3.64		-0.0363884		
3.65		-0.0364278		
3.66		-0.0364677		
3.67		-0.0365079		
3.68		-0.0365485		
3.69		-0.0365896		
3.7		-0.0366311		
3.71		-0.0366729		
3.72		-0.0367152		
3.73		-0.0367578		
3.74		-0.0368008		
3.75		-0.0368442		
3.76		-0.036888		
3.77		-0.0369321		
3.78		-0.0369766		
3.79		-0.0370214		
3.8		-0.0370666		
3.81		-0.0371122		
3.82		-0.0371581		
3.83		-0.0372044		
3.84		-0.037251		
3.85		-0.0372979		
3.86		-0.0373452		
3.87		-0.0373928		
3.88		-0.0374407		
3.89		-0.0374889		
3.9		-0.0375374		
3.91		-0.0375863		
3.92		-0.0376355		
3.93		-0.0376849		
3.94		-0.0377347		
3.95		-0.0377848		
3.96		-0.0378351		
3.97		-0.0378858		
3.98		-0.0379367		
3.99		-0.0379879		
4		-0.0380394		
4.01		-0.0380912		
4.02		-0.0381432		
4.03		-0.0381955		
4.04		-0.0382481		
4.05		-0.038301		
4.06		-0.0383541		
4.07		-0.0384074		
4.08		-0.038461		
4.09		-0.0385148		
4.1		-0.0385689		
4.11		-0.0386233		
4.12		-0.0386778		
4.13		-0.0387326		
4.14		-0.0387877		
4.15		-0.0388429		
4.16		-0.0388984		
4.17		-0.0389542		
4.18		-0.0390101		
4.19		-0.0390662		
4.2		-0.0391226		
4.21		-0.0391792		
4.22		-0.039236		
4.23		-0.039293		
4.24		-0.0393502		
4.25		-0.0394075		
4.26		-0.0394651		
4.27		-0.0395229		
4.28		-0.0395809		
4.29		-0.039639		
4.3		-0.0396974		
4.31		-0.0397559		
4.32		-0.0398146		
4.33		-0.0398735		
4.34		-0.0399326		
4.35		-0.0399918		
4.36		-0.0400512		
4.37		-0.0401108		
4.38		-0.0401705		
4.39		-0.0402304		
4.4		-0.0402905		
4.41		-0.0403507		
4.42		-0.0404111		
4.43		-0.0404716		
4.44		-0.0405323		
4.45		-0.0405931		
4.46		-0.0406541		
4.47		-0.0407152		
4.48		-0.0407765		
4.49		-0.0408379		
4.5		-0.0408994		
4.51		-0.0409611		
4.52		-0.0410229		
4.53		-0.0410848		
4.54		-0.0411469		
4.55		-0.041209		
4.56		-0.0412713		
4.57		-0.0413338		
4.58		-0.0413963		
4.59		-0.041459		
4.6		-0.0415218		
4.61		-0.0415847		
4.62		-0.0416477		
4.63		-0.0417108		
4.64		-0.041774		
4.65		-0.0418373		
4.66		-0.0419008		
4.67		-0.0419643		
4.68		-0.0420279		
4.69		-0.0420917		
4.7		-0.0421555		
4.71		-0.0422194		
4.72		-0.0422834		
4.73		-0.0423476		
4.74		-0.0424117		
4.75		-0.042476		
4.76		-0.0425404		
4.77		-0.0426049		
4.78		-0.0426694		
4.79		-0.042734		
4.8		-0.0427987		
4.81		-0.0428635		
4.82		-0.0429283		
4.83		-0.0429932		
4.84		-0.0430582		
4.85		-0.0431233		
4.86		-0.0431884		
4.87		-0.0432536		
4.88		-0.0433189		
4.89		-0.0433842		
4.9		-0.0434496		
4.91		-0.0435151		
4.92		-0.0435806		
4.93		-0.0436461		
4.94		-0.0437118		
4.95		-0.0437775		
4.96		-0.0438432		
4.97		-0.043909		
4.98		-0.0439748		
4.99		-0.0440407		
5		-0.0441067		
5.01		-0.0441726		
5.02		-0.0442387		
5.03		-0.0443047		
5.04		-0.0443709		
5.05		-0.044437		
5.06		-0.0445032		
5.07		-0.0445695		
5.08		-0.0446357		
5.09		-0.044702		
5.1		-0.0447684		
5.11		-0.0448348		
5.12		-0.0449012		
5.13		-0.0449676		
5.14		-0.0450341		
5.15		-0.0451006		
5.16		-0.0451671		
5.17		-0.0452337		
5.18		-0.0453003		
5.19		-0.0453669		
5.2		-0.0454335		
5.21		-0.0455002		
5.22		-0.0455668		
5.23		-0.0456335		
5.24		-0.0457002		
5.25		-0.045767		
5.26		-0.0458337		
5.27		-0.0459005		
5.28		-0.0459672		
5.29		-0.046034		
5.3		-0.0461008		
5.31		-0.0461676		
5.32		-0.0462345		
5.33		-0.0463013		
5.34		-0.0463681		
5.35		-0.046435		
5.36		-0.0465018		
5.37		-0.0465687		
5.38		-0.0466355		
5.39		-0.0467024		
5.4		-0.0467693		
5.41		-0.0468361		
5.42		-0.046903		
5.43		-0.0469699		
5.44		-0.0470367		
5.45		-0.0471036		
5.46		-0.0471704		
5.47		-0.0472373		
5.48		-0.0473041		
5.49		-0.047371		
5.5		-0.0474378		
5.51		-0.0475046		
5.52		-0.0475715		
5.53		-0.0476383		
5.54		-0.0477051		
5.55		-0.0477719		
5.56		-0.0478386		
5.57		-0.0479054		
5.58		-0.0479722		
5.59		-0.0480389		
5.6		-0.0481056		
5.61		-0.0481723		
5.62		-0.048239		
5.63		-0.0483057		
5.64		-0.0483723		
5.65		-0.048439		
5.66		-0.0485056		
5.67		-0.0485722		
5.68		-0.0486388		
5.69		-0.0487053		
5.7		-0.0487719		
5.71		-0.0488384		
5.72		-0.0489048		
5.73		-0.0489713		
5.74		-0.0490377		
5.75		-0.0491042		
5.76		-0.0491705		
5.77		-0.0492369		
5.78		-0.0493032		
5.79		-0.0493695		
5.8		-0.0494358		
5.81		-0.049502		
5.82		-0.0495682		
5.83		-0.0496344		
5.84		-0.0497006		
5.85		-0.0497667		
5.86		-0.0498328		
5.87		-0.0498988		
5.88		-0.0499648		
5.89		-0.0500308		
5.9		-0.0500968		
5.91		-0.0501627		
5.92		-0.0502286		
5.93		-0.0502944		
5.94		-0.0503602		
5.95		-0.050426		
5.96		-0.0504917		
5.97		-0.0505574		
5.98		-0.050623		
5.99		-0.0506886		
6		-0.0507542		
6.01		-0.0508197		
6.02		-0.0508852		
6.03		-0.0509506		
6.04		-0.051016		
6.05		-0.0510814		
6.06		-0.0511467		
6.07		-0.0512119		
6.08		-0.0512772		
6.09		-0.0513423		
6.1		-0.0514075		
6.11		-0.0514726		
6.12		-0.0515376		
6.13		-0.0516026		
6.14		-0.0516675		
6.15		-0.0517324		
6.16		-0.0517973		
6.17		-0.0518621		
6.18		-0.0519268		
6.19		-0.0519915		
6.2		-0.0520562		
6.21		-0.0521208		
6.22		-0.0521853		
6.23		-0.0522498		
6.24		-0.0523143		
6.25		-0.0523787		
6.26		-0.052443		
6.27		-0.0525073		
6.28		-0.0525715		
6.29		-0.0526357		
6.3		-0.0526998		
6.31		-0.0527639		
6.32		-0.0528279		
6.33		-0.0528919		
6.34		-0.0529558		
6.35		-0.0530196		
6.36		-0.0530834		
6.37		-0.0531472		
6.38		-0.0532108		
6.39		-0.0532745		
6.4		-0.053338		
6.41		-0.0534015		
6.42		-0.053465		
6.43		-0.0535284		
6.44		-0.0535917		
6.45		-0.053655		
6.46		-0.0537182		
6.47		-0.0537813		
6.48		-0.0538444		
6.49		-0.0539075		
6.5		-0.0539704		
6.51		-0.0540333		
6.52		-0.0540962		
6.53		-0.054159		
6.54		-0.0542217		
6.55		-0.0542844		
6.56		-0.054347		
6.57		-0.0544095		
6.58		-0.054472		
6.59		-0.0545344		
6.6		-0.0545967		
6.61		-0.054659		
6.62		-0.0547212		
6.63		-0.0547834		
6.64		-0.0548454		
6.65		-0.0549075		
6.66		-0.0549694		
6.67		-0.0550313		
6.68		-0.0550931		
6.69		-0.0551549		
6.7		-0.0552166		
6.71		-0.0552782		
6.72		-0.0553398		
6.73		-0.0554012		
6.74		-0.0554627		
6.75		-0.055524		
6.76		-0.0555853		
6.77		-0.0556465		
6.78		-0.0557077		
6.79		-0.0557688		
6.8		-0.0558298		
6.81		-0.0558907		
6.82		-0.0559516		
6.83		-0.0560124		
6.84		-0.0560731		
6.85		-0.0561338		
6.86		-0.0561944		
6.87		-0.0562549		
6.88		-0.0563154		
6.89		-0.0563758		
6.9		-0.0564361		
6.91		-0.0564963		
6.92		-0.0565565		
6.93		-0.0566166		
6.94		-0.0566766		
6.95		-0.0567366		
6.96		-0.0567964		
6.97		-0.0568563		
6.98		-0.056916		
6.99		-0.0569757		
7		-0.0570353		
7.01		-0.0570948		
7.02		-0.0571542		
7.03		-0.0572136		
7.04		-0.0572729		
7.05		-0.0573321		
7.06		-0.0573913		
7.07		-0.0574504		
7.08		-0.0575094		
7.09		-0.0575683		
7.1		-0.0576272		
7.11		-0.057686		
7.12		-0.0577447		
7.13		-0.0578033		
7.14		-0.0578619		
7.15		-0.0579203		
7.16		-0.0579788		
7.17		-0.0580371		
7.18		-0.0580954		
7.19		-0.0581535		
7.2		-0.0582116		
7.21		-0.0582697		
7.22		-0.0583276		
7.23		-0.0583855		
7.24		-0.0584433		
7.25		-0.058501		
7.26		-0.0585587		
7.27		-0.0586163		
7.28		-0.0586738		
7.29		-0.0587312		
7.3		-0.0587885		
7.31		-0.0588458		
7.32		-0.058903		
7.33		-0.0589601		
7.34		-0.0590172		
7.35		-0.0590741		
7.36		-0.059131		
7.37		-0.0591878		
7.38		-0.0592445		
7.39		-0.0593012		
7.4		-0.0593577		
7.41		-0.0594142		
7.42		-0.0594707		
7.43		-0.059527		
7.44		-0.0595833		
7.45		-0.0596394		
7.46		-0.0596955		
7.47		-0.0597516		
7.48		-0.0598075		
7.49		-0.0598634		
7.5		-0.0599192		
7.51		-0.0599749		
7.52		-0.0600305		
7.53		-0.0600861		
7.54		-0.0601415		
7.55		-0.0601969		
7.56		-0.0602522		
7.57		-0.0603075		
7.58		-0.0603626		
7.59		-0.0604177		
7.6		-0.0604727		
7.61		-0.0605276		
7.62		-0.0605825		
7.63		-0.0606372		
7.64		-0.0606919		
7.65		-0.0607465		
7.66		-0.060801		
7.67		-0.0608555		
7.68		-0.0609098		
7.69		-0.0609641		
7.7		-0.0610183		
7.71		-0.0610724		
7.72		-0.0611265		
7.73		-0.0611804		
7.74		-0.0612343		
7.75		-0.0612881		
7.76		-0.0613418		
7.77		-0.0613955		
7.78		-0.061449		
7.79		-0.0615025		
7.8		-0.0615559		
7.81		-0.0616092		
7.82		-0.0616624		
7.83		-0.0617156		
7.84		-0.0617687		
7.85		-0.0618217		
7.86		-0.0618746		
7.87		-0.0619274		
7.88		-0.0619802		
7.89		-0.0620328		
7.9		-0.0620854		
7.91		-0.0621379		
7.92		-0.0621904		
7.93		-0.0622427		
7.94		-0.062295		
7.95		-0.0623472		
7.96		-0.0623993		
7.97		-0.0624513		
7.98		-0.0625033		
7.99		-0.0625551		
8		-0.0626069		
8.01		-0.0626586		
8.02		-0.0627102		
8.03		-0.0627618		
8.04		-0.0628132		
8.05		-0.0628646		
8.06		-0.0629159		
8.07		-0.0629671		
8.08		-0.0630182		
8.09		-0.0630693		
8.1		-0.0631203		
8.11		-0.0631712		
8.12		-0.063222		
8.13		-0.0632727		
8.14		-0.0633233		
8.15		-0.0633739		
8.16		-0.0634244		
8.17		-0.0634748		
8.18		-0.0635251		
8.19		-0.0635754		
8.2		-0.0636255		
8.21		-0.0636756		
8.22		-0.0637256		
8.23		-0.0637755		
8.24		-0.0638254		
8.25		-0.0638751		
8.26		-0.0639248		
8.27		-0.0639744		
8.28		-0.0640239		
8.29		-0.0640733		
8.3		-0.0641227		
8.31		-0.0641719		
8.32		-0.0642211		
8.33		-0.0642702		
8.34		-0.0643193		
8.35		-0.0643682		
8.36		-0.0644171		
8.37		-0.0644659		
8.38		-0.0645146		
8.39		-0.0645632		
8.4		-0.0646117		
8.41		-0.0646602		
8.42		-0.0647086		
8.43		-0.0647569		
8.44		-0.0648051		
8.45		-0.0648532		
8.46		-0.0649013		
8.47		-0.0649492		
8.48		-0.0649971		
8.49		-0.0650449		
8.5		-0.0650927		
8.51		-0.0651403		
8.52		-0.0651879		
8.53		-0.0652354		
8.54		-0.0652828		
8.55		-0.0653301		
8.56		-0.0653774		
8.57		-0.0654245		
8.58		-0.0654716		
8.59		-0.0655186		
8.6		-0.0655655		
8.61		-0.0656124		
8.62		-0.0656591		
8.63		-0.0657058		
8.64		-0.0657524		
8.65		-0.065799		
8.66		-0.0658454		
8.67		-0.0658918		
8.68		-0.065938		
8.69		-0.0659843		
8.7		-0.0660304		
8.71		-0.0660764		
8.72		-0.0661224		
8.73		-0.0661683		
8.74		-0.0662141		
8.75		-0.0662598		
8.76		-0.0663054		
8.77		-0.066351		
8.78		-0.0663965		
8.79		-0.0664419		
8.8		-0.0664872		
8.81		-0.0665324		
8.82		-0.0665776		
8.83		-0.0666227		
8.84		-0.0666677		
8.85		-0.0667126		
8.86		-0.0667575		
8.87		-0.0668022		
8.88		-0.0668469		
8.89		-0.0668915		
8.9		-0.066936		
8.91		-0.0669805		
8.92		-0.0670249		
8.93		-0.0670692		
8.94		-0.0671134		
8.95		-0.0671575		
8.96		-0.0672016		
8.97		-0.0672455		
8.98		-0.0672894		
8.99		-0.0673332		
9		-0.067377		
9.01		-0.0674206		
9.02		-0.0674642		
9.03		-0.0675077		
9.04		-0.0675511		
9.05		-0.0675945		
9.06		-0.0676378		
9.07		-0.0676809		
9.08		-0.0677241		
9.09		-0.0677671		
9.1		-0.06781		
9.11		-0.0678529		
9.12		-0.0678957		
9.13		-0.0679384		
9.14		-0.0679811		
9.15		-0.0680236		
9.16		-0.0680661		
9.17		-0.0681085		
9.18		-0.0681509		
9.19		-0.0681931		
9.2		-0.0682353		
9.21		-0.0682774		
9.22		-0.0683194		
9.23		-0.0683613		
9.24		-0.0684032		
9.25		-0.068445		
9.26		-0.0684867		
9.27		-0.0685283		
9.28		-0.0685699		
9.29		-0.0686114		
9.3		-0.0686528		
9.31		-0.0686941		
9.32		-0.0687353		
9.33		-0.0687765		
9.34		-0.0688176		
9.35		-0.0688586		
9.36		-0.0688996		
9.37		-0.0689404		
9.38		-0.0689812		
9.39		-0.0690219		
9.4		-0.0690626		
9.41		-0.0691031		
9.42		-0.0691436		
9.43		-0.069184		
9.44		-0.0692243		
9.45		-0.0692646		
9.46		-0.0693048		
9.47		-0.0693449		
9.48		-0.0693849		
9.49		-0.0694248		
9.5		-0.0694647		
9.51		-0.0695045		
9.52		-0.0695442		
9.53		-0.0695839		
9.54		-0.0696235		
9.55		-0.069663		
9.56		-0.0697024		
9.57		-0.0697417		
9.58		-0.069781		
9.59		-0.0698202		
9.6		-0.0698593		
9.61		-0.0698984		
9.62		-0.0699374		
9.63		-0.0699763		
9.64		-0.0700151		
9.65		-0.0700538		
9.66		-0.0700925		
9.67		-0.0701311		
9.68		-0.0701697		
9.69		-0.0702081		
9.7		-0.0702465		
9.71		-0.0702848		
9.72		-0.070323		
9.73		-0.0703612		
9.74		-0.0703993		
9.75		-0.0704373		
9.76		-0.0704752		
9.77		-0.0705131		
9.78		-0.0705509		
9.79		-0.0705886		
9.8		-0.0706262		
9.81		-0.0706638		
9.82		-0.0707013		
9.83		-0.0707387		
9.84		-0.0707761		
9.85		-0.0708134		
9.86		-0.0708506		
9.87		-0.0708877		
9.88		-0.0709248		
9.89		-0.0709617		
9.9		-0.0709987		
9.91		-0.0710355		
9.92		-0.0710723		
9.93		-0.071109		
9.94		-0.0711456		
9.95		-0.0711822		
9.96		-0.0712187		
9.97		-0.0712551		
9.98		-0.0712914		
9.99		-0.0713277		
10		-0.0713639		
10.01		-0.0714		
10.02		-0.0714361		
10.03		-0.071472		
10.04		-0.071508		
10.05		-0.0715438		
10.06		-0.0715796		
10.07		-0.0716153		
10.08		-0.0716509		
10.09		-0.0716865		
10.1		-0.0717219		
10.11		-0.0717574		
10.12		-0.0717927		
10.13		-0.071828		
10.14		-0.0718632		
10.15		-0.0718983		
10.16		-0.0719334		
10.17		-0.0719684		
10.18		-0.0720033		
10.19		-0.0720382		
10.2		-0.072073		
10.21		-0.0721077		
10.22		-0.0721423		
10.23		-0.0721769		
10.24		-0.0722114		
10.25		-0.0722459		
10.26		-0.0722802		
10.27		-0.0723145		
10.28		-0.0723488		
10.29		-0.0723829		
10.3		-0.072417		
10.31		-0.0724511		
10.32		-0.072485		
10.33		-0.0725189		
10.34		-0.0725527		
10.35		-0.0725865		
10.36		-0.0726202		
10.37		-0.0726538		
10.38		-0.0726873		
10.39		-0.0727208		
10.4		-0.0727542		
10.41		-0.0727876		
10.42		-0.0728209		
10.43		-0.0728541		
10.44		-0.0728872		
10.45		-0.0729203		
10.46		-0.0729533		
10.47		-0.0729863		
10.48		-0.0730191		
10.49		-0.073052		
10.5		-0.0730847		
10.51		-0.0731174		
10.52		-0.07315		
10.53		-0.0731825		
10.54		-0.073215		
10.55		-0.0732474		
10.56		-0.0732798		
10.57		-0.0733121		
10.58		-0.0733443		
10.59		-0.0733764		
10.6		-0.0734085		
10.61		-0.0734405		
10.62		-0.0734725		
10.63		-0.0735044		
10.64		-0.0735362		
10.65		-0.0735679		
10.66		-0.0735996		
10.67		-0.0736313		
10.68		-0.0736628		
10.69		-0.0736943		
10.7		-0.0737258		
10.71		-0.0737571		
10.72		-0.0737884		
10.73		-0.0738197		
10.74		-0.0738509		
10.75		-0.073882		
10.76		-0.073913		
10.77		-0.073944		
10.78		-0.0739749		
10.79		-0.0740058		
10.8		-0.0740366		
10.81		-0.0740673		
10.82		-0.074098		
10.83		-0.0741286		
10.84		-0.0741591		
10.85		-0.0741896		
10.86		-0.07422		
10.87		-0.0742504		
10.88		-0.0742807		
10.89		-0.0743109		
10.9		-0.0743411		
10.91		-0.0743712		
10.92		-0.0744012		
10.93		-0.0744312		
10.94		-0.0744611		
10.95		-0.074491		
10.96		-0.0745208		
10.97		-0.0745505		
10.98		-0.0745802		
10.99		-0.0746098		
11		-0.0746393		
11.01		-0.0746688		
11.02		-0.0746983		
11.03		-0.0747276		
11.04		-0.0747569		
11.05		-0.0747862		
11.06		-0.0748154		
11.07		-0.0748445		
11.08		-0.0748736		
11.09		-0.0749026		
11.1		-0.0749315		
11.11		-0.0749604		
11.12		-0.0749892		
11.13		-0.075018		
11.14		-0.0750467		
11.15		-0.0750753		
11.16		-0.0751039		
11.17		-0.0751325		
11.18		-0.0751609		
11.19		-0.0751893		
11.2		-0.0752177		
11.21		-0.075246		
11.22		-0.0752742		
11.23		-0.0753024		
11.24		-0.0753305		
11.25		-0.0753586		
11.26		-0.0753866		
11.27		-0.0754145		
11.28		-0.0754424		
11.29		-0.0754702		
11.3		-0.075498		
11.31		-0.0755257		
11.32		-0.0755534		
11.33		-0.075581		
11.34		-0.0756085		
11.35		-0.075636		
11.36		-0.0756634		
11.37		-0.0756908		
11.38		-0.0757181		
11.39		-0.0757454		
11.4		-0.0757726		
11.41		-0.0757997		
11.42		-0.0758268		
11.43		-0.0758539		
11.44		-0.0758808		
11.45		-0.0759078		
11.46		-0.0759346		
11.47		-0.0759614		
11.48		-0.0759882		
11.49		-0.0760149		
11.5		-0.0760415		
11.51		-0.0760681		
11.52		-0.0760947		
11.53		-0.0761211		
11.54		-0.0761476		
11.55		-0.0761739		
11.56		-0.0762003		
11.57		-0.0762265		
11.58		-0.0762527		
11.59		-0.0762789		
11.6		-0.076305		
11.61		-0.0763311		
11.62		-0.076357		
11.63		-0.076383		
11.64		-0.0764089		
11.65		-0.0764347		
11.66		-0.0764605		
11.67		-0.0764862		
11.68		-0.0765119		
11.69		-0.0765375		
11.7		-0.0765631		
11.71		-0.0765886		
11.72		-0.0766141		
11.73		-0.0766395		
11.74		-0.0766649		
11.75		-0.0766902		
11.76		-0.0767154		
11.77		-0.0767407		
11.78		-0.0767658		
11.79		-0.0767909		
11.8		-0.076816		
11.81		-0.076841		
11.82		-0.0768659		
11.83		-0.0768908		
11.84		-0.0769157		
11.85		-0.0769405		
11.86		-0.0769653		
11.87		-0.07699		
11.88		-0.0770146		
11.89		-0.0770392		
11.9		-0.0770638		
11.91		-0.0770883		
11.92		-0.0771127		
11.93		-0.0771371		
11.94		-0.0771615		
11.95		-0.0771858		
11.96		-0.07721		
11.97		-0.0772343		
11.98		-0.0772584		
11.99		-0.0772825		
12		-0.0773066		
12.01		-0.0773306		
12.02		-0.0773546		
12.03		-0.0773785		
12.04		-0.0774024		
12.05		-0.0774262		
12.06		-0.07745		
12.07		-0.0774737		
12.08		-0.0774974		
12.09		-0.077521		
12.1		-0.0775446		
12.11		-0.0775681		
12.12		-0.0775916		
12.13		-0.0776151		
12.14		-0.0776385		
12.15		-0.0776618		
12.16		-0.0776852		
12.17		-0.0777084		
12.18		-0.0777316		
12.19		-0.0777548		
12.2		-0.0777779		
12.21		-0.077801		
12.22		-0.0778241		
12.23		-0.077847		
12.24		-0.07787		
12.25		-0.0778929		
12.26		-0.0779158		
12.27		-0.0779386		
12.28		-0.0779613		
12.29		-0.0779841		
12.3		-0.0780067		
12.31		-0.0780294		
12.32		-0.078052		
12.33		-0.0780745		
12.34		-0.078097		
12.35		-0.0781195		
12.36		-0.0781419		
12.37		-0.0781643		
12.38		-0.0781866		
12.39		-0.0782089		
12.4		-0.0782312		
12.41		-0.0782534		
12.42		-0.0782755		
12.43		-0.0782977		
12.44		-0.0783197		
12.45		-0.0783418		
12.46		-0.0783638		
12.47		-0.0783857		
12.48		-0.0784077		
12.49		-0.0784295		
12.5		-0.0784514		
12.51		-0.0784732		
12.52		-0.0784949		
12.53		-0.0785166		
12.54		-0.0785383		
12.55		-0.0785599		
12.56		-0.0785815		
12.57		-0.0786031		
12.58		-0.0786246		
12.59		-0.0786461		
12.6		-0.0786675		
12.61		-0.0786889		
12.62		-0.0787102		
12.63		-0.0787316		
12.64		-0.0787528		
12.65		-0.0787741		
12.66		-0.0787953		
12.67		-0.0788164		
12.68		-0.0788376		
12.69		-0.0788586		
12.7		-0.0788797		
12.71		-0.0789007		
12.72		-0.0789217		
12.73		-0.0789426		
12.74		-0.0789635		
12.75		-0.0789844		
12.76		-0.0790052		
12.77		-0.079026		
12.78		-0.0790467		
12.79		-0.0790675		
12.8		-0.0790881		
12.81		-0.0791088		
12.82		-0.0791294		
12.83		-0.07915		
12.84		-0.0791705		
12.85		-0.079191		
12.86		-0.0792115		
12.87		-0.0792319		
12.88		-0.0792523		
12.89		-0.0792727		
12.9		-0.079293		
12.91		-0.0793133		
12.92		-0.0793335		
12.93		-0.0793538		
12.94		-0.0793739		
12.95		-0.0793941		
12.96		-0.0794142		
12.97		-0.0794343		
12.98		-0.0794544		
12.99		-0.0794744		
13		-0.0794944		
13.01		-0.0795144		
13.02		-0.0795343		
13.03		-0.0795542		
13.04		-0.079574		
13.05		-0.0795939		
13.06		-0.0796137		
13.07		-0.0796334		
13.08		-0.0796532		
13.09		-0.0796729		
13.1		-0.0796925		
13.11		-0.0797122		
13.12		-0.0797318		
13.13		-0.0797514		
13.14		-0.0797709		
13.15		-0.0797904		
13.16		-0.0798099		
13.17		-0.0798294		
13.18		-0.0798488		
13.19		-0.0798682		
13.2		-0.0798876		
13.21		-0.0799069		
13.22		-0.0799263		
13.23		-0.0799455		
13.24		-0.0799648		
13.25		-0.079984		
13.26		-0.0800032		
13.27		-0.0800224		
13.28		-0.0800415		
13.29		-0.0800606		
13.3		-0.0800797		
13.31		-0.0800988		
13.32		-0.0801178		
13.33		-0.0801368		
13.34		-0.0801558		
13.35		-0.0801748		
13.36		-0.0801937		
13.37		-0.0802126		
13.38		-0.0802315		
13.39		-0.0802503		
13.4		-0.0802691		
13.41		-0.0802879		
13.42		-0.0803067		
13.43		-0.0803254		
13.44		-0.0803442		
13.45		-0.0803629		
13.46		-0.0803815		
13.47		-0.0804002		
13.48		-0.0804188		
13.49		-0.0804374		
13.5		-0.080456		
13.51		-0.0804745		
13.52		-0.080493		
13.53		-0.0805115		
13.54		-0.08053		
13.55		-0.0805485		
13.56		-0.0805669		
13.57		-0.0805853		
13.58		-0.0806037		
13.59		-0.0806221		
13.6		-0.0806404		
13.61		-0.0806587		
13.62		-0.080677		
13.63		-0.0806953		
13.64		-0.0807136		
13.65		-0.0807318		
13.66		-0.08075		
13.67		-0.0807682		
13.68		-0.0807864		
13.69		-0.0808046		
13.7		-0.0808227		
13.71		-0.0808408		
13.72		-0.0808589		
13.73		-0.080877		
13.74		-0.080895		
13.75		-0.0809131		
13.76		-0.0809311		
13.77		-0.0809491		
13.78		-0.0809671		
13.79		-0.080985		
13.8		-0.081003		
13.81		-0.0810209		
13.82		-0.0810388		
13.83		-0.0810567		
13.84		-0.0810746		
13.85		-0.0810924		
13.86		-0.0811102		
13.87		-0.0811281		
13.88		-0.0811459		
13.89		-0.0811637		
13.9		-0.0811814		
13.91		-0.0811992		
13.92		-0.0812169		
13.93		-0.0812346		
13.94		-0.0812523		
13.95		-0.08127		
13.96		-0.0812877		
13.97		-0.0813054		
13.98		-0.081323		
13.99		-0.0813407		
14		-0.0813583		
14.01		-0.0813759		
14.02		-0.0813935		
14.03		-0.081411		
14.04		-0.0814286		
14.05		-0.0814462		
14.06		-0.0814637		
14.07		-0.0814812		
14.08		-0.0814987		
14.09		-0.0815162		
14.1		-0.0815337		
14.11		-0.0815512		
14.12		-0.0815687		
14.13		-0.0815861		
14.14		-0.0816035		
14.15		-0.081621		
14.16		-0.0816384		
14.17		-0.0816558		
14.18		-0.0816732		
14.19		-0.0816906		
14.2		-0.081708		
14.21		-0.0817253		
14.22		-0.0817427		
14.23		-0.08176		
14.24		-0.0817774		
14.25		-0.0817947		
14.26		-0.081812		
14.27		-0.0818293		
14.28		-0.0818466		
14.29		-0.0818639		
14.3		-0.0818812		
14.31		-0.0818985		
14.32		-0.0819157		
14.33		-0.081933		
14.34		-0.0819502		
14.35		-0.0819675		
14.36		-0.0819847		
14.37		-0.082002		
14.38		-0.0820192		
14.39		-0.0820364		
14.4		-0.0820536		
14.41		-0.0820708		
14.42		-0.082088		
14.43		-0.0821052		
14.44		-0.0821224		
14.45		-0.0821396		
14.46		-0.0821568		
14.47		-0.082174		
14.48		-0.0821912		
14.49		-0.0822083		
14.5		-0.0822255		
14.51		-0.0822427		
14.52		-0.0822598		
14.53		-0.082277		
14.54		-0.0822941		
14.55		-0.0823113		
14.56		-0.0823284		
14.57		-0.0823456		
14.58		-0.0823627		
14.59		-0.0823798		
14.6		-0.082397		
14.61		-0.0824141		
14.62		-0.0824313		
14.63		-0.0824484		
14.64		-0.0824655		
14.65		-0.0824827		
14.66		-0.0824998		
14.67		-0.0825169		
14.68		-0.0825341		
14.69		-0.0825512		
14.7		-0.0825683		
14.71		-0.0825855		
14.72		-0.0826026		
14.73		-0.0826198		
14.74		-0.0826369		
14.75		-0.082654		
14.76		-0.0826712		
14.77		-0.0826883		
14.78		-0.0827055		
14.79		-0.0827226		
14.8		-0.0827398		
14.81		-0.0827569		
14.82		-0.0827741		
14.83		-0.0827913		
14.84		-0.0828084		
14.85		-0.0828256		
14.86		-0.0828428		
14.87		-0.08286		
14.88		-0.0828771		
14.89		-0.0828943		
14.9		-0.0829115		
14.91		-0.0829287		
14.92		-0.0829459		
14.93		-0.0829631		
14.94		-0.0829804		
14.95		-0.0829976		
14.96		-0.0830148		
14.97		-0.083032		
14.98		-0.0830493		
14.99		-0.0830665		
15		-0.0830838		
15.01		-0.0831011		
15.02		-0.0831183		
15.03		-0.0831356		
15.04		-0.0831529		
15.05		-0.0831702		
15.06		-0.0831875		
15.07		-0.0832048		
15.08		-0.0832222		
15.09		-0.0832395		
15.1		-0.0832568		
15.11		-0.0832742		
15.12		-0.0832916		
15.13		-0.0833089		
15.14		-0.0833263		
15.15		-0.0833437		
15.16		-0.0833611		
15.17		-0.0833785		
15.18		-0.083396		
15.19		-0.0834134		
15.2		-0.0834309		
15.21		-0.0834483		
15.22		-0.0834658		
15.23		-0.0834833		
15.24		-0.0835008		
15.25		-0.0835184		
15.26		-0.0835359		
15.27		-0.0835534		
15.28		-0.083571		
15.29		-0.0835886		
15.3		-0.0836062		
15.31		-0.0836238		
15.32		-0.0836414		
15.33		-0.083659		
15.34		-0.0836767		
15.35		-0.0836943		
15.36		-0.083712		
15.37		-0.0837297		
15.38		-0.0837474		
15.39		-0.0837652		
15.4		-0.0837829		
15.41		-0.0838007		
15.42		-0.0838185		
15.43		-0.0838363		
15.44		-0.0838541		
15.45		-0.0838719		
15.46		-0.0838898		
15.47		-0.0839077		
15.48		-0.0839256		
15.49		-0.0839435		
15.5		-0.0839614		
15.51		-0.0839794		
15.52		-0.0839973		
15.53		-0.0840153		
15.54		-0.0840333		
15.55		-0.0840514		
15.56		-0.0840694		
15.57		-0.0840875		
15.58		-0.0841056		
15.59		-0.0841237		
15.6		-0.0841419		
15.61		-0.08416		
15.62		-0.0841782		
15.63		-0.0841964		
15.64		-0.0842147		
15.65		-0.0842329		
15.66		-0.0842512		
15.67		-0.0842695		
15.68		-0.0842878		
15.69		-0.0843062		
15.7		-0.0843245		
15.71		-0.0843429		
15.72		-0.0843614		
15.73		-0.0843798		
15.74		-0.0843983		
15.75		-0.0844168		
15.76		-0.0844353		
15.77		-0.0844539		
15.78		-0.0844725		
15.79		-0.0844911		
15.8		-0.0845097		
15.81		-0.0845284		
15.82		-0.084547		
15.83		-0.0845658		
15.84		-0.0845845		
15.85		-0.0846033		
15.86		-0.0846221		
15.87		-0.0846409		
15.88		-0.0846598		
15.89		-0.0846787		
15.9		-0.0846976		
15.91		-0.0847165		
15.92		-0.0847355		
15.93		-0.0847545		
15.94		-0.0847735		
15.95		-0.0847926		
15.96		-0.0848117		
15.97		-0.0848309		
15.98		-0.08485		
15.99		-0.0848692		
16		-0.0848884		
16.01		-0.0849077		
16.02		-0.084927		
16.03		-0.0849463		
16.04		-0.0849657		
16.05		-0.0849851		
16.06		-0.0850045		
16.07		-0.085024		
16.08		-0.0850435		
16.09		-0.085063		
16.1		-0.0850825		
16.11		-0.0851021		
16.12		-0.0851218		
16.13		-0.0851415		
16.14		-0.0851612		
16.15		-0.0851809		
16.16		-0.0852007		
16.17		-0.0852205		
16.18		-0.0852403		
16.19		-0.0852602		
16.2		-0.0852802		
16.21		-0.0853001		
16.22		-0.0853201		
16.23		-0.0853402		
16.24		-0.0853603		
16.25		-0.0853804		
16.26		-0.0854005		
16.27		-0.0854207		
16.28		-0.085441		
16.29		-0.0854612		
16.3		-0.0854816		
16.31		-0.0855019		
16.32		-0.0855223		
16.33		-0.0855427		
16.34		-0.0855632		
16.35		-0.0855837		
16.36		-0.0856043		
16.37		-0.0856249		
16.38		-0.0856456		
16.39		-0.0856662		
16.4		-0.085687		
16.41		-0.0857078		
16.42		-0.0857286		
16.43		-0.0857494		
16.44		-0.0857703		
16.45		-0.0857913		
16.46		-0.0858123		
16.47		-0.0858333		
16.48		-0.0858544		
16.49		-0.0858755		
16.5		-0.0858967		
16.51		-0.0859179		
16.52		-0.0859392		
16.53		-0.0859605		
16.54		-0.0859819		
16.55		-0.0860033		
16.56		-0.0860247		
16.57		-0.0860462		
16.58		-0.0860678		
16.59		-0.0860894		
16.6		-0.086111		
16.61		-0.0861327		
16.62		-0.0861545		
16.63		-0.0861762		
16.64		-0.0861981		
16.65		-0.08622		
16.66		-0.0862419		
16.67		-0.0862639		
16.68		-0.0862859		
16.69		-0.086308		
16.7		-0.0863302		
16.71		-0.0863524		
16.72		-0.0863746		
16.73		-0.0863969		
16.74		-0.0864193		
16.75		-0.0864417		
16.76		-0.0864641		
16.77		-0.0864866		
16.78		-0.0865092		
16.79		-0.0865318		
16.8		-0.0865545		
16.81		-0.0865772		
16.82		-0.0866		
16.83		-0.0866228		
16.84		-0.0866457		
16.85		-0.0866686		
16.86		-0.0866916		
16.87		-0.0867146		
16.88		-0.0867378		
16.89		-0.0867609		
16.9		-0.0867841		
16.91		-0.0868074		
16.92		-0.0868307		
16.93		-0.0868541		
16.94		-0.0868776		
16.95		-0.0869011		
16.96		-0.0869246		
16.97		-0.0869483		
16.98		-0.0869719		
16.99		-0.0869957		
17		-0.0870195		
17.01		-0.0870433		
17.02		-0.0870673		
17.03		-0.0870912		
17.04		-0.0871153		
17.05		-0.0871394		
17.06		-0.0871635		
17.07		-0.0871877		
17.08		-0.087212		
17.09		-0.0872364		
17.1		-0.0872608		
17.11		-0.0872852		
17.12		-0.0873098		
17.13		-0.0873344		
17.14		-0.087359		
17.15		-0.0873837		
17.16		-0.0874085		
17.17		-0.0874334		
17.18		-0.0874583		
17.19		-0.0874833		
17.2		-0.0875083		
17.21		-0.0875334		
17.22		-0.0875586		
17.23		-0.0875838		
17.24		-0.0876091		
17.25		-0.0876345		
17.26		-0.0876599		
17.27		-0.0876854		
17.28		-0.087711		
17.29		-0.0877366		
17.3		-0.0877623		
17.31		-0.0877881		
17.32		-0.0878139		
17.33		-0.0878399		
17.34		-0.0878658		
17.35		-0.0878919		
17.36		-0.087918		
17.37		-0.0879442		
17.38		-0.0879704		
17.39		-0.0879968		
17.4		-0.0880232		
17.41		-0.0880496		
17.42		-0.0880762		
17.43		-0.0881028		
17.44		-0.0881294		
17.45		-0.0881562		
17.46		-0.088183		
17.47		-0.0882099		
17.48		-0.0882369		
17.49		-0.0882639		
17.5		-0.088291		
17.51		-0.0883182		
17.52		-0.0883455		
17.53		-0.0883728		
17.54		-0.0884002		
17.55		-0.0884277		
17.56		-0.0884553		
17.57		-0.0884829		
17.58		-0.0885106		
17.59		-0.0885384		
17.6		-0.0885663		
17.61		-0.0885942		
17.62		-0.0886222		
17.63		-0.0886503		
17.64		-0.0886785		
17.65		-0.0887067		
17.66		-0.088735		
17.67		-0.0887634		
17.68		-0.0887919		
17.69		-0.0888205		
17.7		-0.0888491		
17.71		-0.0888778		
17.72		-0.0889066		
17.73		-0.0889355		
17.74		-0.0889644		
17.75		-0.0889935		
17.76		-0.0890226		
17.77		-0.0890518		
17.78		-0.0890811		
17.79		-0.0891104		
17.8		-0.0891399		
17.81		-0.0891694		
17.82		-0.089199		
17.83		-0.0892287		
17.84		-0.0892584		
17.85		-0.0892883		
17.86		-0.0893182		
17.87		-0.0893482		
17.88		-0.0893783		
17.89		-0.0894085		
17.9		-0.0894388		
17.91		-0.0894692		
17.92		-0.0894996		
17.93		-0.0895301		
17.94		-0.0895607		
17.95		-0.0895914		
17.96		-0.0896222		
17.97		-0.0896531		
17.98		-0.089684		
17.99		-0.0897151		
18		-0.0897462		
18.01		-0.0897774		
18.02		-0.0898087		
18.03		-0.0898401		
18.04		-0.0898716		
18.05		-0.0899032		
18.06		-0.0899348		
18.07		-0.0899666		
18.08		-0.0899984		
18.09		-0.0900303		
18.1		-0.0900623		
18.11		-0.0900944		
18.12		-0.0901266		
18.13		-0.0901589		
18.14		-0.0901913		
18.15		-0.0902238		
18.16		-0.0902563		
18.17		-0.090289		
18.18		-0.0903217		
18.19		-0.0903546		
18.2		-0.0903875		
18.21		-0.0904205		
18.22		-0.0904536		
18.23		-0.0904868		
18.24		-0.0905201		
18.25		-0.0905535		
18.26		-0.090587		
18.27		-0.0906206		
18.28		-0.0906543		
18.29		-0.090688		
18.3		-0.0907219		
18.31		-0.0907559		
18.32		-0.0907899		
18.33		-0.0908241		
18.34		-0.0908584		
18.35		-0.0908927		
18.36		-0.0909272		
18.37		-0.0909617		
18.38		-0.0909963		
18.39		-0.0910311		
18.4		-0.0910659		
18.41		-0.0911009		
18.42		-0.0911359		
18.43		-0.091171		
18.44		-0.0912063		
18.45		-0.0912416		
18.46		-0.091277		
18.47		-0.0913126		
18.48		-0.0913482		
18.49		-0.0913839		
18.5		-0.0914198		
18.51		-0.0914557		
18.52		-0.0914917		
18.53		-0.0915279		
18.54		-0.0915641		
18.55		-0.0916004		
18.56		-0.0916369		
18.57		-0.0916734		
18.58		-0.0917101		
18.59		-0.0917468		
18.6		-0.0917837		
18.61		-0.0918207		
18.62		-0.0918577		
18.63		-0.0918949		
18.64		-0.0919322		
18.65		-0.0919695		
18.66		-0.092007		
18.67		-0.0920446		
18.68		-0.0920823		
18.69		-0.0921201		
18.7		-0.092158		
18.71		-0.092196		
18.72		-0.0922341		
18.73		-0.0922724		
18.74		-0.0923107		
18.75		-0.0923491		
18.76		-0.0923877		
18.77		-0.0924264		
18.78		-0.0924651		
18.79		-0.092504		
18.8		-0.092543		
18.81		-0.0925821		
18.82		-0.0926213		
18.83		-0.0926606		
18.84		-0.0927		
18.85		-0.0927395		
18.86		-0.0927792		
18.87		-0.0928189		
18.88		-0.0928588		
18.89		-0.0928987		
18.9		-0.0929388		
18.91		-0.092979		
18.92		-0.0930193		
18.93		-0.0930597		
18.94		-0.0931003		
18.95		-0.0931409		
18.96		-0.0931817		
18.97		-0.0932226		
18.98		-0.0932635		
18.99		-0.0933046		
19		-0.0933458		
19.01		-0.0933872		
19.02		-0.0934286		
19.03		-0.0934702		
19.04		-0.0935118		
19.05		-0.0935536		
19.06		-0.0935955		
19.07		-0.0936375		
19.08		-0.0936797		
19.09		-0.0937219		
19.1		-0.0937643		
19.11		-0.0938068		
19.12		-0.0938494		
19.13		-0.0938921		
19.14		-0.0939349		
19.15		-0.0939779		
19.16		-0.0940209		
19.17		-0.0940641		
19.18		-0.0941074		
19.19		-0.0941508		
19.2		-0.0941944		
19.21		-0.0942381		
19.22		-0.0942818		
19.23		-0.0943257		
19.24		-0.0943698		
19.25		-0.0944139		
19.26		-0.0944582		
19.27		-0.0945025		
19.28		-0.094547		
19.29		-0.0945917		
19.3		-0.0946364		
19.31		-0.0946813		
19.32		-0.0947263		
19.33		-0.0947714		
19.34		-0.0948166		
19.35		-0.094862		
19.36		-0.0949075		
19.37		-0.0949531		
19.38		-0.0949988		
19.39		-0.0950446		
19.4		-0.0950906		
19.41		-0.0951367		
19.42		-0.0951829		
19.43		-0.0952293		
19.44		-0.0952758		
19.45		-0.0953224		
19.46		-0.0953691		
19.47		-0.0954159		
19.48		-0.0954629		
19.49		-0.09551		
19.5		-0.0955572		
19.51		-0.0956046		
19.52		-0.0956521		
19.53		-0.0956997		
19.54		-0.0957474		
19.55		-0.0957953		
19.56		-0.0958433		
19.57		-0.0958914		
19.58		-0.0959396		
19.59		-0.095988		
19.6		-0.0960365		
19.61		-0.0960851		
19.62		-0.0961339		
19.63		-0.0961828		
19.64		-0.0962318		
19.65		-0.096281		
19.66		-0.0963302		
19.67		-0.0963796		
19.68		-0.0964292		
19.69		-0.0964789		
19.7		-0.0965287		
19.71		-0.0965786		
19.72		-0.0966287		
19.73		-0.0966789		
19.74		-0.0967292		
19.75		-0.0967796		
19.76		-0.0968302		
19.77		-0.096881		
19.78		-0.0969318		
19.79		-0.0969828		
19.8		-0.0970339		
19.81		-0.0970852		
19.82		-0.0971366		
19.83		-0.0971881		
19.84		-0.0972398		
19.85		-0.0972916		
19.86		-0.0973435		
19.87		-0.0973955		
19.88		-0.0974477		
19.89		-0.0975001		
19.9		-0.0975525		
19.91		-0.0976051		
19.92		-0.0976579		
19.93		-0.0977108		
19.94		-0.0977638		
19.95		-0.0978169		
19.96		-0.0978702		
19.97		-0.0979236		
19.98		-0.0979772		
19.99		-0.0980309		
20		-0.0980847		
20.01		-0.0981387		
20.02		-0.0981928		
20.03		-0.098247		
20.04		-0.0983014		
20.05		-0.098356		
20.06		-0.0984106		
20.07		-0.0984654		
20.08		-0.0985204		
20.09		-0.0985754		
20.1		-0.0986307		
20.11		-0.098686		
20.12		-0.0987415		
20.13		-0.0987972		
20.14		-0.0988529		
20.15		-0.0989089		
20.16		-0.0989649		
20.17		-0.0990211		
20.18		-0.0990775		
20.19		-0.099134		
20.2		-0.0991906		
20.21		-0.0992474		
20.22		-0.0993043		
20.23		-0.0993613		
20.24		-0.0994185		
20.25		-0.0994759		
20.26		-0.0995334		
20.27		-0.099591		
20.28		-0.0996488		
20.29		-0.0997067		
20.3		-0.0997647		
20.31		-0.0998229		
20.32		-0.0998813		
20.33		-0.0999398		
20.34		-0.0999984		
20.35		-0.100057		
20.36		-0.100116		
20.37		-0.100175		
20.38		-0.100234		
20.39		-0.100294		
20.4		-0.100353		
20.41		-0.100413		
20.42		-0.100473		
20.43		-0.100533		
20.44		-0.100593		
20.45		-0.100653		
20.46		-0.100713		
20.47		-0.100774		
20.48		-0.100835		
20.49		-0.100895		
20.5		-0.100956		
20.51		-0.101017		
20.52		-0.101079		
20.53		-0.10114		
20.54		-0.101202		
20.55		-0.101263		
20.56		-0.101325		
20.57		-0.101387		
20.58		-0.101449		
20.59		-0.101512		
20.6		-0.101574		
20.61		-0.101637		
20.62		-0.1017		
20.63		-0.101763		
20.64		-0.101826		
20.65		-0.101889		
20.66		-0.101952		
20.67		-0.102016		
20.68		-0.102079		
20.69		-0.102143		
20.7		-0.102207		
20.71		-0.102271		
20.72		-0.102335		
20.73		-0.1024		
20.74		-0.102464		
20.75		-0.102529		
20.76		-0.102594		
20.77		-0.102659		
20.78		-0.102724		
20.79		-0.10279		
20.8		-0.102855		
20.81		-0.102921		
20.82		-0.102986		
20.83		-0.103052		
20.84		-0.103119		
20.85		-0.103185		
20.86		-0.103251		
20.87		-0.103318		
20.88		-0.103384		
20.89		-0.103451		
20.9		-0.103518		
20.91		-0.103585		
20.92		-0.103653		
20.93		-0.10372		
20.94		-0.103788		
20.95		-0.103856		
20.96		-0.103924		
20.97		-0.103992		
20.98		-0.10406		
20.99		-0.104128		
21		-0.104197		
21.01		-0.104266		
21.02		-0.104335		
21.03		-0.104404		
21.04		-0.104473		
21.05		-0.104542		
21.06		-0.104612		
21.07		-0.104681		
21.08		-0.104751		
21.09		-0.104821		
21.1		-0.104891		
21.11		-0.104962		
21.12		-0.105032		
21.13		-0.105103		
21.14		-0.105174		
21.15		-0.105244		
21.16		-0.105316		
21.17		-0.105387		
21.18		-0.105458		
21.19		-0.10553		
21.2		-0.105602		
21.21		-0.105673		
21.22		-0.105745		
21.23		-0.105818		
21.24		-0.10589		
21.25		-0.105963		
21.26		-0.106035		
21.27		-0.106108		
21.28		-0.106181		
21.29		-0.106254		
21.3		-0.106328		
21.31		-0.106401		
21.32		-0.106475		
21.33		-0.106548		
21.34		-0.106622		
21.35		-0.106697		
21.36		-0.106771		
21.37		-0.106845		
21.38		-0.10692		
21.39		-0.106995		
21.4		-0.10707		
21.41		-0.107145		
21.42		-0.10722		
21.43		-0.107295		
21.44		-0.107371		
21.45		-0.107447		
21.46		-0.107523		
21.47		-0.107599		
21.48		-0.107675		
21.49		-0.107751		
21.5		-0.107828		
21.51		-0.107905		
21.52		-0.107981		
21.53		-0.108059		
21.54		-0.108136		
21.55		-0.108213		
21.56		-0.108291		
21.57		-0.108368		
21.58		-0.108446		
21.59		-0.108524		
21.6		-0.108602		
21.61		-0.108681		
21.62		-0.108759		
21.63		-0.108838		
21.64		-0.108917		
21.65		-0.108996		
21.66		-0.109075		
21.67		-0.109154		
21.68		-0.109234		
21.69		-0.109314		
21.7		-0.109393		
21.71		-0.109473		
21.72		-0.109554		
21.73		-0.109634		
21.74		-0.109714		
21.75		-0.109795		
21.76		-0.109876		
21.77		-0.109957		
21.78		-0.110038		
21.79		-0.110119		
21.8		-0.110201		
21.81		-0.110283		
21.82		-0.110364		
21.83		-0.110446		
21.84		-0.110528		
21.85		-0.110611		
21.86		-0.110693		
21.87		-0.110776		
21.88		-0.110859		
21.89		-0.110942		
21.9		-0.111025		
21.91		-0.111108		
21.92		-0.111192		
21.93		-0.111275		
21.94		-0.111359		
21.95		-0.111443		
21.96		-0.111527		
21.97		-0.111612		
21.98		-0.111696		
21.99		-0.111781		
22		-0.111866		
22.01		-0.111951		
22.02		-0.112036		
22.03		-0.112121		
22.04		-0.112207		
22.05		-0.112292		
22.06		-0.112378		
22.07		-0.112464		
22.08		-0.112551		
22.09		-0.112637		
22.1		-0.112723		
22.11		-0.11281		
22.12		-0.112897		
22.13		-0.112984		
22.14		-0.113071		
22.15		-0.113159		
22.16		-0.113246		
22.17		-0.113334		
22.18		-0.113422		
22.19		-0.11351		
22.2		-0.113598		
22.21		-0.113686		
22.22		-0.113775		
22.23		-0.113864		
22.24		-0.113952		
22.25		-0.114041		
22.26		-0.114131		
22.27		-0.11422		
22.28		-0.11431		
22.29		-0.114399		
22.3		-0.114489		
22.31		-0.114579		
22.32		-0.11467		
22.33		-0.11476		
22.34		-0.114851		
22.35		-0.114941		
22.36		-0.115032		
22.37		-0.115123		
22.38		-0.115215		
22.39		-0.115306		
22.4		-0.115398		
22.41		-0.11549		
22.42		-0.115582		
22.43		-0.115674		
22.44		-0.115766		
22.45		-0.115858		
22.46		-0.115951		
22.47		-0.116044		
22.48		-0.116137		
22.49		-0.11623		
22.5		-0.116323		
22.51		-0.116417		
22.52		-0.116511		
22.53		-0.116607		
22.54		-0.116707		
22.55		-0.116806		
22.56		-0.116904		
22.57		-0.117002		
22.58		-0.117098		
22.59		-0.117194		
22.6		-0.117288		
22.61		-0.117382		
22.62		-0.117475		
22.63		-0.117567		
22.64		-0.117658		
22.65		-0.117748		
22.66		-0.117837		
22.67		-0.117926		
22.68		-0.118013		
22.69		-0.1181		
22.7		-0.118186		
22.71		-0.118271		
22.72		-0.118355		
22.73		-0.118438		
22.74		-0.11852		
22.75		-0.118602		
22.76		-0.118683		
22.77		-0.118763		
22.78		-0.118842		
22.79		-0.11892		
22.8		-0.118997		
22.81		-0.119074		
22.82		-0.11915		
22.83		-0.119225		
22.84		-0.119299		
22.85		-0.119372		
22.86		-0.119445		
22.87		-0.119517		
22.88		-0.119588		
22.89		-0.119658		
22.9		-0.119728		
22.91		-0.119797		
22.92		-0.119865		
22.93		-0.119932		
22.94		-0.119998		
22.95		-0.120064		
22.96		-0.120129		
22.97		-0.120193		
22.98		-0.120257		
22.99		-0.120319		
23		-0.120381		
23.01		-0.120443		
23.02		-0.120503		
23.03		-0.120563		
23.04		-0.120622		
23.05		-0.12068		
23.06		-0.120738		
23.07		-0.120795		
23.08		-0.120851		
23.09		-0.120907		
23.1		-0.120962		
23.11		-0.121016		
23.12		-0.12107		
23.13		-0.121123		
23.14		-0.121175		
23.15		-0.121226		
23.16		-0.121277		
23.17		-0.121327		
23.18		-0.121377		
23.19		-0.121425		
23.2		-0.121474		
23.21		-0.121521		
23.22		-0.121568		
23.23		-0.121614		
23.24		-0.12166		
23.25		-0.121705		
23.26		-0.121749		
23.27		-0.121793		
23.28		-0.121836		
23.29		-0.121878		
23.3		-0.12192		
23.31		-0.121961		
23.32		-0.122001		
23.33		-0.122041		
23.34		-0.122081		
23.35		-0.122119		
23.36		-0.122157		
23.37		-0.122195		
23.38		-0.122232		
23.39		-0.122268		
23.4		-0.122304		
23.41		-0.122339		
23.42		-0.122374		
23.43		-0.122408		
23.44		-0.122441		
23.45		-0.122474		
23.46		-0.122506		
23.47		-0.122538		
23.48		-0.122569		
23.49		-0.122599		
23.5		-0.122629		
23.51		-0.122659		
23.52		-0.122688		
23.53		-0.122716		
23.54		-0.122744		
23.55		-0.122771		
23.56		-0.122798		
23.57		-0.122824		
23.58		-0.122849		
23.59		-0.122874		
23.6		-0.122899		
23.61		-0.122923		
23.62		-0.122946		
23.63		-0.122969		
23.64		-0.122992		
23.65		-0.123014		
23.66		-0.123035		
23.67		-0.123056		
23.68		-0.123077		
23.69		-0.123096		
23.7		-0.123116		
23.71		-0.123135		
23.72		-0.123153		
23.73		-0.123171		
23.74		-0.123188		
23.75		-0.123205		
23.76		-0.123222		
23.77		-0.123238		
23.78		-0.123253		
23.79		-0.123268		
23.8		-0.123283		
23.81		-0.123297		
23.82		-0.12331		
23.83		-0.123323		
23.84		-0.123336		
23.85		-0.123348		
23.86		-0.12336		
23.87		-0.123371		
23.88		-0.123382		
23.89		-0.123392		
23.9		-0.123402		
23.91		-0.123411		
23.92		-0.12342		
23.93		-0.123429		
23.94		-0.123437		
23.95		-0.123444		
23.96		-0.123452		
23.97		-0.123458		
23.98		-0.123465		
23.99		-0.123471		
24		-0.123476		
24.01		-0.123481		
24.02		-0.123486		
24.03		-0.12349		
24.04		-0.123494		
24.05		-0.123497		
24.06		-0.1235		
24.07		-0.123502		
24.08		-0.123505		
24.09		-0.123506		
24.1		-0.123508		
24.11		-0.123508		
24.12		-0.123509		
24.13		-0.123509		
24.14		-0.123509		
24.15		-0.123508		
24.16		-0.123507		
24.17		-0.123505		
24.18		-0.123504		
24.19		-0.123501		
24.2		-0.123499		
24.21		-0.123496		
24.22		-0.123492		
24.23		-0.123488		
24.24		-0.123484		
24.25		-0.12348		
24.26		-0.123475		
24.27		-0.123469		
24.28		-0.123464		
24.29		-0.123458		
24.3		-0.123451		
24.31		-0.123445		
24.32		-0.123437		
24.33		-0.12343		
24.34		-0.123422		
24.35		-0.123414		
24.36		-0.123405		
24.37		-0.123397		
24.38		-0.123387		
24.39		-0.123378		
24.4		-0.123368		
24.41		-0.123357		
24.42		-0.123347		
24.43		-0.123336		
24.44		-0.123325		
24.45		-0.123313		
24.46		-0.123301		
24.47		-0.123289		
24.48		-0.123276		
24.49		-0.123263		
24.5		-0.12325		
24.51		-0.123236		
24.52		-0.123222		
24.53		-0.123208		
24.54		-0.123193		
24.55		-0.123178		
24.56		-0.123163		
24.57		-0.123147		
24.58		-0.123132		
24.59		-0.123115		
24.6		-0.123099		
24.61		-0.123082		
24.62		-0.123065		
24.63		-0.123048		
24.64		-0.12303		
24.65		-0.123012		
24.66		-0.122994		
24.67		-0.122975		
24.68		-0.122956		
24.69		-0.122937		
24.7		-0.122917		
24.71		-0.122897		
24.72		-0.122877		
24.73		-0.122857		
24.74		-0.122836		
24.75		-0.122815		
24.76		-0.122794		
24.77		-0.122773		
24.78		-0.122751		
24.79		-0.122729		
24.8		-0.122706		
24.81		-0.122684		
24.82		-0.122661		
24.83		-0.122638		
24.84		-0.122614		
24.85		-0.12259		
24.86		-0.122566		
24.87		-0.122542		
24.88		-0.122518		
24.89		-0.122493		
24.9		-0.122468		
24.91		-0.122442		
24.92		-0.122417		
24.93		-0.122391		
24.94		-0.122365		
24.95		-0.122338		
24.96		-0.122312		
24.97		-0.122285		
24.98		-0.122258		
24.99		-0.12223		
25		-0.122203		
25.01		-0.122175		
25.02		-0.122147		
25.03		-0.122118		
25.04		-0.12209		
25.05		-0.122061		
25.06		-0.122032		
25.07		-0.122002		
25.08		-0.121973		
25.09		-0.121943		
25.1		-0.121913		
25.11		-0.121883		
25.12		-0.121852		
25.13		-0.121821		
25.14		-0.12179		
25.15		-0.121759		
25.16		-0.121728		
25.17		-0.121696		
25.18		-0.121664		
25.19		-0.121632		
25.2		-0.1216		
25.21		-0.121567		
25.22		-0.121534		
25.23		-0.121501		
25.24		-0.121468		
25.25		-0.121434		
25.26		-0.121401		
25.27		-0.121367		
25.28		-0.121333		
25.29		-0.121299		
25.3		-0.121264		
25.31		-0.121229		
25.32		-0.121194		
25.33		-0.121159		
25.34		-0.121124		
25.35		-0.121088		
25.36		-0.121053		
25.37		-0.121017		
25.38		-0.12098		
25.39		-0.120944		
25.4		-0.120907		
25.41		-0.120871		
25.42		-0.120834		
25.43		-0.120797		
25.44		-0.120759		
25.45		-0.120722		
25.46		-0.120684		
25.47		-0.120646		
25.48		-0.120608		
25.49		-0.12057		
25.5		-0.120531		
25.51		-0.120492		
25.52		-0.120453		
25.53		-0.120414		
25.54		-0.120375		
25.55		-0.120336		
25.56		-0.120296		
25.57		-0.120256		
25.58		-0.120216		
25.59		-0.120176		
25.6		-0.120136		
25.61		-0.120095		
25.62		-0.120055		
25.63		-0.120014		
25.64		-0.119973		
25.65		-0.119932		
25.66		-0.11989		
25.67		-0.119849		
25.68		-0.119807		
25.69		-0.119765		
25.7		-0.119723		
25.71		-0.119681		
25.72		-0.119638		
25.73		-0.119596		
25.74		-0.119553		
25.75		-0.11951		
25.76		-0.119467		
25.77		-0.119424		
25.78		-0.119381		
25.79		-0.119337		
25.8		-0.119293		
25.81		-0.11925		
25.82		-0.119206		
25.83		-0.119161		
25.84		-0.119117		
25.85		-0.119073		
25.86		-0.119028		
25.87		-0.118983		
25.88		-0.118938		
25.89		-0.118893		
25.9		-0.118848		
25.91		-0.118803		
25.92		-0.118757		
25.93		-0.118712		
25.94		-0.118666		
25.95		-0.11862		
25.96		-0.118574		
25.97		-0.118528		
25.98		-0.118481		
25.99		-0.118435		
26		-0.118388		
26.01		-0.118341		
26.02		-0.118294		
26.03		-0.118247		
26.04		-0.1182		
26.05		-0.118153		
26.06		-0.118105		
26.07		-0.118058		
26.08		-0.11801		
26.09		-0.117962		
26.1		-0.117914		
26.11		-0.117866		
26.12		-0.117817		
26.13		-0.117769		
26.14		-0.117721		
26.15		-0.117672		
26.16		-0.117623		
26.17		-0.117574		
26.18		-0.117525		
26.19		-0.117476		
26.2		-0.117427		
26.21		-0.117377		
26.22		-0.117328		
26.23		-0.117278		
26.24		-0.117228		
26.25		-0.117178		
26.26		-0.117128		
26.27		-0.117078		
26.28		-0.117028		
26.29		-0.116978		
26.3		-0.116927		
26.31		-0.116877		
26.32		-0.116826		
26.33		-0.116775		
26.34		-0.116724		
26.35		-0.116673		
26.36		-0.116622		
26.37		-0.116571		
26.38		-0.116519		
26.39		-0.116468		
26.4		-0.116416		
26.41		-0.116364		
26.42		-0.116312		
26.43		-0.116261		
26.44		-0.116208		
26.45		-0.116156		
26.46		-0.116104		
26.47		-0.116052		
26.48		-0.115999		
26.49		-0.115947		
26.5		-0.115894		
26.51		-0.115841		
26.52		-0.115788		
26.53		-0.115735		
26.54		-0.115682		
26.55		-0.115629		
26.56		-0.115576		
26.57		-0.115523		
26.58		-0.115469		
26.59		-0.115416		
26.6		-0.115362		
26.61		-0.115308		
26.62		-0.115254		
26.63		-0.1152		
26.64		-0.115146		
26.65		-0.115092		
26.66		-0.115038		
26.67		-0.114984		
26.68		-0.114929		
26.69		-0.114875		
26.7		-0.11482		
26.71		-0.114766		
26.72		-0.114711		
26.73		-0.114656		
26.74		-0.114601		
26.75		-0.114546		
26.76		-0.114491		
26.77		-0.114436		
26.78		-0.11438		
26.79		-0.114325		
26.8		-0.11427		
26.81		-0.114214		
26.82		-0.114159		
26.83		-0.114103		
26.84		-0.114047		
26.85		-0.113991		
26.86		-0.113935		
26.87		-0.113879		
26.88		-0.113823		
26.89		-0.113767		
26.9		-0.113711		
26.91		-0.113655		
26.92		-0.113598		
26.93		-0.113542		
26.94		-0.113485		
26.95		-0.113429		
26.96		-0.113372		
26.97		-0.113315		
26.98		-0.113258		
26.99		-0.113201		
27		-0.113144		
27.01		-0.113087		
27.02		-0.11303		
27.03		-0.112973		
27.04		-0.112916		
27.05		-0.112858		
27.06		-0.112801		
27.07		-0.112744		
27.08		-0.112686		
27.09		-0.112628		
27.1		-0.112571		
27.11		-0.112513		
27.12		-0.112455		
27.13		-0.112397		
27.14		-0.112339		
27.15		-0.112281		
27.16		-0.112223		
27.17		-0.112165		
27.18		-0.112107		
27.19		-0.112049		
27.2		-0.11199		
27.21		-0.111932		
27.22		-0.111874		
27.23		-0.111815		
27.24		-0.111756		
27.25		-0.111698		
27.26		-0.111639		
27.27		-0.11158		
27.28		-0.111522		
27.29		-0.111463		
27.3		-0.111404		
27.31		-0.111345		
27.32		-0.111286		
27.33		-0.111227		
27.34		-0.111168		
27.35		-0.111108		
27.36		-0.111049		
27.37		-0.11099		
27.38		-0.110931		
27.39		-0.110871		
27.4		-0.110812		
27.41		-0.110752		
27.42		-0.110693		
27.43		-0.110633		
27.44		-0.110573		
27.45		-0.110514		
27.46		-0.110454		
27.47		-0.110394		
27.48		-0.110334		
27.49		-0.110274		
27.5		-0.110214		
27.51		-0.110154		
27.52		-0.110094		
27.53		-0.110034		
27.54		-0.109974		
27.55		-0.109914		
27.56		-0.109854		
27.57		-0.109793		
27.58		-0.109733		
27.59		-0.109673		
27.6		-0.109612		
27.61		-0.109552		
27.62		-0.109491		
27.63		-0.109431		
27.64		-0.10937		
27.65		-0.10931		
27.66		-0.109249		
27.67		-0.109188		
27.68		-0.109127		
27.69		-0.109067		
27.7		-0.109006		
27.71		-0.108945		
27.72		-0.108884		
27.73		-0.108823		
27.74		-0.108762		
27.75		-0.108701		
27.76		-0.10864		
27.77		-0.108579		
27.78		-0.108518		
27.79		-0.108457		
27.8		-0.108395		
27.81		-0.108334		
27.82		-0.108273		
27.83		-0.108211		
27.84		-0.10815		
27.85		-0.108089		
27.86		-0.108027		
27.87		-0.107966		
27.88		-0.107904		
27.89		-0.107843		
27.9		-0.107781		
27.91		-0.10772		
27.92		-0.107658		
27.93		-0.107596		
27.94		-0.107535		
27.95		-0.107473		
27.96		-0.107411		
27.97		-0.107349		
27.98		-0.107288		
27.99		-0.107226		
28		-0.107164		
28.01		-0.107102		
28.02		-0.10704		
28.03		-0.106978		
28.04		-0.106916		
28.05		-0.106854		
28.06		-0.106792		
28.07		-0.10673		
28.08		-0.106668		
28.09		-0.106606		
28.1		-0.106544		
28.11		-0.106482		
28.12		-0.106419		
28.13		-0.106357		
28.14		-0.106295		
28.15		-0.106233		
28.16		-0.10617		
28.17		-0.106108		
28.18		-0.106046		
28.19		-0.105983		
28.2		-0.105921		
28.21		-0.105859		
28.22		-0.105796		
28.23		-0.105734		
28.24		-0.105671		
28.25		-0.105609		
28.26		-0.105546		
28.27		-0.105484		
28.28		-0.105421		
28.29		-0.105359		
28.3		-0.105296		
28.31		-0.105233		
28.32		-0.105171		
28.33		-0.105108		
28.34		-0.105045		
28.35		-0.104983		
28.36		-0.10492		
28.37		-0.104857		
28.38		-0.104795		
28.39		-0.104732		
28.4		-0.104669		
28.41		-0.104606		
28.42		-0.104543		
28.43		-0.104481		
28.44		-0.104418		
28.45		-0.104355		
28.46		-0.104292		
28.47		-0.104229		
28.48		-0.104166		
28.49		-0.104103		
28.5		-0.10404		
28.51		-0.103977		
28.52		-0.103915		
28.53		-0.103852		
28.54		-0.103789		
28.55		-0.103726		
28.56		-0.103663		
28.57		-0.1036		
28.58		-0.103537		
28.59		-0.103473		
28.6		-0.10341		
28.61		-0.103347		
28.62		-0.103284		
28.63		-0.103221		
28.64		-0.103158		
28.65		-0.103095		
28.66		-0.103032		
28.67		-0.102969		
28.68		-0.102906		
28.69		-0.102842		
28.7		-0.102779		
28.71		-0.102716		
28.72		-0.102653		
28.73		-0.10259		
28.74		-0.102527		
28.75		-0.102463		
28.76		-0.1024		
28.77		-0.102337		
28.78		-0.102274		
28.79		-0.10221		
28.8		-0.102147		
28.81		-0.102084		
28.82		-0.102021		
28.83		-0.101958		
28.84		-0.101894		
28.85		-0.101831		
28.86		-0.101768		
28.87		-0.101704		
28.88		-0.101641		
28.89		-0.101578		
28.9		-0.101515		
28.91		-0.101451		
28.92		-0.101388		
28.93		-0.101325		
28.94		-0.101261		
28.95		-0.101198		
28.96		-0.101135		
28.97		-0.101071		
28.98		-0.101008		
28.99		-0.100945		
29		-0.100881		
29.01		-0.100818		
29.02		-0.100755		
29.03		-0.100691		
29.04		-0.100628		
29.05		-0.100565		
29.06		-0.100501		
29.07		-0.100438		
29.08		-0.100375		
29.09		-0.100311		
29.1		-0.100248		
29.11		-0.100185		
29.12		-0.100121		
29.13		-0.100058		
29.14		-0.0999948		
29.15		-0.0999315		
29.16		-0.0998681		
29.17		-0.0998048		
29.18		-0.0997415		
29.19		-0.0996782		
29.2		-0.0996148		
29.21		-0.0995515		
29.22		-0.0994882		
29.23		-0.0994249		
29.24		-0.0993615		
29.25		-0.0992982		
29.26		-0.0992349		
29.27		-0.0991716		
29.28		-0.0991083		
29.29		-0.099045		
29.3		-0.0989817		
29.31		-0.0989184		
29.32		-0.0988551		
29.33		-0.0987918		
29.34		-0.0987285		
29.35		-0.0986653		
29.36		-0.098602		
29.37		-0.0985387		
29.38		-0.0984754		
29.39		-0.0984122		
29.4		-0.0983489		
29.41		-0.0982857		
29.42		-0.0982224		
29.43		-0.0981592		
29.44		-0.098096		
29.45		-0.0980327		
29.46		-0.0979695		
29.47		-0.0979063		
29.48		-0.0978431		
29.49		-0.0977799		
29.5		-0.0977167		
29.51		-0.0976535		
29.52		-0.0975904		
29.53		-0.0975272		
29.54		-0.097464		
29.55		-0.0974009		
29.56		-0.0973377		
29.57		-0.0972746		
29.58		-0.0972115		
29.59		-0.0971483		
29.6		-0.0970852		
29.61		-0.0970221		
29.62		-0.096959		
29.63		-0.0968959		
29.64		-0.0968329		
29.65		-0.0967698		
29.66		-0.0967067		
29.67		-0.0966429		
29.68		-0.0965703		
29.69		-0.0964908		
29.7		-0.0964043		
29.71		-0.0963109		
29.72		-0.0962108		
29.73		-0.0961038		
29.74		-0.0959902		
29.75		-0.0958701		
29.76		-0.0957434		
29.77		-0.0956103		
29.78		-0.0954708		
29.79		-0.0953251		
29.8		-0.0951732		
29.81		-0.0950152		
29.82		-0.0948512		
29.83		-0.0946813		
29.84		-0.0945056		
29.85		-0.0943241		
29.86		-0.094137		
29.87		-0.0939444		
29.88		-0.0937464		
29.89		-0.093543		
29.9		-0.0933343		
29.91		-0.0931205		
29.92		-0.0929017		
29.93		-0.0926779		
29.94		-0.0924492		
29.95		-0.0922158		
29.96		-0.0919778		
29.97		-0.0917352		
29.98		-0.0914882		
29.99		-0.0912369		
30		-0.0909813		
30.01		-0.0907216		
30.02		-0.0904578		
30.03		-0.0901902		
30.04		-0.0899187		
30.05		-0.0896435		
30.06		-0.0893647		
30.07		-0.0890823		
30.08		-0.0887965		
30.09		-0.0885075		
30.1		-0.0882152		
30.11		-0.0879198		
30.12		-0.0876214		
30.13		-0.08732		
30.14		-0.0870159		
30.15		-0.086709		
30.16		-0.0863995		
30.17		-0.0860875		
30.18		-0.0857731		
30.19		-0.0854563		
30.2		-0.0851373		
30.21		-0.0848161		
30.22		-0.0844929		
30.23		-0.0841677		
30.24		-0.0838406		
30.25		-0.0835117		
30.26		-0.0831812		
30.27		-0.082849		
30.28		-0.0825153		
30.29		-0.0821801		
30.3		-0.0818436		
30.31		-0.0815058		
30.32		-0.0811668		
30.33		-0.0808267		
30.34		-0.0804855		
30.35		-0.0801434		
30.36		-0.0798003		
30.37		-0.0794565		
30.38		-0.0791119		
30.39		-0.0787667		
30.4		-0.0784208		
30.41		-0.0780744		
30.42		-0.0777276		
30.43		-0.0773804		
30.44		-0.0770328		
30.45		-0.076685		
30.46		-0.0763369		
30.47		-0.0759888		
30.48		-0.0756405		
30.49		-0.0752923		
30.5		-0.074944		
30.51		-0.0745959		
30.52		-0.0742479		
30.53		-0.0739002		
30.54		-0.0735526		
30.55		-0.0732054		
30.56		-0.0728586		
30.57		-0.0725122		
30.58		-0.0721662		
30.59		-0.0718207		
30.6		-0.0714758		
30.61		-0.0711315		
30.62		-0.0707878		
30.63		-0.0704448		
30.64		-0.0701026		
30.65		-0.0697611		
30.66		-0.0694204		
30.67		-0.0690805		
30.68		-0.0687415		
30.69		-0.0684035		
30.7		-0.0680664		
30.71		-0.0677303		
30.72		-0.0673951		
30.73		-0.0670611		
30.74		-0.0667281		
30.75		-0.0663962		
30.76		-0.0660655		
30.77		-0.0657359		
30.78		-0.0654076		
30.79		-0.0650804		
30.8		-0.0647545		
30.81		-0.0644298		
30.82		-0.0641065		
30.83		-0.0637845		
30.84		-0.0634637		
30.85		-0.0631444		
30.86		-0.0628264		
30.87		-0.0625098		
30.88		-0.0621947		
30.89		-0.061881		
30.9		-0.0615687		
30.91		-0.0612579		
30.92		-0.0609485		
30.93		-0.0606407		
30.94		-0.0603343		
30.95		-0.0600295		
30.96		-0.0597262		
30.97		-0.0594245		
30.98		-0.0591243		
30.99		-0.0588257		
31		-0.0585287		
31.01		-0.0582332		
31.02		-0.0579394		
31.03		-0.0576471		
31.04		-0.0573565		
31.05		-0.0570675		
31.06		-0.0567801		
31.07		-0.0564943		
31.08		-0.0562102		
31.09		-0.0559277		
31.1		-0.0556469		
31.11		-0.0553677		
31.12		-0.0550902		
31.13		-0.0548143		
31.14		-0.0545401		
31.15		-0.0542676		
31.16		-0.0539967		
31.17		-0.0537275		
31.18		-0.05346		
31.19		-0.0531941		
31.2		-0.0529299		
31.21		-0.0526673		
31.22		-0.0524065		
31.23		-0.0521472		
31.24		-0.0518897		
31.25		-0.0516338		
31.26		-0.0513796		
31.27		-0.051127		
31.28		-0.0508761		
31.29		-0.0506269		
31.3		-0.0503793		
31.31		-0.0501334		
31.32		-0.0498891		
31.33		-0.0496464		
31.34		-0.0494054		
31.35		-0.049166		
31.36		-0.0489282		
31.37		-0.0486921		
31.38		-0.0484575		
31.39		-0.0482246		
31.4		-0.0479933		
31.41		-0.0477636		
31.42		-0.0475355		
31.43		-0.047309		
31.44		-0.047084		
31.45		-0.0468607		
31.46		-0.0466389		
31.47		-0.0464187		
31.48		-0.0462		
31.49		-0.0459829		
31.5		-0.0457673		
31.51		-0.0455533		
31.52		-0.0453408		
31.53		-0.0451298		
31.54		-0.0449203		
31.55		-0.0447123		
31.56		-0.0445058		
31.57		-0.0443009		
31.58		-0.0440974		
31.59		-0.0438953		
31.6		-0.0436948		
31.61		-0.0434956		
31.62		-0.043298		
31.63		-0.0431017		
31.64		-0.0429069		
31.65		-0.0427136		
31.66		-0.0425216		
31.67		-0.0423311		
31.68		-0.0421419		
31.69		-0.0419541		
31.7		-0.0417677		
31.71		-0.0415827		
31.72		-0.041399		
31.73		-0.0412167		
31.74		-0.0410357		
31.75		-0.0408561		
31.76		-0.0406778		
31.77		-0.0405008		
31.78		-0.0403251		
31.79		-0.0401507		
31.8		-0.0399775		
31.81		-0.0398057		
31.82		-0.0396351		
31.83		-0.0394658		
31.84		-0.0392977		
31.85		-0.0391309		
31.86		-0.0389653		
31.87		-0.0388009		
31.88		-0.0386377		
31.89		-0.0384758		
31.9		-0.038315		
31.91		-0.0381554		
31.92		-0.037997		
31.93		-0.0378398		
31.94		-0.0376837		
31.95		-0.0375287		
31.96		-0.0373749		
31.97		-0.0372222		
31.98		-0.0370707		
31.99		-0.0369202		
32		-0.0367709		
32.01		-0.0366226		
32.02		-0.0364755		
32.03		-0.0363294		
32.04		-0.0361843		
32.05		-0.0360404		
32.06		-0.0358974		
32.07		-0.0357555		
32.08		-0.0356147		
32.09		-0.0354748		
32.1		-0.035336		
32.11		-0.0351982		
32.12		-0.0350613		
32.13		-0.0349255		
32.14		-0.0347906		
32.15		-0.0346567		
32.16		-0.0345238		
32.17		-0.0343918		
32.18		-0.0342608		
32.19		-0.0341307		
32.2		-0.0340015		
32.21		-0.0338732		
32.22		-0.0337459		
32.23		-0.0336194		
32.24		-0.0334938		
32.25		-0.0333692		
32.26		-0.0332454		
32.27		-0.0331224		
32.28		-0.0330004		
32.29		-0.0328792		
32.3		-0.0327588		
32.31		-0.0326393		
32.32		-0.0325206		
32.33		-0.0324027		
32.34		-0.0322857		
32.35		-0.0321694		
32.36		-0.032054		
32.37		-0.0319393		
32.38		-0.0318254		
32.39		-0.0317123		
32.4		-0.0316		
32.41		-0.0314885		
32.42		-0.0313777		
32.43		-0.0312676		
32.44		-0.0311583		
32.45		-0.0310497		
32.46		-0.0309419		
32.47		-0.0308348		
32.48		-0.0307284		
32.49		-0.0306227		
32.5		-0.0305177		
32.51		-0.0304134		
32.52		-0.0303097		
32.53		-0.0302068		
32.54		-0.0301045		
32.55		-0.030003		
32.56		-0.029902		
32.57		-0.0298018		
32.58		-0.0297021		
32.59		-0.0296032		
32.6		-0.0295048		
32.61		-0.0294071		
32.62		-0.02931		
32.63		-0.0292136		
32.64		-0.0291177		
32.65		-0.0290225		
32.66		-0.0289278		
32.67		-0.0288338		
32.68		-0.0287403		
32.69		-0.0286475		
32.7		-0.0285552		
32.71		-0.0284635		
32.72		-0.0283723		
32.73		-0.0282817		
32.74		-0.0281917		
32.75		-0.0281022		
32.76		-0.0280133		
32.77		-0.0279249		
32.78		-0.0278371		
32.79		-0.0277498		
32.8		-0.027663		
32.81		-0.0275767		
32.82		-0.027491		
32.83		-0.0274057		
32.84		-0.027321		
32.85		-0.0272368		
32.86		-0.027153		
32.87		-0.0270698		
32.88		-0.026987		
32.89		-0.0269048		
32.9		-0.026823		
32.91		-0.0267417		
32.92		-0.0266608		
32.93		-0.0265804		
32.94		-0.0265005		
32.95		-0.0264211		
32.96		-0.0263421		
32.97		-0.0262635		
32.98		-0.0261854		
32.99		-0.0261077		
33		-0.0260305		
33.01		-0.0259537		
33.02		-0.0258773		
33.03		-0.0258013		
33.04		-0.0257258		
33.05		-0.0256507		
33.06		-0.025576		
33.07		-0.0255017		
33.08		-0.0254278		
33.09		-0.0253543		
33.1		-0.0252812		
33.11		-0.0252085		
33.12		-0.0251362		
33.13		-0.0250643		
33.14		-0.0249928		
33.15		-0.0249216		
33.16		-0.0248508		
33.17		-0.0247804		
33.18		-0.0247104		
33.19		-0.0246407		
33.2		-0.0245714		
33.21		-0.0245025		
33.22		-0.0244339		
33.23		-0.0243657		
33.24		-0.0242978		
33.25		-0.0242302		
33.26		-0.0241631		
33.27		-0.0240962		
33.28		-0.0240297		
33.29		-0.0239635		
33.3		-0.0238977		
33.31		-0.0238322		
33.32		-0.023767		
33.33		-0.0237022		
33.34		-0.0236376		
33.35		-0.0235734		
33.36		-0.0235095		
33.37		-0.0234459		
33.38		-0.0233826		
33.39		-0.0233197		
33.4		-0.023257		
33.41		-0.0231947		
33.42		-0.0231326		
33.43		-0.0230708		
33.44		-0.0230094		
33.45		-0.0229482		
33.46		-0.0228873		
33.47		-0.0228268		
33.48		-0.0227664		
33.49		-0.0227064		
33.5		-0.0226467		
33.51		-0.0225872		
33.52		-0.0225281		
33.53		-0.0224692		
33.54		-0.0224105		
33.55		-0.0223522		
33.56		-0.0222941		
33.57		-0.0222362		
33.58		-0.0221787		
33.59		-0.0221214		
33.6		-0.0220643		
33.61		-0.0220076		
33.62		-0.021951		
33.63		-0.0218948		
33.64		-0.0218387		
33.65		-0.021783		
33.66		-0.0217274		
33.67		-0.0216722		
33.68		-0.0216171		
33.69		-0.0215624		
33.7		-0.0215078		
33.71		-0.0214535		
33.72		-0.0213994		
33.73		-0.0213456		
33.74		-0.021292		
33.75		-0.0212386		
33.76		-0.0211855		
33.77		-0.0211326		
33.78		-0.0210799		
33.79		-0.0210274		
33.8		-0.0209752		
33.81		-0.0209232		
33.82		-0.0208714		
33.83		-0.0208199		
33.84		-0.0207685		
33.85		-0.0207174		
33.86		-0.0206664		
33.87		-0.0206157		
33.88		-0.0205652		
33.89		-0.020515		
33.9		-0.0204649		
33.91		-0.020415		
33.92		-0.0203653		
33.93		-0.0203159		
33.94		-0.0202666		
33.95		-0.0202176		
33.96		-0.0201687		
33.97		-0.0201201		
33.98		-0.0200716		
33.99		-0.0200233		
34		-0.0199753		
34.01		-0.0199274		
34.02		-0.0198797		
34.03		-0.0198322		
34.04		-0.0197849		
34.05		-0.0197378		
34.06		-0.0196909		
34.07		-0.0196442		
34.08		-0.0195976		
34.09		-0.0195513		
34.1		-0.0195051		
34.11		-0.0194591		
34.12		-0.0194133		
34.13		-0.0193676		
34.14		-0.0193221		
34.15		-0.0192769		
34.16		-0.0192317		
34.17		-0.0191868		
34.18		-0.0191421		
34.19		-0.0190975		
34.2		-0.019053		
34.21		-0.0190088		
34.22		-0.0189647		
34.23		-0.0189208		
34.24		-0.0188771		
34.25		-0.0188335		
34.26		-0.0187901		
34.27		-0.0187469		
34.28		-0.0187038		
34.29		-0.0186609		
34.3		-0.0186181		
34.31		-0.0185755		
34.32		-0.0185331		
34.33		-0.0184908		
34.34		-0.0184487		
34.35		-0.0184067		
34.36		-0.0183649		
34.37		-0.0183233		
34.38		-0.0182818		
34.39		-0.0182405		
34.4		-0.0181993		
34.41		-0.0181582		
34.42		-0.0181174		
34.43		-0.0180766		
34.44		-0.0180361		
34.45		-0.0179956		
34.46		-0.0179553		
34.47		-0.0179152		
34.48		-0.0178752		
34.49		-0.0178354		
34.5		-0.0177957		
34.51		-0.0177561		
34.52		-0.0177167		
34.53		-0.0176774		
34.54		-0.0176383		
34.55		-0.0175993		
34.56		-0.0175604		
34.57		-0.0175217		
34.58		-0.0174832		
34.59		-0.0174447		
34.6		-0.0174064		
34.61		-0.0173683		
34.62		-0.0173302		
34.63		-0.0172924		
34.64		-0.0172546		
34.65		-0.017217		
34.66		-0.0171795		
34.67		-0.0171421		
34.68		-0.0171049		
34.69		-0.0170678		
34.7		-0.0170309		
34.71		-0.016994		
34.72		-0.0169573		
34.73		-0.0169207		
34.74		-0.0168843		
34.75		-0.016848		
34.76		-0.0168118		
34.77		-0.0167757		
34.78		-0.0167398		
34.79		-0.0167039		
34.8		-0.0166682		
34.81		-0.0166327		
34.82		-0.0165972		
34.83		-0.0165619		
34.84		-0.0165267		
34.85		-0.0164916		
34.86		-0.0164566		
34.87		-0.0164218		
34.88		-0.0163871		
34.89		-0.0163525		
34.9		-0.016318		
34.91		-0.0162836		
34.92		-0.0162493		
34.93		-0.0162152		
34.94		-0.0161812		
34.95		-0.0161473		
34.96		-0.0161135		
34.97		-0.0160798		
34.98		-0.0160462		
34.99		-0.0160128		
35		-0.0159795		
35.01		-0.0159462		
35.02		-0.0159131		
35.03		-0.0158801		
35.04		-0.0158472		
35.05		-0.0158144		
35.06		-0.0157818		
35.07		-0.0157492		
35.08		-0.0157167		
35.09		-0.0156844		
35.1		-0.0156522		
35.11		-0.01562		
35.12		-0.015588		
35.13		-0.0155561		
35.14		-0.0155243		
35.15		-0.0154926		
35.16		-0.0154609		
35.17		-0.0154294		
35.18		-0.015398		
35.19		-0.0153668		
35.2		-0.0153356		
35.21		-0.0153045		
35.22		-0.0152735		
35.23		-0.0152426		
35.24		-0.0152118		
35.25		-0.0151811		
35.26		-0.0151506		
35.27		-0.0151201		
35.28		-0.0150897		
35.29		-0.0150594		
35.3		-0.0150292		
35.31		-0.0149991		
35.32		-0.0149691		
35.33		-0.0149392		
35.34		-0.0149094		
35.35		-0.0148797		
35.36		-0.0148501		
35.37		-0.0148206		
35.38		-0.0147912		
35.39		-0.0147619		
35.4		-0.0147327		
35.41		-0.0147035		
35.42		-0.0146745		
35.43		-0.0146455		
35.44		-0.0146167		
35.45		-0.0145879		
35.46		-0.0145593		
35.47		-0.0145307		
35.48		-0.0145022		
35.49		-0.0144738		
35.5		-0.0144455		
35.51		-0.0144173		
35.52		-0.0143891		
35.53		-0.0143611		
35.54		-0.0143332		
35.55		-0.0143053		
35.56		-0.0142775		
35.57		-0.0142498		
35.58		-0.0142222		
35.59		-0.0141947		
35.6		-0.0141673		
35.61		-0.01414		
35.62		-0.0141127		
35.63		-0.0140855		
35.64		-0.0140585		
35.65		-0.0140315		
35.66		-0.0140046		
35.67		-0.0139777		
35.68		-0.013951		
35.69		-0.0139243		
35.7		-0.0138977		
35.71		-0.0138712		
35.72		-0.0138448		
35.73		-0.0138185		
35.74		-0.0137923		
35.75		-0.0137661		
35.76		-0.01374		
35.77		-0.013714		
35.78		-0.0136881		
35.79		-0.0136622		
35.8		-0.0136365		
35.81		-0.0136108		
35.82		-0.0135852		
35.83		-0.0135596		
35.84		-0.0135342		
35.85		-0.0135088		
35.86		-0.0134835		
35.87		-0.0134583		
35.88		-0.0134332		
35.89		-0.0134081		
35.9		-0.0133831		
35.91		-0.0133582		
35.92		-0.0133334		
35.93		-0.0133086		
35.94		-0.0132839		
35.95		-0.0132593		
35.96		-0.0132348		
35.97		-0.0132103		
35.98		-0.013186		
35.99		-0.0131616		
36		-0.0131374		
36.01		-0.0131132		
36.02		-0.0130892		
36.03		-0.0130651		
36.04		-0.0130412		
36.05		-0.0130173		
36.06		-0.0129935		
36.07		-0.0129698		
36.08		-0.0129461		
36.09		-0.0129226		
36.1		-0.012899		
36.11		-0.0128756		
36.12		-0.0128522		
36.13		-0.0128289		
36.14		-0.0128057		
36.15		-0.0127825		
36.16		-0.0127594		
36.17		-0.0127364		
36.18		-0.0127134		
36.19		-0.0126905		
36.2		-0.0126677		
36.21		-0.012645		
36.22		-0.0126223		
36.23		-0.0125997		
36.24		-0.0125771		
36.25		-0.0125546		
36.26		-0.0125322		
36.27		-0.0125098		
36.28		-0.0124876		
36.29		-0.0124653		
36.3		-0.0124432		
36.31		-0.0124211		
36.32		-0.0123991		
36.33		-0.0123771		
36.34		-0.0123552		
36.35		-0.0123334		
36.36		-0.0123116		
36.37		-0.0122899		
36.38		-0.0122683		
36.39		-0.0122467		
36.4		-0.0122252		
36.41		-0.0122037		
36.42		-0.0121823		
36.43		-0.012161		
36.44		-0.0121397		
36.45		-0.0121185		
36.46		-0.0120974		
36.47		-0.0120763		
36.48		-0.0120553		
36.49		-0.0120344		
36.5		-0.0120135		
36.51		-0.0119926		
36.52		-0.0119718		
36.53		-0.0119511		
36.54		-0.0119305		
36.55		-0.0119099		
36.56		-0.0118893		
36.57		-0.0118689		
36.58		-0.0118484		
36.59		-0.0118281		
36.6		-0.0118078		
36.61		-0.0117875		
36.62		-0.0117674		
36.63		-0.0117472		
36.64		-0.0117272		
36.65		-0.0117072		
36.66		-0.0116872		
36.67		-0.0116673		
36.68		-0.0116475		
36.69		-0.0116277		
36.7		-0.011608		
36.71		-0.0115883		
36.72		-0.0115687		
36.73		-0.0115491		
36.74		-0.0115296		
36.75		-0.0115102		
36.76		-0.0114908		
36.77		-0.0114714		
36.78		-0.0114521		
36.79		-0.0114329		
36.8		-0.0114137		
36.81		-0.0113946		
36.82		-0.0113755		
36.83		-0.0113565		
36.84		-0.0113376		
36.85		-0.0113187		
36.86		-0.0112998		
36.87		-0.011281		
36.88		-0.0112623		
36.89		-0.0112436		
36.9		-0.0112249		
36.91		-0.0112063		
36.92		-0.0111878		
36.93		-0.0111693		
36.94		-0.0111509		
36.95		-0.0111325		
36.96		-0.0111142		
36.97		-0.0110959		
36.98		-0.0110777		
36.99		-0.0110595		
37		-0.0110413		
37.01		-0.0110233		
37.02		-0.0110052		
37.03		-0.0109873		
37.04		-0.0109693		
37.05		-0.0109515		
37.06		-0.0109336		
37.07		-0.0109159		
37.08		-0.0108981		
37.09		-0.0108804		
37.1		-0.0108628		
37.11		-0.0108452		
37.12		-0.0108277		
37.13		-0.0108102		
37.14		-0.0107928		
37.15		-0.0107754		
37.16		-0.010758		
37.17		-0.0107407		
37.18		-0.0107235		
37.19		-0.0107063		
37.2		-0.0106891		
37.21		-0.010672		
37.22		-0.010655		
37.23		-0.0106379		
37.24		-0.010621		
37.25		-0.0106041		
37.26		-0.0105872		
37.27		-0.0105703		
37.28		-0.0105536		
37.29		-0.0105368		
37.3		-0.0105201		
37.31		-0.0105035		
37.32		-0.0104869		
37.33		-0.0104703		
37.34		-0.0104538		
37.35		-0.0104373		
37.36		-0.0104209		
37.37		-0.0104045		
37.38		-0.0103882		
37.39		-0.0103719		
37.4		-0.0103557		
37.41		-0.0103395		
37.42		-0.0103233		
37.43		-0.0103072		
37.44		-0.0102911		
37.45		-0.0102751		
37.46		-0.0102591		
37.47		-0.0102432		
37.48		-0.0102273		
37.49		-0.0102114		
37.5		-0.0101956		
37.51		-0.0101798		
37.52		-0.0101641		
37.53		-0.0101484		
37.54		-0.0101327		
37.55		-0.0101171		
37.56		-0.0101016		
37.57		-0.010086		
37.58		-0.0100705		
37.59		-0.0100551		
37.6		-0.0100397		
37.61		-0.0100243		
37.62		-0.010009		
37.63		-0.00999375		
37.64		-0.00997851		
37.65		-0.00996331		
37.66		-0.00994815		
37.67		-0.00993303		
37.68		-0.00991795		
37.69		-0.00990292		
37.7		-0.00988792		
37.71		-0.00987296		
37.72		-0.00985804		
37.73		-0.00984315		
37.74		-0.00982831		
37.75		-0.00981351		
37.76		-0.00979874		
37.77		-0.00978402		
37.78		-0.00976933		
37.79		-0.00975468		
37.8		-0.00974007		
37.81		-0.0097255		
37.82		-0.00971096		
37.83		-0.00969646		
37.84		-0.009682		
37.85		-0.00966758		
37.86		-0.0096532		
37.87		-0.00963885		
37.88		-0.00962454		
37.89		-0.00961027		
37.9		-0.00959603		
37.91		-0.00958183		
37.92		-0.00956767		
37.93		-0.00955354		
37.94		-0.00953946		
37.95		-0.0095254		
37.96		-0.00951139		
37.97		-0.00949741		
37.98		-0.00948346		
37.99		-0.00946955		
38		-0.00945568		
38.01		-0.00944184		
38.02		-0.00942804		
38.03		-0.00941427		
38.04		-0.00940054		
38.05		-0.00938685		
38.06		-0.00937318		
38.07		-0.00935956		
38.08		-0.00934597		
38.09		-0.00933241		
38.1		-0.00931889		
38.11		-0.0093054		
38.12		-0.00929195		
38.13		-0.00927853		
38.14		-0.00926514		
38.15		-0.00925179		
38.16		-0.00923847		
38.17		-0.00922519		
38.18		-0.00921194		
38.19		-0.00919873		
38.2		-0.00918554		
38.21		-0.00917239		
38.22		-0.00915928		
38.23		-0.00914619		
38.24		-0.00913314		
38.25		-0.00912013		
38.26		-0.00910714		
38.27		-0.00909419		
38.28		-0.00908127		
38.29		-0.00906839		
38.3		-0.00905553		
38.31		-0.00904271		
38.32		-0.00902992		
38.33		-0.00901716		
38.34		-0.00900444		
38.35		-0.00899174		
38.36		-0.00897908		
38.37		-0.00896645		
38.38		-0.00895385		
38.39		-0.00894128		
38.4		-0.00892874		
38.41		-0.00891624		
38.42		-0.00890377		
38.43		-0.00889132		
38.44		-0.00887891		
38.45		-0.00886653		
38.46		-0.00885418		
38.47		-0.00884186		
38.48		-0.00882957		
38.49		-0.00881731		
38.5		-0.00880508		
38.51		-0.00879288		
38.52		-0.00878071		
38.53		-0.00876857		
38.54		-0.00875647		
38.55		-0.00874439		
38.56		-0.00873234		
38.57		-0.00872032		
38.58		-0.00870833		
38.59		-0.00869637		
38.6		-0.00868444		
38.61		-0.00867254		
38.62		-0.00866066		
38.63		-0.00864882		
38.64		-0.008637		
38.65		-0.00862522		
38.66		-0.00861346		
38.67		-0.00860173		
38.68		-0.00859003		
38.69		-0.00857836		
38.7		-0.00856672		
38.71		-0.00855511		
38.72		-0.00854352		
38.73		-0.00853196		
38.74		-0.00852043		
38.75		-0.00850893		
38.76		-0.00849746		
38.77		-0.00848601		
38.78		-0.00847459		
38.79		-0.0084632		
38.8		-0.00845184		
38.81		-0.0084405		
38.82		-0.00842919		
38.83		-0.00841791		
38.84		-0.00840666		
38.85		-0.00839543		
38.86		-0.00838423		
38.87		-0.00837306		
38.88		-0.00836191		
38.89		-0.00835079		
38.9		-0.0083397		
38.91		-0.00832863		
38.92		-0.00831759		
38.93		-0.00830658		
38.94		-0.00829559		
38.95		-0.00828463		
38.96		-0.0082737		
38.97		-0.00826279		
38.98		-0.00825191		
38.99		-0.00824105		
39		-0.00823022		
39.01		-0.00821942		
39.02		-0.00820864		
39.03		-0.00819788		
39.04		-0.00818716		
39.05		-0.00817645		
39.06		-0.00816578		
39.07		-0.00815513		
39.08		-0.0081445		
39.09		-0.0081339		
39.1		-0.00812332		
39.11		-0.00811277		
39.12		-0.00810224		
39.13		-0.00809174		
39.14		-0.00808126		
39.15		-0.00807081		
39.16		-0.00806038		
39.17		-0.00804998		
39.18		-0.0080396		
39.19		-0.00802925		
39.2		-0.00801892		
39.21		-0.00800861		
39.22		-0.00799833		
39.23		-0.00798807		
39.24		-0.00797784		
39.25		-0.00796763		
39.26		-0.00795744		
39.27		-0.00794728		
39.28		-0.00793714		
39.29		-0.00792703		
39.3		-0.00791694		
39.31		-0.00790687		
39.32		-0.00789682		
39.33		-0.0078868		
39.34		-0.0078768		
39.35		-0.00786683		
39.36		-0.00785688		
39.37		-0.00784695		
39.38		-0.00783704		
39.39		-0.00782716		
39.4		-0.0078173		
39.41		-0.00780746		
39.42		-0.00779765		
39.43		-0.00778786		
39.44		-0.00777809		
39.45		-0.00776834		
39.46		-0.00775862		
39.47		-0.00774892		
39.48		-0.00773924		
39.49		-0.00772958		
39.5		-0.00771994		
39.51		-0.00771033		
39.52		-0.00770074		
39.53		-0.00769117		
39.54		-0.00768162		
39.55		-0.0076721		
39.56		-0.00766259		
39.57		-0.00765311		
39.58		-0.00764365		
39.59		-0.00763421		
39.6		-0.00762479		
39.61		-0.0076154		
39.62		-0.00760602		
39.63		-0.00759667		
39.64		-0.00758734		
39.65		-0.00757803		
39.66		-0.00756874		
39.67		-0.00755947		
39.68		-0.00755022		
39.69		-0.00754099		
39.7		-0.00753179		
39.71		-0.0075226		
39.72		-0.00751344		
39.73		-0.00750429		
39.74		-0.00749517		
39.75		-0.00748607		
39.76		-0.00747698		
39.77		-0.00746792		
39.78		-0.00745888		
39.79		-0.00744986		
39.8		-0.00744086		
39.81		-0.00743188		
39.82		-0.00742292		
39.83		-0.00741397		
39.84		-0.00740505		
39.85		-0.00739615		
39.86		-0.00738727		
39.87		-0.00737841		
39.88		-0.00736957		
39.89		-0.00736075		
39.9		-0.00735195		
39.91		-0.00734316		
39.92		-0.0073344		
39.93		-0.00732566		
39.94		-0.00731693		
39.95		-0.00730823		
39.96		-0.00729954		
39.97		-0.00729088		
39.98		-0.00728223		
39.99		-0.0072736		
40		-0.00726499		
40.01		-0.0072564		
40.02		-0.00724783		
40.03		-0.00723928		
40.04		-0.00723075		
40.05		-0.00722223		
40.06		-0.00721373		
40.07		-0.00720526		
40.08		-0.0071968		
40.09		-0.00718836		
40.1		-0.00717994		
40.11		-0.00717154		
40.12		-0.00716315		
40.13		-0.00715478		
40.14		-0.00714644		
40.15		-0.00713811		
40.16		-0.0071298		
40.17		-0.0071215		
40.18		-0.00711323		
40.19		-0.00710497		
40.2		-0.00709673		
40.21		-0.00708851		
40.22		-0.00708031		
40.23		-0.00707212		
40.24		-0.00706395		
40.25		-0.0070558		
40.26		-0.00704767		
40.27		-0.00703955		
40.28		-0.00703146		
40.29		-0.00702338		
40.3		-0.00701531		
40.31		-0.00700727		
40.32		-0.00699924		
40.33		-0.00699123		
40.34		-0.00698324		
40.35		-0.00697526		
40.36		-0.0069673		
40.37		-0.00695936		
40.38		-0.00695144		
40.39		-0.00694353		
40.4		-0.00693564		
40.41		-0.00692777		
40.42		-0.00691991		
40.43		-0.00691207		
40.44		-0.00690424		
40.45		-0.00689644		
40.46		-0.00688865		
40.47		-0.00688088		
40.48		-0.00687312		
40.49		-0.00686538		
40.5		-0.00685765		
40.51		-0.00684995		
40.52		-0.00684226		
40.53		-0.00683458		
40.54		-0.00682692		
40.55		-0.00681928		
40.56		-0.00681166		
40.57		-0.00680405		
40.58		-0.00679645		
40.59		-0.00678887		
40.6		-0.00678131		
40.61		-0.00677377		
40.62		-0.00676624		
40.63		-0.00675872		
40.64		-0.00675123		
40.65		-0.00674374		
40.66		-0.00673628		
40.67		-0.00672883		
40.68		-0.00672139		
40.69		-0.00671397		
40.7		-0.00670657		
40.71		-0.00669918		
40.72		-0.00669181		
40.73		-0.00668445		
40.74		-0.00667711		
40.75		-0.00666978		
40.76		-0.00666247		
40.77		-0.00665517		
40.78		-0.00664789		
40.79		-0.00664062		
40.8		-0.00663337		
40.81		-0.00662614		
40.82		-0.00661892		
40.83		-0.00661171		
40.84		-0.00660452		
40.85		-0.00659735		
40.86		-0.00659018		
40.87		-0.00658304		
40.88		-0.00657591		
40.89		-0.00656879		
40.9		-0.00656169		
40.91		-0.0065546		
40.92		-0.00654753		
40.93		-0.00654047		
40.94		-0.00653343		
40.95		-0.0065264		
40.96		-0.00651938		
40.97		-0.00651238		
40.98		-0.0065054		
40.99		-0.00649843		
41		-0.00649147		
41.01		-0.00648453		
41.02		-0.0064776		
41.03		-0.00647068		
41.04		-0.00646378		
41.05		-0.0064569		
41.06		-0.00645003		
41.07		-0.00644317		
41.08		-0.00643632		
41.09		-0.00642949		
41.1		-0.00642268		
41.11		-0.00641587		
41.12		-0.00640909		
41.13		-0.00640231		
41.14		-0.00639555		
41.15		-0.0063888		
41.16		-0.00638207		
41.17		-0.00637535		
41.18		-0.00636864		
41.19		-0.00636195		
41.2		-0.00635527		
41.21		-0.0063486		
41.22		-0.00634195		
41.23		-0.00633531		
41.24		-0.00632869		
41.25		-0.00632207		
41.26		-0.00631548		
41.27		-0.00630889		
41.28		-0.00630232		
41.29		-0.00629576		
41.3		-0.00628921		
41.31		-0.00628268		
41.32		-0.00627616		
41.33		-0.00626965		
41.34		-0.00626316		
41.35		-0.00625668		
41.36		-0.00625021		
41.37		-0.00624375		
41.38		-0.00623731		
41.39		-0.00623088		
41.4		-0.00622447		
41.41		-0.00621806		
41.42		-0.00621167		
41.43		-0.00620529		
41.44		-0.00619893		
41.45		-0.00619257		
41.46		-0.00618623		
41.47		-0.00617991		
41.48		-0.00617359		
41.49		-0.00616729		
41.5		-0.006161		
41.51		-0.00615472		
41.52		-0.00614845		
41.53		-0.0061422		
41.54		-0.00613596		
41.55		-0.00612973		
41.56		-0.00612351		
41.57		-0.00611731		
41.58		-0.00611112		
41.59		-0.00610494		
41.6		-0.00609877		
41.61		-0.00609261		
41.62		-0.00608647		
41.63		-0.00608034		
41.64		-0.00607422		
41.65		-0.00606811		
41.66		-0.00606201		
41.67		-0.00605593		
41.68		-0.00604986		
41.69		-0.0060438		
41.7		-0.00603775		
41.71		-0.00603171		
41.72		-0.00602569		
41.73		-0.00601968		
41.74		-0.00601367		
41.75		-0.00600768		
41.76		-0.00600171		
41.77		-0.00599574		
41.78		-0.00598978		
41.79		-0.00598384		
41.8		-0.00597791		
41.81		-0.00597199		
41.82		-0.00596608		
41.83		-0.00596018		
41.84		-0.00595429		
41.85		-0.00594842		
41.86		-0.00594256		
41.87		-0.0059367		
41.88		-0.00593086		
41.89		-0.00592503		
41.9		-0.00591921		
41.91		-0.0059134		
41.92		-0.00590761		
41.93		-0.00590182		
41.94		-0.00589605		
41.95		-0.00589028		
41.96		-0.00588453		
41.97		-0.00587879		
41.98		-0.00587306		
41.99		-0.00586734		
42		-0.00586163		
42.01		-0.00585593		
42.02		-0.00585025		
42.03		-0.00584457		
42.04		-0.00583891		
42.05		-0.00583325		
42.06		-0.00582761		
42.07		-0.00582197		
42.08		-0.00581635		
42.09		-0.00581074		
42.1		-0.00580514		
42.11		-0.00579955		
42.12		-0.00579397		
42.13		-0.0057884		
42.14		-0.00578284		
42.15		-0.00577729		
42.16		-0.00577175		
42.17		-0.00576622		
42.18		-0.0057607		
42.19		-0.0057552		
42.2		-0.0057497		
42.21		-0.00574421		
42.22		-0.00573874		
42.23		-0.00573327		
42.24		-0.00572782		
42.25		-0.00572237		
42.26		-0.00571694		
42.27		-0.00571151		
42.28		-0.00570609		
42.29		-0.00570069		
42.3		-0.00569529		
42.31		-0.00568991		
42.32		-0.00568453		
42.33		-0.00567917		
42.34		-0.00567381		
42.35		-0.00566847		
42.36		-0.00566313		
42.37		-0.00565781		
42.38		-0.00565249		
42.39		-0.00564719		
42.4		-0.00564189		
42.41		-0.00563661		
42.42		-0.00563133		
42.43		-0.00562606		
42.44		-0.00562081		
42.45		-0.00561556		
42.46		-0.00561032		
42.47		-0.00560509		
42.48		-0.00559988		
42.49		-0.00559467		
42.5		-0.00558947		
42.51		-0.00558428		
42.52		-0.0055791		
42.53		-0.00557393		
42.54		-0.00556877		
42.55		-0.00556362		
42.56		-0.00555847		
42.57		-0.00555334		
42.58		-0.00554822		
42.59		-0.0055431		
42.6		-0.005538		
42.61		-0.0055329		
42.62		-0.00552782		
42.63		-0.00552274		
42.64		-0.00551767		
42.65		-0.00551261		
42.66		-0.00550756		
42.67		-0.00550252		
42.68		-0.00549749		
42.69		-0.00549247		
42.7		-0.00548746		
42.71		-0.00548245		
42.72		-0.00547746		
42.73		-0.00547247		
42.74		-0.00546749		
42.75		-0.00546253		
42.76		-0.00545757		
42.77		-0.00545262		
42.78		-0.00544768		
42.79		-0.00544274		
42.8		-0.00543782		
42.81		-0.00543291		
42.82		-0.005428		
42.83		-0.0054231		
42.84		-0.00541821		
42.85		-0.00541333		
42.86		-0.00540846		
42.87		-0.0054036		
42.88		-0.00539875		
42.89		-0.0053939		
42.9		-0.00538907		
42.91		-0.00538424		
42.92		-0.00537942		
42.93		-0.00537461		
42.94		-0.00536981		
42.95		-0.00536501		
42.96		-0.00536023		
42.97		-0.00535545		
42.98		-0.00535068		
42.99		-0.00534593		
43		-0.00534117		
43.01		-0.00533643		
43.02		-0.0053317		
43.03		-0.00532697		
43.04		-0.00532225		
43.05		-0.00531754		
43.06		-0.00531284		
43.07		-0.00530815		
43.08		-0.00530347		
43.09		-0.00529879		
43.1		-0.00529412		
43.11		-0.00528946		
43.12		-0.00528481		
43.13		-0.00528017		
43.14		-0.00527553		
43.15		-0.0052709		
43.16		-0.00526628		
43.17		-0.00526167		
43.18		-0.00525707		
43.19		-0.00525247		
43.2		-0.00524789		
43.21		-0.00524331		
43.22		-0.00523874		
43.23		-0.00523417		
43.24		-0.00522962		
43.25		-0.00522507		
43.26		-0.00522053		
43.27		-0.005216		
43.28		-0.00521148		
43.29		-0.00520696		
43.3		-0.00520245		
43.31		-0.00519795		
43.32		-0.00519346		
43.33		-0.00518897		
43.34		-0.0051845		
43.35		-0.00518003		
43.36		-0.00517556		
43.37		-0.00517111		
43.38		-0.00516666		
43.39		-0.00516223		
43.4		-0.00515779		
43.41		-0.00515337		
43.42		-0.00514895		
43.43		-0.00514455		
43.44		-0.00514015		
43.45		-0.00513575		
43.46		-0.00513137		
43.47		-0.00512699		
43.48		-0.00512262		
43.49		-0.00511825		
43.5		-0.0051139		
43.51		-0.00510955		
43.52		-0.00510521		
43.53		-0.00510087		
43.54		-0.00509655		
43.55		-0.00509223		
43.56		-0.00508792		
43.57		-0.00508361		
43.58		-0.00507931		
43.59		-0.00507502		
43.6		-0.00507074		
43.61		-0.00506647		
43.62		-0.0050622		
43.63		-0.00505794		
43.64		-0.00505368		
43.65		-0.00504944		
43.66		-0.0050452		
43.67		-0.00504097		
43.68		-0.00503674		
43.69		-0.00503252		
43.7		-0.00502831		
43.71		-0.00502411		
43.72		-0.00501991		
43.73		-0.00501572		
43.74		-0.00501154		
43.75		-0.00500736		
43.76		-0.00500319		
43.77		-0.00499903		
43.78		-0.00499488		
43.79		-0.00499073		
43.8		-0.00498659		
43.81		-0.00498245		
43.82		-0.00497832		
43.83		-0.0049742		
43.84		-0.00497009		
43.85		-0.00496598		
43.86		-0.00496188		
43.87		-0.00495779		
43.88		-0.0049537		
43.89		-0.00494962		
43.9		-0.00494555		
43.91		-0.00494148		
43.92		-0.00493743		
43.93		-0.00493337		
43.94		-0.00492933		
43.95		-0.00492529		
43.96		-0.00492125		
43.97		-0.00491723		
43.98		-0.00491321		
43.99		-0.0049092		
44		-0.00490519		
44.01		-0.00490119		
44.02		-0.0048972		
44.03		-0.00489321		
44.04		-0.00488923		
44.05		-0.00488526		
44.06		-0.00488129		
44.07		-0.00487733		
44.08		-0.00487337		
44.09		-0.00486943		
44.1		-0.00486549		
44.11		-0.00486155		
44.12		-0.00485762		
44.13		-0.0048537		
44.14		-0.00484978		
44.15		-0.00484587		
44.16		-0.00484197		
44.17		-0.00483807		
44.18		-0.00483418		
44.19		-0.0048303		
44.2		-0.00482642		
44.21		-0.00482255		
44.22		-0.00481869		
44.23		-0.00481483		
44.24		-0.00481097		
44.25		-0.00480713		
44.26		-0.00480329		
44.27		-0.00479945		
44.28		-0.00479563		
44.29		-0.0047918		
44.3		-0.00478799		
44.31		-0.00478418		
44.32		-0.00478037		
44.33		-0.00477658		
44.34		-0.00477279		
44.35		-0.004769		
44.36		-0.00476522		
44.37		-0.00476145		
44.38		-0.00475768		
44.39		-0.00475392		
44.4		-0.00475016		
44.41		-0.00474642		
44.42		-0.00474267		
44.43		-0.00473894		
44.44		-0.0047352		
44.45		-0.00473148		
44.46		-0.00472776		
44.47		-0.00472405		
44.48		-0.00472034		
44.49		-0.00471664		
44.5		-0.00471294		
44.51		-0.00470925		
44.52		-0.00470557		
44.53		-0.00470189		
44.54		-0.00469821		
44.55		-0.00469455		
44.56		-0.00469089		
44.57		-0.00468723		
44.58		-0.00468358		
44.59		-0.00467994		
44.6		-0.0046763		
44.61		-0.00467267		
44.62		-0.00466904		
44.63		-0.00466542		
44.64		-0.00466181		
44.65		-0.0046582		
44.66		-0.00465459		
44.67		-0.00465099		
44.68		-0.0046474		
44.69		-0.00464381		
44.7		-0.00464023		
44.71		-0.00463666		
44.72		-0.00463309		
44.73		-0.00462952		
44.74		-0.00462596		
44.75		-0.00462241		
44.76		-0.00461886		
44.77		-0.00461532		
44.78		-0.00461178		
44.79		-0.00460825		
44.8		-0.00460472		
44.81		-0.0046012		
44.82		-0.00459769		
44.83		-0.00459418		
44.84		-0.00459067		
44.85		-0.00458717		
44.86		-0.00458368		
44.87		-0.00458019		
44.88		-0.00457671		
44.89		-0.00457323		
44.9		-0.00456976		
44.91		-0.00456629		
44.92		-0.00456283		
44.93		-0.00455937		
44.94		-0.00455592		
44.95		-0.00455248		
44.96		-0.00454904		
44.97		-0.0045456		
44.98		-0.00454217		
44.99		-0.00453875		
45		-0.00453533		
45.01		-0.00453191		
45.02		-0.0045285		
45.03		-0.0045251		
45.04		-0.0045217		
45.05		-0.00451831		
45.06		-0.00451492		
45.07		-0.00451154		
45.08		-0.00450816		
45.09		-0.00450478		
45.1		-0.00450142		
45.11		-0.00449805		
45.12		-0.0044947		
45.13		-0.00449134		
45.14		-0.004488		
45.15		-0.00448465		
45.16		-0.00448132		
45.17		-0.00447798		
45.18		-0.00447466		
45.19		-0.00447133		
45.2		-0.00446802		
45.21		-0.0044647		
45.22		-0.0044614		
45.23		-0.00445809		
45.24		-0.0044548		
45.25		-0.0044515		
45.26		-0.00444822		
45.27		-0.00444493		
45.28		-0.00444166		
45.29		-0.00443838		
45.3		-0.00443512		
45.31		-0.00443185		
45.32		-0.00442859		
45.33		-0.00442534		
45.34		-0.00442209		
45.35		-0.00441885		
45.36		-0.00441561		
45.37		-0.00441238		
45.38		-0.00440915		
45.39		-0.00440592		
45.4		-0.0044027		
45.41		-0.00439949		
45.42		-0.00439628		
45.43		-0.00439307		
45.44		-0.00438987		
45.45		-0.00438667		
45.46		-0.00438348		
45.47		-0.0043803		
45.48		-0.00437711		
45.49		-0.00437394		
45.5		-0.00437076		
45.51		-0.0043676		
45.52		-0.00436443		
45.53		-0.00436128		
45.54		-0.00435812		
45.55		-0.00435497		
45.56		-0.00435183		
45.57		-0.00434869		
45.58		-0.00434555		
45.59		-0.00434242		
45.6		-0.00433929		
45.61		-0.00433617		
45.62		-0.00433306		
45.63		-0.00432994		
45.64		-0.00432683		
45.65		-0.00432373		
45.66		-0.00432063		
45.67		-0.00431754		
45.68		-0.00431445		
45.69		-0.00431136		
45.7		-0.00430828		
45.71		-0.0043052		
45.72		-0.00430213		
45.73		-0.00429906		
45.74		-0.004296		
45.75		-0.00429294		
45.76		-0.00428989		
45.77		-0.00428684		
45.78		-0.00428379		
45.79		-0.00428075		
45.8		-0.00427771		
45.81		-0.00427468		
45.82		-0.00427165		
45.83		-0.00426863		
45.84		-0.00426561		
45.85		-0.00426259		
45.86		-0.00425958		
45.87		-0.00425658		
45.88		-0.00425358		
45.89		-0.00425058		
45.9		-0.00424758		
45.91		-0.00424459		
45.92		-0.00424161		
45.93		-0.00423863		
45.94		-0.00423565		
45.95		-0.00423268		
45.96		-0.00422971		
45.97		-0.00422675		
45.98		-0.00422379		
45.99		-0.00422083		
46		-0.00421788		
46.01		-0.00421493		
46.02		-0.00421199		
46.03		-0.00420905		
46.04		-0.00420612		
46.05		-0.00420319		
46.06		-0.00420026		
46.07		-0.00419734		
46.08		-0.00419442		
46.09		-0.00419151		
46.1		-0.0041886		
46.11		-0.00418569		
46.12		-0.00418279		
46.13		-0.00417989		
46.14		-0.004177		
46.15		-0.00417411		
46.16		-0.00417122		
46.17		-0.00416834		
46.18		-0.00416547		
46.19		-0.00416259		
46.2		-0.00415972		
46.21		-0.00415686		
46.22		-0.004154		
46.23		-0.00415114		
46.24		-0.00414829		
46.25		-0.00414544		
46.26		-0.00414259		
46.27		-0.00413975		
46.28		-0.00413691		
46.29		-0.00413408		
46.3		-0.00413125		
46.31		-0.00412842		
46.32		-0.0041256		
46.33		-0.00412279		
46.34		-0.00411997		
46.35		-0.00411716		
46.36		-0.00411436		
46.37		-0.00411155		
46.38		-0.00410876		
46.39		-0.00410596		
46.4		-0.00410317		
46.41		-0.00410038		
46.42		-0.0040976		
46.43		-0.00409482		
46.44		-0.00409205		
46.45		-0.00408927		
46.46		-0.00408651		
46.47		-0.00408374		
46.48		-0.00408098		
46.49		-0.00407823		
46.5		-0.00407547		
46.51		-0.00407273		
46.52		-0.00406998		
46.53		-0.00406724		
46.54		-0.0040645		
46.55		-0.00406177		
46.56		-0.00405904		
46.57		-0.00405631		
46.58		-0.00405359		
46.59		-0.00405087		
46.6		-0.00404816		
46.61		-0.00404544		
46.62		-0.00404274		
46.63		-0.00404003		
46.64		-0.00403733		
46.65		-0.00403464		
46.66		-0.00403194		
46.67		-0.00402925		
46.68		-0.00402657		
46.69		-0.00402388		
46.7		-0.00402121		
46.71		-0.00401853		
46.72		-0.00401586		
46.73		-0.00401319		
46.74		-0.00401053		
46.75		-0.00400787		
46.76		-0.00400521		
46.77		-0.00400256		
46.78		-0.00399991		
46.79		-0.00399726		
46.8		-0.00399462		
46.81		-0.00399198		
46.82		-0.00398934		
46.83		-0.00398671		
46.84		-0.00398408		
46.85		-0.00398146		
46.86		-0.00397884		
46.87		-0.00397622		
46.88		-0.0039736		
46.89		-0.00397099		
46.9		-0.00396838		
46.91		-0.00396578		
46.92		-0.00396318		
46.93		-0.00396058		
46.94		-0.00395799		
46.95		-0.0039554		
46.96		-0.00395281		
46.97		-0.00395023		
46.98		-0.00394765		
46.99		-0.00394507		
47		-0.0039425		
47.01		-0.00393993		
47.02		-0.00393736		
47.03		-0.0039348		
47.04		-0.00393224		
47.05		-0.00392968		
47.06		-0.00392713		
47.07		-0.00392458		
47.08		-0.00392203		
47.09		-0.00391949		
47.1		-0.00391695		
47.11		-0.00391441		
47.12		-0.00391188		
47.13		-0.00390935		
47.14		-0.00390682		
47.15		-0.0039043		
47.16		-0.00390178		
47.17		-0.00389926		
47.18		-0.00389675		
47.19		-0.00389424		
47.2		-0.00389173		
47.21		-0.00388923		
47.22		-0.00388673		
47.23		-0.00388423		
47.24		-0.00388174		
47.25		-0.00387925		
47.26		-0.00387676		
47.27		-0.00387428		
47.28		-0.0038718		
47.29		-0.00386932		
47.3		-0.00386685		
47.31		-0.00386437		
47.32		-0.00386191		
47.33		-0.00385944		
47.34		-0.00385698		
47.35		-0.00385452		
47.36		-0.00385207		
47.37		-0.00384962		
47.38		-0.00384717		
47.39		-0.00384472		
47.4		-0.00384228		
47.41		-0.00383984		
47.42		-0.0038374		
47.43		-0.00383497		
47.44		-0.00383254		
47.45		-0.00383011		
47.46		-0.00382769		
47.47		-0.00382527		
47.48		-0.00382285		
47.49		-0.00382044		
47.5		-0.00381802		
47.51		-0.00381562		
47.52		-0.00381321		
47.53		-0.00381081		
47.54		-0.00380841		
47.55		-0.00380601		
47.56		-0.00380362		
47.57		-0.00380123		
47.58		-0.00379884		
47.59		-0.00379646		
47.6		-0.00379408		
47.61		-0.0037917		
47.62		-0.00378932		
47.63		-0.00378695		
47.64		-0.00378458		
47.65		-0.00378222		
47.66		-0.00377985		
47.67		-0.00377749		
47.68		-0.00377514		
47.69		-0.00377278		
47.7		-0.00377043		
47.71		-0.00376808		
47.72		-0.00376574		
47.73		-0.0037634		
47.74		-0.00376106		
47.75		-0.00375872		
47.76		-0.00375639		
47.77		-0.00375406		
47.78		-0.00375173		
47.79		-0.0037494		
47.8		-0.00374708		
47.81		-0.00374476		
47.82		-0.00374245		
47.83		-0.00374013		
47.84		-0.00373782		
47.85		-0.00373552		
47.86		-0.00373321		
47.87		-0.00373091		
47.88		-0.00372861		
47.89		-0.00372632		
47.9		-0.00372402		
47.91		-0.00372173		
47.92		-0.00371945		
47.93		-0.00371716		
47.94		-0.00371488		
47.95		-0.0037126		
47.96		-0.00371032		
47.97		-0.00370805		
47.98		-0.00370578		
47.99		-0.00370351		
48		-0.00370125		
48.01		-0.00369899		
48.02		-0.00369673		
48.03		-0.00369447		
48.04		-0.00369222		
48.05		-0.00368997		
48.06		-0.00368772		
48.07		-0.00368547		
48.08		-0.00368323		
48.09		-0.00368099		
48.1		-0.00367875		
48.11		-0.00367652		
48.12		-0.00367429		
48.13		-0.00367206		
48.14		-0.00366983		
48.15		-0.00366761		
48.16		-0.00366539		
48.17		-0.00366317		
48.18		-0.00366095		
48.19		-0.00365874		
48.2		-0.00365653		
48.21		-0.00365432		
48.22		-0.00365212		
48.23		-0.00364992		
48.24		-0.00364772		
48.25		-0.00364552		
48.26		-0.00364333		
48.27		-0.00364113		
48.28		-0.00363895		
48.29		-0.00363676		
48.3		-0.00363458		
48.31		-0.0036324		
48.32		-0.00363022		
48.33		-0.00362804		
48.34		-0.00362587		
48.35		-0.0036237		
48.36		-0.00362153		
48.37		-0.00361937		
48.38		-0.0036172		
48.39		-0.00361504		
48.4		-0.00361289		
48.41		-0.00361073		
48.42		-0.00360858		
48.43		-0.00360643		
48.44		-0.00360428		
48.45		-0.00360214		
48.46		-0.0036		
48.47		-0.00359786		
48.48		-0.00359572		
48.49		-0.00359359		
48.5		-0.00359145		
48.51		-0.00358933		
48.52		-0.0035872		
48.53		-0.00358508		
48.54		-0.00358295		
48.55		-0.00358083		
48.56		-0.00357872		
48.57		-0.0035766		
48.58		-0.00357449		
48.59		-0.00357238		
48.6		-0.00357028		
48.61		-0.00356817		
48.62		-0.00356607		
48.63		-0.00356397		
48.64		-0.00356188		
48.65		-0.00355978		
48.66		-0.00355769		
48.67		-0.0035556		
48.68		-0.00355351		
48.69		-0.00355143		
48.7		-0.00354935		
48.71		-0.00354727		
48.72		-0.00354519		
48.73		-0.00354312		
48.74		-0.00354105		
48.75		-0.00353898		
48.76		-0.00353691		
48.77		-0.00353484		
48.78		-0.00353278		
48.79		-0.00353072		
48.8		-0.00352866		
48.81		-0.00352661		
48.82		-0.00352456		
48.83		-0.00352251		
48.84		-0.00352046		
48.85		-0.00351841		
48.86		-0.00351637		
48.87		-0.00351433		
48.88		-0.00351229		
48.89		-0.00351025		
48.9		-0.00350822		
48.91		-0.00350619		
48.92		-0.00350416		
48.93		-0.00350213		
48.94		-0.00350011		
48.95		-0.00349809		
48.96		-0.00349607		
48.97		-0.00349405		
48.98		-0.00349204		
48.99		-0.00349002		
49		-0.00348801		
49.01		-0.003486		
49.02		-0.003484		
49.03		-0.003482		
49.04		-0.00347999		
49.05		-0.003478		
49.06		-0.003476		
49.07		-0.003474		
49.08		-0.00347201		
49.09		-0.00347002		
49.1		-0.00346804		
49.11		-0.00346605		
49.12		-0.00346407		
49.13		-0.00346209		
49.14		-0.00346011		
49.15		-0.00345813		
49.16		-0.00345616		
49.17		-0.00345419		
49.18		-0.00345222		
49.19		-0.00345025		
49.2		-0.00344829		
49.21		-0.00344632		
49.22		-0.00344436		
49.23		-0.00344241		
49.24		-0.00344045		
49.25		-0.0034385		
49.26		-0.00343654		
49.27		-0.00343459		
49.28		-0.00343265		
49.29		-0.0034307		
49.3		-0.00342876		
49.31		-0.00342682		
49.32		-0.00342488		
49.33		-0.00342294		
49.34		-0.00342101		
49.35		-0.00341908		
49.36		-0.00341715		
49.37		-0.00341522		
49.38		-0.0034133		
49.39		-0.00341137		
49.4		-0.00340945		
49.41		-0.00340753		
49.42		-0.00340562		
49.43		-0.0034037		
49.44		-0.00340179		
49.45		-0.00339988		
49.46		-0.00339797		
49.47		-0.00339607		
49.48		-0.00339416		
49.49		-0.00339226		
49.5		-0.00339036		
49.51		-0.00338846		
49.52		-0.00338657		
49.53		-0.00338468		
49.54		-0.00338278		
49.55		-0.00338089		
49.56		-0.00337901		
49.57		-0.00337712		
49.58		-0.00337524		
49.59		-0.00337336		
49.6		-0.00337148		
49.61		-0.0033696		
49.62		-0.00336773		
49.63		-0.00336586		
49.64		-0.00336399		
49.65		-0.00336212		
49.66		-0.00336025		
49.67		-0.00335839		
49.68		-0.00335653		
49.69		-0.00335467		
49.7		-0.00335281		
49.71		-0.00335095		
49.72		-0.0033491		
49.73		-0.00334725		
49.74		-0.0033454		
49.75		-0.00334355		
49.76		-0.0033417		
49.77		-0.00333986		
49.78		-0.00333802		
49.79		-0.00333618		
49.8		-0.00333434		
49.81		-0.0033325		
49.82		-0.00333067		
49.83		-0.00332884		
49.84		-0.00332701		
49.85		-0.00332518		
49.86		-0.00332336		
49.87		-0.00332153		
49.88		-0.00331971		
49.89		-0.00331789		
49.9		-0.00331607		
49.91		-0.00331426		
49.92		-0.00331244		
49.93		-0.00331063		
49.94		-0.00330882		
49.95		-0.00330701		
49.96		-0.00330521		
49.97		-0.0033034		
49.98		-0.0033016		
49.99		-0.0032998		
50		-0.003298		
