tau [fm]		Pi [Gev/fm^3]
0.25		-0
0.26		-0.346272		
0.27		-0.323224		
0.28		-0.300436		
0.29		-0.280058		
0.3		-0.261768		
0.31		-0.245285		
0.32		-0.230375		
0.33		-0.21684		
0.34		-0.204513		
0.35		-0.193251		
0.36		-0.182932		
0.37		-0.173453		
0.38		-0.164723		
0.39		-0.156664		
0.4		-0.149207		
0.41		-0.142293		
0.42		-0.13587		
0.43		-0.129891		
0.44		-0.124316		
0.45		-0.119108		
0.46		-0.114237		
0.47		-0.109672		
0.48		-0.105388		
0.49		-0.101364		
0.5		-0.0975769		
0.51		-0.0940096		
0.52		-0.0906449		
0.53		-0.0874678		
0.54		-0.0844645		
0.55		-0.0816225		
0.56		-0.0789305		
0.57		-0.0763781		
0.58		-0.0739558		
0.59		-0.0716551		
0.6		-0.0694679		
0.61		-0.067387		
0.62		-0.0654057		
0.63		-0.0635179		
0.64		-0.0617177		
0.65		-0.06		
0.66		-0.0583599		
0.67		-0.056793		
0.68		-0.055295		
0.69		-0.053862		
0.7		-0.0524906		
0.71		-0.0511773		
0.72		-0.0499189		
0.73		-0.0487127		
0.74		-0.0475559		
0.75		-0.046446		
0.76		-0.0453805		
0.77		-0.0443573		
0.78		-0.0433743		
0.79		-0.0424295		
0.8		-0.0415211		
0.81		-0.0406475		
0.82		-0.0398069		
0.83		-0.0389978		
0.84		-0.0382189		
0.85		-0.0374687		
0.86		-0.036746		
0.87		-0.0360496		
0.88		-0.0353783		
0.89		-0.0347312		
0.9		-0.034107		
0.91		-0.033505		
0.92		-0.0329242		
0.93		-0.0323637		
0.94		-0.0318227		
0.95		-0.0313004		
0.96		-0.0307961		
0.97		-0.030309		
0.98		-0.0298386		
0.99		-0.0293842		
1		-0.0289452		
1.01		-0.0285209		
1.02		-0.028111		
1.03		-0.0277147		
1.04		-0.0273317		
1.05		-0.0269614		
1.06		-0.0266035		
1.07		-0.0262574		
1.08		-0.0259228		
1.09		-0.0255992		
1.1		-0.0252863		
1.11		-0.0249838		
1.12		-0.0246912		
1.13		-0.0244082		
1.14		-0.0241346		
1.15		-0.02387		
1.16		-0.0236141		
1.17		-0.0233666		
1.18		-0.0231273		
1.19		-0.0228959		
1.2		-0.0226722		
1.21		-0.0224559		
1.22		-0.0222468		
1.23		-0.0220447		
1.24		-0.0218493		
1.25		-0.0216605		
1.26		-0.0214781		
1.27		-0.0213018		
1.28		-0.0211315		
1.29		-0.020967		
1.3		-0.0208082		
1.31		-0.0206548		
1.32		-0.0205067		
1.33		-0.0203639		
1.34		-0.020226		
1.35		-0.020093		
1.36		-0.0199648		
1.37		-0.0198411		
1.38		-0.019722		
1.39		-0.0196072		
1.4		-0.0194966		
1.41		-0.0193902		
1.42		-0.0192877		
1.43		-0.0191892		
1.44		-0.0190945		
1.45		-0.0190035		
1.46		-0.018916		
1.47		-0.0188321		
1.48		-0.0187516		
1.49		-0.0186744		
1.5		-0.0186004		
1.51		-0.0185296		
1.52		-0.0184619		
1.53		-0.0183972		
1.54		-0.0183354		
1.55		-0.0182764		
1.56		-0.0182202		
1.57		-0.0181667		
1.58		-0.0181158		
1.59		-0.0180675		
1.6		-0.0180217		
1.61		-0.0179784		
1.62		-0.0179374		
1.63		-0.0178987		
1.64		-0.0178624		
1.65		-0.0178282		
1.66		-0.0177962		
1.67		-0.0177663		
1.68		-0.0177384		
1.69		-0.0177126		
1.7		-0.0176887		
1.71		-0.0176667		
1.72		-0.0176466		
1.73		-0.0176283		
1.74		-0.0176117		
1.75		-0.017597		
1.76		-0.0175839		
1.77		-0.0175724		
1.78		-0.0175626		
1.79		-0.0175543		
1.8		-0.0175476		
1.81		-0.0175424		
1.82		-0.0175387		
1.83		-0.0175364		
1.84		-0.0175354		
1.85		-0.0175359		
1.86		-0.0175377		
1.87		-0.0175408		
1.88		-0.0175452		
1.89		-0.0175508		
1.9		-0.0175576		
1.91		-0.0175657		
1.92		-0.0175749		
1.93		-0.0175852		
1.94		-0.0175966		
1.95		-0.0176091		
1.96		-0.0176227		
1.97		-0.0176373		
1.98		-0.0176529		
1.99		-0.0176695		
2		-0.0176871		
2.01		-0.0177056		
2.02		-0.017725		
2.03		-0.0177454		
2.04		-0.0177666		
2.05		-0.0177886		
2.06		-0.0178116		
2.07		-0.0178353		
2.08		-0.0178598		
2.09		-0.0178851		
2.1		-0.0179112		
2.11		-0.017938		
2.12		-0.0179656		
2.13		-0.0179938		
2.14		-0.0180228		
2.15		-0.0180524		
2.16		-0.0180827		
2.17		-0.0181137		
2.18		-0.0181453		
2.19		-0.0181775		
2.2		-0.0182103		
2.21		-0.0182437		
2.22		-0.0182777		
2.23		-0.0183122		
2.24		-0.0183473		
2.25		-0.0183829		
2.26		-0.0184191		
2.27		-0.0184557		
2.28		-0.0184929		
2.29		-0.0185305		
2.3		-0.0185686		
2.31		-0.0186072		
2.32		-0.0186463		
2.33		-0.0186857		
2.34		-0.0187256		
2.35		-0.018766		
2.36		-0.0188067		
2.37		-0.0188479		
2.38		-0.0188894		
2.39		-0.0189313		
2.4		-0.0189736		
2.41		-0.0190162		
2.42		-0.0190592		
2.43		-0.0191025		
2.44		-0.0191462		
2.45		-0.0191902		
2.46		-0.0192345		
2.47		-0.0192792		
2.48		-0.0193241		
2.49		-0.0193693		
2.5		-0.0194148		
2.51		-0.0194606		
2.52		-0.0195066		
2.53		-0.0195529		
2.54		-0.0195995		
2.55		-0.0196463		
2.56		-0.0196934		
2.57		-0.0197407		
2.58		-0.0197882		
2.59		-0.019836		
2.6		-0.0198839		
2.61		-0.0199321		
2.62		-0.0199805		
2.63		-0.020029		
2.64		-0.0200778		
2.65		-0.0201267		
2.66		-0.0201758		
2.67		-0.0202251		
2.68		-0.0202746		
2.69		-0.0203242		
2.7		-0.020374		
2.71		-0.020424		
2.72		-0.020474		
2.73		-0.0205243		
2.74		-0.0205746		
2.75		-0.0206251		
2.76		-0.0206758		
2.77		-0.0207265		
2.78		-0.0207774		
2.79		-0.0208284		
2.8		-0.0208794		
2.81		-0.0209306		
2.82		-0.0209819		
2.83		-0.0210333		
2.84		-0.0210848		
2.85		-0.0211364		
2.86		-0.0211881		
2.87		-0.0212398		
2.88		-0.0212916		
2.89		-0.0213435		
2.9		-0.0213955		
2.91		-0.0214475		
2.92		-0.0214996		
2.93		-0.0215518		
2.94		-0.021604		
2.95		-0.0216563		
2.96		-0.0217086		
2.97		-0.0217609		
2.98		-0.0218133		
2.99		-0.0218658		
3		-0.0219183		
3.01		-0.0219708		
3.02		-0.0220233		
3.03		-0.0220759		
3.04		-0.0221285		
3.05		-0.0221812		
3.06		-0.0222338		
3.07		-0.0222865		
3.08		-0.0223392		
3.09		-0.0223919		
3.1		-0.0224446		
3.11		-0.0224973		
3.12		-0.02255		
3.13		-0.0226027		
3.14		-0.0226555		
3.15		-0.0227082		
3.16		-0.0227609		
3.17		-0.0228136		
3.18		-0.0228663		
3.19		-0.022919		
3.2		-0.0229717		
3.21		-0.0230244		
3.22		-0.0230771		
3.23		-0.0231297		
3.24		-0.0231823		
3.25		-0.0232349		
3.26		-0.0232875		
3.27		-0.02334		
3.28		-0.0233926		
3.29		-0.0234451		
3.3		-0.0234975		
3.31		-0.0235499		
3.32		-0.0236023		
3.33		-0.0236547		
3.34		-0.023707		
3.35		-0.0237593		
3.36		-0.0238115		
3.37		-0.0238637		
3.38		-0.0239159		
3.39		-0.023968		
3.4		-0.0240201		
3.41		-0.0240721		
3.42		-0.0241241		
3.43		-0.024176		
3.44		-0.0242279		
3.45		-0.0242797		
3.46		-0.0243314		
3.47		-0.0243831		
3.48		-0.0244348		
3.49		-0.0244864		
3.5		-0.0245379		
3.51		-0.0245894		
3.52		-0.0246408		
3.53		-0.0246922		
3.54		-0.0247434		
3.55		-0.0247947		
3.56		-0.0248458		
3.57		-0.0248969		
3.58		-0.0249479		
3.59		-0.0249989		
3.6		-0.0250498		
3.61		-0.0251006		
3.62		-0.0251513		
3.63		-0.025202		
3.64		-0.0252526		
3.65		-0.0253031		
3.66		-0.0253536		
3.67		-0.0254039		
3.68		-0.0254542		
3.69		-0.0255044		
3.7		-0.0255546		
3.71		-0.0256047		
3.72		-0.0256546		
3.73		-0.0257045		
3.74		-0.0257544		
3.75		-0.0258041		
3.76		-0.0258537		
3.77		-0.0259033		
3.78		-0.0259528		
3.79		-0.0260022		
3.8		-0.0260515		
3.81		-0.0261008		
3.82		-0.0261499		
3.83		-0.026199		
3.84		-0.0262479		
3.85		-0.0262968		
3.86		-0.0263456		
3.87		-0.0263943		
3.88		-0.026443		
3.89		-0.0264915		
3.9		-0.0265399		
3.91		-0.0265883		
3.92		-0.0266365		
3.93		-0.0266847		
3.94		-0.0267327		
3.95		-0.0267807		
3.96		-0.0268286		
3.97		-0.0268764		
3.98		-0.0269241		
3.99		-0.0269717		
4		-0.0270192		
4.01		-0.0270666		
4.02		-0.0271139		
4.03		-0.0271611		
4.04		-0.0272082		
4.05		-0.0272553		
4.06		-0.0273022		
4.07		-0.027349		
4.08		-0.0273957		
4.09		-0.0274424		
4.1		-0.0274889		
4.11		-0.0275353		
4.12		-0.0275817		
4.13		-0.0276279		
4.14		-0.027674		
4.15		-0.0277201		
4.16		-0.027766		
4.17		-0.0278119		
4.18		-0.0278576		
4.19		-0.0279032		
4.2		-0.0279487		
4.21		-0.0279942		
4.22		-0.0280395		
4.23		-0.0280847		
4.24		-0.0281298		
4.25		-0.0281749		
4.26		-0.0282198		
4.27		-0.0282646		
4.28		-0.0283093		
4.29		-0.0283539		
4.3		-0.0283984		
4.31		-0.0284428		
4.32		-0.0284871		
4.33		-0.0285313		
4.34		-0.0285754		
4.35		-0.0286194		
4.36		-0.0286633		
4.37		-0.0287071		
4.38		-0.0287508		
4.39		-0.0287943		
4.4		-0.0288378		
4.41		-0.0288812		
4.42		-0.0289244		
4.43		-0.0289676		
4.44		-0.0290106		
4.45		-0.0290536		
4.46		-0.0290964		
4.47		-0.0291391		
4.48		-0.0291818		
4.49		-0.0292243		
4.5		-0.0292667		
4.51		-0.029309		
4.52		-0.0293512		
4.53		-0.0293933		
4.54		-0.0294353		
4.55		-0.0294772		
4.56		-0.029519		
4.57		-0.0295607		
4.58		-0.0296023		
4.59		-0.0296438		
4.6		-0.0296851		
4.61		-0.0297264		
4.62		-0.0297675		
4.63		-0.0298086		
4.64		-0.0298495		
4.65		-0.0298904		
4.66		-0.0299311		
4.67		-0.0299717		
4.68		-0.0300123		
4.69		-0.0300527		
4.7		-0.030093		
4.71		-0.0301332		
4.72		-0.0301733		
4.73		-0.0302133		
4.74		-0.0302532		
4.75		-0.030293		
4.76		-0.0303327		
4.77		-0.0303723		
4.78		-0.0304117		
4.79		-0.0304511		
4.8		-0.0304904		
4.81		-0.0305295		
4.82		-0.0305686		
4.83		-0.0306075		
4.84		-0.0306464		
4.85		-0.0306851		
4.86		-0.0307238		
4.87		-0.0307623		
4.88		-0.0308007		
4.89		-0.0308391		
4.9		-0.0308773		
4.91		-0.0309154		
4.92		-0.0309534		
4.93		-0.0309914		
4.94		-0.0310292		
4.95		-0.0310669		
4.96		-0.0311045		
4.97		-0.031142		
4.98		-0.0311794		
4.99		-0.0312167		
5		-0.0312539		
5.01		-0.031291		
5.02		-0.031328		
5.03		-0.0313649		
5.04		-0.0314016		
5.05		-0.0314383		
5.06		-0.0314749		
5.07		-0.0315114		
5.08		-0.0315478		
5.09		-0.0315841		
5.1		-0.0316202		
5.11		-0.0316563		
5.12		-0.0316923		
5.13		-0.0317282		
5.14		-0.0317639		
5.15		-0.0317996		
5.16		-0.0318352		
5.17		-0.0318707		
5.18		-0.031906		
5.19		-0.0319413		
5.2		-0.0319765		
5.21		-0.0320116		
5.22		-0.0320466		
5.23		-0.0320814		
5.24		-0.0321162		
5.25		-0.0321509		
5.26		-0.0321855		
5.27		-0.03222		
5.28		-0.0322544		
5.29		-0.0322887		
5.3		-0.0323229		
5.31		-0.032357		
5.32		-0.032391		
5.33		-0.0324249		
5.34		-0.0324587		
5.35		-0.0324924		
5.36		-0.032526		
5.37		-0.0325596		
5.38		-0.032593		
5.39		-0.0326263		
5.4		-0.0326596		
5.41		-0.0326927		
5.42		-0.0327257		
5.43		-0.0327587		
5.44		-0.0327916		
5.45		-0.0328243		
5.46		-0.032857		
5.47		-0.0328896		
5.48		-0.0329221		
5.49		-0.0329545		
5.5		-0.0329868		
5.51		-0.033019		
5.52		-0.0330511		
5.53		-0.0330831		
5.54		-0.033115		
5.55		-0.0331469		
5.56		-0.0331786		
5.57		-0.0332103		
5.58		-0.0332419		
5.59		-0.0332733		
5.6		-0.0333047		
5.61		-0.033336		
5.62		-0.0333672		
5.63		-0.0333984		
5.64		-0.0334294		
5.65		-0.0334603		
5.66		-0.0334912		
5.67		-0.033522		
5.68		-0.0335527		
5.69		-0.0335832		
5.7		-0.0336138		
5.71		-0.0336442		
5.72		-0.0336745		
5.73		-0.0337048		
5.74		-0.0337349		
5.75		-0.033765		
5.76		-0.033795		
5.77		-0.0338249		
5.78		-0.0338547		
5.79		-0.0338844		
5.8		-0.0339141		
5.81		-0.0339437		
5.82		-0.0339732		
5.83		-0.0340026		
5.84		-0.0340319		
5.85		-0.0340611		
5.86		-0.0340903		
5.87		-0.0341194		
5.88		-0.0341483		
5.89		-0.0341773		
5.9		-0.0342061		
5.91		-0.0342348		
5.92		-0.0342635		
5.93		-0.0342921		
5.94		-0.0343206		
5.95		-0.0343491		
5.96		-0.0343774		
5.97		-0.0344057		
5.98		-0.0344339		
5.99		-0.034462		
6		-0.0344901		
6.01		-0.034518		
6.02		-0.0345459		
6.03		-0.0345738		
6.04		-0.0346015		
6.05		-0.0346292		
6.06		-0.0346568		
6.07		-0.0346843		
6.08		-0.0347117		
6.09		-0.0347391		
6.1		-0.0347664		
6.11		-0.0347936		
6.12		-0.0348208		
6.13		-0.0348478		
6.14		-0.0348749		
6.15		-0.0349018		
6.16		-0.0349287		
6.17		-0.0349555		
6.18		-0.0349822		
6.19		-0.0350088		
6.2		-0.0350354		
6.21		-0.0350619		
6.22		-0.0350884		
6.23		-0.0351148		
6.24		-0.0351411		
6.25		-0.0351673		
6.26		-0.0351935		
6.27		-0.0352196		
6.28		-0.0352457		
6.29		-0.0352717		
6.3		-0.0352976		
6.31		-0.0353235		
6.32		-0.0353492		
6.33		-0.035375		
6.34		-0.0354006		
6.35		-0.0354262		
6.36		-0.0354518		
6.37		-0.0354773		
6.38		-0.0355027		
6.39		-0.035528		
6.4		-0.0355533		
6.41		-0.0355786		
6.42		-0.0356038		
6.43		-0.0356289		
6.44		-0.0356539		
6.45		-0.0356789		
6.46		-0.0357039		
6.47		-0.0357288		
6.48		-0.0357536		
6.49		-0.0357784		
6.5		-0.0358031		
6.51		-0.0358278		
6.52		-0.0358524		
6.53		-0.035877		
6.54		-0.0359015		
6.55		-0.0359259		
6.56		-0.0359503		
6.57		-0.0359747		
6.58		-0.035999		
6.59		-0.0360232		
6.6		-0.0360474		
6.61		-0.0360716		
6.62		-0.0360957		
6.63		-0.0361197		
6.64		-0.0361437		
6.65		-0.0361677		
6.66		-0.0361916		
6.67		-0.0362155		
6.68		-0.0362393		
6.69		-0.036263		
6.7		-0.0362868		
6.71		-0.0363105		
6.72		-0.0363341		
6.73		-0.0363577		
6.74		-0.0363813		
6.75		-0.0364048		
6.76		-0.0364282		
6.77		-0.0364517		
6.78		-0.0364751		
6.79		-0.0364984		
6.8		-0.0365217		
6.81		-0.036545		
6.82		-0.0365683		
6.83		-0.0365915		
6.84		-0.0366146		
6.85		-0.0366378		
6.86		-0.0366608		
6.87		-0.0366839		
6.88		-0.0367069		
6.89		-0.0367299		
6.9		-0.0367529		
6.91		-0.0367758		
6.92		-0.0367987		
6.93		-0.0368216		
6.94		-0.0368444		
6.95		-0.0368672		
6.96		-0.03689		
6.97		-0.0369128		
6.98		-0.0369355		
6.99		-0.0369582		
7		-0.0369809		
7.01		-0.0370035		
7.02		-0.0370261		
7.03		-0.0370487		
7.04		-0.0370713		
7.05		-0.0370939		
7.06		-0.0371164		
7.07		-0.0371389		
7.08		-0.0371614		
7.09		-0.0371839		
7.1		-0.0372063		
7.11		-0.0372288		
7.12		-0.0372512		
7.13		-0.0372736		
7.14		-0.037296		
7.15		-0.0373183		
7.16		-0.0373407		
7.17		-0.037363		
7.18		-0.0373854		
7.19		-0.0374077		
7.2		-0.03743		
7.21		-0.0374523		
7.22		-0.0374746		
7.23		-0.0374968		
7.24		-0.0375191		
7.25		-0.0375414		
7.26		-0.0375636		
7.27		-0.0375858		
7.28		-0.0376081		
7.29		-0.0376303		
7.3		-0.0376526		
7.31		-0.0376748		
7.32		-0.037697		
7.33		-0.0377192		
7.34		-0.0377415		
7.35		-0.0377637		
7.36		-0.0377859		
7.37		-0.0378081		
7.38		-0.0378304		
7.39		-0.0378526		
7.4		-0.0378748		
7.41		-0.0378971		
7.42		-0.0379193		
7.43		-0.0379416		
7.44		-0.0379639		
7.45		-0.0379861		
7.46		-0.0380084		
7.47		-0.0380307		
7.48		-0.038053		
7.49		-0.0380753		
7.5		-0.0380977		
7.51		-0.03812		
7.52		-0.0381424		
7.53		-0.0381648		
7.54		-0.0381872		
7.55		-0.0382096		
7.56		-0.038232		
7.57		-0.0382544		
7.58		-0.0382769		
7.59		-0.0382994		
7.6		-0.0383219		
7.61		-0.0383445		
7.62		-0.038367		
7.63		-0.0383896		
7.64		-0.0384122		
7.65		-0.0384349		
7.66		-0.0384575		
7.67		-0.0384802		
7.68		-0.038503		
7.69		-0.0385257		
7.7		-0.0385485		
7.71		-0.0385713		
7.72		-0.0385942		
7.73		-0.0386171		
7.74		-0.03864		
7.75		-0.038663		
7.76		-0.038686		
7.77		-0.038709		
7.78		-0.0387321		
7.79		-0.0387553		
7.8		-0.0387784		
7.81		-0.0388016		
7.82		-0.0388249		
7.83		-0.0388482		
7.84		-0.0388715		
7.85		-0.0388949		
7.86		-0.0389184		
7.87		-0.0389419		
7.88		-0.0389654		
7.89		-0.038989		
7.9		-0.0390127		
7.91		-0.0390364		
7.92		-0.0390601		
7.93		-0.0390839		
7.94		-0.0391078		
7.95		-0.0391317		
7.96		-0.0391557		
7.97		-0.0391798		
7.98		-0.0392039		
7.99		-0.0392281		
8		-0.0392523		
8.01		-0.0392766		
8.02		-0.039301		
8.03		-0.0393254		
8.04		-0.0393499		
8.05		-0.0393745		
8.06		-0.0393992		
8.07		-0.0394239		
8.08		-0.0394487		
8.09		-0.0394736		
8.1		-0.0394985		
8.11		-0.0395235		
8.12		-0.0395486		
8.13		-0.0395738		
8.14		-0.0395991		
8.15		-0.0396244		
8.16		-0.0396498		
8.17		-0.0396754		
8.18		-0.039701		
8.19		-0.0397266		
8.2		-0.0397524		
8.21		-0.0397783		
8.22		-0.0398042		
8.23		-0.0398303		
8.24		-0.0398564		
8.25		-0.0398827		
8.26		-0.039909		
8.27		-0.0399354		
8.28		-0.0399619		
8.29		-0.0399886		
8.3		-0.0400153		
8.31		-0.0400421		
8.32		-0.0400691		
8.33		-0.0400961		
8.34		-0.0401232		
8.35		-0.0401505		
8.36		-0.0401778		
8.37		-0.0402053		
8.38		-0.0402329		
8.39		-0.0402606		
8.4		-0.0402884		
8.41		-0.0403163		
8.42		-0.0403444		
8.43		-0.0403726		
8.44		-0.0404008		
8.45		-0.0404292		
8.46		-0.0404578		
8.47		-0.0404864		
8.48		-0.0405152		
8.49		-0.0405441		
8.5		-0.0405731		
8.51		-0.0406023		
8.52		-0.0406316		
8.53		-0.040661		
8.54		-0.0406906		
8.55		-0.0407203		
8.56		-0.0407501		
8.57		-0.0407801		
8.58		-0.0408102		
8.59		-0.0408405		
8.6		-0.0408709		
8.61		-0.0409014		
8.62		-0.0409321		
8.63		-0.040963		
8.64		-0.040994		
8.65		-0.0410251		
8.66		-0.0410564		
8.67		-0.0410879		
8.68		-0.0411195		
8.69		-0.0411512		
8.7		-0.0411831		
8.71		-0.0412152		
8.72		-0.0412475		
8.73		-0.0412799		
8.74		-0.0413124		
8.75		-0.0413452		
8.76		-0.0413781		
8.77		-0.0414111		
8.78		-0.0414444		
8.79		-0.0414778		
8.8		-0.0415114		
8.81		-0.0415451		
8.82		-0.0415791		
8.83		-0.0416132		
8.84		-0.0416475		
8.85		-0.041682		
8.86		-0.0417167		
8.87		-0.0417515		
8.88		-0.0417866		
8.89		-0.0418218		
8.9		-0.0418572		
8.91		-0.0418928		
8.92		-0.0419286		
8.93		-0.0419646		
8.94		-0.0420008		
8.95		-0.0420372		
8.96		-0.0420738		
8.97		-0.0421106		
8.98		-0.0421476		
8.99		-0.0421849		
9		-0.0422223		
9.01		-0.0422599		
9.02		-0.0422977		
9.03		-0.0423358		
9.04		-0.0423741		
9.05		-0.0424126		
9.06		-0.0424513		
9.07		-0.0424902		
9.08		-0.0425293		
9.09		-0.0425687		
9.1		-0.0426083		
9.11		-0.0426481		
9.12		-0.0426881		
9.13		-0.0427284		
9.14		-0.0427689		
9.15		-0.0428097		
9.16		-0.0428506		
9.17		-0.0428919		
9.18		-0.0429333		
9.19		-0.042975		
9.2		-0.043017		
9.21		-0.0430591		
9.22		-0.0431016		
9.23		-0.0431442		
9.24		-0.0431872		
9.25		-0.0432304		
9.26		-0.0432738		
9.27		-0.0433175		
9.28		-0.0433614		
9.29		-0.0434056		
9.3		-0.0434501		
9.31		-0.0434948		
9.32		-0.0435398		
9.33		-0.0435851		
9.34		-0.0436306		
9.35		-0.0436765		
9.36		-0.0437225		
9.37		-0.0437689		
9.38		-0.0438155		
9.39		-0.0438624		
9.4		-0.0439096		
9.41		-0.0439571		
9.42		-0.0440048		
9.43		-0.0440529		
9.44		-0.0441012		
9.45		-0.0441498		
9.46		-0.0441988		
9.47		-0.044248		
9.48		-0.0442975		
9.49		-0.0443473		
9.5		-0.0443974		
9.51		-0.0444478		
9.52		-0.0444985		
9.53		-0.0445495		
9.54		-0.0446008		
9.55		-0.0446525		
9.56		-0.0447044		
9.57		-0.0447567		
9.58		-0.0448092		
9.59		-0.0448621		
9.6		-0.0449153		
9.61		-0.0449689		
9.62		-0.0450227		
9.63		-0.0450769		
9.64		-0.0451314		
9.65		-0.0451863		
9.66		-0.0452414		
9.67		-0.045297		
9.68		-0.0453528		
9.69		-0.045409		
9.7		-0.0454655		
9.71		-0.0455224		
9.72		-0.0455796		
9.73		-0.0456371		
9.74		-0.0456951		
9.75		-0.0457533		
9.76		-0.0458119		
9.77		-0.0458709		
9.78		-0.0459302		
9.79		-0.0459899		
9.8		-0.0460499		
9.81		-0.0461103		
9.82		-0.0461711		
9.83		-0.0462322		
9.84		-0.0462937		
9.85		-0.0463556		
9.86		-0.0464179		
9.87		-0.0464805		
9.88		-0.0465435		
9.89		-0.0466069		
9.9		-0.0466707		
9.91		-0.0467348		
9.92		-0.0467994		
9.93		-0.0468643		
9.94		-0.0469296		
9.95		-0.0469953		
9.96		-0.0470614		
9.97		-0.0471279		
9.98		-0.0471948		
9.99		-0.0472621		
10		-0.0473299		
10.01		-0.047398		
10.02		-0.0474665		
10.03		-0.0475354		
10.04		-0.0476048		
10.05		-0.0476745		
10.06		-0.0477447		
10.07		-0.0478153		
10.08		-0.0478863		
10.09		-0.0479578		
10.1		-0.0480296		
10.11		-0.0481019		
10.12		-0.0481746		
10.13		-0.0482478		
10.14		-0.0483214		
10.15		-0.0483954		
10.16		-0.0484699		
10.17		-0.0485448		
10.18		-0.0486201		
10.19		-0.0486959		
10.2		-0.0487721		
10.21		-0.0488488		
10.22		-0.048926		
10.23		-0.0490035		
10.24		-0.0490816		
10.25		-0.0491601		
10.26		-0.0492391		
10.27		-0.0493185		
10.28		-0.0493984		
10.29		-0.0494788		
10.3		-0.0495596		
10.31		-0.0496409		
10.32		-0.0497227		
10.33		-0.0498049		
10.34		-0.0498876		
10.35		-0.0499708		
10.36		-0.0500545		
10.37		-0.0501387		
10.38		-0.0502234		
10.39		-0.0503085		
10.4		-0.0503942		
10.41		-0.0504803		
10.42		-0.0505669		
10.43		-0.0506541		
10.44		-0.0507417		
10.45		-0.0508298		
10.46		-0.0509185		
10.47		-0.0510076		
10.48		-0.0510973		
10.49		-0.0511874		
10.5		-0.0512781		
10.51		-0.0513693		
10.52		-0.051461		
10.53		-0.0515532		
10.54		-0.051646		
10.55		-0.0517393		
10.56		-0.0518331		
10.57		-0.0519274		
10.58		-0.0520223		
10.59		-0.0521177		
10.6		-0.0522136		
10.61		-0.0523101		
10.62		-0.0524071		
10.63		-0.0525046		
10.64		-0.0526027		
10.65		-0.0527014		
10.66		-0.0528006		
10.67		-0.0529003		
10.68		-0.0530006		
10.69		-0.0531015		
10.7		-0.0532029		
10.71		-0.0533048		
10.72		-0.0534074		
10.73		-0.0535105		
10.74		-0.0536141		
10.75		-0.0537183		
10.76		-0.0538231		
10.77		-0.0539285		
10.78		-0.0540345		
10.79		-0.054141		
10.8		-0.0542481		
10.81		-0.0543558		
10.82		-0.054464		
10.83		-0.0545729		
10.84		-0.0546823		
10.85		-0.0547924		
10.86		-0.054903		
10.87		-0.0550142		
10.88		-0.055126		
10.89		-0.0552384		
10.9		-0.0553515		
10.91		-0.0554651		
10.92		-0.0555793		
10.93		-0.0556941		
10.94		-0.0558096		
10.95		-0.0559256		
10.96		-0.0560423		
10.97		-0.0561596		
10.98		-0.0562775		
10.99		-0.056396		
11		-0.0565151		
11.01		-0.0566349		
11.02		-0.0567553		
11.03		-0.0568763		
11.04		-0.056998		
11.05		-0.0571202		
11.06		-0.0572432		
11.07		-0.0573667		
11.08		-0.0574909		
11.09		-0.0576157		
11.1		-0.0577412		
11.11		-0.0578673		
11.12		-0.0579941		
11.13		-0.0581215		
11.14		-0.0582496		
11.15		-0.0583783		
11.16		-0.0585077		
11.17		-0.0586377		
11.18		-0.0587684		
11.19		-0.0588998		
11.2		-0.0590318		
11.21		-0.0591645		
11.22		-0.0592979		
11.23		-0.0594319		
11.24		-0.0595666		
11.25		-0.0597019		
11.26		-0.059838		
11.27		-0.0599747		
11.28		-0.0601121		
11.29		-0.0602502		
11.3		-0.060389		
11.31		-0.0605284		
11.32		-0.0606686		
11.33		-0.0608094		
11.34		-0.0609509		
11.35		-0.0610931		
11.36		-0.061236		
11.37		-0.0613796		
11.38		-0.0615239		
11.39		-0.0616689		
11.4		-0.0618146		
11.41		-0.0619611		
11.42		-0.0621082		
11.43		-0.062256		
11.44		-0.0624045		
11.45		-0.0625538		
11.46		-0.0627037		
11.47		-0.0628544		
11.48		-0.0630058		
11.49		-0.0631579		
11.5		-0.0633108		
11.51		-0.0634643		
11.52		-0.0636186		
11.53		-0.0637736		
11.54		-0.0639294		
11.55		-0.0640906		
11.56		-0.0642727		
11.57		-0.0644437		
11.58		-0.0646041		
11.59		-0.0647545		
11.6		-0.0648953		
11.61		-0.065027		
11.62		-0.0651499		
11.63		-0.0652646		
11.64		-0.0653714		
11.65		-0.0654707		
11.66		-0.0655627		
11.67		-0.065648		
11.68		-0.0657267		
11.69		-0.0657992		
11.7		-0.0658658		
11.71		-0.0659267		
11.72		-0.0659822		
11.73		-0.0660326		
11.74		-0.0660781		
11.75		-0.0661189		
11.76		-0.0661552		
11.77		-0.0661873		
11.78		-0.0662153		
11.79		-0.0662394		
11.8		-0.0662598		
11.81		-0.0662767		
11.82		-0.0662901		
11.83		-0.0663004		
11.84		-0.0663075		
11.85		-0.0663117		
11.86		-0.0663131		
11.87		-0.0663118		
11.88		-0.0663079		
11.89		-0.0663015		
11.9		-0.0662928		
11.91		-0.0662818		
11.92		-0.0662687		
11.93		-0.0662535		
11.94		-0.0662364		
11.95		-0.0662173		
11.96		-0.0661965		
11.97		-0.0661739		
11.98		-0.0661496		
11.99		-0.0661238		
12		-0.0660964		
12.01		-0.0660676		
12.02		-0.0660373		
12.03		-0.0660058		
12.04		-0.0659729		
12.05		-0.0659388		
12.06		-0.0659035		
12.07		-0.0658671		
12.08		-0.0658296		
12.09		-0.0657911		
12.1		-0.0657515		
12.11		-0.065711		
12.12		-0.0656695		
12.13		-0.0656272		
12.14		-0.065584		
12.15		-0.0655399		
12.16		-0.0654951		
12.17		-0.0654495		
12.18		-0.0654032		
12.19		-0.0653562		
12.2		-0.0653084		
12.21		-0.0652601		
12.22		-0.0652111		
12.23		-0.0651614		
12.24		-0.0651112		
12.25		-0.0650605		
12.26		-0.0650091		
12.27		-0.0649573		
12.28		-0.0649049		
12.29		-0.0648521		
12.3		-0.0647988		
12.31		-0.064745		
12.32		-0.0646907		
12.33		-0.0646361		
12.34		-0.064581		
12.35		-0.0645255		
12.36		-0.0644697		
12.37		-0.0644134		
12.38		-0.0643568		
12.39		-0.0642998		
12.4		-0.0642425		
12.41		-0.0641849		
12.42		-0.0641269		
12.43		-0.0640687		
12.44		-0.0640101		
12.45		-0.0639512		
12.46		-0.0638921		
12.47		-0.0638327		
12.48		-0.063773		
12.49		-0.063713		
12.5		-0.0636528		
12.51		-0.0635923		
12.52		-0.0635316		
12.53		-0.0634707		
12.54		-0.0634095		
12.55		-0.0633482		
12.56		-0.0632866		
12.57		-0.0632247		
12.58		-0.0631627		
12.59		-0.0631005		
12.6		-0.0630381		
12.61		-0.0629755		
12.62		-0.0629127		
12.63		-0.0628498		
12.64		-0.0627867		
12.65		-0.0627234		
12.66		-0.0626599		
12.67		-0.0625962		
12.68		-0.0625325		
12.69		-0.0624685		
12.7		-0.0624044		
12.71		-0.0623402		
12.72		-0.0622758		
12.73		-0.0622112		
12.74		-0.0621466		
12.75		-0.0620818		
12.76		-0.0620168		
12.77		-0.0619517		
12.78		-0.0618865		
12.79		-0.0618212		
12.8		-0.0617558		
12.81		-0.0616902		
12.82		-0.0616246		
12.83		-0.0615588		
12.84		-0.0614929		
12.85		-0.0614269		
12.86		-0.0613608		
12.87		-0.0612945		
12.88		-0.0612282		
12.89		-0.0611618		
12.9		-0.0610953		
12.91		-0.0610287		
12.92		-0.060962		
12.93		-0.0608952		
12.94		-0.0608283		
12.95		-0.0607613		
12.96		-0.0606943		
12.97		-0.0606271		
12.98		-0.0605599		
12.99		-0.0604926		
13		-0.0604252		
13.01		-0.0603578		
13.02		-0.0602903		
13.03		-0.0602227		
13.04		-0.060155		
13.05		-0.0600872		
13.06		-0.0600194		
13.07		-0.0599515		
13.08		-0.0598836		
13.09		-0.0598156		
13.1		-0.0597475		
13.11		-0.0596793		
13.12		-0.0596111		
13.13		-0.0595429		
13.14		-0.0594746		
13.15		-0.0594062		
13.16		-0.0593378		
13.17		-0.0592693		
13.18		-0.0592007		
13.19		-0.0591321		
13.2		-0.0590635		
13.21		-0.0589948		
13.22		-0.0589261		
13.23		-0.0588573		
13.24		-0.0587885		
13.25		-0.0587196		
13.26		-0.0586507		
13.27		-0.0585817		
13.28		-0.0585127		
13.29		-0.0584437		
13.3		-0.0583746		
13.31		-0.0583055		
13.32		-0.0582363		
13.33		-0.0581671		
13.34		-0.0580979		
13.35		-0.0580287		
13.36		-0.0579594		
13.37		-0.05789		
13.38		-0.0578207		
13.39		-0.0577513		
13.4		-0.0576819		
13.41		-0.0576125		
13.42		-0.057543		
13.43		-0.0574735		
13.44		-0.057404		
13.45		-0.0573344		
13.46		-0.0572649		
13.47		-0.0571953		
13.48		-0.0571257		
13.49		-0.057056		
13.5		-0.0569864		
13.51		-0.0569167		
13.52		-0.056847		
13.53		-0.0567773		
13.54		-0.0567076		
13.55		-0.0566378		
13.56		-0.0565681		
13.57		-0.0564983		
13.58		-0.0564285		
13.59		-0.0563587		
13.6		-0.0562889		
13.61		-0.0562191		
13.62		-0.0561493		
13.63		-0.0560795		
13.64		-0.0560096		
13.65		-0.0559397		
13.66		-0.0558699		
13.67		-0.0558		
13.68		-0.0557301		
13.69		-0.0556603		
13.7		-0.0555904		
13.71		-0.0555205		
13.72		-0.0554506		
13.73		-0.0553807		
13.74		-0.0553108		
13.75		-0.0552409		
13.76		-0.055171		
13.77		-0.0551011		
13.78		-0.0550312		
13.79		-0.0549613		
13.8		-0.0548914		
13.81		-0.0548215		
13.82		-0.0547517		
13.83		-0.0546818		
13.84		-0.0546119		
13.85		-0.054542		
13.86		-0.0544722		
13.87		-0.0544023		
13.88		-0.0543325		
13.89		-0.0542626		
13.9		-0.0541928		
13.91		-0.054123		
13.92		-0.0540531		
13.93		-0.0539833		
13.94		-0.0539135		
13.95		-0.0538438		
13.96		-0.053774		
13.97		-0.0537042		
13.98		-0.0536345		
13.99		-0.0535648		
14		-0.053495		
14.01		-0.0534253		
14.02		-0.0533557		
14.03		-0.053286		
14.04		-0.0532163		
14.05		-0.0531467		
14.06		-0.0530771		
14.07		-0.0530075		
14.08		-0.0529379		
14.09		-0.0528683		
14.1		-0.0527988		
14.11		-0.0527293		
14.12		-0.0526598		
14.13		-0.0525903		
14.14		-0.0525208		
14.15		-0.0524514		
14.16		-0.052382		
14.17		-0.0523126		
14.18		-0.0522432		
14.19		-0.0521739		
14.2		-0.0521046		
14.21		-0.0520353		
14.22		-0.051966		
14.23		-0.0518967		
14.24		-0.0518275		
14.25		-0.0517583		
14.26		-0.0516892		
14.27		-0.05162		
14.28		-0.0515509		
14.29		-0.0514818		
14.3		-0.0514128		
14.31		-0.0513438		
14.32		-0.0512748		
14.33		-0.0512058		
14.34		-0.0511369		
14.35		-0.051068		
14.36		-0.0509991		
14.37		-0.0509303		
14.38		-0.0508615		
14.39		-0.0507927		
14.4		-0.050724		
14.41		-0.0506553		
14.42		-0.0505866		
14.43		-0.050518		
14.44		-0.0504494		
14.45		-0.0503808		
14.46		-0.0503123		
14.47		-0.0502438		
14.48		-0.0501753		
14.49		-0.0501069		
14.5		-0.0500385		
14.51		-0.0499701		
14.52		-0.0499018		
14.53		-0.0498336		
14.54		-0.0497653		
14.55		-0.0496971		
14.56		-0.049629		
14.57		-0.0495608		
14.58		-0.0494928		
14.59		-0.0494247		
14.6		-0.0493567		
14.61		-0.0492888		
14.62		-0.0492209		
14.63		-0.049153		
14.64		-0.0490851		
14.65		-0.0490173		
14.66		-0.0489038		
14.67		-0.0487328		
14.68		-0.0485085		
14.69		-0.0482343		
14.7		-0.0479138		
14.71		-0.0475505		
14.72		-0.0471478		
14.73		-0.0467094		
14.74		-0.0462385		
14.75		-0.0457387		
14.76		-0.0452133		
14.77		-0.0446654		
14.78		-0.0440982		
14.79		-0.0435147		
14.8		-0.0429178		
14.81		-0.0423101		
14.82		-0.0416942		
14.83		-0.0410726		
14.84		-0.0404474		
14.85		-0.0398208		
14.86		-0.0391947		
14.87		-0.0385709		
14.88		-0.0379509		
14.89		-0.0373363		
14.9		-0.0367284		
14.91		-0.0361283		
14.92		-0.035537		
14.93		-0.0349554		
14.94		-0.0343844		
14.95		-0.0338245		
14.96		-0.0332763		
14.97		-0.0327403		
14.98		-0.0322167		
14.99		-0.0317059		
15		-0.0312081		
15.01		-0.0307232		
15.02		-0.0302515		
15.03		-0.0297927		
15.04		-0.029347		
15.05		-0.0289141		
15.06		-0.0284938		
15.07		-0.0280861		
15.08		-0.0276906		
15.09		-0.0273071		
15.1		-0.0269353		
15.11		-0.0265749		
15.12		-0.0262255		
15.13		-0.025887		
15.14		-0.0255589		
15.15		-0.0252409		
15.16		-0.0249327		
15.17		-0.0246339		
15.18		-0.0243441		
15.19		-0.0240631		
15.2		-0.0237905		
15.21		-0.023526		
15.22		-0.0232692		
15.23		-0.0230198		
15.24		-0.0227776		
15.25		-0.0225421		
15.26		-0.0223132		
15.27		-0.0220906		
15.28		-0.0218739		
15.29		-0.021663		
15.3		-0.0214575		
15.31		-0.0212572		
15.32		-0.0210619		
15.33		-0.0208714		
15.34		-0.0206854		
15.35		-0.0205038		
15.36		-0.0203263		
15.37		-0.0201528		
15.38		-0.0199831		
15.39		-0.019817		
15.4		-0.0196544		
15.41		-0.0194951		
15.42		-0.019339		
15.43		-0.0191859		
15.44		-0.0190357		
15.45		-0.0188883		
15.46		-0.0187435		
15.47		-0.0186014		
15.48		-0.0184617		
15.49		-0.0183243		
15.5		-0.0181892		
15.51		-0.0180563		
15.52		-0.0179255		
15.53		-0.0177967		
15.54		-0.0176698		
15.55		-0.0175448		
15.56		-0.0174216		
15.57		-0.0173002		
15.58		-0.0171804		
15.59		-0.0170623		
15.6		-0.0169457		
15.61		-0.0168307		
15.62		-0.0167171		
15.63		-0.016605		
15.64		-0.0164943		
15.65		-0.0163849		
15.66		-0.0162768		
15.67		-0.01617		
15.68		-0.0160644		
15.69		-0.0159601		
15.7		-0.0158569		
15.71		-0.0157549		
15.72		-0.015654		
15.73		-0.0155542		
15.74		-0.0154554		
15.75		-0.0153577		
15.76		-0.015261		
15.77		-0.0151654		
15.78		-0.0150707		
15.79		-0.0149769		
15.8		-0.0148841		
15.81		-0.0147922		
15.82		-0.0147013		
15.83		-0.0146112		
15.84		-0.0145219		
15.85		-0.0144336		
15.86		-0.014346		
15.87		-0.0142593		
15.88		-0.0141735		
15.89		-0.0140884		
15.9		-0.0140041		
15.91		-0.0139205		
15.92		-0.0138378		
15.93		-0.0137558		
15.94		-0.0136745		
15.95		-0.0135939		
15.96		-0.0135141		
15.97		-0.013435		
15.98		-0.0133566		
15.99		-0.0132788		
16		-0.0132018		
16.01		-0.0131254		
16.02		-0.0130497		
16.03		-0.0129746		
16.04		-0.0129002		
16.05		-0.0128264		
16.06		-0.0127532		
16.07		-0.0126807		
16.08		-0.0126088		
16.09		-0.0125374		
16.1		-0.0124667		
16.11		-0.0123966		
16.12		-0.0123271		
16.13		-0.0122581		
16.14		-0.0121897		
16.15		-0.0121219		
16.16		-0.0120546		
16.17		-0.0119879		
16.18		-0.0119217		
16.19		-0.0118561		
16.2		-0.011791		
16.21		-0.0117265		
16.22		-0.0116624		
16.23		-0.0115989		
16.24		-0.0115359		
16.25		-0.0114734		
16.26		-0.0114114		
16.27		-0.0113499		
16.28		-0.0112889		
16.29		-0.0112284		
16.3		-0.0111683		
16.31		-0.0111088		
16.32		-0.0110497		
16.33		-0.010991		
16.34		-0.0109329		
16.35		-0.0108752		
16.36		-0.0108179		
16.37		-0.0107611		
16.38		-0.0107048		
16.39		-0.0106489		
16.4		-0.0105934		
16.41		-0.0105383		
16.42		-0.0104837		
16.43		-0.0104295		
16.44		-0.0103757		
16.45		-0.0103224		
16.46		-0.0102694		
16.47		-0.0102169		
16.48		-0.0101647		
16.49		-0.010113		
16.5		-0.0100617		
16.51		-0.0100107		
16.52		-0.00996014		
16.53		-0.00990996		
16.54		-0.00986016		
16.55		-0.00981075		
16.56		-0.0097617		
16.57		-0.00971303		
16.58		-0.00966473		
16.59		-0.00961678		
16.6		-0.0095692		
16.61		-0.00952198		
16.62		-0.00947511		
16.63		-0.0094286		
16.64		-0.00938243		
16.65		-0.0093366		
16.66		-0.00929112		
16.67		-0.00924598		
16.68		-0.00920117		
16.69		-0.00915669		
16.7		-0.00911254		
16.71		-0.00906872		
16.72		-0.00902523		
16.73		-0.00898205		
16.74		-0.00893919		
16.75		-0.00889665		
16.76		-0.00885441		
16.77		-0.00881249		
16.78		-0.00877088		
16.79		-0.00872956		
16.8		-0.00868855		
16.81		-0.00864784		
16.82		-0.00860743		
16.83		-0.0085673		
16.84		-0.00852747		
16.85		-0.00848793		
16.86		-0.00844867		
16.87		-0.0084097		
16.88		-0.008371		
16.89		-0.00833259		
16.9		-0.00829445		
16.91		-0.00825658		
16.92		-0.00821898		
16.93		-0.00818166		
16.94		-0.0081446		
16.95		-0.0081078		
16.96		-0.00807127		
16.97		-0.00803499		
16.98		-0.00799898		
16.99		-0.00796321		
17		-0.00792771		
17.01		-0.00789245		
17.02		-0.00785744		
17.03		-0.00782267		
17.04		-0.00778816		
17.05		-0.00775388		
17.06		-0.00771984		
17.07		-0.00768605		
17.08		-0.00765249		
17.09		-0.00761916		
17.1		-0.00758606		
17.11		-0.0075532		
17.12		-0.00752056		
17.13		-0.00748815		
17.14		-0.00745597		
17.15		-0.00742401		
17.16		-0.00739226		
17.17		-0.00736074		
17.18		-0.00732944		
17.19		-0.00729834		
17.2		-0.00726747		
17.21		-0.0072368		
17.22		-0.00720635		
17.23		-0.0071761		
17.24		-0.00714606		
17.25		-0.00711622		
17.26		-0.00708659		
17.27		-0.00705716		
17.28		-0.00702793		
17.29		-0.00699889		
17.3		-0.00697006		
17.31		-0.00694141		
17.32		-0.00691296		
17.33		-0.00688471		
17.34		-0.00685664		
17.35		-0.00682876		
17.36		-0.00680107		
17.37		-0.00677356		
17.38		-0.00674624		
17.39		-0.00671909		
17.4		-0.00669213		
17.41		-0.00666535		
17.42		-0.00663875		
17.43		-0.00661233		
17.44		-0.00658608		
17.45		-0.00656		
17.46		-0.00653409		
17.47		-0.00650836		
17.48		-0.00648279		
17.49		-0.0064574		
17.5		-0.00643217		
17.51		-0.0064071		
17.52		-0.0063822		
17.53		-0.00635747		
17.54		-0.00633289		
17.55		-0.00630848		
17.56		-0.00628422		
17.57		-0.00626012		
17.58		-0.00623618		
17.59		-0.00621239		
17.6		-0.00618876		
17.61		-0.00616527		
17.62		-0.00614195		
17.63		-0.00611877		
17.64		-0.00609574		
17.65		-0.00607285		
17.66		-0.00605012		
17.67		-0.00602753		
17.68		-0.00600508		
17.69		-0.00598278		
17.7		-0.00596062		
17.71		-0.0059386		
17.72		-0.00591672		
17.73		-0.00589498		
17.74		-0.00587338		
17.75		-0.00585191		
17.76		-0.00583058		
17.77		-0.00580938		
17.78		-0.00578832		
17.79		-0.00576739		
17.8		-0.00574659		
17.81		-0.00572592		
17.82		-0.00570538		
17.83		-0.00568497		
17.84		-0.00566469		
17.85		-0.00564453		
17.86		-0.0056245		
17.87		-0.00560459		
17.88		-0.00558481		
17.89		-0.00556515		
17.9		-0.00554561		
17.91		-0.00552619		
17.92		-0.00550689		
17.93		-0.00548771		
17.94		-0.00546865		
17.95		-0.0054497		
17.96		-0.00543087		
17.97		-0.00541216		
17.98		-0.00539356		
17.99		-0.00537507		
18		-0.0053567		
18.01		-0.00533844		
18.02		-0.00532028		
18.03		-0.00530224		
18.04		-0.00528431		
18.05		-0.00526649		
18.06		-0.00524877		
18.07		-0.00523116		
18.08		-0.00521366		
18.09		-0.00519626		
18.1		-0.00517896		
18.11		-0.00516177		
18.12		-0.00514469		
18.13		-0.0051277		
18.14		-0.00511081		
18.15		-0.00509403		
18.16		-0.00507735		
18.17		-0.00506076		
18.18		-0.00504427		
18.19		-0.00502788		
18.2		-0.00501159		
18.21		-0.00499539		
18.22		-0.00497929		
18.23		-0.00496329		
18.24		-0.00494737		
18.25		-0.00493155		
18.26		-0.00491583		
18.27		-0.00490019		
18.28		-0.00488465		
18.29		-0.00486919		
18.3		-0.00485383		
18.31		-0.00483855		
18.32		-0.00482337		
18.33		-0.00480827		
18.34		-0.00479326		
18.35		-0.00477833		
18.36		-0.00476349		
18.37		-0.00474874		
18.38		-0.00473407		
18.39		-0.00471949		
18.4		-0.00470499		
18.41		-0.00469057		
18.42		-0.00467623		
18.43		-0.00466198		
18.44		-0.00464781		
18.45		-0.00463371		
18.46		-0.0046197		
18.47		-0.00460577		
18.48		-0.00459191		
18.49		-0.00457813		
18.5		-0.00456444		
18.51		-0.00455081		
18.52		-0.00453727		
18.53		-0.0045238		
18.54		-0.0045104		
18.55		-0.00449708		
18.56		-0.00448384		
18.57		-0.00447067		
18.58		-0.00445757		
18.59		-0.00444455		
18.6		-0.00443159		
18.61		-0.00441871		
18.62		-0.0044059		
18.63		-0.00439316		
18.64		-0.00438049		
18.65		-0.00436789		
18.66		-0.00435536		
18.67		-0.0043429		
18.68		-0.00433051		
18.69		-0.00431818		
18.7		-0.00430592		
18.71		-0.00429373		
18.72		-0.0042816		
18.73		-0.00426954		
18.74		-0.00425755		
18.75		-0.00424562		
18.76		-0.00423375		
18.77		-0.00422195		
18.78		-0.00421022		
18.79		-0.00419854		
18.8		-0.00418693		
18.81		-0.00417538		
18.82		-0.00416389		
18.83		-0.00415247		
18.84		-0.0041411		
18.85		-0.00412979		
18.86		-0.00411855		
18.87		-0.00410736		
18.88		-0.00409624		
18.89		-0.00408517		
18.9		-0.00407416		
18.91		-0.00406321		
18.92		-0.00405232		
18.93		-0.00404148		
18.94		-0.0040307		
18.95		-0.00401998		
18.96		-0.00400931		
18.97		-0.0039987		
18.98		-0.00398815		
18.99		-0.00397765		
19		-0.0039672		
19.01		-0.00395681		
19.02		-0.00394647		
19.03		-0.00393619		
19.04		-0.00392595		
19.05		-0.00391578		
19.06		-0.00390565		
19.07		-0.00389557		
19.08		-0.00388555		
19.09		-0.00387558		
19.1		-0.00386566		
19.11		-0.00385579		
19.12		-0.00384597		
19.13		-0.0038362		
19.14		-0.00382648		
19.15		-0.00381681		
19.16		-0.00380718		
19.17		-0.00379761		
19.18		-0.00378808		
19.19		-0.00377861		
19.2		-0.00376918		
19.21		-0.00375979		
19.22		-0.00375046		
19.23		-0.00374117		
19.24		-0.00373193		
19.25		-0.00372273		
19.26		-0.00371358		
19.27		-0.00370447		
19.28		-0.00369541		
19.29		-0.0036864		
19.3		-0.00367743		
19.31		-0.0036685		
19.32		-0.00365962		
19.33		-0.00365078		
19.34		-0.00364198		
19.35		-0.00363323		
19.36		-0.00362452		
19.37		-0.00361585		
19.38		-0.00360722		
19.39		-0.00359864		
19.4		-0.0035901		
19.41		-0.0035816		
19.42		-0.00357314		
19.43		-0.00356472		
19.44		-0.00355634		
19.45		-0.00354801		
19.46		-0.00353971		
19.47		-0.00353145		
19.48		-0.00352323		
19.49		-0.00351506		
19.5		-0.00350692		
19.51		-0.00349881		
19.52		-0.00349075		
19.53		-0.00348273		
19.54		-0.00347474		
19.55		-0.00346679		
19.56		-0.00345888		
19.57		-0.00345101		
19.58		-0.00344317		
19.59		-0.00343537		
19.6		-0.00342761		
19.61		-0.00341989		
19.62		-0.00341219		
19.63		-0.00340454		
19.64		-0.00339692		
19.65		-0.00338934		
19.66		-0.00338179		
19.67		-0.00337428		
19.68		-0.0033668		
19.69		-0.00335935		
19.7		-0.00335194		
19.71		-0.00334457		
19.72		-0.00333723		
19.73		-0.00332992		
19.74		-0.00332264		
19.75		-0.0033154		
19.76		-0.0033082		
19.77		-0.00330102		
19.78		-0.00329388		
19.79		-0.00328677		
19.8		-0.00327969		
19.81		-0.00327264		
19.82		-0.00326563		
19.83		-0.00325864		
19.84		-0.00325169		
19.85		-0.00324477		
19.86		-0.00323788		
19.87		-0.00323103		
19.88		-0.0032242		
19.89		-0.0032174		
19.9		-0.00321063		
19.91		-0.0032039		
19.92		-0.00319719		
19.93		-0.00319051		
19.94		-0.00318387		
19.95		-0.00317725		
19.96		-0.00317066		
19.97		-0.0031641		
19.98		-0.00315757		
19.99		-0.00315106		
20		-0.00314459		
