tau [fm]		Pi [fm^-4]
0.25		-0
0.26		-0.067258		
0.27		-0.0972704		
0.28		-0.0992991		
0.29		-0.0805509		
0.3		-0.0466464		
0.31		-0.00197437		
0.32		0.0500382		
0.33		0.106719		
0.34		0.165988		
0.35		0.226236		
0.36		0.286226		
0.37		0.345015		
0.38		0.401895		
0.39		0.456346		
0.4		0.507995		
0.41		0.556588		
0.42		0.601965		
0.43		0.644041		
0.44		0.682787		
0.45		0.718222		
0.46		0.750398		
0.47		0.779397		
0.48		0.80532		
0.49		0.828281		
0.5		0.848408		
0.51		0.865834		
0.52		0.880696		
0.53		0.893135		
0.54		0.903289		
0.55		0.911298		
0.56		0.917298		
0.57		0.92142		
0.58		0.923795		
0.59		0.924547		
0.6		0.923795		
0.61		0.921654		
0.62		0.918234		
0.63		0.91364		
0.64		0.90797		
0.65		0.901319		
0.66		0.893776		
0.67		0.885425		
0.68		0.876344		
0.69		0.866609		
0.7		0.85629		
0.71		0.845452		
0.72		0.834156		
0.73		0.82246		
0.74		0.810417		
0.75		0.798077		
0.76		0.785487		
0.77		0.772689		
0.78		0.759723		
0.79		0.746627		
0.8		0.733434		
0.81		0.720176		
0.82		0.706883		
0.83		0.693579		
0.84		0.680291		
0.85		0.667039		
0.86		0.653846		
0.87		0.640728		
0.88		0.627703		
0.89		0.614787		
0.9		0.601992		
0.91		0.589331		
0.92		0.576815		
0.93		0.564453		
0.94		0.552255		
0.95		0.540228		
0.96		0.528378		
0.97		0.516712		
0.98		0.505233		
0.99		0.493946		
1		0.482854		
1.01		0.47196		
1.02		0.461266		
1.03		0.450774		
1.04		0.440484		
1.05		0.430396		
1.06		0.420512		
1.07		0.41083		
1.08		0.40135		
1.09		0.392071		
1.1		0.382991		
1.11		0.374109		
1.12		0.365423		
1.13		0.356931		
1.14		0.348631		
1.15		0.340521		
1.16		0.332597		
1.17		0.324857		
1.18		0.317299		
1.19		0.309919		
1.2		0.302715		
1.21		0.295682		
1.22		0.28882		
1.23		0.282123		
1.24		0.27559		
1.25		0.269216		
1.26		0.262998		
1.27		0.256934		
1.28		0.25102		
1.29		0.245253		
1.3		0.239629		
1.31		0.234146		
1.32		0.2288		
1.33		0.223588		
1.34		0.218507		
1.35		0.213554		
1.36		0.208725		
1.37		0.204018		
1.38		0.199431		
1.39		0.194958		
1.4		0.190599		
1.41		0.18635		
1.42		0.182209		
1.43		0.178171		
1.44		0.174236		
1.45		0.170401		
1.46		0.166662		
1.47		0.163017		
1.48		0.159464		
1.49		0.156		
1.5		0.152623		
1.51		0.149331		
1.52		0.146121		
1.53		0.142992		
1.54		0.13994		
1.55		0.136964		
1.56		0.134063		
1.57		0.131233		
1.58		0.128473		
1.59		0.125781		
1.6		0.123156		
1.61		0.120594		
1.62		0.118096		
1.63		0.115658		
1.64		0.11328		
1.65		0.110959		
1.66		0.108694		
1.67		0.106484		
1.68		0.104327		
1.69		0.102221		
1.7		0.100166		
1.71		0.0981588		
1.72		0.0961995		
1.73		0.0942863		
1.74		0.092418		
1.75		0.0905934		
1.76		0.0888111		
1.77		0.0870702		
1.78		0.0853694		
1.79		0.0837077		
1.8		0.082084		
1.81		0.0804972		
1.82		0.0789464		
1.83		0.0774305		
1.84		0.0759487		
1.85		0.0744999		
1.86		0.0730834		
1.87		0.0716982		
1.88		0.0703434		
1.89		0.0690184		
1.9		0.0677221		
1.91		0.066454		
1.92		0.0652132		
1.93		0.063999		
1.94		0.0628107		
1.95		0.0616475		
1.96		0.0605089		
1.97		0.0593942		
1.98		0.0583027		
1.99		0.0572338		
2		0.056187		
2.01		0.0551616		
2.02		0.0541571		
2.03		0.0531729		
2.04		0.0522085		
2.05		0.0512634		
2.06		0.0503371		
2.07		0.0494291		
2.08		0.0485389		
2.09		0.047666		
2.1		0.0468101		
2.11		0.0459706		
2.12		0.0451472		
2.13		0.0443394		
2.14		0.0435469		
2.15		0.0427692		
2.16		0.042006		
2.17		0.0412569		
2.18		0.0405215		
2.19		0.0397996		
2.2		0.0390907		
2.21		0.0383945		
2.22		0.0377108		
2.23		0.0370392		
2.24		0.0363794		
2.25		0.0357311		
2.26		0.0350941		
2.27		0.034468		
2.28		0.0338525		
2.29		0.0332475		
2.3		0.0326527		
2.31		0.0320678		
2.32		0.0314926		
2.33		0.0309268		
2.34		0.0303703		
2.35		0.0298227		
2.36		0.0292839		
2.37		0.0287537		
2.38		0.0282318		
2.39		0.0277181		
2.4		0.0272124		
2.41		0.0267145		
2.42		0.0262241		
2.43		0.0257412		
2.44		0.0252655		
2.45		0.0247969		
2.46		0.0243353		
2.47		0.0238803		
2.48		0.023432		
2.49		0.0229901		
2.5		0.0225545		
2.51		0.022125		
2.52		0.0217016		
2.53		0.0212841		
2.54		0.0208722		
2.55		0.020466		
2.56		0.0200653		
2.57		0.0196699		
2.58		0.0192798		
2.59		0.0188948		
2.6		0.0185148		
2.61		0.0181397		
2.62		0.0177694		
2.63		0.0174038		
2.64		0.0170428		
2.65		0.0166863		
2.66		0.0163341		
2.67		0.0159862		
2.68		0.0156426		
2.69		0.015303		
2.7		0.0149675		
2.71		0.0146359		
2.72		0.0143081		
2.73		0.0139841		
2.74		0.0136638		
2.75		0.0133471		
2.76		0.013034		
2.77		0.0127243		
2.78		0.012418		
2.79		0.012115		
2.8		0.0118153		
2.81		0.0115188		
2.82		0.0112253		
2.83		0.010935		
2.84		0.0106476		
2.85		0.0103632		
2.86		0.0100816		
2.87		0.00980285		
2.88		0.00952686		
2.89		0.00925358		
2.9		0.00898295		
2.91		0.00871492		
2.92		0.00844944		
2.93		0.00818646		
2.94		0.00792594		
2.95		0.00766781		
2.96		0.00741204		
2.97		0.00715859		
2.98		0.0069074		
2.99		0.00665844		
3		0.00641166		
3.01		0.00616703		
3.02		0.00592449		
3.03		0.00568402		
3.04		0.00544557		
3.05		0.00520911		
3.06		0.0049746		
3.07		0.00474201		
3.08		0.0045113		
3.09		0.00428243		
3.1		0.00405538		
3.11		0.0038301		
3.12		0.00360658		
3.13		0.00338478		
3.14		0.00316466		
3.15		0.0029462		
3.16		0.00272937		
3.17		0.00251414		
3.18		0.00230049		
3.19		0.00208838		
3.2		0.0018778		
3.21		0.00166871		
3.22		0.00146109		
3.23		0.00125491		
3.24		0.00105016		
3.25		0.0008468		
3.26		0.000644817		
3.27		0.000444187		
3.28		0.000244888		
3.29		4.68969e-05		
3.3		-0.000149806		
3.31		-0.000345242		
3.32		-0.00053943		
3.33		-0.000732391		
3.34		-0.000924143		
3.35		-0.00111471		
3.36		-0.0013041		
3.37		-0.00149234		
3.38		-0.00167944		
3.39		-0.00186542		
3.4		-0.0020503		
3.41		-0.0022341		
3.42		-0.00241683		
3.43		-0.0025985		
3.44		-0.00277914		
3.45		-0.00295875		
3.46		-0.00313736		
3.47		-0.00331497		
3.48		-0.0034916		
3.49		-0.00366727		
3.5		-0.00384198		
3.51		-0.00401576		
3.52		-0.0041886		
3.53		-0.00436054		
3.54		-0.00453158		
3.55		-0.00470172		
3.56		-0.00487099		
3.57		-0.0050394		
3.58		-0.00520695		
3.59		-0.00537366		
3.6		-0.00553953		
3.61		-0.00570459		
3.62		-0.00586884		
3.63		-0.00603228		
3.64		-0.00619494		
3.65		-0.00635682		
3.66		-0.00651792		
3.67		-0.00667827		
3.68		-0.00683787		
3.69		-0.00699672		
3.7		-0.00715484		
3.71		-0.00731223		
3.72		-0.00746891		
3.73		-0.00762488		
3.74		-0.00778016		
3.75		-0.00793474		
3.76		-0.00808863		
3.77		-0.00824186		
3.78		-0.00839441		
3.79		-0.0085463		
3.8		-0.00869754		
3.81		-0.00884814		
3.82		-0.00899809		
3.83		-0.00914741		
3.84		-0.00929611		
3.85		-0.00944419		
3.86		-0.00959166		
3.87		-0.00973852		
3.88		-0.00988478		
3.89		-0.0100304		
3.9		-0.0101755		
3.91		-0.01032		
3.92		-0.0104639		
3.93		-0.0106073		
3.94		-0.0107501		
3.95		-0.0108923		
3.96		-0.011034		
3.97		-0.0111751		
3.98		-0.0113157		
3.99		-0.0114558		
4		-0.0115953		
4.01		-0.0117343		
4.02		-0.0118727		
4.03		-0.0120107		
4.04		-0.0121481		
4.05		-0.012285		
4.06		-0.0124214		
4.07		-0.0125573		
4.08		-0.0126928		
4.09		-0.0128277		
4.1		-0.0129621		
4.11		-0.0130961		
4.12		-0.0132296		
4.13		-0.0133626		
4.14		-0.0134951		
4.15		-0.0136271		
4.16		-0.0137587		
4.17		-0.0138899		
4.18		-0.0140206		
4.19		-0.0141508		
4.2		-0.0142806		
4.21		-0.0144099		
4.22		-0.0145388		
4.23		-0.0146672		
4.24		-0.0147952		
4.25		-0.0149228		
4.26		-0.01505		
4.27		-0.0151767		
4.28		-0.015303		
4.29		-0.0154289		
4.3		-0.0155543		
4.31		-0.0156794		
4.32		-0.015804		
4.33		-0.0159282		
4.34		-0.016052		
4.35		-0.0161755		
4.36		-0.0162985		
4.37		-0.0164211		
4.38		-0.0165433		
4.39		-0.0166651		
4.4		-0.0167866		
4.41		-0.0169076		
4.42		-0.0170283		
4.43		-0.0171486		
4.44		-0.0172685		
4.45		-0.017388		
4.46		-0.0175071		
4.47		-0.0176259		
4.48		-0.0177443		
4.49		-0.0178623		
4.5		-0.01798		
4.51		-0.0180973		
4.52		-0.0182142		
4.53		-0.0183308		
4.54		-0.018447		
4.55		-0.0185629		
4.56		-0.0186784		
4.57		-0.0187936		
4.58		-0.0189084		
4.59		-0.0190228		
4.6		-0.0191369		
4.61		-0.0192507		
4.62		-0.0193641		
4.63		-0.0194772		
4.64		-0.0195899		
4.65		-0.0197023		
4.66		-0.0198144		
4.67		-0.0199261		
4.68		-0.0200376		
4.69		-0.0201486		
4.7		-0.0202594		
4.71		-0.0203698		
4.72		-0.0204799		
4.73		-0.0205896		
4.74		-0.0206991		
4.75		-0.0208082		
4.76		-0.020917		
4.77		-0.0210255		
4.78		-0.0211337		
4.79		-0.0212415		
4.8		-0.0213491		
4.81		-0.0214563		
4.82		-0.0215632		
4.83		-0.0216698		
4.84		-0.0217761		
4.85		-0.0218821		
4.86		-0.0219878		
4.87		-0.0220932		
4.88		-0.0221983		
4.89		-0.0223031		
4.9		-0.0224076		
4.91		-0.0225118		
4.92		-0.0226157		
4.93		-0.0227193		
4.94		-0.0228226		
4.95		-0.0229256		
4.96		-0.0230283		
4.97		-0.0231308		
4.98		-0.0232329		
4.99		-0.0233347		
5		-0.0234363		
5.01		-0.0235376		
5.02		-0.0236386		
5.03		-0.0237393		
5.04		-0.0238397		
5.05		-0.0239399		
5.06		-0.0240398		
5.07		-0.0241393		
5.08		-0.0242387		
5.09		-0.0243377		
5.1		-0.0244365		
5.11		-0.024535		
5.12		-0.0246332		
5.13		-0.0247311		
5.14		-0.0248288		
5.15		-0.0249262		
5.16		-0.0250233		
5.17		-0.0251202		
5.18		-0.0252168		
5.19		-0.0253131		
5.2		-0.0254092		
5.21		-0.025505		
5.22		-0.0256005		
5.23		-0.0256958		
5.24		-0.0257908		
5.25		-0.0258855		
5.26		-0.02598		
5.27		-0.0260743		
5.28		-0.0261683		
5.29		-0.026262		
5.3		-0.0263554		
5.31		-0.0264487		
5.32		-0.0265416		
5.33		-0.0266343		
5.34		-0.0267268		
5.35		-0.026819		
5.36		-0.0269109		
5.37		-0.0270026		
5.38		-0.0270941		
5.39		-0.0271853		
5.4		-0.0272762		
5.41		-0.027367		
5.42		-0.0274574		
5.43		-0.0275476		
5.44		-0.0276376		
5.45		-0.0277274		
5.46		-0.0278169		
5.47		-0.0279061		
5.48		-0.0279951		
5.49		-0.0280839		
5.5		-0.0281724		
5.51		-0.0282607		
5.52		-0.0283488		
5.53		-0.0284366		
5.54		-0.0285242		
5.55		-0.0286116		
5.56		-0.0286987		
5.57		-0.0287856		
5.58		-0.0288722		
5.59		-0.0289586		
5.6		-0.0290448		
5.61		-0.0291308		
5.62		-0.0292165		
5.63		-0.029302		
5.64		-0.0293873		
5.65		-0.0294723		
5.66		-0.0295571		
5.67		-0.0296417		
5.68		-0.0297261		
5.69		-0.0298102		
5.7		-0.0298942		
5.71		-0.0299779		
5.72		-0.0300613		
5.73		-0.0301446		
5.74		-0.0302276		
5.75		-0.0303104		
5.76		-0.030393		
5.77		-0.0304754		
5.78		-0.0305575		
5.79		-0.0306395		
5.8		-0.0307212		
5.81		-0.0308027		
5.82		-0.030884		
5.83		-0.0309651		
5.84		-0.0310459		
5.85		-0.0311266		
5.86		-0.031207		
5.87		-0.0312872		
5.88		-0.0313672		
5.89		-0.031447		
5.9		-0.0315266		
5.91		-0.031606		
5.92		-0.0316851		
5.93		-0.0317641		
5.94		-0.0318428		
5.95		-0.0319214		
5.96		-0.0319997		
5.97		-0.0320778		
5.98		-0.0321557		
5.99		-0.0322335		
6		-0.032311		
6.01		-0.0323883		
6.02		-0.0324654		
6.03		-0.0325423		
6.04		-0.032619		
6.05		-0.0326955		
6.06		-0.0327718		
6.07		-0.0328479		
6.08		-0.0329238		
6.09		-0.0329995		
6.1		-0.033075		
6.11		-0.0331503		
6.12		-0.0332254		
6.13		-0.0333003		
6.14		-0.033375		
6.15		-0.0334495		
6.16		-0.0335238		
6.17		-0.033598		
6.18		-0.0336719		
6.19		-0.0337456		
6.2		-0.0338192		
6.21		-0.0338925		
6.22		-0.0339657		
6.23		-0.0340387		
6.24		-0.0341114		
6.25		-0.034184		
6.26		-0.0342564		
6.27		-0.0343286		
6.28		-0.0344007		
6.29		-0.0344725		
6.3		-0.0345441		
6.31		-0.0346156		
6.32		-0.0346869		
6.33		-0.034758		
6.34		-0.0348289		
6.35		-0.0348996		
6.36		-0.0349701		
6.37		-0.0350405		
6.38		-0.0351106		
6.39		-0.0351806		
6.4		-0.0352504		
6.41		-0.03532		
6.42		-0.0353895		
6.43		-0.0354587		
6.44		-0.0355278		
6.45		-0.0355967		
6.46		-0.0356654		
6.47		-0.035734		
6.48		-0.0358023		
6.49		-0.0358705		
6.5		-0.0359385		
6.51		-0.0360063		
6.52		-0.036074		
6.53		-0.0361415		
6.54		-0.0362088		
6.55		-0.0362759		
6.56		-0.0363429		
6.57		-0.0364096		
6.58		-0.0364763		
6.59		-0.0365427		
6.6		-0.0366089		
6.61		-0.036675		
6.62		-0.036741		
6.63		-0.0368067		
6.64		-0.0368723		
6.65		-0.0369377		
6.66		-0.0370029		
6.67		-0.037068		
6.68		-0.0371329		
6.69		-0.0371976		
6.7		-0.0372622		
6.71		-0.0373266		
6.72		-0.0373908		
6.73		-0.0374549		
6.74		-0.0375188		
6.75		-0.0375825		
6.76		-0.0376461		
6.77		-0.0377095		
6.78		-0.0377727		
6.79		-0.0378358		
6.8		-0.0378987		
6.81		-0.0379615		
6.82		-0.0380241		
6.83		-0.0380865		
6.84		-0.0381488		
6.85		-0.0382109		
6.86		-0.0382728		
6.87		-0.0383346		
6.88		-0.0383962		
6.89		-0.0384577		
6.9		-0.038519		
6.91		-0.0385801		
6.92		-0.0386411		
6.93		-0.038702		
6.94		-0.0387627		
6.95		-0.0388232		
6.96		-0.0388835		
6.97		-0.0389437		
6.98		-0.0390038		
6.99		-0.0390637		
7		-0.0391234		
7.01		-0.039183		
7.02		-0.0392425		
7.03		-0.0393018		
7.04		-0.0393609		
7.05		-0.0394199		
7.06		-0.0394787		
7.07		-0.0395374		
7.08		-0.0395959		
7.09		-0.0396543		
7.1		-0.0397125		
7.11		-0.0397706		
7.12		-0.0398285		
7.13		-0.0398863		
7.14		-0.0399439		
7.15		-0.0400014		
7.16		-0.0400587		
7.17		-0.0401159		
7.18		-0.0401729		
7.19		-0.0402298		
7.2		-0.0402866		
7.21		-0.0403432		
7.22		-0.0403996		
7.23		-0.0404559		
7.24		-0.0405121		
7.25		-0.0405681		
7.26		-0.040624		
7.27		-0.0406797		
7.28		-0.0407353		
7.29		-0.0407907		
7.3		-0.040846		
7.31		-0.0409012		
7.32		-0.0409562		
7.33		-0.0410111		
7.34		-0.0410658		
7.35		-0.0411204		
7.36		-0.0411749		
7.37		-0.0412292		
7.38		-0.0412834		
7.39		-0.0413374		
7.4		-0.0413913		
7.41		-0.0414451		
7.42		-0.0414987		
7.43		-0.0415522		
7.44		-0.0416056		
7.45		-0.0416588		
7.46		-0.0417119		
7.47		-0.0417648		
7.48		-0.0418176		
7.49		-0.0418703		
7.5		-0.0419228		
7.51		-0.0419752		
7.52		-0.0420275		
7.53		-0.0420796		
7.54		-0.0421316		
7.55		-0.0421835		
7.56		-0.0422352		
7.57		-0.0422868		
7.58		-0.0423383		
7.59		-0.0423896		
7.6		-0.0424408		
7.61		-0.0424919		
7.62		-0.0425428		
7.63		-0.0425937		
7.64		-0.0426443		
7.65		-0.0426949		
7.66		-0.0427453		
7.67		-0.0427956		
7.68		-0.0428458		
7.69		-0.0428958		
7.7		-0.0429458		
7.71		-0.0429955		
7.72		-0.0430452		
7.73		-0.0430947		
7.74		-0.0431441		
7.75		-0.0431934		
7.76		-0.0432426		
7.77		-0.0432916		
7.78		-0.0433405		
7.79		-0.0433893		
7.8		-0.0434379		
7.81		-0.0434865		
7.82		-0.0435349		
7.83		-0.0435832		
7.84		-0.0436313		
7.85		-0.0436793		
7.86		-0.0437273		
7.87		-0.0437751		
7.88		-0.0438227		
7.89		-0.0438703		
7.9		-0.0439177		
7.91		-0.043965		
7.92		-0.0440122		
7.93		-0.0440593		
7.94		-0.0441062		
7.95		-0.044153		
7.96		-0.0441997		
7.97		-0.0442463		
7.98		-0.0442928		
7.99		-0.0443391		
8		-0.0443854		
8.01		-0.0444315		
8.02		-0.0444775		
8.03		-0.0445234		
8.04		-0.0445691		
8.05		-0.0446148		
8.06		-0.0446603		
8.07		-0.0447057		
8.08		-0.044751		
8.09		-0.0447962		
8.1		-0.0448413		
8.11		-0.0448863		
8.12		-0.0449311		
8.13		-0.0449758		
8.14		-0.0450204		
8.15		-0.0450649		
8.16		-0.0451093		
8.17		-0.0451536		
8.18		-0.0451978		
8.19		-0.0452418		
8.2		-0.0452858		
8.21		-0.0453296		
8.22		-0.0453733		
8.23		-0.0454169		
8.24		-0.0454604		
8.25		-0.0455038		
8.26		-0.0455471		
8.27		-0.0455902		
8.28		-0.0456333		
8.29		-0.0456762		
8.3		-0.0457191		
8.31		-0.0457618		
8.32		-0.0458044		
8.33		-0.0458469		
8.34		-0.0458893		
8.35		-0.0459316		
8.36		-0.0459738		
8.37		-0.0460159		
8.38		-0.0460579		
8.39		-0.0460997		
8.4		-0.0461415		
8.41		-0.0461832		
8.42		-0.0462247		
8.43		-0.0462662		
8.44		-0.0463075		
8.45		-0.0463487		
8.46		-0.0463899		
8.47		-0.0464309		
8.48		-0.0464718		
8.49		-0.0465127		
8.5		-0.0465534		
8.51		-0.046594		
8.52		-0.0466345		
8.53		-0.0466749		
8.54		-0.0467152		
8.55		-0.0467554		
8.56		-0.0467955		
8.57		-0.0468355		
8.58		-0.0468754		
8.59		-0.0469152		
8.6		-0.0469549		
8.61		-0.0469945		
8.62		-0.047034		
8.63		-0.0470734		
8.64		-0.0471127		
8.65		-0.0471519		
8.66		-0.047191		
8.67		-0.0472301		
8.68		-0.047269		
8.69		-0.0473078		
8.7		-0.0473465		
8.71		-0.0473851		
8.72		-0.0474236		
8.73		-0.047462		
8.74		-0.0475003		
8.75		-0.0475386		
8.76		-0.0475767		
8.77		-0.0476147		
8.78		-0.0476527		
8.79		-0.0476905		
8.8		-0.0477282		
8.81		-0.0477659		
8.82		-0.0478034		
8.83		-0.0478409		
8.84		-0.0478783		
8.85		-0.0479155		
8.86		-0.0479527		
8.87		-0.0479898		
8.88		-0.0480268		
8.89		-0.0480637		
8.9		-0.0481005		
8.91		-0.0481372		
8.92		-0.0481738		
8.93		-0.0482104		
8.94		-0.0482468		
8.95		-0.0482831		
8.96		-0.0483194		
8.97		-0.0483556		
8.98		-0.0483916		
8.99		-0.0484276		
9		-0.0484635		
9.01		-0.0484993		
9.02		-0.048535		
9.03		-0.0485706		
9.04		-0.0486062		
9.05		-0.0486416		
9.06		-0.048677		
9.07		-0.0487122		
9.08		-0.0487474		
9.09		-0.0487825		
9.1		-0.0488175		
9.11		-0.0488524		
9.12		-0.0488872		
9.13		-0.048922		
9.14		-0.0489566		
9.15		-0.0489912		
9.16		-0.0490256		
9.17		-0.04906		
9.18		-0.0490943		
9.19		-0.0491286		
9.2		-0.0491627		
9.21		-0.0491967		
9.22		-0.0492307		
9.23		-0.0492646		
9.24		-0.0492984		
9.25		-0.0493321		
9.26		-0.0493657		
9.27		-0.0493992		
9.28		-0.0494327		
9.29		-0.0494661		
9.3		-0.0494993		
9.31		-0.0495325		
9.32		-0.0495657		
9.33		-0.0495987		
9.34		-0.0496317		
9.35		-0.0496645		
9.36		-0.0496973		
9.37		-0.04973		
9.38		-0.0497627		
9.39		-0.0497952		
9.4		-0.0498277		
9.41		-0.0498601		
9.42		-0.0498924		
9.43		-0.0499246		
9.44		-0.0499567		
9.45		-0.0499888		
9.46		-0.0500208		
9.47		-0.0500527		
9.48		-0.0500845		
9.49		-0.0501162		
9.5		-0.0501479		
9.51		-0.0501795		
9.52		-0.050211		
9.53		-0.0502424		
9.54		-0.0502738		
9.55		-0.0503051		
9.56		-0.0503363		
9.57		-0.0503674		
9.58		-0.0503984		
9.59		-0.0504294		
9.6		-0.0504603		
9.61		-0.0504911		
9.62		-0.0505218		
9.63		-0.0505525		
9.64		-0.050583		
9.65		-0.0506136		
9.66		-0.050644		
9.67		-0.0506743		
9.68		-0.0507046		
9.69		-0.0507348		
9.7		-0.0507649		
9.71		-0.050795		
9.72		-0.050825		
9.73		-0.0508549		
9.74		-0.0508847		
9.75		-0.0509145		
9.76		-0.0509442		
9.77		-0.0509738		
9.78		-0.0510033		
9.79		-0.0510328		
9.8		-0.0510622		
9.81		-0.0510915		
9.82		-0.0511207		
9.83		-0.0511499		
9.84		-0.051179		
9.85		-0.051208		
9.86		-0.051237		
9.87		-0.0512659		
9.88		-0.0512947		
9.89		-0.0513234		
9.9		-0.0513521		
9.91		-0.0513807		
9.92		-0.0514092		
9.93		-0.0514377		
9.94		-0.0514661		
9.95		-0.0514944		
9.96		-0.0515227		
9.97		-0.0515509		
9.98		-0.051579		
9.99		-0.051607		
10		-0.051635		
10.01		-0.0516629		
10.02		-0.0516907		
10.03		-0.0517185		
10.04		-0.0517462		
10.05		-0.0517738		
10.06		-0.0518014		
10.07		-0.0518289		
10.08		-0.0518563		
10.09		-0.0518837		
10.1		-0.051911		
10.11		-0.0519382		
10.12		-0.0519654		
10.13		-0.0519925		
10.14		-0.0520195		
10.15		-0.0520465		
10.16		-0.0520734		
10.17		-0.0521002		
10.18		-0.052127		
10.19		-0.0521537		
10.2		-0.0521803		
10.21		-0.0522069		
10.22		-0.0522334		
10.23		-0.0522598		
10.24		-0.0522862		
10.25		-0.0523125		
10.26		-0.0523388		
10.27		-0.052365		
10.28		-0.0523911		
10.29		-0.0524171		
10.3		-0.0524431		
10.31		-0.0524691		
10.32		-0.0524949		
10.33		-0.0525207		
10.34		-0.0525465		
10.35		-0.0525722		
10.36		-0.0525978		
10.37		-0.0526233		
10.38		-0.0526488		
10.39		-0.0526743		
10.4		-0.0526996		
10.41		-0.0527249		
10.42		-0.0527502		
10.43		-0.0527754		
10.44		-0.0528005		
10.45		-0.0528256		
10.46		-0.0528506		
10.47		-0.0528755		
10.48		-0.0529004		
10.49		-0.0529252		
10.5		-0.05295		
10.51		-0.0529747		
10.52		-0.0529993		
10.53		-0.0530239		
10.54		-0.0530485		
10.55		-0.0530729		
10.56		-0.0530973		
10.57		-0.0531217		
10.58		-0.053146		
10.59		-0.0531702		
10.6		-0.0531944		
10.61		-0.0532185		
10.62		-0.0532426		
10.63		-0.0532666		
10.64		-0.0532905		
10.65		-0.0533144		
10.66		-0.0533382		
10.67		-0.053362		
10.68		-0.0533857		
10.69		-0.0534094		
10.7		-0.053433		
10.71		-0.0534565		
10.72		-0.05348		
10.73		-0.0535035		
10.74		-0.0535269		
10.75		-0.0535502		
10.76		-0.0535734		
10.77		-0.0535967		
10.78		-0.0536198		
10.79		-0.0536429		
10.8		-0.053666		
10.81		-0.053689		
10.82		-0.0537119		
10.83		-0.0537348		
10.84		-0.0537576		
10.85		-0.0537804		
10.86		-0.0538031		
10.87		-0.0538258		
10.88		-0.0538484		
10.89		-0.053871		
10.9		-0.0538935		
10.91		-0.053916		
10.92		-0.0539384		
10.93		-0.0539607		
10.94		-0.053983		
10.95		-0.0540053		
10.96		-0.0540275		
10.97		-0.0540496		
10.98		-0.0540717		
10.99		-0.0540937		
11		-0.0541157		
11.01		-0.0541377		
11.02		-0.0541596		
11.03		-0.0541814		
11.04		-0.0542032		
11.05		-0.0542249		
11.06		-0.0542466		
11.07		-0.0542682		
11.08		-0.0542898		
11.09		-0.0543113		
11.1		-0.0543328		
11.11		-0.0543543		
11.12		-0.0543756		
11.13		-0.054397		
11.14		-0.0544183		
11.15		-0.0544395		
11.16		-0.0544607		
11.17		-0.0544818		
11.18		-0.0545029		
11.19		-0.054524		
11.2		-0.0545449		
11.21		-0.0545659		
11.22		-0.0545868		
11.23		-0.0546076		
11.24		-0.0546284		
11.25		-0.0546492		
11.26		-0.0546699		
11.27		-0.0546906		
11.28		-0.0547112		
11.29		-0.0547317		
11.3		-0.0547523		
11.31		-0.0547727		
11.32		-0.0547932		
11.33		-0.0548135		
11.34		-0.0548339		
11.35		-0.0548542		
11.36		-0.0548744		
11.37		-0.0548946		
11.38		-0.0549147		
11.39		-0.0549348		
11.4		-0.0549549		
11.41		-0.0549749		
11.42		-0.0549949		
11.43		-0.0550148		
11.44		-0.0550347		
11.45		-0.0550545		
11.46		-0.0550743		
11.47		-0.0550941		
11.48		-0.0551138		
11.49		-0.0551334		
11.5		-0.055153		
11.51		-0.0551726		
11.52		-0.0551921		
11.53		-0.0552116		
11.54		-0.0552311		
11.55		-0.0552505		
11.56		-0.0552698		
11.57		-0.0552891		
11.58		-0.0553084		
11.59		-0.0553276		
11.6		-0.0553468		
11.61		-0.055366		
11.62		-0.0553851		
11.63		-0.0554041		
11.64		-0.0554231		
11.65		-0.0554421		
11.66		-0.0554611		
11.67		-0.0554799		
11.68		-0.0554988		
11.69		-0.0555176		
11.7		-0.0555364		
11.71		-0.0555551		
11.72		-0.0555738		
11.73		-0.0555925		
11.74		-0.0556111		
11.75		-0.0556296		
11.76		-0.0556482		
11.77		-0.0556667		
11.78		-0.0556851		
11.79		-0.0557035		
11.8		-0.0557219		
11.81		-0.0557402		
11.82		-0.0557585		
11.83		-0.0557768		
11.84		-0.055795		
11.85		-0.0558132		
11.86		-0.0558313		
11.87		-0.0558494		
11.88		-0.0558675		
11.89		-0.0558855		
11.9		-0.0559035		
11.91		-0.0559214		
11.92		-0.0559393		
11.93		-0.0559572		
11.94		-0.055975		
11.95		-0.0559928		
11.96		-0.0560106		
11.97		-0.0560283		
11.98		-0.056046		
11.99		-0.0560637		
12		-0.0560813		
12.01		-0.0560989		
12.02		-0.0561164		
12.03		-0.0561339		
12.04		-0.0561514		
12.05		-0.0561688		
12.06		-0.0561862		
12.07		-0.0562036		
12.08		-0.0562209		
12.09		-0.0562382		
12.1		-0.0562555		
12.11		-0.0562727		
12.12		-0.0562899		
12.13		-0.056307		
12.14		-0.0563242		
12.15		-0.0563412		
12.16		-0.0563583		
12.17		-0.0563753		
12.18		-0.0563923		
12.19		-0.0564092		
12.2		-0.0564262		
12.21		-0.056443		
12.22		-0.0564599		
12.23		-0.0564767		
12.24		-0.0564935		
12.25		-0.0565102		
12.26		-0.056527		
12.27		-0.0565436		
12.28		-0.0565603		
12.29		-0.0565769		
12.3		-0.0565935		
12.31		-0.0566101		
12.32		-0.0566266		
12.33		-0.0566431		
12.34		-0.0566595		
12.35		-0.056676		
12.36		-0.0566923		
12.37		-0.0567087		
12.38		-0.056725		
12.39		-0.0567414		
12.4		-0.0567576		
12.41		-0.0567739		
12.42		-0.0567901		
12.43		-0.0568063		
12.44		-0.0568224		
12.45		-0.0568385		
12.46		-0.0568546		
12.47		-0.0568707		
12.48		-0.0568867		
12.49		-0.0569027		
12.5		-0.0569187		
12.51		-0.0569346		
12.52		-0.0569505		
12.53		-0.0569664		
12.54		-0.0569823		
12.55		-0.0569981		
12.56		-0.0570139		
12.57		-0.0570297		
12.58		-0.0570454		
12.59		-0.0570611		
12.6		-0.0570768		
12.61		-0.0570924		
12.62		-0.0571081		
12.63		-0.0571237		
12.64		-0.0571392		
12.65		-0.0571548		
12.66		-0.0571703		
12.67		-0.0571858		
12.68		-0.0572013		
12.69		-0.0572167		
12.7		-0.0572321		
12.71		-0.0572475		
12.72		-0.0572628		
12.73		-0.0572782		
12.74		-0.0572935		
12.75		-0.0573087		
12.76		-0.057324		
12.77		-0.0573392		
12.78		-0.0573544		
12.79		-0.0573696		
12.8		-0.0573847		
12.81		-0.0573999		
12.82		-0.057415		
12.83		-0.05743		
12.84		-0.0574451		
12.85		-0.0574601		
12.86		-0.0574751		
12.87		-0.0574901		
12.88		-0.057505		
12.89		-0.0575199		
12.9		-0.0575348		
12.91		-0.0575497		
12.92		-0.0575646		
12.93		-0.0575794		
12.94		-0.0575942		
12.95		-0.057609		
12.96		-0.0576237		
12.97		-0.0576385		
12.98		-0.0576532		
12.99		-0.0576679		
13		-0.0576825		
13.01		-0.0576972		
13.02		-0.0577118		
13.03		-0.0577264		
13.04		-0.057741		
13.05		-0.0577555		
13.06		-0.05777		
13.07		-0.0577846		
13.08		-0.057799		
13.09		-0.0578135		
13.1		-0.057828		
13.11		-0.0578424		
13.12		-0.0578568		
13.13		-0.0578712		
13.14		-0.0578855		
13.15		-0.0578998		
13.16		-0.0579142		
13.17		-0.0579285		
13.18		-0.0579427		
13.19		-0.057957		
13.2		-0.0579712		
13.21		-0.0579854		
13.22		-0.0579996		
13.23		-0.0580138		
13.24		-0.058028		
13.25		-0.0580421		
13.26		-0.0580562		
13.27		-0.0580703		
13.28		-0.0580844		
13.29		-0.0580984		
13.3		-0.0581125		
13.31		-0.0581265		
13.32		-0.0581405		
13.33		-0.0581545		
13.34		-0.0581684		
13.35		-0.0581824		
13.36		-0.0581963		
13.37		-0.0582102		
13.38		-0.0582241		
13.39		-0.058238		
13.4		-0.0582518		
13.41		-0.0582657		
13.42		-0.0582795		
13.43		-0.0582933		
13.44		-0.0583071		
13.45		-0.0583209		
13.46		-0.0583346		
13.47		-0.0583483		
13.48		-0.0583621		
13.49		-0.0583758		
13.5		-0.0583894		
13.51		-0.0584031		
13.52		-0.0584168		
13.53		-0.0584304		
13.54		-0.058444		
13.55		-0.0584576		
13.56		-0.0584712		
13.57		-0.0584848		
13.58		-0.0584983		
13.59		-0.0585119		
13.6		-0.0585254		
13.61		-0.0585389		
13.62		-0.0585524		
13.63		-0.0585659		
13.64		-0.0585793		
13.65		-0.0585928		
13.66		-0.0586062		
13.67		-0.0586197		
13.68		-0.0586331		
13.69		-0.0586465		
13.7		-0.0586598		
13.71		-0.0586732		
13.72		-0.0586866		
13.73		-0.0586999		
13.74		-0.0587132		
13.75		-0.0587265		
13.76		-0.0587398		
13.77		-0.0587531		
13.78		-0.0587664		
13.79		-0.0587796		
13.8		-0.0587929		
13.81		-0.0588061		
13.82		-0.0588193		
13.83		-0.0588325		
13.84		-0.0588457		
13.85		-0.0588589		
13.86		-0.0588721		
13.87		-0.0588852		
13.88		-0.0588984		
13.89		-0.0589115		
13.9		-0.0589246		
13.91		-0.0589378		
13.92		-0.0589509		
13.93		-0.0589639		
13.94		-0.058977		
13.95		-0.0589901		
13.96		-0.0590031		
13.97		-0.0590162		
13.98		-0.0590292		
13.99		-0.0590423		
14		-0.0590553		
14.01		-0.0590683		
14.02		-0.0590813		
14.03		-0.0590942		
14.04		-0.0591072		
14.05		-0.0591202		
14.06		-0.0591331		
14.07		-0.0591461		
14.08		-0.059159		
14.09		-0.0591719		
14.1		-0.0591848		
14.11		-0.0591977		
14.12		-0.0592106		
14.13		-0.0592235		
14.14		-0.0592364		
14.15		-0.0592493		
14.16		-0.0592621		
14.17		-0.059275		
14.18		-0.0592878		
14.19		-0.0593007		
14.2		-0.0593135		
14.21		-0.0593263		
14.22		-0.0593391		
14.23		-0.0593519		
14.24		-0.0593647		
14.25		-0.0593775		
14.26		-0.0593903		
14.27		-0.0594031		
14.28		-0.0594158		
14.29		-0.0594286		
14.3		-0.0594413		
14.31		-0.0594541		
14.32		-0.0594668		
14.33		-0.0594796		
14.34		-0.0594923		
14.35		-0.059505		
14.36		-0.0595177		
14.37		-0.0595304		
14.38		-0.0595431		
14.39		-0.0595558		
14.4		-0.0595685		
14.41		-0.0595812		
14.42		-0.0595939		
14.43		-0.0596065		
14.44		-0.0596192		
14.45		-0.0596319		
14.46		-0.0596445		
14.47		-0.0596572		
14.48		-0.0596698		
14.49		-0.0596824		
14.5		-0.0596951		
14.51		-0.0597077		
14.52		-0.0597203		
14.53		-0.059733		
14.54		-0.0597456		
14.55		-0.0597582		
14.56		-0.0597708		
14.57		-0.0597834		
14.58		-0.059796		
14.59		-0.0598086		
14.6		-0.0598212		
14.61		-0.0598338		
14.62		-0.0598464		
14.63		-0.0598589		
14.64		-0.0598715		
14.65		-0.0598841		
14.66		-0.0598967		
14.67		-0.0599092		
14.68		-0.0599218		
14.69		-0.0599344		
14.7		-0.0599469		
14.71		-0.0599595		
14.72		-0.059972		
14.73		-0.0599846		
14.74		-0.0599971		
14.75		-0.0600097		
14.76		-0.0600222		
14.77		-0.0600348		
14.78		-0.0600473		
14.79		-0.0600599		
14.8		-0.0600724		
14.81		-0.0600849		
14.82		-0.0600975		
14.83		-0.06011		
14.84		-0.0601225		
14.85		-0.0601351		
14.86		-0.0601476		
14.87		-0.0601601		
14.88		-0.0601727		
14.89		-0.0601852		
14.9		-0.0601977		
14.91		-0.0602102		
14.92		-0.0602228		
14.93		-0.0602353		
14.94		-0.0602478		
14.95		-0.0602603		
14.96		-0.0602729		
14.97		-0.0602854		
14.98		-0.0602979		
14.99		-0.0603104		
15		-0.060323		
15.01		-0.0603355		
15.02		-0.060348		
15.03		-0.0603606		
15.04		-0.0603731		
15.05		-0.0603856		
15.06		-0.0603981		
15.07		-0.0604107		
15.08		-0.0604232		
15.09		-0.0604357		
15.1		-0.0604483		
15.11		-0.0604608		
15.12		-0.0604733		
15.13		-0.0604859		
15.14		-0.0604984		
15.15		-0.060511		
15.16		-0.0605235		
15.17		-0.0605361		
15.18		-0.0605486		
15.19		-0.0605612		
15.2		-0.0605737		
15.21		-0.0605863		
15.22		-0.0605988		
15.23		-0.0606114		
15.24		-0.060624		
15.25		-0.0606365		
15.26		-0.0606491		
15.27		-0.0606617		
15.28		-0.0606742		
15.29		-0.0606868		
15.3		-0.0606994		
15.31		-0.060712		
15.32		-0.0607246		
15.33		-0.0607371		
15.34		-0.0607497		
15.35		-0.0607623		
15.36		-0.0607749		
15.37		-0.0607875		
15.38		-0.0608002		
15.39		-0.0608128		
15.4		-0.0608254		
15.41		-0.060838		
15.42		-0.0608506		
15.43		-0.0608633		
15.44		-0.0608759		
15.45		-0.0608885		
15.46		-0.0609012		
15.47		-0.0609138		
15.48		-0.0609265		
15.49		-0.0609391		
15.5		-0.0609518		
15.51		-0.0609644		
15.52		-0.0609771		
15.53		-0.0609898		
15.54		-0.0610025		
15.55		-0.0610152		
15.56		-0.0610279		
15.57		-0.0610406		
15.58		-0.0610533		
15.59		-0.061066		
15.6		-0.0610787		
15.61		-0.0610914		
15.62		-0.0611041		
15.63		-0.0611169		
15.64		-0.0611296		
15.65		-0.0611423		
15.66		-0.0611551		
15.67		-0.0611678		
15.68		-0.0611806		
15.69		-0.0611934		
15.7		-0.0612061		
15.71		-0.0612189		
15.72		-0.0612317		
15.73		-0.0612445		
15.74		-0.0612573		
15.75		-0.0612701		
15.76		-0.0612829		
15.77		-0.0612958		
15.78		-0.0613086		
15.79		-0.0613214		
15.8		-0.0613343		
15.81		-0.0613471		
15.82		-0.06136		
15.83		-0.0613728		
15.84		-0.0613857		
15.85		-0.0613986		
15.86		-0.0614115		
15.87		-0.0614244		
15.88		-0.0614373		
15.89		-0.0614502		
15.9		-0.0614631		
15.91		-0.061476		
15.92		-0.061489		
15.93		-0.0615019		
15.94		-0.0615149		
15.95		-0.0615278		
15.96		-0.0615408		
15.97		-0.0615538		
15.98		-0.0615668		
15.99		-0.0615798		
16		-0.0615928		
16.01		-0.0616058		
16.02		-0.0616188		
16.03		-0.0616318		
16.04		-0.0616449		
16.05		-0.0616579		
16.06		-0.061671		
16.07		-0.061684		
16.08		-0.0616971		
16.09		-0.0617102		
16.1		-0.0617233		
16.11		-0.0617364		
16.12		-0.0617495		
16.13		-0.0617626		
16.14		-0.0617758		
16.15		-0.0617889		
16.16		-0.061802		
16.17		-0.0618152		
16.18		-0.0618284		
16.19		-0.0618416		
16.2		-0.0618547		
16.21		-0.0618679		
16.22		-0.0618812		
16.23		-0.0618944		
16.24		-0.0619076		
16.25		-0.0619208		
16.26		-0.0619341		
16.27		-0.0619473		
16.28		-0.0619606		
16.29		-0.0619739		
16.3		-0.0619872		
16.31		-0.0620005		
16.32		-0.0620138		
16.33		-0.0620271		
16.34		-0.0620405		
16.35		-0.0620538		
16.36		-0.0620672		
16.37		-0.0620805		
16.38		-0.0620939		
16.39		-0.0621073		
16.4		-0.0621207		
16.41		-0.0621341		
16.42		-0.0621475		
16.43		-0.062161		
16.44		-0.0621744		
16.45		-0.0621879		
16.46		-0.0622013		
16.47		-0.0622148		
16.48		-0.0622283		
16.49		-0.0622418		
16.5		-0.0622553		
16.51		-0.0622688		
16.52		-0.0622824		
16.53		-0.0622959		
16.54		-0.0623095		
16.55		-0.062323		
16.56		-0.0623366		
16.57		-0.0623502		
16.58		-0.0623638		
16.59		-0.0623774		
16.6		-0.0623911		
16.61		-0.0624047		
16.62		-0.0624184		
16.63		-0.062432		
16.64		-0.0624457		
16.65		-0.0624594		
16.66		-0.0624731		
16.67		-0.0624868		
16.68		-0.0625006		
16.69		-0.0625143		
16.7		-0.062528		
16.71		-0.0625418		
16.72		-0.0625556		
16.73		-0.0625694		
16.74		-0.0625832		
16.75		-0.062597		
16.76		-0.0626108		
16.77		-0.0626247		
16.78		-0.0626385		
16.79		-0.0626524		
16.8		-0.0626663		
16.81		-0.0626802		
16.82		-0.0626941		
16.83		-0.062708		
16.84		-0.0627219		
16.85		-0.0627359		
16.86		-0.0627498		
16.87		-0.0627638		
16.88		-0.0627778		
16.89		-0.0627918		
16.9		-0.0628058		
16.91		-0.0628198		
16.92		-0.0628338		
16.93		-0.0628479		
16.94		-0.0628619		
16.95		-0.062876		
16.96		-0.0628901		
16.97		-0.0629042		
16.98		-0.0629183		
16.99		-0.0629325		
17		-0.0629466		
17.01		-0.0629608		
17.02		-0.0629749		
17.03		-0.0629891		
17.04		-0.0630033		
17.05		-0.0630175		
17.06		-0.0630317		
17.07		-0.063046		
17.08		-0.0630602		
17.09		-0.0630745		
17.1		-0.0630888		
17.11		-0.0631031		
17.12		-0.0631174		
17.13		-0.0631317		
17.14		-0.063146		
17.15		-0.0631604		
17.16		-0.0631747		
17.17		-0.0631891		
17.18		-0.0632035		
17.19		-0.0632179		
17.2		-0.0632323		
17.21		-0.0632468		
17.22		-0.0632612		
17.23		-0.0632757		
17.24		-0.0632902		
17.25		-0.0633046		
17.26		-0.0633191		
17.27		-0.0633337		
17.28		-0.0633482		
17.29		-0.0633627		
17.3		-0.0633773		
17.31		-0.0633919		
17.32		-0.0634065		
17.33		-0.0634211		
17.34		-0.0634357		
17.35		-0.0634503		
17.36		-0.063465		
17.37		-0.0634796		
17.38		-0.0634943		
17.39		-0.063509		
17.4		-0.0635237		
17.41		-0.0635384		
17.42		-0.0635531		
17.43		-0.0635679		
17.44		-0.0635827		
17.45		-0.0635974		
17.46		-0.0636122		
17.47		-0.063627		
17.48		-0.0636418		
17.49		-0.0636567		
17.5		-0.0636715		
17.51		-0.0636864		
17.52		-0.0637013		
17.53		-0.0637162		
17.54		-0.0637311		
17.55		-0.063746		
17.56		-0.0637609		
17.57		-0.0637759		
17.58		-0.0637908		
17.59		-0.0638058		
17.6		-0.0638208		
17.61		-0.0638358		
17.62		-0.0638508		
17.63		-0.0638659		
17.64		-0.0638809		
17.65		-0.063896		
17.66		-0.0639111		
17.67		-0.0639262		
17.68		-0.0639413		
17.69		-0.0639564		
17.7		-0.0639716		
17.71		-0.0639867		
17.72		-0.0640019		
17.73		-0.0640171		
17.74		-0.0640323		
17.75		-0.0640475		
17.76		-0.0640627		
17.77		-0.064078		
17.78		-0.0640932		
17.79		-0.0641085		
17.8		-0.0641238		
17.81		-0.0641391		
17.82		-0.0641544		
17.83		-0.0641697		
17.84		-0.0641851		
17.85		-0.0642004		
17.86		-0.0642158		
17.87		-0.0642312		
17.88		-0.0642466		
17.89		-0.064262		
17.9		-0.0642775		
17.91		-0.0642929		
17.92		-0.0643084		
17.93		-0.0643238		
17.94		-0.0643393		
17.95		-0.0643548		
17.96		-0.0643704		
17.97		-0.0643859		
17.98		-0.0644015		
17.99		-0.064417		
18		-0.0644326		
18.01		-0.0644482		
18.02		-0.0644638		
18.03		-0.0644794		
18.04		-0.0644951		
18.05		-0.0645107		
18.06		-0.0645264		
18.07		-0.0645421		
18.08		-0.0645578		
18.09		-0.0645735		
18.1		-0.0645892		
18.11		-0.064605		
18.12		-0.0646207		
18.13		-0.0646365		
18.14		-0.0646523		
18.15		-0.0646681		
18.16		-0.0646839		
18.17		-0.0646997		
18.18		-0.0647156		
18.19		-0.0647314		
18.2		-0.0647473		
18.21		-0.0647632		
18.22		-0.0647791		
18.23		-0.064795		
18.24		-0.0648109		
18.25		-0.0648269		
18.26		-0.0648428		
18.27		-0.0648588		
18.28		-0.0648748		
18.29		-0.0648908		
18.3		-0.0649068		
18.31		-0.0649228		
18.32		-0.0649389		
18.33		-0.0649549		
18.34		-0.064971		
18.35		-0.0649871		
18.36		-0.0650032		
18.37		-0.0650193		
18.38		-0.0650354		
18.39		-0.0650516		
18.4		-0.0650677		
18.41		-0.0650839		
18.42		-0.0651001		
18.43		-0.0651163		
18.44		-0.0651325		
18.45		-0.0651487		
18.46		-0.065165		
18.47		-0.0651812		
18.48		-0.0651975		
18.49		-0.0652138		
18.5		-0.0652301		
18.51		-0.0652464		
18.52		-0.0652627		
18.53		-0.065279		
18.54		-0.0652954		
18.55		-0.0653118		
18.56		-0.0653281		
18.57		-0.0653445		
18.58		-0.0653609		
18.59		-0.0653774		
18.6		-0.0653938		
18.61		-0.0654103		
18.62		-0.0654267		
18.63		-0.0654432		
18.64		-0.0654597		
18.65		-0.0654762		
18.66		-0.0654927		
18.67		-0.0655092		
18.68		-0.0655258		
18.69		-0.0655423		
18.7		-0.0655589		
18.71		-0.0655755		
18.72		-0.0655921		
18.73		-0.0656091		
18.74		-0.065626		
18.75		-0.0656428		
18.76		-0.0656596		
18.77		-0.0656763		
18.78		-0.065693		
18.79		-0.0657096		
18.8		-0.0657261		
18.81		-0.0657426		
18.82		-0.0657591		
18.83		-0.0657754		
18.84		-0.0657918		
18.85		-0.065808		
18.86		-0.0658242		
18.87		-0.0658404		
18.88		-0.0658565		
18.89		-0.0658725		
18.9		-0.0658885		
18.91		-0.0659044		
18.92		-0.0659202		
18.93		-0.0659361		
18.94		-0.0659518		
18.95		-0.0659675		
18.96		-0.0659831		
18.97		-0.0659987		
18.98		-0.0660142		
18.99		-0.0660297		
19		-0.0660451		
19.01		-0.0660604		
19.02		-0.0660757		
19.03		-0.066091		
19.04		-0.0661062		
19.05		-0.0661213		
19.06		-0.0661364		
19.07		-0.0661514		
19.08		-0.0661663		
19.09		-0.0661813		
19.1		-0.0661961		
19.11		-0.0662109		
19.12		-0.0662256		
19.13		-0.0662403		
19.14		-0.0662549		
19.15		-0.0662695		
19.16		-0.066284		
19.17		-0.0662985		
19.18		-0.0663129		
19.19		-0.0663273		
19.2		-0.0663415		
19.21		-0.0663558		
19.22		-0.06637		
19.23		-0.0663841		
19.24		-0.0663982		
19.25		-0.0664122		
19.26		-0.0664262		
19.27		-0.0664401		
19.28		-0.066454		
19.29		-0.0664678		
19.3		-0.0664815		
19.31		-0.0664952		
19.32		-0.0665088		
19.33		-0.0665224		
19.34		-0.066536		
19.35		-0.0665494		
19.36		-0.0665629		
19.37		-0.0665762		
19.38		-0.0665896		
19.39		-0.0666028		
19.4		-0.066616		
19.41		-0.0666292		
19.42		-0.0666423		
19.43		-0.0666554		
19.44		-0.0666684		
19.45		-0.0666813		
19.46		-0.0666942		
19.47		-0.066707		
19.48		-0.0667198		
19.49		-0.0667325		
19.5		-0.0667452		
19.51		-0.0667578		
19.52		-0.0667704		
19.53		-0.0667829		
19.54		-0.0667954		
19.55		-0.0668078		
19.56		-0.0668202		
19.57		-0.0668325		
19.58		-0.0668447		
19.59		-0.0668569		
19.6		-0.0668691		
19.61		-0.0668812		
19.62		-0.0668932		
19.63		-0.0669052		
19.64		-0.0669172		
19.65		-0.0669291		
19.66		-0.0669409		
19.67		-0.0669527		
19.68		-0.0669644		
19.69		-0.0669761		
19.7		-0.0669878		
19.71		-0.0669993		
19.72		-0.0670109		
19.73		-0.0670223		
19.74		-0.0670338		
19.75		-0.0670451		
19.76		-0.0670565		
19.77		-0.0670677		
19.78		-0.067079		
19.79		-0.0670901		
19.8		-0.0671013		
19.81		-0.0671123		
19.82		-0.0671233		
19.83		-0.0671343		
19.84		-0.0671452		
19.85		-0.0671561		
19.86		-0.0671669		
19.87		-0.0671777		
19.88		-0.0671884		
19.89		-0.067199		
19.9		-0.0672097		
19.91		-0.0672202		
19.92		-0.0672307		
19.93		-0.0672412		
19.94		-0.0672516		
19.95		-0.067262		
19.96		-0.0672723		
19.97		-0.0672825		
19.98		-0.0672927		
19.99		-0.0673029		
20		-0.067313		
20.01		-0.0673231		
20.02		-0.0673331		
20.03		-0.0673431		
20.04		-0.067353		
20.05		-0.0673628		
20.06		-0.0673726		
20.07		-0.0673824		
20.08		-0.0673921		
20.09		-0.0674018		
20.1		-0.0674114		
20.11		-0.067421		
20.12		-0.0674305		
20.13		-0.06744		
20.14		-0.0674494		
20.15		-0.0674588		
20.16		-0.0674681		
20.17		-0.0674774		
20.18		-0.0674866		
20.19		-0.0674958		
20.2		-0.0675049		
20.21		-0.067514		
20.22		-0.067523		
20.23		-0.067532		
20.24		-0.0675409		
20.25		-0.0675498		
20.26		-0.0675587		
20.27		-0.0675675		
20.28		-0.0675762		
20.29		-0.0675849		
20.3		-0.0675935		
20.31		-0.0676021		
20.32		-0.0676107		
20.33		-0.0676192		
20.34		-0.0676277		
20.35		-0.0676361		
20.36		-0.0676444		
20.37		-0.0676527		
20.38		-0.067661		
20.39		-0.0676692		
20.4		-0.0676774		
20.41		-0.0676855		
20.42		-0.0676936		
20.43		-0.0677016		
20.44		-0.0677096		
20.45		-0.0677176		
20.46		-0.0677254		
20.47		-0.0677333		
20.48		-0.0677411		
20.49		-0.0677488		
20.5		-0.0677565		
20.51		-0.0677642		
20.52		-0.0677718		
20.53		-0.0677794		
20.54		-0.0677869		
20.55		-0.0677943		
20.56		-0.0678018		
20.57		-0.0678091		
20.58		-0.0678165		
20.59		-0.0678238		
20.6		-0.067831		
20.61		-0.0678382		
20.62		-0.0678453		
20.63		-0.0678524		
20.64		-0.0678595		
20.65		-0.0678665		
20.66		-0.0678735		
20.67		-0.0678804		
20.68		-0.0678873		
20.69		-0.0678941		
20.7		-0.0679009		
20.71		-0.0679076		
20.72		-0.0679143		
20.73		-0.0679209		
20.74		-0.0679275		
20.75		-0.0679341		
20.76		-0.0679406		
20.77		-0.0679471		
20.78		-0.0679535		
20.79		-0.0679599		
20.8		-0.0679662		
20.81		-0.0679725		
20.82		-0.0679787		
20.83		-0.0679849		
20.84		-0.0679911		
20.85		-0.0679972		
20.86		-0.0680032		
20.87		-0.0680092		
20.88		-0.0680152		
20.89		-0.0680211		
20.9		-0.068027		
20.91		-0.0680329		
20.92		-0.0680387		
20.93		-0.0680444		
20.94		-0.0680501		
20.95		-0.0680558		
20.96		-0.0680614		
20.97		-0.068067		
20.98		-0.0680725		
20.99		-0.068078		
21		-0.0680834		
21.01		-0.0680888		
21.02		-0.0680942		
21.03		-0.0680995		
21.04		-0.0681048		
21.05		-0.06811		
21.06		-0.0681152		
21.07		-0.0681203		
21.08		-0.0681254		
21.09		-0.0681304		
21.1		-0.0681355		
21.11		-0.0681404		
21.12		-0.0681453		
21.13		-0.0681502		
21.14		-0.0681551		
21.15		-0.0681598		
21.16		-0.0681646		
21.17		-0.0681693		
21.18		-0.068174		
21.19		-0.0681786		
21.2		-0.0681832		
21.21		-0.0681877		
21.22		-0.0681922		
21.23		-0.0681967		
21.24		-0.0682011		
21.25		-0.0682054		
21.26		-0.0682098		
21.27		-0.068214		
21.28		-0.0682183		
21.29		-0.0682225		
21.3		-0.0682266		
21.31		-0.0682307		
21.32		-0.0682348		
21.33		-0.0682388		
21.34		-0.0682428		
21.35		-0.0682468		
21.36		-0.0682507		
21.37		-0.0682545		
21.38		-0.0682584		
21.39		-0.0682621		
21.4		-0.0682659		
21.41		-0.0682696		
21.42		-0.0682732		
21.43		-0.0682769		
21.44		-0.0682804		
21.45		-0.068284		
21.46		-0.0682874		
21.47		-0.0682909		
21.48		-0.0682943		
21.49		-0.0682977		
21.5		-0.068301		
21.51		-0.0683043		
21.52		-0.0683075		
21.53		-0.0683107		
21.54		-0.0683139		
21.55		-0.068317		
21.56		-0.0683201		
21.57		-0.0683231		
21.58		-0.0683261		
21.59		-0.0683291		
21.6		-0.068332		
21.61		-0.0683349		
21.62		-0.0683377		
21.63		-0.0683405		
21.64		-0.0683433		
21.65		-0.068346		
21.66		-0.0683487		
21.67		-0.0683513		
21.68		-0.0683539		
21.69		-0.0683565		
21.7		-0.068359		
21.71		-0.0683615		
21.72		-0.0683639		
21.73		-0.0683663		
21.74		-0.0683686		
21.75		-0.068371		
21.76		-0.0683732		
21.77		-0.0683755		
21.78		-0.0683777		
21.79		-0.0683798		
21.8		-0.068382		
21.81		-0.068384		
21.82		-0.0683861		
21.83		-0.0683881		
21.84		-0.06839		
21.85		-0.068392		
21.86		-0.0683939		
21.87		-0.0683957		
21.88		-0.0683975		
21.89		-0.0683993		
21.9		-0.068401		
21.91		-0.0684027		
21.92		-0.0684043		
21.93		-0.068406		
21.94		-0.0684075		
21.95		-0.0684091		
21.96		-0.0684106		
21.97		-0.068412		
21.98		-0.0684134		
21.99		-0.0684148		
22		-0.0684162		
22.01		-0.0684175		
22.02		-0.0684187		
22.03		-0.06842		
22.04		-0.0684211		
22.05		-0.0684223		
22.06		-0.0684234		
22.07		-0.0684245		
22.08		-0.0684255		
22.09		-0.0684265		
22.1		-0.0684275		
22.11		-0.0684284		
22.12		-0.0684293		
22.13		-0.0684301		
22.14		-0.068431		
22.15		-0.0684317		
22.16		-0.0684325		
22.17		-0.0684332		
22.18		-0.0684338		
22.19		-0.0684344		
22.2		-0.068435		
22.21		-0.0684356		
22.22		-0.0684361		
22.23		-0.0684366		
22.24		-0.068437		
22.25		-0.0684374		
22.26		-0.0684378		
22.27		-0.0684381		
22.28		-0.0684384		
22.29		-0.0684386		
22.3		-0.0684388		
22.31		-0.068439		
22.32		-0.0684392		
22.33		-0.0684393		
22.34		-0.0684393		
22.35		-0.0684394		
22.36		-0.0684394		
22.37		-0.0684393		
22.38		-0.0684392		
22.39		-0.0684391		
22.4		-0.068439		
22.41		-0.0684388		
22.42		-0.0684386		
22.43		-0.0684383		
22.44		-0.068438		
22.45		-0.0684377		
22.46		-0.0684373		
22.47		-0.0684369		
22.48		-0.0684364		
22.49		-0.068436		
22.5		-0.0684355		
22.51		-0.0684349		
22.52		-0.0684343		
22.53		-0.0684337		
22.54		-0.068433		
22.55		-0.0684324		
22.56		-0.0684316		
22.57		-0.0684309		
22.58		-0.0684301		
22.59		-0.0684292		
22.6		-0.0684284		
22.61		-0.0684275		
22.62		-0.0684265		
22.63		-0.0684255		
22.64		-0.0684245		
22.65		-0.0684235		
22.66		-0.0684224		
22.67		-0.0684213		
22.68		-0.0684201		
22.69		-0.0684189		
22.7		-0.0684177		
22.71		-0.0684165		
22.72		-0.0684152		
22.73		-0.0684139		
22.74		-0.0684125		
22.75		-0.0684111		
22.76		-0.0684097		
22.77		-0.0684082		
22.78		-0.0684067		
22.79		-0.0684052		
22.8		-0.0684036		
22.81		-0.068402		
22.82		-0.0684004		
22.83		-0.0683987		
22.84		-0.068397		
22.85		-0.0683952		
22.86		-0.0683935		
22.87		-0.0683917		
22.88		-0.0683898		
22.89		-0.0683879		
22.9		-0.068386		
22.91		-0.0683841		
22.92		-0.0683821		
22.93		-0.0683801		
22.94		-0.068378		
22.95		-0.068376		
22.96		-0.0683738		
22.97		-0.0683717		
22.98		-0.0683695		
22.99		-0.0683673		
23		-0.0683651		
23.01		-0.0683628		
23.02		-0.0683605		
23.03		-0.0683581		
23.04		-0.0683557		
23.05		-0.0683533		
23.06		-0.0683509		
23.07		-0.0683484		
23.08		-0.0683459		
23.09		-0.0683433		
23.1		-0.0683407		
23.11		-0.0683381		
23.12		-0.0683355		
23.13		-0.0683328		
23.14		-0.0683301		
23.15		-0.0683273		
23.16		-0.0683245		
23.17		-0.0683217		
23.18		-0.0683189		
23.19		-0.068316		
23.2		-0.0683131		
23.21		-0.0683101		
23.22		-0.0683072		
23.23		-0.0683042		
23.24		-0.0683011		
23.25		-0.068298		
23.26		-0.0682949		
23.27		-0.0682918		
23.28		-0.0682886		
23.29		-0.0682854		
23.3		-0.0682822		
23.31		-0.0682789		
23.32		-0.0682756		
23.33		-0.0682723		
23.34		-0.0682689		
23.35		-0.0682655		
23.36		-0.0682621		
23.37		-0.0682586		
23.38		-0.0682551		
23.39		-0.0682516		
23.4		-0.0682481		
23.41		-0.0682445		
23.42		-0.0682409		
23.43		-0.0682372		
23.44		-0.0682335		
23.45		-0.0682298		
23.46		-0.0682261		
23.47		-0.0682223		
23.48		-0.0682185		
23.49		-0.0682146		
23.5		-0.0682108		
23.51		-0.0682069		
23.52		-0.0682029		
23.53		-0.068199		
23.54		-0.068195		
23.55		-0.0681909		
23.56		-0.0681869		
23.57		-0.0681828		
23.58		-0.0681787		
23.59		-0.0681745		
23.6		-0.0681703		
23.61		-0.0681661		
23.62		-0.0681619		
23.63		-0.0681576		
23.64		-0.0681533		
23.65		-0.0681489		
23.66		-0.0681446		
23.67		-0.0681402		
23.68		-0.0681357		
23.69		-0.0681313		
23.7		-0.0681268		
23.71		-0.0681223		
23.72		-0.0681177		
23.73		-0.0681131		
23.74		-0.0681085		
23.75		-0.0681039		
23.76		-0.0680992		
23.77		-0.0680945		
23.78		-0.0680898		
23.79		-0.068085		
23.8		-0.0680802		
23.81		-0.0680754		
23.82		-0.0680705		
23.83		-0.0680656		
23.84		-0.0680607		
23.85		-0.0680558		
23.86		-0.0680508		
23.87		-0.0680458		
23.88		-0.0680408		
23.89		-0.0680357		
23.9		-0.0680306		
23.91		-0.0680255		
23.92		-0.0680203		
23.93		-0.0680152		
23.94		-0.06801		
23.95		-0.0680047		
23.96		-0.0679994		
23.97		-0.0679941		
23.98		-0.0679888		
23.99		-0.0679835		
24		-0.0679781		
24.01		-0.0679726		
24.02		-0.0679672		
24.03		-0.0679617		
24.04		-0.0679562		
24.05		-0.0679507		
24.06		-0.0679451		
24.07		-0.0679395		
24.08		-0.0679339		
24.09		-0.0679283		
24.1		-0.0679226		
24.11		-0.0679169		
24.12		-0.0679111		
24.13		-0.0679054		
24.14		-0.0678996		
24.15		-0.0678937		
24.16		-0.0678879		
24.17		-0.067882		
24.18		-0.0678761		
24.19		-0.0678702		
24.2		-0.0678642		
24.21		-0.0678582		
24.22		-0.0678522		
24.23		-0.0678461		
24.24		-0.06784		
24.25		-0.0678339		
24.26		-0.0678278		
24.27		-0.0678216		
24.28		-0.0678154		
24.29		-0.0678092		
24.3		-0.067803		
24.31		-0.0677967		
24.32		-0.0677904		
24.33		-0.0677841		
24.34		-0.0677777		
24.35		-0.0677713		
24.36		-0.0677649		
24.37		-0.0677584		
24.38		-0.067752		
24.39		-0.0677455		
24.4		-0.0677389		
24.41		-0.0677324		
24.42		-0.0677258		
24.43		-0.0677192		
24.44		-0.0677125		
24.45		-0.0677059		
24.46		-0.0676992		
24.47		-0.0676925		
24.48		-0.0676857		
24.49		-0.0676789		
24.5		-0.0676721		
24.51		-0.0676653		
24.52		-0.0676584		
24.53		-0.0676516		
24.54		-0.0676446		
24.55		-0.0676377		
24.56		-0.0676307		
24.57		-0.0676237		
24.58		-0.0676167		
24.59		-0.0676097		
24.6		-0.0676026		
24.61		-0.0675955		
24.62		-0.0675882		
24.63		-0.0675802		
24.64		-0.0675718		
24.65		-0.0675628		
24.66		-0.0675533		
24.67		-0.0675432		
24.68		-0.0675327		
24.69		-0.0675216		
24.7		-0.06751		
24.71		-0.0674979		
24.72		-0.0674853		
24.73		-0.0674722		
24.74		-0.0674585		
24.75		-0.0674444		
24.76		-0.0674298		
24.77		-0.0674146		
24.78		-0.067399		
24.79		-0.0673828		
24.8		-0.0673662		
24.81		-0.0673491		
24.82		-0.0673314		
24.83		-0.0673134		
24.84		-0.0672948		
24.85		-0.0672757		
24.86		-0.0672562		
24.87		-0.0672362		
24.88		-0.0672157		
24.89		-0.0671948		
24.9		-0.0671734		
24.91		-0.0671516		
24.92		-0.0671293		
24.93		-0.0671065		
24.94		-0.0670833		
24.95		-0.0670597		
24.96		-0.0670356		
24.97		-0.0670111		
24.98		-0.0669862		
24.99		-0.0669608		
25		-0.066935		
25.01		-0.0669088		
25.02		-0.0668822		
25.03		-0.0668551		
25.04		-0.0668277		
25.05		-0.0667998		
25.06		-0.0667716		
25.07		-0.0667429		
25.08		-0.0667139		
25.09		-0.0666844		
25.1		-0.0666546		
25.11		-0.0666244		
25.12		-0.0665938		
25.13		-0.0665628		
25.14		-0.0665315		
25.15		-0.0664998		
25.16		-0.0664677		
25.17		-0.0664353		
25.18		-0.0664025		
25.19		-0.0663693		
25.2		-0.0663358		
25.21		-0.066302		
25.22		-0.0662678		
25.23		-0.0662333		
25.24		-0.0661984		
25.25		-0.0661632		
25.26		-0.0661276		
25.27		-0.0660918		
25.28		-0.0660556		
25.29		-0.0660191		
25.3		-0.0659822		
25.31		-0.0659451		
25.32		-0.0659076		
25.33		-0.0658698		
25.34		-0.0658318		
25.35		-0.0657934		
25.36		-0.0657547		
25.37		-0.0657157		
25.38		-0.0656764		
25.39		-0.0656369		
25.4		-0.065597		
25.41		-0.0655569		
25.42		-0.0655164		
25.43		-0.0654757		
25.44		-0.0654347		
25.45		-0.0653935		
25.46		-0.0653519		
25.47		-0.0653101		
25.48		-0.065268		
25.49		-0.0652257		
25.5		-0.065183		
25.51		-0.0651402		
25.52		-0.065097		
25.53		-0.0650536		
25.54		-0.06501		
25.55		-0.0649661		
25.56		-0.0649219		
25.57		-0.0648775		
25.58		-0.0648329		
25.59		-0.064788		
25.6		-0.0647428		
25.61		-0.0646974		
25.62		-0.0646518		
25.63		-0.064606		
25.64		-0.0645599		
25.65		-0.0645136		
25.66		-0.064467		
25.67		-0.0644202		
25.68		-0.0643732		
25.69		-0.064326		
25.7		-0.0642785		
25.71		-0.0642308		
25.72		-0.0641829		
25.73		-0.0641348		
25.74		-0.0640864		
25.75		-0.0640379		
25.76		-0.0639891		
25.77		-0.0639401		
25.78		-0.0638909		
25.79		-0.0638415		
25.8		-0.0637919		
25.81		-0.0637421		
25.82		-0.0636921		
25.83		-0.0636418		
25.84		-0.0635914		
25.85		-0.0635408		
25.86		-0.0634899		
25.87		-0.0634389		
25.88		-0.0633877		
25.89		-0.0633362		
25.9		-0.0632846		
25.91		-0.0632328		
25.92		-0.0631808		
25.93		-0.0631286		
25.94		-0.0630762		
25.95		-0.0630236		
25.96		-0.0629709		
25.97		-0.0629179		
25.98		-0.0628648		
25.99		-0.0628115		
26		-0.062758		
26.01		-0.0627043		
26.02		-0.0626504		
26.03		-0.0625964		
26.04		-0.0625422		
26.05		-0.0624878		
26.06		-0.0624332		
26.07		-0.0623785		
26.08		-0.0623236		
26.09		-0.0622685		
26.1		-0.0622132		
26.11		-0.0621578		
26.12		-0.0621022		
26.13		-0.0620464		
26.14		-0.0619904		
26.15		-0.0619343		
26.16		-0.061878		
26.17		-0.0618216		
26.18		-0.061765		
26.19		-0.0617082		
26.2		-0.0616513		
26.21		-0.0615942		
26.22		-0.0615369		
26.23		-0.0614795		
26.24		-0.0614219		
26.25		-0.0613642		
26.26		-0.0613063		
26.27		-0.0612482		
26.28		-0.06119		
26.29		-0.0611317		
26.3		-0.0610732		
26.31		-0.0610145		
26.32		-0.0609557		
26.33		-0.0608967		
26.34		-0.0608376		
26.35		-0.0607783		
26.36		-0.0607188		
26.37		-0.0606593		
26.38		-0.0605995		
26.39		-0.0605397		
26.4		-0.0604796		
26.41		-0.0604195		
26.42		-0.0603592		
26.43		-0.0602987		
26.44		-0.0602381		
26.45		-0.0601774		
26.46		-0.0601165		
26.47		-0.0600554		
26.48		-0.0599943		
26.49		-0.059933		
26.5		-0.0598715		
26.51		-0.0598099		
26.52		-0.0597482		
26.53		-0.0596863		
26.54		-0.0596243		
26.55		-0.0595622		
26.56		-0.0594999		
26.57		-0.0594375		
26.58		-0.059375		
26.59		-0.0593123		
26.6		-0.0592495		
26.61		-0.0591865		
26.62		-0.0591235		
26.63		-0.0590603		
26.64		-0.0589969		
26.65		-0.0589335		
26.66		-0.0588699		
26.67		-0.0588062		
26.68		-0.0587423		
26.69		-0.0586783		
26.7		-0.0586142		
26.71		-0.05855		
26.72		-0.0584857		
26.73		-0.0584212		
26.74		-0.0583566		
26.75		-0.0582919		
26.76		-0.058227		
26.77		-0.058162		
26.78		-0.058097		
26.79		-0.0580318		
26.8		-0.0579664		
26.81		-0.057901		
26.82		-0.0578354		
26.83		-0.0577697		
26.84		-0.0577039		
26.85		-0.057638		
26.86		-0.057572		
26.87		-0.0575058		
26.88		-0.0574395		
26.89		-0.0573732		
26.9		-0.0573067		
26.91		-0.0572401		
26.92		-0.0571733		
26.93		-0.0571065		
26.94		-0.0570396		
26.95		-0.0569725		
26.96		-0.0569054		
26.97		-0.0568381		
26.98		-0.0567707		
26.99		-0.0567032		
27		-0.0566356		
27.01		-0.0565679		
27.02		-0.0565001		
27.03		-0.0564322		
27.04		-0.0563642		
27.05		-0.056296		
27.06		-0.0562278		
27.07		-0.0561595		
27.08		-0.056091		
27.09		-0.0560225		
27.1		-0.0559539		
27.11		-0.0558851		
27.12		-0.0558163		
27.13		-0.0557474		
27.14		-0.0556783		
27.15		-0.0556092		
27.16		-0.0555399		
27.17		-0.0554706		
27.18		-0.0554012		
27.19		-0.0553317		
27.2		-0.0552621		
27.21		-0.0551923		
27.22		-0.0551225		
27.23		-0.0550526		
27.24		-0.0549826		
27.25		-0.0549126		
27.26		-0.0548424		
27.27		-0.0547721		
27.28		-0.0547018		
27.29		-0.0546313		
27.3		-0.0545608		
27.31		-0.0544902		
27.32		-0.0544195		
27.33		-0.0543487		
27.34		-0.0542778		
27.35		-0.0542068		
27.36		-0.0541357		
27.37		-0.0540646		
27.38		-0.0539934		
27.39		-0.0539221		
27.4		-0.0538507		
27.41		-0.0537792		
27.42		-0.0537077		
27.43		-0.053636		
27.44		-0.0535643		
27.45		-0.0534925		
27.46		-0.0534206		
27.47		-0.0533487		
27.48		-0.0532767		
27.49		-0.0532045		
27.5		-0.0531324		
27.51		-0.0530601		
27.52		-0.0529878		
27.53		-0.0529154		
27.54		-0.0528429		
27.55		-0.0527703		
27.56		-0.0526977		
27.57		-0.052625		
27.58		-0.0525522		
27.59		-0.0524794		
27.6		-0.0524065		
27.61		-0.0523335		
27.62		-0.0522604		
27.63		-0.0521873		
27.64		-0.0521141		
27.65		-0.0520409		
27.66		-0.0519675		
27.67		-0.0518941		
27.68		-0.0518207		
27.69		-0.0517472		
27.7		-0.0516736		
27.71		-0.0515999		
27.72		-0.0515262		
27.73		-0.0514525		
27.74		-0.0513786		
27.75		-0.0513047		
27.76		-0.0512308		
27.77		-0.0511568		
27.78		-0.0510827		
27.79		-0.0510086		
27.8		-0.0509344		
27.81		-0.0508601		
27.82		-0.0507858		
27.83		-0.0507115		
27.84		-0.0506371		
27.85		-0.0505626		
27.86		-0.0504881		
27.87		-0.0504135		
27.88		-0.0503389		
27.89		-0.0502642		
27.9		-0.0501895		
27.91		-0.0501147		
27.92		-0.0500399		
27.93		-0.049965		
27.94		-0.0498901		
27.95		-0.0498151		
27.96		-0.0497401		
27.97		-0.049665		
27.98		-0.0495899		
27.99		-0.0495148		
28		-0.0494396		
28.01		-0.0493643		
28.02		-0.049289		
28.03		-0.0492137		
28.04		-0.0491383		
28.05		-0.0490629		
28.06		-0.0489874		
28.07		-0.0489119		
28.08		-0.0488364		
28.09		-0.0487608		
28.1		-0.0486852		
28.11		-0.0486095		
28.12		-0.0485338		
28.13		-0.0484581		
28.14		-0.0483823		
28.15		-0.0483065		
28.16		-0.0482307		
28.17		-0.0481548		
28.18		-0.0480789		
28.19		-0.048003		
28.2		-0.047927		
28.21		-0.047851		
28.22		-0.047775		
28.23		-0.047699		
28.24		-0.0476229		
28.25		-0.0475467		
28.26		-0.0474706		
28.27		-0.0473944		
28.28		-0.0473182		
28.29		-0.047242		
28.3		-0.0471658		
28.31		-0.0470895		
28.32		-0.0470132		
28.33		-0.0469368		
28.34		-0.0468605		
28.35		-0.0467841		
28.36		-0.0467077		
28.37		-0.0466313		
28.38		-0.0465549		
28.39		-0.0464784		
28.4		-0.046402		
28.41		-0.0463255		
28.42		-0.046249		
28.43		-0.0461724		
28.44		-0.0460959		
28.45		-0.0460193		
28.46		-0.0459427		
28.47		-0.0458662		
28.48		-0.0457895		
28.49		-0.0457129		
28.5		-0.0456363		
28.51		-0.0455597		
28.52		-0.045483		
28.53		-0.0454063		
28.54		-0.0453296		
28.55		-0.045253		
28.56		-0.0451763		
28.57		-0.0450996		
28.58		-0.0450228		
28.59		-0.0449461		
28.6		-0.0448694		
28.61		-0.0447927		
28.62		-0.0447159		
28.63		-0.0446392		
28.64		-0.0445624		
28.65		-0.0444857		
28.66		-0.0444089		
28.67		-0.0443322		
28.68		-0.0442554		
28.69		-0.0441786		
28.7		-0.0441019		
28.71		-0.0440251		
28.72		-0.0439484		
28.73		-0.0438716		
28.74		-0.0437948		
28.75		-0.0437181		
28.76		-0.0436413		
28.77		-0.0435646		
28.78		-0.0434878		
28.79		-0.0434111		
28.8		-0.0433344		
28.81		-0.0432576		
28.82		-0.0431809		
28.83		-0.0431042		
28.84		-0.0430275		
28.85		-0.0429508		
28.86		-0.0428741		
28.87		-0.0427974		
28.88		-0.0427208		
28.89		-0.0426441		
28.9		-0.0425675		
28.91		-0.0424908		
28.92		-0.0424142		
28.93		-0.0423376		
28.94		-0.042261		
28.95		-0.0421844		
28.96		-0.0421079		
28.97		-0.0420313		
28.98		-0.0419548		
28.99		-0.0418783		
29		-0.0418018		
29.01		-0.0417253		
29.02		-0.0416488		
29.03		-0.0415724		
29.04		-0.041496		
29.05		-0.0414196		
29.06		-0.0413432		
29.07		-0.0412668		
29.08		-0.0411905		
29.09		-0.0411142		
29.1		-0.0410379		
29.11		-0.0409616		
29.12		-0.0408854		
29.13		-0.0408092		
29.14		-0.040733		
29.15		-0.0406568		
29.16		-0.0405807		
29.17		-0.0405045		
29.18		-0.0404285		
29.19		-0.0403524		
29.2		-0.0402764		
29.21		-0.0402004		
29.22		-0.0401244		
29.23		-0.0400485		
29.24		-0.0399726		
29.25		-0.0398967		
29.26		-0.0398209		
29.27		-0.0397451		
29.28		-0.0396693		
29.29		-0.0395935		
29.3		-0.0395178		
29.31		-0.0394422		
29.32		-0.0393665		
29.33		-0.0392909		
29.34		-0.0392154		
29.35		-0.0391399		
29.36		-0.0390644		
29.37		-0.0389889		
29.38		-0.0389135		
29.39		-0.0388381		
29.4		-0.0387628		
29.41		-0.0386875		
29.42		-0.0386123		
29.43		-0.0385371		
29.44		-0.0384619		
29.45		-0.0383868		
29.46		-0.0383117		
29.47		-0.0382367		
29.48		-0.0381617		
29.49		-0.0380867		
29.5		-0.0380118		
29.51		-0.037937		
29.52		-0.0378622		
29.53		-0.0377874		
29.54		-0.0377127		
29.55		-0.037638		
29.56		-0.0375634		
29.57		-0.0374888		
29.58		-0.0374143		
29.59		-0.0373398		
29.6		-0.0372654		
29.61		-0.037191		
29.62		-0.0371167		
29.63		-0.0370424		
29.64		-0.0369682		
29.65		-0.0368941		
29.66		-0.03682		
29.67		-0.0367459		
29.68		-0.0366719		
29.69		-0.036598		
29.7		-0.0365241		
29.71		-0.0364502		
29.72		-0.0363764		
29.73		-0.0363027		
29.74		-0.0362291		
29.75		-0.0361555		
29.76		-0.0360819		
29.77		-0.0360084		
29.78		-0.035935		
29.79		-0.0358616		
29.8		-0.0357883		
29.81		-0.035715		
29.82		-0.0356419		
29.83		-0.0355687		
29.84		-0.0354957		
29.85		-0.0354226		
29.86		-0.0353497		
29.87		-0.0352768		
29.88		-0.035204		
29.89		-0.0351313		
29.9		-0.0350586		
29.91		-0.0349859		
29.92		-0.0349134		
29.93		-0.0348409		
29.94		-0.0347685		
29.95		-0.0346961		
29.96		-0.0346238		
29.97		-0.0345516		
29.98		-0.0344794		
29.99		-0.0344074		
30		-0.0343353		
