tau [fm]		e/e0
0.25		1097.19
0.26		1042.41		
0.27		992.793		
0.28		947.651		
0.29		906.415		
0.3		868.604		
0.31		833.815		
0.32		801.701		
0.33		771.969		
0.34		744.364		
0.35		718.666		
0.36		694.686		
0.37		672.256		
0.38		651.231		
0.39		631.483		
0.4		612.898		
0.41		595.377		
0.42		578.829		
0.43		563.177		
0.44		548.347		
0.45		534.278		
0.46		520.91		
0.47		508.193		
0.48		496.079		
0.49		484.527		
0.5		473.497		
0.51		462.955		
0.52		452.869		
0.53		443.209		
0.54		433.948		
0.55		425.062		
0.56		416.528		
0.57		408.326		
0.58		400.436		
0.59		392.84		
0.6		385.523		
0.61		378.468		
0.62		371.662		
0.63		365.092		
0.64		358.745		
0.65		352.61		
0.66		346.677		
0.67		340.935		
0.68		335.375		
0.69		329.99		
0.7		324.769		
0.71		319.707		
0.72		314.795		
0.73		310.027		
0.74		305.397		
0.75		300.898		
0.76		296.526		
0.77		292.274		
0.78		288.138		
0.79		284.114		
0.8		280.196		
0.81		276.38		
0.82		272.662		
0.83		269.04		
0.84		265.508		
0.85		262.063		
0.86		258.703		
0.87		255.425		
0.88		252.224		
0.89		249.099		
0.9		246.047		
0.91		243.064		
0.92		240.15		
0.93		237.302		
0.94		234.516		
0.95		231.792		
0.96		229.127		
0.97		226.52		
0.98		223.968		
0.99		221.469		
1		219.023		
1.01		216.627		
1.02		214.279		
1.03		211.979		
1.04		209.726		
1.05		207.516		
1.06		205.35		
1.07		203.226		
1.08		201.143		
1.09		199.099		
1.1		197.094		
1.11		195.126		
1.12		193.194		
1.13		191.298		
1.14		189.436		
1.15		187.608		
1.16		185.812		
1.17		184.049		
1.18		182.316		
1.19		180.613		
1.2		178.939		
1.21		177.294		
1.22		175.677		
1.23		174.087		
1.24		172.523		
1.25		170.985		
1.26		169.472		
1.27		167.984		
1.28		166.52		
1.29		165.08		
1.3		163.662		
1.31		162.266		
1.32		160.893		
1.33		159.54		
1.34		158.209		
1.35		156.897		
1.36		155.606		
1.37		154.334		
1.38		153.081		
1.39		151.847		
1.4		150.631		
1.41		149.432		
1.42		148.251		
1.43		147.087		
1.44		145.94		
1.45		144.809		
1.46		143.694		
1.47		142.594		
1.48		141.51		
1.49		140.441		
1.5		139.387		
1.51		138.347		
1.52		137.321		
1.53		136.309		
1.54		135.31		
1.55		134.325		
1.56		133.353		
1.57		132.394		
1.58		131.447		
1.59		130.512		
1.6		129.59		
1.61		128.679		
1.62		127.78		
1.63		126.892		
1.64		126.016		
1.65		125.15		
1.66		124.296		
1.67		123.452		
1.68		122.618		
1.69		121.794		
1.7		120.981		
1.71		120.177		
1.72		119.383		
1.73		118.598		
1.74		117.823		
1.75		117.057		
1.76		116.3		
1.77		115.552		
1.78		114.812		
1.79		114.081		
1.8		113.359		
1.81		112.644		
1.82		111.938		
1.83		111.24		
1.84		110.55		
1.85		109.867		
1.86		109.192		
1.87		108.525		
1.88		107.865		
1.89		107.212		
1.9		106.566		
1.91		105.928		
1.92		105.296		
1.93		104.671		
1.94		104.053		
1.95		103.441		
1.96		102.836		
1.97		102.237		
1.98		101.644		
1.99		101.058		
2		100.478		
2.01		99.9035		
2.02		99.3351		
2.03		98.7726		
2.04		98.2159		
2.05		97.6648		
2.06		97.1192		
2.07		96.5792		
2.08		96.0446		
2.09		95.5153		
2.1		94.9912		
2.11		94.4723		
2.12		93.9586		
2.13		93.4499		
2.14		92.9461		
2.15		92.4472		
2.16		91.9532		
2.17		91.4639		
2.18		90.9793		
2.19		90.4993		
2.2		90.0238		
2.21		89.5529		
2.22		89.0864		
2.23		88.6243		
2.24		88.1665		
2.25		87.713		
2.26		87.2636		
2.27		86.8184		
2.28		86.3773		
2.29		85.9402		
2.3		85.5071		
2.31		85.078		
2.32		84.6527		
2.33		84.2312		
2.34		83.8135		
2.35		83.3996		
2.36		82.9893		
2.37		82.5826		
2.38		82.1796		
2.39		81.7801		
2.4		81.384		
2.41		80.9915		
2.42		80.6023		
2.43		80.2165		
2.44		79.834		
2.45		79.4548		
2.46		79.0789		
2.47		78.7061		
2.48		78.3366		
2.49		77.9701		
2.5		77.6067		
2.51		77.2464		
2.52		76.8891		
2.53		76.5347		
2.54		76.1833		
2.55		75.8349		
2.56		75.4892		
2.57		75.1464		
2.58		74.8065		
2.59		74.4692		
2.6		74.1348		
2.61		73.803		
2.62		73.4739		
2.63		73.1474		
2.64		72.8236		
2.65		72.5023		
2.66		72.1836		
2.67		71.8674		
2.68		71.5537		
2.69		71.2425		
2.7		70.9337		
2.71		70.6273		
2.72		70.3233		
2.73		70.0216		
2.74		69.7223		
2.75		69.4253		
2.76		69.1306		
2.77		68.8381		
2.78		68.5479		
2.79		68.2598		
2.8		67.974		
2.81		67.6902		
2.82		67.4087		
2.83		67.1292		
2.84		66.8518		
2.85		66.5765		
2.86		66.3033		
2.87		66.032		
2.88		65.7628		
2.89		65.4955		
2.9		65.2302		
2.91		64.9668		
2.92		64.7054		
2.93		64.4458		
2.94		64.1882		
2.95		63.9323		
2.96		63.6783		
2.97		63.4262		
2.98		63.1758		
2.99		62.9272		
3		62.6804		
3.01		62.4353		
3.02		62.192		
3.03		61.9504		
3.04		61.7104		
3.05		61.4722		
3.06		61.2356		
3.07		61.0006		
3.08		60.7673		
3.09		60.5355		
3.1		60.3054		
3.11		60.0769		
3.12		59.8499		
3.13		59.6244		
3.14		59.4005		
3.15		59.1781		
3.16		58.9573		
3.17		58.7379		
3.18		58.5199		
3.19		58.3035		
3.2		58.0885		
3.21		57.8749		
3.22		57.6627		
3.23		57.4519		
3.24		57.2426		
3.25		57.0346		
3.26		56.8279		
3.27		56.6227		
3.28		56.4187		
3.29		56.2161		
3.3		56.0148		
3.31		55.8148		
3.32		55.6161		
3.33		55.4187		
3.34		55.2225		
3.35		55.0276		
3.36		54.834		
3.37		54.6416		
3.38		54.4503		
3.39		54.2603		
3.4		54.0716		
3.41		53.8839		
3.42		53.6975		
3.43		53.5122		
3.44		53.3281		
3.45		53.1452		
3.46		52.9633		
3.47		52.7826		
3.48		52.603		
3.49		52.4246		
3.5		52.2472		
3.51		52.0709		
3.52		51.8956		
3.53		51.7215		
3.54		51.5484		
3.55		51.3763		
3.56		51.2053		
3.57		51.0353		
3.58		50.8664		
3.59		50.6984		
3.6		50.5315		
3.61		50.3655		
3.62		50.2006		
3.63		50.0366		
3.64		49.8736		
3.65		49.7115		
3.66		49.5504		
3.67		49.3903		
3.68		49.2311		
3.69		49.0728		
3.7		48.9154		
3.71		48.759		
3.72		48.6034		
3.73		48.4488		
3.74		48.295		
3.75		48.1422		
3.76		47.9902		
3.77		47.8391		
3.78		47.6888		
3.79		47.5394		
3.8		47.3908		
3.81		47.2431		
3.82		47.0963		
3.83		46.9502		
3.84		46.805		
3.85		46.6606		
3.86		46.517		
3.87		46.3742		
3.88		46.2322		
3.89		46.091		
3.9		45.9505		
3.91		45.8109		
3.92		45.672		
3.93		45.5339		
3.94		45.3965		
3.95		45.2599		
3.96		45.124		
3.97		44.9889		
3.98		44.8545		
3.99		44.7208		
4		44.5879		
4.01		44.4557		
4.02		44.3242		
4.03		44.1934		
4.04		44.0633		
4.05		43.9339		
4.06		43.8052		
4.07		43.6771		
4.08		43.5498		
4.09		43.4231		
4.1		43.2971		
4.11		43.1718		
4.12		43.0471		
4.13		42.9231		
4.14		42.7997		
4.15		42.6769		
4.16		42.5548		
4.17		42.4334		
4.18		42.3126		
4.19		42.1924		
4.2		42.0728		
4.21		41.9538		
4.22		41.8355		
4.23		41.7177		
4.24		41.6006		
4.25		41.484		
4.26		41.3681		
4.27		41.2527		
4.28		41.138		
4.29		41.0238		
4.3		40.9102		
4.31		40.7971		
4.32		40.6846		
4.33		40.5727		
4.34		40.4614		
4.35		40.3506		
4.36		40.2403		
4.37		40.1306		
4.38		40.0215		
4.39		39.9129		
4.4		39.8048		
4.41		39.6973		
4.42		39.5903		
4.43		39.4838		
4.44		39.3778		
4.45		39.2724		
4.46		39.1675		
4.47		39.063		
4.48		38.9591		
4.49		38.8557		
4.5		38.7528		
4.51		38.6504		
4.52		38.5485		
4.53		38.4471		
4.54		38.3461		
4.55		38.2457		
4.56		38.1457		
4.57		38.0462		
4.58		37.9472		
4.59		37.8486		
4.6		37.7505		
4.61		37.6529		
4.62		37.5557		
4.63		37.459		
4.64		37.3628		
4.65		37.267		
4.66		37.1716		
4.67		37.0767		
4.68		36.9822		
4.69		36.8882		
4.7		36.7946		
4.71		36.7015		
4.72		36.6087		
4.73		36.5164		
4.74		36.4246		
4.75		36.3331		
4.76		36.2421		
4.77		36.1515		
4.78		36.0613		
4.79		35.9715		
4.8		35.8821		
4.81		35.7931		
4.82		35.7045		
4.83		35.6164		
4.84		35.5286		
4.85		35.4412		
4.86		35.3542		
4.87		35.2676		
4.88		35.1814		
4.89		35.0956		
4.9		35.0101		
4.91		34.9251		
4.92		34.8404		
4.93		34.7561		
4.94		34.6721		
4.95		34.5886		
4.96		34.5054		
4.97		34.4226		
4.98		34.3401		
4.99		34.258		
5		34.1762		
5.01		34.0948		
5.02		34.0138		
5.03		33.9331		
5.04		33.8528		
5.05		33.7728		
5.06		33.6932		
5.07		33.6139		
5.08		33.5349		
5.09		33.4563		
5.1		33.378		
5.11		33.3001		
5.12		33.2225		
5.13		33.1452		
5.14		33.0683		
5.15		32.9916		
5.16		32.9153		
5.17		32.8394		
5.18		32.7637		
5.19		32.6884		
5.2		32.6134		
5.21		32.5387		
5.22		32.4643		
5.23		32.3902		
5.24		32.3164		
5.25		32.243		
5.26		32.1698		
5.27		32.097		
5.28		32.0244		
5.29		31.9522		
5.3		31.8802		
5.31		31.8086		
5.32		31.7372		
5.33		31.6662		
5.34		31.5954		
5.35		31.5249		
5.36		31.4547		
5.37		31.3848		
5.38		31.3152		
5.39		31.2459		
5.4		31.1768		
5.41		31.108		
5.42		31.0395		
5.43		30.9713		
5.44		30.9034		
5.45		30.8357		
5.46		30.7683		
5.47		30.7012		
5.48		30.6343		
5.49		30.5677		
5.5		30.5014		
5.51		30.4353		
5.52		30.3695		
5.53		30.304		
5.54		30.2387		
5.55		30.1737		
5.56		30.1089		
5.57		30.0444		
5.58		29.9802		
5.59		29.9161		
5.6		29.8524		
5.61		29.7889		
5.62		29.7256		
5.63		29.6626		
5.64		29.5999		
5.65		29.5373		
5.66		29.4751		
5.67		29.413		
5.68		29.3512		
5.69		29.2897		
5.7		29.2284		
5.71		29.1673		
5.72		29.1064		
5.73		29.0458		
5.74		28.9854		
5.75		28.9253		
5.76		28.8653		
5.77		28.8056		
5.78		28.7462		
5.79		28.6869		
5.8		28.6279		
5.81		28.5691		
5.82		28.5105		
5.83		28.4522		
5.84		28.3941		
5.85		28.3361		
5.86		28.2785		
5.87		28.221		
5.88		28.1637		
5.89		28.1067		
5.9		28.0498		
5.91		27.9932		
5.92		27.9368		
5.93		27.8806		
5.94		27.8246		
5.95		27.7688		
5.96		27.7132		
5.97		27.6578		
5.98		27.6026		
5.99		27.5476		
6		27.4929		
6.01		27.4383		
6.02		27.3839		
6.03		27.3297		
6.04		27.2758		
6.05		27.222		
6.06		27.1684		
6.07		27.115		
6.08		27.0618		
6.09		27.0088		
6.1		26.956		
6.11		26.9033		
6.12		26.8509		
6.13		26.7987		
6.14		26.7466		
6.15		26.6947		
6.16		26.643		
6.17		26.5915		
6.18		26.5402		
6.19		26.4891		
6.2		26.4381		
6.21		26.3873		
6.22		26.3367		
6.23		26.2863		
6.24		26.2361		
6.25		26.186		
6.26		26.1361		
6.27		26.0864		
6.28		26.0369		
6.29		25.9875		
6.3		25.9383		
6.31		25.8893		
6.32		25.8404		
6.33		25.7918		
6.34		25.7432		
6.35		25.6949		
6.36		25.6467		
6.37		25.5987		
6.38		25.5509		
6.39		25.5032		
6.4		25.4557		
6.41		25.4083		
6.42		25.3612		
6.43		25.3141		
6.44		25.2673		
6.45		25.2206		
6.46		25.174		
6.47		25.1276		
6.48		25.0814		
6.49		25.0353		
6.5		24.9894		
6.51		24.9437		
6.52		24.898		
6.53		24.8526		
6.54		24.8073		
6.55		24.7622		
6.56		24.7172		
6.57		24.6723		
6.58		24.6276		
6.59		24.5831		
6.6		24.5387		
6.61		24.4944		
6.62		24.4503		
6.63		24.4064		
6.64		24.3626		
6.65		24.3189		
6.66		24.2754		
6.67		24.232		
6.68		24.1888		
6.69		24.1457		
6.7		24.1028		
6.71		24.06		
6.72		24.0173		
6.73		23.9748		
6.74		23.9324		
6.75		23.8902		
6.76		23.848		
6.77		23.8061		
6.78		23.7642		
6.79		23.7225		
6.8		23.681		
6.81		23.6396		
6.82		23.5983		
6.83		23.5571		
6.84		23.5161		
6.85		23.4752		
6.86		23.4344		
6.87		23.3938		
6.88		23.3533		
6.89		23.3129		
6.9		23.2727		
6.91		23.2325		
6.92		23.1926		
6.93		23.1527		
6.94		23.113		
6.95		23.0734		
6.96		23.0339		
6.97		22.9945		
6.98		22.9553		
6.99		22.9162		
7		22.8772		
7.01		22.8383		
7.02		22.7996		
7.03		22.761		
7.04		22.7225		
7.05		22.6841		
7.06		22.6458		
7.07		22.6077		
7.08		22.5697		
7.09		22.5318		
7.1		22.494		
7.11		22.4563		
7.12		22.4188		
7.13		22.3814		
7.14		22.344		
7.15		22.3068		
7.16		22.2698		
7.17		22.2328		
7.18		22.1959		
7.19		22.1592		
7.2		22.1226		
7.21		22.086		
7.22		22.0496		
7.23		22.0133		
7.24		21.9771		
7.25		21.9411		
7.26		21.9051		
7.27		21.8692		
7.28		21.8335		
7.29		21.7979		
7.3		21.7623		
7.31		21.7269		
7.32		21.6916		
7.33		21.6564		
7.34		21.6213		
7.35		21.5863		
7.36		21.5514		
7.37		21.5166		
7.38		21.4819		
7.39		21.4473		
7.4		21.4128		
7.41		21.3785		
7.42		21.3442		
7.43		21.31		
7.44		21.276		
7.45		21.242		
7.46		21.2081		
7.47		21.1743		
7.48		21.1407		
7.49		21.1071		
7.5		21.0736		
7.51		21.0403		
7.52		21.007		
7.53		20.9738		
7.54		20.9407		
7.55		20.9078		
7.56		20.8749		
7.57		20.8421		
7.58		20.8094		
7.59		20.7768		
7.6		20.7443		
7.61		20.7119		
7.62		20.6796		
7.63		20.6473		
7.64		20.6152		
7.65		20.5832		
7.66		20.5512		
7.67		20.5194		
7.68		20.4876		
7.69		20.456		
7.7		20.4244		
7.71		20.3929		
7.72		20.3615		
7.73		20.3302		
7.74		20.299		
7.75		20.2678		
7.76		20.2368		
7.77		20.2059		
7.78		20.175		
7.79		20.1442		
7.8		20.1135		
7.81		20.0829		
7.82		20.0524		
7.83		20.022		
7.84		19.9916		
7.85		19.9614		
7.86		19.9312		
7.87		19.9011		
7.88		19.8711		
7.89		19.8412		
7.9		19.8114		
7.91		19.7816		
7.92		19.752		
7.93		19.7224		
7.94		19.6929		
7.95		19.6634		
7.96		19.6341		
7.97		19.6048		
7.98		19.5757		
7.99		19.5466		
8		19.5176		
8.01		19.4886		
8.02		19.4598		
8.03		19.431		
8.04		19.4023		
8.05		19.3737		
8.06		19.3451		
8.07		19.3167		
8.08		19.2883		
8.09		19.26		
8.1		19.2318		
8.11		19.2036		
8.12		19.1755		
8.13		19.1475		
8.14		19.1196		
8.15		19.0918		
8.16		19.064		
8.17		19.0363		
8.18		19.0087		
8.19		18.9811		
8.2		18.9537		
8.21		18.9263		
8.22		18.8989		
8.23		18.8717		
8.24		18.8445		
8.25		18.8174		
8.26		18.7904		
8.27		18.7634		
8.28		18.7365		
8.29		18.7097		
8.3		18.683		
8.31		18.6563		
8.32		18.6297		
8.33		18.6031		
8.34		18.5767		
8.35		18.5503		
8.36		18.524		
8.37		18.4977		
8.38		18.4715		
8.39		18.4454		
8.4		18.4194		
8.41		18.3934		
8.42		18.3675		
8.43		18.3417		
8.44		18.3159		
8.45		18.2902		
8.46		18.2645		
8.47		18.239		
8.48		18.2135		
8.49		18.188		
8.5		18.1627		
8.51		18.1374		
8.52		18.1121		
8.53		18.0869		
8.54		18.0618		
8.55		18.0368		
8.56		18.0118		
8.57		17.9869		
8.58		17.962		
8.59		17.9373		
8.6		17.9125		
8.61		17.8879		
8.62		17.8633		
8.63		17.8388		
8.64		17.8143		
8.65		17.7899		
8.66		17.7655		
8.67		17.7413		
8.68		17.717		
8.69		17.6929		
8.7		17.6688		
8.71		17.6447		
8.72		17.6208		
8.73		17.5969		
8.74		17.573		
8.75		17.5492		
8.76		17.5255		
8.77		17.5018		
8.78		17.4782		
8.79		17.4546		
8.8		17.4311		
8.81		17.4077		
8.82		17.3843		
8.83		17.361		
8.84		17.3377		
8.85		17.3145		
8.86		17.2914		
8.87		17.2683		
8.88		17.2453		
8.89		17.2223		
8.9		17.1994		
8.91		17.1765		
8.92		17.1537		
8.93		17.131		
8.94		17.1083		
8.95		17.0857		
8.96		17.0631		
8.97		17.0406		
8.98		17.0181		
8.99		16.9957		
9		16.9734		
9.01		16.9511		
9.02		16.9288		
9.03		16.9066		
9.04		16.8845		
9.05		16.8624		
9.06		16.8404		
9.07		16.8184		
9.08		16.7965		
9.09		16.7746		
9.1		16.7528		
9.11		16.7311		
9.12		16.7093		
9.13		16.6877		
9.14		16.6661		
9.15		16.6445		
9.16		16.623		
9.17		16.6016		
9.18		16.5802		
9.19		16.5589		
9.2		16.5376		
9.21		16.5163		
9.22		16.4951		
9.23		16.474		
9.24		16.4529		
9.25		16.4319		
9.26		16.4109		
9.27		16.39		
9.28		16.3691		
9.29		16.3482		
9.3		16.3274		
9.31		16.3067		
9.32		16.286		
9.33		16.2654		
9.34		16.2448		
9.35		16.2242		
9.36		16.2038		
9.37		16.1833		
9.38		16.1629		
9.39		16.1426		
9.4		16.1223		
9.41		16.102		
9.42		16.0818		
9.43		16.0617		
9.44		16.0415		
9.45		16.0215		
9.46		16.0015		
9.47		15.9815		
9.48		15.9616		
9.49		15.9417		
9.5		15.9219		
9.51		15.9021		
9.52		15.8823		
9.53		15.8627		
9.54		15.843		
9.55		15.8234		
9.56		15.8038		
9.57		15.7843		
9.58		15.7649		
9.59		15.7455		
9.6		15.7261		
9.61		15.7067		
9.62		15.6875		
9.63		15.6682		
9.64		15.649		
9.65		15.6299		
9.66		15.6108		
9.67		15.5917		
9.68		15.5727		
9.69		15.5537		
9.7		15.5348		
9.71		15.5159		
9.72		15.497		
9.73		15.4782		
9.74		15.4595		
9.75		15.4407		
9.76		15.4221		
9.77		15.4034		
9.78		15.3848		
9.79		15.3663		
9.8		15.3478		
9.81		15.3293		
9.82		15.3109		
9.83		15.2925		
9.84		15.2741		
9.85		15.2558		
9.86		15.2376		
9.87		15.2194		
9.88		15.2012		
9.89		15.183		
9.9		15.1649		
9.91		15.1469		
9.92		15.1289		
9.93		15.1109		
9.94		15.093		
9.95		15.0751		
9.96		15.0572		
9.97		15.0394		
9.98		15.0216		
9.99		15.0039		
10		14.9862		
10.01		14.9685		
10.02		14.9509		
10.03		14.9333		
10.04		14.9158		
10.05		14.8983		
10.06		14.8808		
10.07		14.8634		
10.08		14.846		
10.09		14.8286		
10.1		14.8113		
10.11		14.794		
10.12		14.7768		
10.13		14.7596		
10.14		14.7424		
10.15		14.7253		
10.16		14.7082		
10.17		14.6912		
10.18		14.6742		
10.19		14.6572		
10.2		14.6402		
10.21		14.6233		
10.22		14.6065		
10.23		14.5896		
10.24		14.5728		
10.25		14.5561		
10.26		14.5394		
10.27		14.5227		
10.28		14.506		
10.29		14.4894		
10.3		14.4728		
10.31		14.4563		
10.32		14.4398		
10.33		14.4233		
10.34		14.4069		
10.35		14.3905		
10.36		14.3741		
10.37		14.3578		
10.38		14.3415		
10.39		14.3252		
10.4		14.309		
10.41		14.2928		
10.42		14.2767		
10.43		14.2605		
10.44		14.2445		
10.45		14.2284		
10.46		14.2124		
10.47		14.1964		
10.48		14.1804		
10.49		14.1645		
10.5		14.1486		
10.51		14.1328		
10.52		14.117		
10.53		14.1012		
10.54		14.0854		
10.55		14.0697		
10.56		14.054		
10.57		14.0384		
10.58		14.0227		
10.59		14.0072		
10.6		13.9916		
10.61		13.9761		
10.62		13.9606		
10.63		13.9451		
10.64		13.9297		
10.65		13.9143		
10.66		13.8989		
10.67		13.8836		
10.68		13.8683		
10.69		13.8531		
10.7		13.8378		
10.71		13.8226		
10.72		13.8074		
10.73		13.7923		
10.74		13.7772		
10.75		13.7621		
10.76		13.7471		
10.77		13.732		
10.78		13.7171		
10.79		13.7021		
10.8		13.6872		
10.81		13.6723		
10.82		13.6574		
10.83		13.6426		
10.84		13.6278		
10.85		13.613		
10.86		13.5983		
10.87		13.5836		
10.88		13.5689		
10.89		13.5542		
10.9		13.5396		
10.91		13.525		
10.92		13.5104		
10.93		13.4959		
10.94		13.4814		
10.95		13.4669		
10.96		13.4525		
10.97		13.4381		
10.98		13.4237		
10.99		13.4093		
11		13.395		
11.01		13.3807		
11.02		13.3664		
11.03		13.3522		
11.04		13.338		
11.05		13.3238		
11.06		13.3096		
11.07		13.2955		
11.08		13.2814		
11.09		13.2673		
11.1		13.2533		
11.11		13.2393		
11.12		13.2253		
11.13		13.2113		
11.14		13.1974		
11.15		13.1835		
11.16		13.1696		
11.17		13.1557		
11.18		13.1419		
11.19		13.1281		
11.2		13.1143		
11.21		13.1006		
11.22		13.0869		
11.23		13.0732		
11.24		13.0595		
11.25		13.0459		
11.26		13.0323		
11.27		13.0187		
11.28		13.0052		
11.29		12.9916		
11.3		12.9781		
11.31		12.9647		
11.32		12.9512		
11.33		12.9378		
11.34		12.9244		
11.35		12.911		
11.36		12.8977		
11.37		12.8844		
11.38		12.8711		
11.39		12.8578		
11.4		12.8446		
11.41		12.8314		
11.42		12.8182		
11.43		12.805		
11.44		12.7919		
11.45		12.7787		
11.46		12.7657		
11.47		12.7526		
11.48		12.7396		
11.49		12.7266		
11.5		12.7136		
11.51		12.7006		
11.52		12.6877		
11.53		12.6748		
11.54		12.6619		
11.55		12.649		
11.56		12.6362		
11.57		12.6234		
11.58		12.6106		
11.59		12.5978		
11.6		12.5851		
11.61		12.5724		
11.62		12.5597		
11.63		12.547		
11.64		12.5344		
11.65		12.5217		
11.66		12.5091		
11.67		12.4966		
11.68		12.484		
11.69		12.4715		
11.7		12.459		
11.71		12.4465		
11.72		12.4341		
11.73		12.4216		
11.74		12.4092		
11.75		12.3969		
11.76		12.3845		
11.77		12.3722		
11.78		12.3598		
11.79		12.3476		
11.8		12.3353		
11.81		12.323		
11.82		12.3108		
11.83		12.2986		
11.84		12.2865		
11.85		12.2743		
11.86		12.2622		
11.87		12.2501		
11.88		12.238		
11.89		12.2259		
11.9		12.2139		
11.91		12.2019		
11.92		12.1899		
11.93		12.1779		
11.94		12.1659		
11.95		12.154		
11.96		12.1421		
11.97		12.1302		
11.98		12.1184		
11.99		12.1065		
12		12.0947		
12.01		12.0829		
12.02		12.0711		
12.03		12.0594		
12.04		12.0477		
12.05		12.0359		
12.06		12.0243		
12.07		12.0126		
12.08		12.0009		
12.09		11.9893		
12.1		11.9777		
12.11		11.9661		
12.12		11.9546		
12.13		11.943		
12.14		11.9315		
12.15		11.92		
12.16		11.9085		
12.17		11.8971		
12.18		11.8857		
12.19		11.8742		
12.2		11.8628		
12.21		11.8515		
12.22		11.8401		
12.23		11.8288		
12.24		11.8175		
12.25		11.8062		
12.26		11.7949		
12.27		11.7837		
12.28		11.7724		
12.29		11.7612		
12.3		11.75		
12.31		11.7389		
12.32		11.7277		
12.33		11.7166		
12.34		11.7055		
12.35		11.6944		
12.36		11.6833		
12.37		11.6723		
12.38		11.6612		
12.39		11.6502		
12.4		11.6392		
12.41		11.6283		
12.42		11.6173		
12.43		11.6064		
12.44		11.5955		
12.45		11.5846		
12.46		11.5737		
12.47		11.5629		
12.48		11.552		
12.49		11.5412		
12.5		11.5304		
12.51		11.5196		
12.52		11.5089		
12.53		11.4981		
12.54		11.4874		
12.55		11.4767		
12.56		11.466		
12.57		11.4554		
12.58		11.4447		
12.59		11.4341		
12.6		11.4235		
12.61		11.4129		
12.62		11.4023		
12.63		11.3918		
12.64		11.3812		
12.65		11.3707		
12.66		11.3602		
12.67		11.3497		
12.68		11.3393		
12.69		11.3288		
12.7		11.3184		
12.71		11.308		
12.72		11.2976		
12.73		11.2872		
12.74		11.2769		
12.75		11.2666		
12.76		11.2562		
12.77		11.2459		
12.78		11.2357		
12.79		11.2254		
12.8		11.2152		
12.81		11.2049		
12.82		11.1947		
12.83		11.1845		
12.84		11.1744		
12.85		11.1642		
12.86		11.1541		
12.87		11.1439		
12.88		11.1338		
12.89		11.1237		
12.9		11.1137		
12.91		11.1036		
12.92		11.0936		
12.93		11.0836		
12.94		11.0736		
12.95		11.0636		
12.96		11.0536		
12.97		11.0437		
12.98		11.0337		
12.99		11.0238		
13		11.0139		
13.01		11.004		
13.02		10.9942		
13.03		10.9843		
13.04		10.9745		
13.05		10.9647		
13.06		10.9549		
13.07		10.9451		
13.08		10.9353		
13.09		10.9256		
13.1		10.9158		
13.11		10.9061		
13.12		10.8964		
13.13		10.8867		
13.14		10.8771		
13.15		10.8674		
13.16		10.8578		
13.17		10.8482		
13.18		10.8386		
13.19		10.829		
13.2		10.8194		
13.21		10.8099		
13.22		10.8003		
13.23		10.7908		
13.24		10.7813		
13.25		10.7718		
13.26		10.7623		
13.27		10.7529		
13.28		10.7434		
13.29		10.734		
13.3		10.7246		
13.31		10.7152		
13.32		10.7058		
13.33		10.6964		
13.34		10.6871		
13.35		10.6777		
13.36		10.6684		
13.37		10.6591		
13.38		10.6498		
13.39		10.6406		
13.4		10.6313		
13.41		10.6221		
13.42		10.6128		
13.43		10.6036		
13.44		10.5944		
13.45		10.5852		
13.46		10.5761		
13.47		10.5669		
13.48		10.5578		
13.49		10.5487		
13.5		10.5396		
13.51		10.5305		
13.52		10.5214		
13.53		10.5123		
13.54		10.5033		
13.55		10.4943		
13.56		10.4852		
13.57		10.4762		
13.58		10.4672		
13.59		10.4583		
13.6		10.4493		
13.61		10.4404		
13.62		10.4314		
13.63		10.4225		
13.64		10.4136		
13.65		10.4047		
13.66		10.3959		
13.67		10.387		
13.68		10.3782		
13.69		10.3693		
13.7		10.3605		
13.71		10.3517		
13.72		10.3429		
13.73		10.3342		
13.74		10.3254		
13.75		10.3167		
13.76		10.3079		
13.77		10.2992		
13.78		10.2905		
13.79		10.2818		
13.8		10.2731		
13.81		10.2645		
13.82		10.2558		
13.83		10.2472		
13.84		10.2386		
13.85		10.23		
13.86		10.2214		
13.87		10.2128		
13.88		10.2042		
13.89		10.1957		
13.9		10.1872		
13.91		10.1786		
13.92		10.1701		
13.93		10.1616		
13.94		10.1531		
13.95		10.1447		
13.96		10.1362		
13.97		10.1278		
13.98		10.1194		
13.99		10.1109		
14		10.1025		
14.01		10.0941		
14.02		10.0858		
14.03		10.0774		
14.04		10.0691		
14.05		10.0607		
14.06		10.0524		
14.07		10.0441		
14.08		10.0358		
14.09		10.0275		
14.1		10.0192		
14.11		10.011		
14.12		10.0027		
14.13		9.99449		
14.14		9.98627		
14.15		9.97807		
14.16		9.96987		
14.17		9.96169		
14.18		9.95352		
14.19		9.94537		
14.2		9.93722		
14.21		9.92909		
14.22		9.92097		
14.23		9.91287		
14.24		9.90478		
14.25		9.8967		
14.26		9.88863		
14.27		9.88057		
14.28		9.87253		
14.29		9.8645		
14.3		9.85648		
14.31		9.84848		
14.32		9.84048		
14.33		9.8325		
14.34		9.82453		
14.35		9.81658		
14.36		9.80863		
14.37		9.8007		
14.38		9.79278		
14.39		9.78487		
14.4		9.77698		
14.41		9.7691		
14.42		9.76122		
14.43		9.75337		
14.44		9.74552		
14.45		9.73768		
14.46		9.72986		
14.47		9.72205		
14.48		9.71425		
14.49		9.70646		
14.5		9.69869		
14.51		9.69092		
14.52		9.68317		
14.53		9.67543		
14.54		9.6677		
14.55		9.65999		
14.56		9.65228		
14.57		9.64459		
14.58		9.63691		
14.59		9.62924		
14.6		9.62158		
14.61		9.61393		
14.62		9.6063		
14.63		9.59867		
14.64		9.59106		
14.65		9.58346		
14.66		9.57587		
14.67		9.56829		
14.68		9.56073		
14.69		9.55317		
14.7		9.54563		
14.71		9.5381		
14.72		9.53058		
14.73		9.52307		
14.74		9.51557		
14.75		9.50808		
14.76		9.50061		
14.77		9.49314		
14.78		9.48569		
14.79		9.47825		
14.8		9.47081		
14.81		9.46339		
14.82		9.45599		
14.83		9.44859		
14.84		9.4412		
14.85		9.43382		
14.86		9.42646		
14.87		9.4191		
14.88		9.41176		
14.89		9.40443		
14.9		9.39711		
14.91		9.3898		
14.92		9.3825		
14.93		9.37521		
14.94		9.36793		
14.95		9.36066		
14.96		9.35341		
14.97		9.34616		
14.98		9.33892		
14.99		9.3317		
15		9.32449		
15.01		9.31728		
15.02		9.31009		
15.03		9.30291		
15.04		9.29573		
15.05		9.28857		
15.06		9.28142		
15.07		9.27428		
15.08		9.26715		
15.09		9.26003		
15.1		9.25292		
15.11		9.24583		
15.12		9.23874		
15.13		9.23166		
15.14		9.22459		
15.15		9.21754		
15.16		9.21049		
15.17		9.20345		
15.18		9.19643		
15.19		9.18941		
15.2		9.1824		
15.21		9.17541		
15.22		9.16842		
15.23		9.16145		
15.24		9.15448		
15.25		9.14753		
15.26		9.14058		
15.27		9.13365		
15.28		9.12672		
15.29		9.11981		
15.3		9.1129		
15.31		9.10601		
15.32		9.09912		
15.33		9.09225		
15.34		9.08538		
15.35		9.07852		
15.36		9.07168		
15.37		9.06484		
15.38		9.05802		
15.39		9.0512		
15.4		9.04439		
15.41		9.0376		
15.42		9.03081		
15.43		9.02403		
15.44		9.01727		
15.45		9.01051		
15.46		9.00376		
15.47		8.99702		
15.48		8.99029		
15.49		8.98357		
15.5		8.97686		
15.51		8.97016		
15.52		8.96347		
15.53		8.95679		
15.54		8.95012		
15.55		8.94346		
15.56		8.93681		
15.57		8.93016		
15.58		8.92353		
15.59		8.9169		
15.6		8.91029		
15.61		8.90368		
15.62		8.89709		
15.63		8.8905		
15.64		8.88392		
15.65		8.87735		
15.66		8.8708		
15.67		8.86425		
15.68		8.85771		
15.69		8.85117		
15.7		8.84465		
15.71		8.83814		
15.72		8.83163		
15.73		8.82514		
15.74		8.81865		
15.75		8.81218		
15.76		8.80571		
15.77		8.79925		
15.78		8.7928		
15.79		8.78636		
15.8		8.77993		
15.81		8.77351		
15.82		8.7671		
15.83		8.76069		
15.84		8.7543		
15.85		8.74791		
15.86		8.74153		
15.87		8.73516		
15.88		8.7288		
15.89		8.72245		
15.9		8.71611		
15.91		8.70978		
15.92		8.70345		
15.93		8.69713		
15.94		8.69083		
15.95		8.68453		
15.96		8.67824		
15.97		8.67196		
15.98		8.66569		
15.99		8.65942		
16		8.65317		
16.01		8.64692		
16.02		8.64068		
16.03		8.63445		
16.04		8.62823		
16.05		8.62202		
16.06		8.61582		
16.07		8.60962		
16.08		8.60344		
16.09		8.59726		
16.1		8.59109		
16.11		8.58493		
16.12		8.57878		
16.13		8.57263		
16.14		8.5665		
16.15		8.56037		
16.16		8.55425		
16.17		8.54814		
16.18		8.54204		
16.19		8.53594		
16.2		8.52986		
16.21		8.52378		
16.22		8.51771		
16.23		8.51165		
16.24		8.5056		
16.25		8.49955		
16.26		8.49352		
16.27		8.48749		
16.28		8.48147		
16.29		8.47546		
16.3		8.46946		
16.31		8.46346		
16.32		8.45747		
16.33		8.4515		
16.34		8.44552		
16.35		8.43956		
16.36		8.43361		
16.37		8.42766		
16.38		8.42172		
16.39		8.41579		
16.4		8.40987		
16.41		8.40395		
16.42		8.39805		
16.43		8.39215		
16.44		8.38626		
16.45		8.38037		
16.46		8.3745		
16.47		8.36863		
16.48		8.36277		
16.49		8.35692		
16.5		8.35108		
16.51		8.34524		
16.52		8.33941		
16.53		8.33359		
16.54		8.32778		
16.55		8.32198		
16.56		8.31618		
16.57		8.31039		
16.58		8.30461		
16.59		8.29884		
16.6		8.29307		
16.61		8.28731		
16.62		8.28156		
16.63		8.27582		
16.64		8.27008		
16.65		8.26435		
16.66		8.25863		
16.67		8.25292		
16.68		8.24722		
16.69		8.24152		
16.7		8.23583		
16.71		8.23015		
16.72		8.22447		
16.73		8.2188		
16.74		8.21314		
16.75		8.20749		
16.76		8.20185		
16.77		8.19621		
16.78		8.19058		
16.79		8.18496		
16.8		8.17934		
16.81		8.17373		
16.82		8.16813		
16.83		8.16254		
16.84		8.15695		
16.85		8.15137		
16.86		8.1458		
16.87		8.14024		
16.88		8.13468		
16.89		8.12913		
16.9		8.12359		
16.91		8.11806		
16.92		8.11253		
16.93		8.10701		
16.94		8.10149		
16.95		8.09599		
16.96		8.09049		
16.97		8.085		
16.98		8.07951		
16.99		8.07404		
17		8.06857		
17.01		8.0631		
17.02		8.05765		
17.03		8.0522		
17.04		8.04676		
17.05		8.04132		
17.06		8.03589		
17.07		8.03047		
17.08		8.02506		
17.09		8.01965		
17.1		8.01425		
17.11		8.00886		
17.12		8.00347		
17.13		7.9981		
17.14		7.99272		
17.15		7.98736		
17.16		7.982		
17.17		7.97665		
17.18		7.9713		
17.19		7.96597		
17.2		7.96064		
17.21		7.95531		
17.22		7.95		
17.23		7.94469		
17.24		7.93938		
17.25		7.93409		
17.26		7.9288		
17.27		7.92351		
17.28		7.91824		
17.29		7.91297		
17.3		7.90771		
17.31		7.90245		
17.32		7.8972		
17.33		7.89196		
17.34		7.88672		
17.35		7.88149		
17.36		7.87627		
17.37		7.87106		
17.38		7.86585		
17.39		7.86064		
17.4		7.85545		
17.41		7.85026		
17.42		7.84508		
17.43		7.8399		
17.44		7.83473		
17.45		7.82957		
17.46		7.82441		
17.47		7.81926		
17.48		7.81412		
17.49		7.80898		
17.5		7.80385		
17.51		7.79873		
17.52		7.79361		
17.53		7.7885		
17.54		7.78339		
17.55		7.7783		
17.56		7.7732		
17.57		7.76812		
17.58		7.76304		
17.59		7.75797		
17.6		7.7529		
17.61		7.74784		
17.62		7.74279		
17.63		7.73774		
17.64		7.7327		
17.65		7.72767		
17.66		7.72264		
17.67		7.71762		
17.68		7.7126		
17.69		7.70759		
17.7		7.70259		
17.71		7.69759		
17.72		7.6926		
17.73		7.68762		
17.74		7.68264		
17.75		7.67767		
17.76		7.6727		
17.77		7.66774		
17.78		7.66279		
17.79		7.65784		
17.8		7.6529		
17.81		7.64797		
17.82		7.64304		
17.83		7.63811		
17.84		7.6332		
17.85		7.62829		
17.86		7.62338		
17.87		7.61849		
17.88		7.61359		
17.89		7.60871		
17.9		7.60383		
17.91		7.59895		
17.92		7.59409		
17.93		7.58922		
17.94		7.58437		
17.95		7.57952		
17.96		7.57467		
17.97		7.56984		
17.98		7.565		
17.99		7.56018		
18		7.55536		
18.01		7.55054		
18.02		7.54574		
18.03		7.54093		
18.04		7.53614		
18.05		7.53135		
18.06		7.52656		
18.07		7.52178		
18.08		7.51701		
18.09		7.51224		
18.1		7.50748		
18.11		7.50273		
18.12		7.49798		
18.13		7.49323		
18.14		7.48849		
18.15		7.48376		
18.16		7.47903		
18.17		7.47431		
18.18		7.4696		
18.19		7.46489		
18.2		7.46019		
18.21		7.45549		
18.22		7.4508		
18.23		7.44611		
18.24		7.44143		
18.25		7.43675		
18.26		7.43208		
18.27		7.42742		
18.28		7.42276		
18.29		7.41811		
18.3		7.41346		
18.31		7.40882		
18.32		7.40419		
18.33		7.39956		
18.34		7.39493		
18.35		7.39031		
18.36		7.3857		
18.37		7.38109		
18.38		7.37649		
18.39		7.37189		
18.4		7.3673		
18.41		7.36272		
18.42		7.35814		
18.43		7.35356		
18.44		7.34899		
18.45		7.34443		
18.46		7.33987		
18.47		7.33532		
18.48		7.33077		
18.49		7.32623		
18.5		7.3217		
18.51		7.31716		
18.52		7.31264		
18.53		7.30812		
18.54		7.30361		
18.55		7.2991		
18.56		7.29459		
18.57		7.29009		
18.58		7.2856		
18.59		7.28111		
18.6		7.27663		
18.61		7.27215		
18.62		7.26768		
18.63		7.26322		
18.64		7.25876		
18.65		7.2543		
18.66		7.24985		
18.67		7.2454		
18.68		7.24096		
18.69		7.23653		
18.7		7.2321		
18.71		7.22768		
18.72		7.22326		
18.73		7.21884		
18.74		7.21444		
18.75		7.21003		
18.76		7.20564		
18.77		7.20124		
18.78		7.19686		
18.79		7.19247		
18.8		7.1881		
18.81		7.18372		
18.82		7.17936		
18.83		7.175		
18.84		7.17064		
18.85		7.16629		
18.86		7.16194		
18.87		7.1576		
18.88		7.15326		
18.89		7.14893		
18.9		7.14461		
18.91		7.14029		
18.92		7.13597		
18.93		7.13166		
18.94		7.12735		
18.95		7.12305		
18.96		7.11876		
18.97		7.11447		
18.98		7.11018		
18.99		7.1059		
19		7.10163		
19.01		7.09736		
19.02		7.09309		
19.03		7.08883		
19.04		7.08457		
19.05		7.08032		
19.06		7.07608		
19.07		7.07184		
19.08		7.0676		
19.09		7.06337		
19.1		7.05914		
19.11		7.05492		
19.12		7.05071		
19.13		7.0465		
19.14		7.04229		
19.15		7.03809		
19.16		7.03389		
19.17		7.0297		
19.18		7.02551		
19.19		7.02133		
19.2		7.01715		
19.21		7.01298		
19.22		7.00881		
19.23		7.00465		
19.24		7.00049		
19.25		6.99634		
19.26		6.99219		
19.27		6.98805		
19.28		6.98391		
19.29		6.97977		
19.3		6.97565		
19.31		6.97152		
19.32		6.9674		
19.33		6.96329		
19.34		6.95918		
19.35		6.95507		
19.36		6.95097		
19.37		6.94687		
19.38		6.94278		
19.39		6.93869		
19.4		6.93461		
19.41		6.93053		
19.42		6.92646		
19.43		6.92239		
19.44		6.91833		
19.45		6.91427		
19.46		6.91022		
19.47		6.90617		
19.48		6.90212		
19.49		6.89808		
19.5		6.89405		
19.51		6.89001		
19.52		6.88599		
19.53		6.88197		
19.54		6.87795		
19.55		6.87393		
19.56		6.86993		
19.57		6.86592		
19.58		6.86192		
19.59		6.85793		
19.6		6.85394		
19.61		6.84995		
19.62		6.84597		
19.63		6.84199		
19.64		6.83802		
19.65		6.83405		
19.66		6.83009		
19.67		6.82613		
19.68		6.82217		
19.69		6.81822		
19.7		6.81428		
19.71		6.81034		
19.72		6.8064		
19.73		6.80247		
19.74		6.79854		
19.75		6.79462		
19.76		6.7907		
19.77		6.78678		
19.78		6.78287		
19.79		6.77896		
19.8		6.77506		
19.81		6.77116		
19.82		6.76727		
19.83		6.76338		
19.84		6.7595		
19.85		6.75562		
19.86		6.75174		
19.87		6.74787		
19.88		6.744		
19.89		6.74014		
19.9		6.73628		
19.91		6.73243		
19.92		6.72858		
19.93		6.72473		
19.94		6.72089		
19.95		6.71705		
19.96		6.71322		
19.97		6.70939		
19.98		6.70556		
19.99		6.70174		
20		6.69793		
20.01		6.69411		
20.02		6.69031		
20.03		6.6865		
20.04		6.6827		
20.05		6.67891		
20.06		6.67512		
20.07		6.67133		
20.08		6.66755		
20.09		6.66377		
20.1		6.65999		
20.11		6.65622		
20.12		6.65246		
20.13		6.64869		
20.14		6.64494		
20.15		6.64118		
20.16		6.63743		
20.17		6.63369		
20.18		6.62994		
20.19		6.62621		
20.2		6.62247		
20.21		6.61874		
20.22		6.61502		
20.23		6.6113		
20.24		6.60758		
20.25		6.60386		
20.26		6.60016		
20.27		6.59645		
20.28		6.59275		
20.29		6.58905		
20.3		6.58536		
20.31		6.58167		
20.32		6.57798		
20.33		6.5743		
20.34		6.57062		
20.35		6.56695		
20.36		6.56328		
20.37		6.55962		
20.38		6.55595		
20.39		6.5523		
20.4		6.54864		
20.41		6.54499		
20.42		6.54135		
20.43		6.5377		
20.44		6.53407		
20.45		6.53043		
20.46		6.5268		
20.47		6.52318		
20.48		6.51955		
20.49		6.51593		
20.5		6.51232		
20.51		6.50871		
20.52		6.5051		
20.53		6.5015		
20.54		6.4979		
20.55		6.4943		
20.56		6.49071		
20.57		6.48712		
20.58		6.48354		
20.59		6.47996		
20.6		6.47638		
20.61		6.47281		
20.62		6.46924		
20.63		6.46568		
20.64		6.46212		
20.65		6.45856		
20.66		6.45501		
20.67		6.45146		
20.68		6.44791		
20.69		6.44437		
20.7		6.44083		
20.71		6.43729		
20.72		6.43376		
20.73		6.43023		
20.74		6.42671		
20.75		6.42319		
20.76		6.41967		
20.77		6.41616		
20.78		6.41265		
20.79		6.40915		
20.8		6.40565		
20.81		6.40215		
20.82		6.39865		
20.83		6.39516		
20.84		6.39168		
20.85		6.38819		
20.86		6.38471		
20.87		6.38124		
20.88		6.37777		
20.89		6.3743		
20.9		6.37083		
20.91		6.36737		
20.92		6.36391		
20.93		6.36046		
20.94		6.35701		
20.95		6.35356		
20.96		6.35012		
20.97		6.34668		
20.98		6.34324		
20.99		6.33981		
21		6.33638		
21.01		6.33295		
21.02		6.32953		
21.03		6.32611		
21.04		6.3227		
21.05		6.31929		
21.06		6.31588		
21.07		6.31248		
21.08		6.30908		
21.09		6.30568		
21.1		6.30228		
21.11		6.29889		
21.12		6.29551		
21.13		6.29212		
21.14		6.28874		
21.15		6.28537		
21.16		6.282		
21.17		6.27863		
21.18		6.27526		
21.19		6.2719		
21.2		6.26854		
21.21		6.26518		
21.22		6.26183		
21.23		6.25848		
21.24		6.25514		
21.25		6.2518		
21.26		6.24846		
21.27		6.24512		
21.28		6.24179		
21.29		6.23846		
21.3		6.23514		
21.31		6.23182		
21.32		6.2285		
21.33		6.22519		
21.34		6.22188		
21.35		6.21857		
21.36		6.21526		
21.37		6.21196		
21.38		6.20867		
21.39		6.20537		
21.4		6.20208		
21.41		6.19879		
21.42		6.19551		
21.43		6.19223		
21.44		6.18895		
21.45		6.18568		
21.46		6.18241		
21.47		6.17914		
21.48		6.17587		
21.49		6.17261		
21.5		6.16936		
21.51		6.1661		
21.52		6.16285		
21.53		6.1596		
21.54		6.15636		
21.55		6.15312		
21.56		6.14988		
21.57		6.14664		
21.58		6.14341		
21.59		6.14018		
21.6		6.13696		
21.61		6.13374		
21.62		6.13052		
21.63		6.1273		
21.64		6.12409		
21.65		6.12088		
21.66		6.11768		
21.67		6.11448		
21.68		6.11128		
21.69		6.10808		
21.7		6.10489		
21.71		6.1017		
21.72		6.09851		
21.73		6.09533		
21.74		6.09215		
21.75		6.08897		
21.76		6.0858		
21.77		6.08263		
21.78		6.07946		
21.79		6.0763		
21.8		6.07314		
21.81		6.06998		
21.82		6.06682		
21.83		6.06367		
21.84		6.06053		
21.85		6.05738		
21.86		6.05424		
21.87		6.0511		
21.88		6.04796		
21.89		6.04483		
21.9		6.0417		
21.91		6.03857		
21.92		6.03545		
21.93		6.03233		
21.94		6.02921		
21.95		6.0261		
21.96		6.02299		
21.97		6.01988		
21.98		6.01677		
21.99		6.01367		
22		6.01057		
22.01		6.00748		
22.02		6.00439		
22.03		6.0013		
22.04		5.99821		
22.05		5.99512		
22.06		5.99204		
22.07		5.98897		
22.08		5.98589		
22.09		5.98282		
22.1		5.97975		
22.11		5.97669		
22.12		5.97362		
22.13		5.97056		
22.14		5.96751		
22.15		5.96445		
22.16		5.9614		
22.17		5.95836		
22.18		5.95531		
22.19		5.95227		
22.2		5.94923		
22.21		5.9462		
22.22		5.94316		
22.23		5.94013		
22.24		5.93711		
22.25		5.93408		
22.26		5.93106		
22.27		5.92804		
22.28		5.92503		
22.29		5.92202		
22.3		5.91901		
22.31		5.916		
22.32		5.913		
22.33		5.91		
22.34		5.907		
22.35		5.904		
22.36		5.90101		
22.37		5.89802		
22.38		5.89504		
22.39		5.89206		
22.4		5.88907		
22.41		5.8861		
22.42		5.88312		
22.43		5.88015		
22.44		5.87718		
22.45		5.87422		
22.46		5.87125		
22.47		5.86829		
22.48		5.86534		
22.49		5.86238		
22.5		5.85943		
22.51		5.85648		
22.52		5.85354		
22.53		5.85059		
22.54		5.84765		
22.55		5.84471		
22.56		5.84178		
22.57		5.83885		
22.58		5.83592		
22.59		5.83299		
22.6		5.83007		
22.61		5.82715		
22.62		5.82423		
22.63		5.82132		
22.64		5.8184		
22.65		5.81549		
22.66		5.81259		
22.67		5.80968		
22.68		5.80678		
22.69		5.80388		
22.7		5.80099		
22.71		5.7981		
22.72		5.79521		
22.73		5.79232		
22.74		5.78943		
22.75		5.78655		
22.76		5.78367		
22.77		5.7808		
22.78		5.77792		
22.79		5.77505		
22.8		5.77218		
22.81		5.76932		
22.82		5.76645		
22.83		5.76359		
22.84		5.76074		
22.85		5.75788		
22.86		5.75503		
22.87		5.75218		
22.88		5.74933		
22.89		5.74649		
22.9		5.74365		
22.91		5.74081		
22.92		5.73797		
22.93		5.73514		
22.94		5.73231		
22.95		5.72948		
22.96		5.72666		
22.97		5.72383		
22.98		5.72101		
22.99		5.7182		
23		5.71538		
23.01		5.71257		
23.02		5.70976		
23.03		5.70695		
23.04		5.70415		
23.05		5.70135		
23.06		5.69855		
23.07		5.69575		
23.08		5.69296		
23.09		5.69017		
23.1		5.68738		
23.11		5.68459		
23.12		5.68181		
23.13		5.67903		
23.14		5.67625		
23.15		5.67348		
23.16		5.6707		
23.17		5.66793		
23.18		5.66516		
23.19		5.6624		
23.2		5.65964		
23.21		5.65688		
23.22		5.65412		
23.23		5.65136		
23.24		5.64861		
23.25		5.64586		
23.26		5.64311		
23.27		5.64037		
23.28		5.63763		
23.29		5.63489		
23.3		5.63215		
23.31		5.62942		
23.32		5.62668		
23.33		5.62395		
23.34		5.62123		
23.35		5.6185		
23.36		5.61578		
23.37		5.61306		
23.38		5.61034		
23.39		5.60763		
23.4		5.60492		
23.41		5.60221		
23.42		5.5995		
23.43		5.5968		
23.44		5.59409		
23.45		5.59139		
23.46		5.5887		
23.47		5.586		
23.48		5.58331		
23.49		5.58062		
23.5		5.57793		
23.51		5.57525		
23.52		5.57257		
23.53		5.56989		
23.54		5.56721		
23.55		5.56453		
23.56		5.56186		
23.57		5.55919		
23.58		5.55652		
23.59		5.55386		
23.6		5.5512		
23.61		5.54854		
23.62		5.54588		
23.63		5.54322		
23.64		5.54057		
23.65		5.53792		
23.66		5.53527		
23.67		5.53263		
23.68		5.52998		
23.69		5.52734		
23.7		5.5247		
23.71		5.52207		
23.72		5.51943		
23.73		5.5168		
23.74		5.51417		
23.75		5.51154		
23.76		5.50892		
23.77		5.5063		
23.78		5.50368		
23.79		5.50106		
23.8		5.49845		
23.81		5.49583		
23.82		5.49322		
23.83		5.49062		
23.84		5.48801		
23.85		5.48541		
23.86		5.48281		
23.87		5.48021		
23.88		5.47761		
23.89		5.47502		
23.9		5.47243		
23.91		5.46984		
23.92		5.46725		
23.93		5.46467		
23.94		5.46209		
23.95		5.45951		
23.96		5.45693		
23.97		5.45435		
23.98		5.45178		
23.99		5.44921		
24		5.44664		
24.01		5.44408		
24.02		5.44151		
24.03		5.43895		
24.04		5.43639		
24.05		5.43384		
24.06		5.43128		
24.07		5.42873		
24.08		5.42618		
24.09		5.42363		
24.1		5.42109		
24.11		5.41854		
24.12		5.416		
24.13		5.41346		
24.14		5.41093		
24.15		5.40839		
24.16		5.40586		
24.17		5.40333		
24.18		5.4008		
24.19		5.39828		
24.2		5.39576		
24.21		5.39324		
24.22		5.39072		
24.23		5.3882		
24.24		5.38569		
24.25		5.38318		
24.26		5.38067		
24.27		5.37816		
24.28		5.37565		
24.29		5.37315		
24.3		5.37065		
24.31		5.36815		
24.32		5.36566		
24.33		5.36316		
24.34		5.36067		
24.35		5.35818		
24.36		5.35569		
24.37		5.35321		
24.38		5.35072		
24.39		5.34824		
24.4		5.34577		
24.41		5.34329		
24.42		5.34081		
24.43		5.33834		
24.44		5.33587		
24.45		5.3334		
24.46		5.33094		
24.47		5.32848		
24.48		5.32601		
24.49		5.32356		
24.5		5.3211		
24.51		5.31864		
24.52		5.31619		
24.53		5.31374		
24.54		5.31129		
24.55		5.30885		
24.56		5.3064		
24.57		5.30396		
24.58		5.30152		
24.59		5.29908		
24.6		5.29665		
24.61		5.29421		
24.62		5.29178		
24.63		5.28935		
24.64		5.28693		
24.65		5.2845		
24.66		5.28208		
24.67		5.27966		
24.68		5.27724		
24.69		5.27482		
24.7		5.27241		
24.71		5.26999		
24.72		5.26758		
24.73		5.26518		
24.74		5.26277		
24.75		5.26037		
24.76		5.25796		
24.77		5.25556		
24.78		5.25317		
24.79		5.25077		
24.8		5.24838		
24.81		5.24599		
24.82		5.2436		
24.83		5.24121		
24.84		5.23882		
24.85		5.23644		
24.86		5.23406		
24.87		5.23168		
24.88		5.2293		
24.89		5.22693		
24.9		5.22455		
24.91		5.22218		
24.92		5.21981		
24.93		5.21745		
24.94		5.21508		
24.95		5.21272		
24.96		5.21036		
24.97		5.208		
24.98		5.20564		
24.99		5.20329		
25		5.20093		
25.01		5.19858		
25.02		5.19623		
25.03		5.19389		
25.04		5.19154		
25.05		5.1892		
25.06		5.18686		
25.07		5.18452		
25.08		5.18218		
25.09		5.17985		
25.1		5.17752		
25.11		5.17519		
25.12		5.17286		
25.13		5.17053		
25.14		5.1682		
25.15		5.16588		
25.16		5.16356		
25.17		5.16124		
25.18		5.15893		
25.19		5.15661		
25.2		5.1543		
25.21		5.15199		
25.22		5.14968		
25.23		5.14737		
25.24		5.14506		
25.25		5.14276		
25.26		5.14046		
25.27		5.13816		
25.28		5.13586		
25.29		5.13357		
25.3		5.13127		
25.31		5.12898		
25.32		5.12669		
25.33		5.12441		
25.34		5.12212		
25.35		5.11984		
25.36		5.11755		
25.37		5.11527		
25.38		5.113		
25.39		5.11072		
25.4		5.10845		
25.41		5.10617		
25.42		5.1039		
25.43		5.10163		
25.44		5.09937		
25.45		5.0971		
25.46		5.09484		
25.47		5.09258		
25.48		5.09032		
25.49		5.08806		
25.5		5.08581		
25.51		5.08355		
25.52		5.0813		
25.53		5.07905		
25.54		5.0768		
25.55		5.07455		
25.56		5.07231		
25.57		5.07007		
25.58		5.06783		
25.59		5.06559		
25.6		5.06335		
25.61		5.06111		
25.62		5.05888		
25.63		5.05665		
25.64		5.05442		
25.65		5.05219		
25.66		5.04996		
25.67		5.04773		
25.68		5.04551		
25.69		5.04329		
25.7		5.04107		
25.71		5.03885		
25.72		5.03663		
25.73		5.03442		
25.74		5.03221		
25.75		5.02999		
25.76		5.02778		
25.77		5.02558		
25.78		5.02337		
25.79		5.02117		
25.8		5.01896		
25.81		5.01676		
25.82		5.01456		
25.83		5.01236		
25.84		5.01017		
25.85		5.00797		
25.86		5.00578		
25.87		5.00359		
25.88		5.0014		
25.89		4.99921		
25.9		4.99703		
25.91		4.99484		
25.92		4.99266		
25.93		4.99048		
25.94		4.9883		
25.95		4.98612		
25.96		4.98394		
25.97		4.98177		
25.98		4.9796		
25.99		4.97743		
26		4.97526		
26.01		4.97309		
26.02		4.97092		
26.03		4.96876		
26.04		4.9666		
26.05		4.96443		
26.06		4.96227		
26.07		4.96012		
26.08		4.95796		
26.09		4.95581		
26.1		4.95365		
26.11		4.9515		
26.12		4.94935		
26.13		4.9472		
26.14		4.94506		
26.15		4.94291		
26.16		4.94077		
26.17		4.93863		
26.18		4.93649		
26.19		4.93435		
26.2		4.93221		
26.21		4.93007		
26.22		4.92794		
26.23		4.92581		
26.24		4.92368		
26.25		4.92155		
26.26		4.91942		
26.27		4.9173		
26.28		4.91517		
26.29		4.91305		
26.3		4.91093		
26.31		4.90881		
26.32		4.90669		
26.33		4.90457		
26.34		4.90246		
26.35		4.90035		
26.36		4.89824		
26.37		4.89613		
26.38		4.89402		
26.39		4.89191		
26.4		4.88981		
26.41		4.8877		
26.42		4.8856		
26.43		4.8835		
26.44		4.8814		
26.45		4.8793		
26.46		4.87721		
26.47		4.87511		
26.48		4.87302		
26.49		4.87093		
26.5		4.86884		
26.51		4.86675		
26.52		4.86467		
26.53		4.86258		
26.54		4.8605		
26.55		4.85842		
26.56		4.85634		
26.57		4.85426		
26.58		4.85218		
26.59		4.85011		
26.6		4.84803		
26.61		4.84596		
26.62		4.84389		
26.63		4.84182		
26.64		4.83975		
26.65		4.83769		
26.66		4.83562		
26.67		4.83356		
26.68		4.8315		
26.69		4.82944		
26.7		4.82738		
26.71		4.82532		
26.72		4.82327		
26.73		4.82121		
26.74		4.81916		
26.75		4.81711		
26.76		4.81506		
26.77		4.81302		
26.78		4.81097		
26.79		4.80892		
26.8		4.80688		
26.81		4.80484		
26.82		4.8028		
26.83		4.80076		
26.84		4.79873		
26.85		4.79669		
26.86		4.79466		
26.87		4.79262		
26.88		4.79059		
26.89		4.78857		
26.9		4.78654		
26.91		4.78451		
26.92		4.78249		
26.93		4.78046		
26.94		4.77844		
26.95		4.77642		
26.96		4.7744		
26.97		4.77239		
26.98		4.77037		
26.99		4.76836		
27		4.76635		
27.01		4.76433		
27.02		4.76233		
27.03		4.76032		
27.04		4.75831		
27.05		4.75631		
27.06		4.7543		
27.07		4.7523		
27.08		4.7503		
27.09		4.7483		
27.1		4.7463		
27.11		4.74431		
27.12		4.74231		
27.13		4.74032		
27.14		4.73833		
27.15		4.73634		
27.16		4.73435		
27.17		4.73237		
27.18		4.73038		
27.19		4.7284		
27.2		4.72641		
27.21		4.72443		
27.22		4.72245		
27.23		4.72048		
27.24		4.7185		
27.25		4.71653		
27.26		4.71455		
27.27		4.71258		
27.28		4.71061		
27.29		4.70864		
27.3		4.70667		
27.31		4.70471		
27.32		4.70274		
27.33		4.70078		
27.34		4.69882		
27.35		4.69686		
27.36		4.6949		
27.37		4.69294		
27.38		4.69099		
27.39		4.68903		
27.4		4.68708		
27.41		4.68513		
27.42		4.68318		
27.43		4.68123		
27.44		4.67929		
27.45		4.67734		
27.46		4.6754		
27.47		4.67345		
27.48		4.67151		
27.49		4.66957		
27.5		4.66764		
27.51		4.6657		
27.52		4.66377		
27.53		4.66183		
27.54		4.6599		
27.55		4.65797		
27.56		4.65604		
27.57		4.65411		
27.58		4.65219		
27.59		4.65026		
27.6		4.64834		
27.61		4.64642		
27.62		4.6445		
27.63		4.64258		
27.64		4.64066		
27.65		4.63874		
27.66		4.63683		
27.67		4.63491		
27.68		4.633		
27.69		4.63109		
27.7		4.62918		
27.71		4.62728		
27.72		4.62537		
27.73		4.62347		
27.74		4.62156		
27.75		4.61966		
27.76		4.61776		
27.77		4.61586		
27.78		4.61396		
27.79		4.61207		
27.8		4.61017		
27.81		4.60828		
27.82		4.60639		
27.83		4.6045		
27.84		4.60261		
27.85		4.60072		
27.86		4.59884		
27.87		4.59695		
27.88		4.59507		
27.89		4.59319		
27.9		4.5913		
27.91		4.58943		
27.92		4.58755		
27.93		4.58567		
27.94		4.5838		
27.95		4.58192		
27.96		4.58005		
27.97		4.57818		
27.98		4.57631		
27.99		4.57444		
28		4.57258		
28.01		4.57071		
28.02		4.56885		
28.03		4.56699		
28.04		4.56513		
28.05		4.56327		
28.06		4.56141		
28.07		4.55955		
28.08		4.5577		
28.09		4.55584		
28.1		4.55399		
28.11		4.55214		
28.12		4.55029		
28.13		4.54844		
28.14		4.5466		
28.15		4.54475		
28.16		4.54291		
28.17		4.54106		
28.18		4.53922		
28.19		4.53738		
28.2		4.53554		
28.21		4.53371		
28.22		4.53187		
28.23		4.53004		
28.24		4.5282		
28.25		4.52637		
28.26		4.52454		
28.27		4.52271		
28.28		4.52088		
28.29		4.51906		
28.3		4.51723		
28.31		4.51541		
28.32		4.51359		
28.33		4.51177		
28.34		4.50995		
28.35		4.50813		
28.36		4.50631		
28.37		4.5045		
28.38		4.50268		
28.39		4.50087		
28.4		4.49906		
28.41		4.49725		
28.42		4.49544		
28.43		4.49363		
28.44		4.49183		
28.45		4.49002		
28.46		4.48822		
28.47		4.48642		
28.48		4.48462		
28.49		4.48282		
28.5		4.48102		
28.51		4.47922		
28.52		4.47743		
28.53		4.47563		
28.54		4.47384		
28.55		4.47205		
28.56		4.47026		
28.57		4.46847		
28.58		4.46668		
28.59		4.4649		
28.6		4.46311		
28.61		4.46133		
28.62		4.45955		
28.63		4.45777		
28.64		4.45599		
28.65		4.45421		
28.66		4.45243		
28.67		4.45066		
28.68		4.44888		
28.69		4.44711		
28.7		4.44534		
28.71		4.44357		
28.72		4.4418		
28.73		4.44003		
28.74		4.43827		
28.75		4.4365		
28.76		4.43474		
28.77		4.43298		
28.78		4.43122		
28.79		4.42946		
28.8		4.4277		
28.81		4.42594		
28.82		4.42418		
28.83		4.42243		
28.84		4.42068		
28.85		4.41892		
28.86		4.41717		
28.87		4.41542		
28.88		4.41368		
28.89		4.41193		
28.9		4.41018		
28.91		4.40844		
28.92		4.4067		
28.93		4.40496		
28.94		4.40321		
28.95		4.40148		
28.96		4.39974		
28.97		4.398		
28.98		4.39627		
28.99		4.39453		
29		4.3928		
29.01		4.39107		
29.02		4.38934		
29.03		4.38761		
29.04		4.38588		
29.05		4.38415		
29.06		4.38243		
29.07		4.38071		
29.08		4.37898		
29.09		4.37726		
29.1		4.37554		
29.11		4.37382		
29.12		4.37211		
29.13		4.37039		
29.14		4.36867		
29.15		4.36696		
29.16		4.36525		
29.17		4.36354		
29.18		4.36183		
29.19		4.36012		
29.2		4.35841		
29.21		4.3567		
29.22		4.355		
29.23		4.35329		
29.24		4.35159		
29.25		4.34989		
29.26		4.34819		
29.27		4.34649		
29.28		4.34479		
29.29		4.3431		
29.3		4.3414		
29.31		4.33971		
29.32		4.33802		
29.33		4.33632		
29.34		4.33463		
29.35		4.33295		
29.36		4.33126		
29.37		4.32957		
29.38		4.32789		
29.39		4.3262		
29.4		4.32452		
29.41		4.32284		
29.42		4.32116		
29.43		4.31948		
29.44		4.3178		
29.45		4.31612		
29.46		4.31445		
29.47		4.31277		
29.48		4.3111		
29.49		4.30943		
29.5		4.30776		
29.51		4.30609		
29.52		4.30442		
29.53		4.30275		
29.54		4.30109		
29.55		4.29942		
29.56		4.29776		
29.57		4.2961		
29.58		4.29443		
29.59		4.29277		
29.6		4.29112		
29.61		4.28946		
29.62		4.2878		
29.63		4.28615		
29.64		4.28449		
29.65		4.28284		
29.66		4.28119		
29.67		4.27954		
29.68		4.27789		
29.69		4.27624		
29.7		4.27459		
29.71		4.27295		
29.72		4.2713		
29.73		4.26966		
29.74		4.26802		
29.75		4.26638		
29.76		4.26474		
29.77		4.2631		
29.78		4.26146		
29.79		4.25983		
29.8		4.25819		
29.81		4.25656		
29.82		4.25493		
29.83		4.25329		
29.84		4.25166		
29.85		4.25003		
29.86		4.24841		
29.87		4.24678		
29.88		4.24515		
29.89		4.24353		
29.9		4.24191		
29.91		4.24028		
29.92		4.23866		
29.93		4.23704		
29.94		4.23542		
29.95		4.23381		
29.96		4.23219		
29.97		4.23057		
29.98		4.22896		
29.99		4.22735		
30		4.22574		
