tau [fm]		e/e0
0.25		1
0.26		0.961482		
0.27		0.92575		
0.28		0.892512		
0.29		0.861516		
0.3		0.832542		
0.31		0.8054		
0.32		0.779921		
0.33		0.755958		
0.34		0.733378		
0.35		0.712066		
0.36		0.691919		
0.37		0.672842		
0.38		0.654754		
0.39		0.63758		
0.4		0.621251		
0.41		0.605709		
0.42		0.590896		
0.43		0.576763		
0.44		0.563265		
0.45		0.550359		
0.46		0.538008		
0.47		0.526177		
0.48		0.514833		
0.49		0.503947		
0.5		0.493493		
0.51		0.483445		
0.52		0.473779		
0.53		0.464475		
0.54		0.455513		
0.55		0.446874		
0.56		0.438541		
0.57		0.430498		
0.58		0.422731		
0.59		0.415225		
0.6		0.407968		
0.61		0.400947		
0.62		0.394152		
0.63		0.387571		
0.64		0.381194		
0.65		0.375013		
0.66		0.369018		
0.67		0.363202		
0.68		0.357555		
0.69		0.352072		
0.7		0.346745		
0.71		0.341567		
0.72		0.336533		
0.73		0.331637		
0.74		0.326872		
0.75		0.322234		
0.76		0.317718		
0.77		0.313319		
0.78		0.309033		
0.79		0.304855		
0.8		0.300782		
0.81		0.296808		
0.82		0.292932		
0.83		0.28915		
0.84		0.285457		
0.85		0.281851		
0.86		0.278329		
0.87		0.274889		
0.88		0.271526		
0.89		0.268239		
0.9		0.265026		
0.91		0.261883		
0.92		0.258808		
0.93		0.2558		
0.94		0.252856		
0.95		0.249975		
0.96		0.247153		
0.97		0.24439		
0.98		0.241683		
0.99		0.239032		
1		0.236433		
1.01		0.233887		
1.02		0.23139		
1.03		0.228943		
1.04		0.226542		
1.05		0.224188		
1.06		0.221878		
1.07		0.219612		
1.08		0.217388		
1.09		0.215205		
1.1		0.213062		
1.11		0.210958		
1.12		0.208892		
1.13		0.206862		
1.14		0.204869		
1.15		0.202911		
1.16		0.200986		
1.17		0.199095		
1.18		0.197236		
1.19		0.195409		
1.2		0.193613		
1.21		0.191846		
1.22		0.190109		
1.23		0.188401		
1.24		0.18672		
1.25		0.185066		
1.26		0.183439		
1.27		0.181838		
1.28		0.180263		
1.29		0.178712		
1.3		0.177185		
1.31		0.175682		
1.32		0.174202		
1.33		0.172745		
1.34		0.171309		
1.35		0.169896		
1.36		0.168503		
1.37		0.167131		
1.38		0.165779		
1.39		0.164447		
1.4		0.163135		
1.41		0.161841		
1.42		0.160566		
1.43		0.159309		
1.44		0.15807		
1.45		0.156848		
1.46		0.155643		
1.47		0.154455		
1.48		0.153283		
1.49		0.152128		
1.5		0.150988		
1.51		0.149863		
1.52		0.148754		
1.53		0.147659		
1.54		0.146579		
1.55		0.145513		
1.56		0.144461		
1.57		0.143423		
1.58		0.142399		
1.59		0.141387		
1.6		0.140388		
1.61		0.139403		
1.62		0.138429		
1.63		0.137468		
1.64		0.136519		
1.65		0.135581		
1.66		0.134656		
1.67		0.133741		
1.68		0.132838		
1.69		0.131946		
1.7		0.131064		
1.71		0.130193		
1.72		0.129333		
1.73		0.128483		
1.74		0.127643		
1.75		0.126812		
1.76		0.125992		
1.77		0.125181		
1.78		0.124379		
1.79		0.123587		
1.8		0.122803		
1.81		0.122029		
1.82		0.121263		
1.83		0.120506		
1.84		0.119758		
1.85		0.119017		
1.86		0.118285		
1.87		0.117562		
1.88		0.116846		
1.89		0.116138		
1.9		0.115437		
1.91		0.114744		
1.92		0.114059		
1.93		0.113381		
1.94		0.11271		
1.95		0.112047		
1.96		0.11139		
1.97		0.11074		
1.98		0.110098		
1.99		0.109461		
2		0.108832		
2.01		0.108209		
2.02		0.107592		
2.03		0.106982		
2.04		0.106377		
2.05		0.105779		
2.06		0.105187		
2.07		0.104601		
2.08		0.104021		
2.09		0.103447		
2.1		0.102878		
2.11		0.102315		
2.12		0.101757		
2.13		0.101205		
2.14		0.100658		
2.15		0.100117		
2.16		0.0995806		
2.17		0.0990495		
2.18		0.0985235		
2.19		0.0980025		
2.2		0.0974865		
2.21		0.0969753		
2.22		0.0964689		
2.23		0.0959673		
2.24		0.0954704		
2.25		0.094978		
2.26		0.0944903		
2.27		0.094007		
2.28		0.0935282		
2.29		0.0930537		
2.3		0.0925835		
2.31		0.0921177		
2.32		0.091656		
2.33		0.0911985		
2.34		0.090745		
2.35		0.0902956		
2.36		0.0898502		
2.37		0.0894088		
2.38		0.0889712		
2.39		0.0885375		
2.4		0.0881076		
2.41		0.0876814		
2.42		0.087259		
2.43		0.0868401		
2.44		0.0864249		
2.45		0.0860133		
2.46		0.0856051		
2.47		0.0852005		
2.48		0.0847992		
2.49		0.0844014		
2.5		0.0840069		
2.51		0.0836157		
2.52		0.0832278		
2.53		0.0828431		
2.54		0.0824617		
2.55		0.0820833		
2.56		0.0817081		
2.57		0.081336		
2.58		0.0809669		
2.59		0.0806008		
2.6		0.0802376		
2.61		0.0798775		
2.62		0.0795202		
2.63		0.0791658		
2.64		0.0788142		
2.65		0.0784654		
2.66		0.0781194		
2.67		0.0777762		
2.68		0.0774356		
2.69		0.0770977		
2.7		0.0767625		
2.71		0.0764299		
2.72		0.0760999		
2.73		0.0757724		
2.74		0.0754475		
2.75		0.0751251		
2.76		0.0748051		
2.77		0.0744876		
2.78		0.0741725		
2.79		0.0738598		
2.8		0.0735495		
2.81		0.0732415		
2.82		0.0729358		
2.83		0.0726325		
2.84		0.0723314		
2.85		0.0720325		
2.86		0.0717359		
2.87		0.0714414		
2.88		0.0711492		
2.89		0.070859		
2.9		0.070571		
2.91		0.0702851		
2.92		0.0700013		
2.93		0.0697196		
2.94		0.0694399		
2.95		0.0691622		
2.96		0.0688865		
2.97		0.0686127		
2.98		0.068341		
2.99		0.0680711		
3		0.0678032		
3.01		0.0675372		
3.02		0.067273		
3.03		0.0670108		
3.04		0.0667503		
3.05		0.0664917		
3.06		0.0662349		
3.07		0.0659798		
3.08		0.0657266		
3.09		0.065475		
3.1		0.0652252		
3.11		0.0649772		
3.12		0.0647308		
3.13		0.0644861		
3.14		0.0642431		
3.15		0.0640017		
3.16		0.0637619		
3.17		0.0635238		
3.18		0.0632873		
3.19		0.0630523		
3.2		0.0628189		
3.21		0.0625871		
3.22		0.0623568		
3.23		0.0621281		
3.24		0.0619008		
3.25		0.0616751		
3.26		0.0614508		
3.27		0.061228		
3.28		0.0610067		
3.29		0.0607868		
3.3		0.0605683		
3.31		0.0603512		
3.32		0.0601356		
3.33		0.0599213		
3.34		0.0597084		
3.35		0.0594969		
3.36		0.0592867		
3.37		0.0590779		
3.38		0.0588704		
3.39		0.0586642		
3.4		0.0584593		
3.41		0.0582556		
3.42		0.0580533		
3.43		0.0578523		
3.44		0.0576524		
3.45		0.0574539		
3.46		0.0572565		
3.47		0.0570604		
3.48		0.0568655		
3.49		0.0566718		
3.5		0.0564793		
3.51		0.056288		
3.52		0.0560978		
3.53		0.0559088		
3.54		0.055721		
3.55		0.0555343		
3.56		0.0553487		
3.57		0.0551642		
3.58		0.0549809		
3.59		0.0547986		
3.6		0.0546175		
3.61		0.0544374		
3.62		0.0542584		
3.63		0.0540804		
3.64		0.0539035		
3.65		0.0537277		
3.66		0.0535528		
3.67		0.0533791		
3.68		0.0532063		
3.69		0.0530345		
3.7		0.0528638		
3.71		0.052694		
3.72		0.0525252		
3.73		0.0523574		
3.74		0.0521906		
3.75		0.0520247		
3.76		0.0518598		
3.77		0.0516958		
3.78		0.0515328		
3.79		0.0513706		
3.8		0.0512095		
3.81		0.0510492		
3.82		0.0508898		
3.83		0.0507313		
3.84		0.0505738		
3.85		0.0504171		
3.86		0.0502612		
3.87		0.0501063		
3.88		0.0499522		
3.89		0.049799		
3.9		0.0496466		
3.91		0.0494951		
3.92		0.0493444		
3.93		0.0491945		
3.94		0.0490455		
3.95		0.0488973		
3.96		0.0487498		
3.97		0.0486032		
3.98		0.0484574		
3.99		0.0483124		
4		0.0481682		
4.01		0.0480247		
4.02		0.047882		
4.03		0.0477401		
4.04		0.0475989		
4.05		0.0474585		
4.06		0.0473189		
4.07		0.04718		
4.08		0.0470418		
4.09		0.0469044		
4.1		0.0467677		
4.11		0.0466317		
4.12		0.0464964		
4.13		0.0463619		
4.14		0.046228		
4.15		0.0460948		
4.16		0.0459624		
4.17		0.0458306		
4.18		0.0456995		
4.19		0.0455691		
4.2		0.0454394		
4.21		0.0453103		
4.22		0.0451819		
4.23		0.0450542		
4.24		0.0449271		
4.25		0.0448007		
4.26		0.0446749		
4.27		0.0445497		
4.28		0.0444252		
4.29		0.0443013		
4.3		0.0441781		
4.31		0.0440554		
4.32		0.0439334		
4.33		0.043812		
4.34		0.0436912		
4.35		0.043571		
4.36		0.0434514		
4.37		0.0433324		
4.38		0.043214		
4.39		0.0430962		
4.4		0.042979		
4.41		0.0428623		
4.42		0.0427462		
4.43		0.0426307		
4.44		0.0425158		
4.45		0.0424014		
4.46		0.0422876		
4.47		0.0421743		
4.48		0.0420616		
4.49		0.0419494		
4.5		0.0418378		
4.51		0.0417267		
4.52		0.0416161		
4.53		0.0415061		
4.54		0.0413966		
4.55		0.0412876		
4.56		0.0411792		
4.57		0.0410712		
4.58		0.0409638		
4.59		0.0408569		
4.6		0.0407505		
4.61		0.0406446		
4.62		0.0405392		
4.63		0.0404343		
4.64		0.0403299		
4.65		0.040226		
4.66		0.0401226		
4.67		0.0400196		
4.68		0.0399171		
4.69		0.0398152		
4.7		0.0397136		
4.71		0.0396126		
4.72		0.039512		
4.73		0.0394119		
4.74		0.0393122		
4.75		0.039213		
4.76		0.0391143		
4.77		0.039016		
4.78		0.0389182		
4.79		0.0388208		
4.8		0.0387238		
4.81		0.0386273		
4.82		0.0385313		
4.83		0.0384356		
4.84		0.0383404		
4.85		0.0382456		
4.86		0.0381513		
4.87		0.0380574		
4.88		0.0379639		
4.89		0.0378708		
4.9		0.0377781		
4.91		0.0376858		
4.92		0.037594		
4.93		0.0375025		
4.94		0.0374115		
4.95		0.0373209		
4.96		0.0372306		
4.97		0.0371408		
4.98		0.0370514		
4.99		0.0369623		
5		0.0368736		
5.01		0.0367854		
5.02		0.0366975		
5.03		0.03661		
5.04		0.0365229		
5.05		0.0364361		
5.06		0.0363497		
5.07		0.0362637		
5.08		0.0361781		
5.09		0.0360928		
5.1		0.036008		
5.11		0.0359234		
5.12		0.0358393		
5.13		0.0357554		
5.14		0.035672		
5.15		0.0355889		
5.16		0.0355062		
5.17		0.0354238		
5.18		0.0353417		
5.19		0.03526		
5.2		0.0351787		
5.21		0.0350977		
5.22		0.035017		
5.23		0.0349366		
5.24		0.0348566		
5.25		0.034777		
5.26		0.0346977		
5.27		0.0346187		
5.28		0.03454		
5.29		0.0344616		
5.3		0.0343836		
5.31		0.0343059		
5.32		0.0342285		
5.33		0.0341515		
5.34		0.0340747		
5.35		0.0339983		
5.36		0.0339222		
5.37		0.0338464		
5.38		0.0337709		
5.39		0.0336957		
5.4		0.0336208		
5.41		0.0335462		
5.42		0.0334719		
5.43		0.033398		
5.44		0.0333243		
5.45		0.0332509		
5.46		0.0331778		
5.47		0.033105		
5.48		0.0330325		
5.49		0.0329603		
5.5		0.0328884		
5.51		0.0328168		
5.52		0.0327454		
5.53		0.0326743		
5.54		0.0326035		
5.55		0.032533		
5.56		0.0324628		
5.57		0.0323929		
5.58		0.0323232		
5.59		0.0322538		
5.6		0.0321847		
5.61		0.0321158		
5.62		0.0320472		
5.63		0.0319789		
5.64		0.0319108		
5.65		0.031843		
5.66		0.0317755		
5.67		0.0317082		
5.68		0.0316412		
5.69		0.0315745		
5.7		0.031508		
5.71		0.0314418		
5.72		0.0313758		
5.73		0.0313101		
5.74		0.0312446		
5.75		0.0311794		
5.76		0.0311144		
5.77		0.0310497		
5.78		0.0309852		
5.79		0.030921		
5.8		0.030857		
5.81		0.0307932		
5.82		0.0307297		
5.83		0.0306664		
5.84		0.0306034		
5.85		0.0305406		
5.86		0.0304781		
5.87		0.0304157		
5.88		0.0303537		
5.89		0.0302918		
5.9		0.0302302		
5.91		0.0301688		
5.92		0.0301076		
5.93		0.0300467		
5.94		0.029986		
5.95		0.0299255		
5.96		0.0298652		
5.97		0.0298052		
5.98		0.0297453		
5.99		0.0296857		
6		0.0296263		
6.01		0.0295672		
6.02		0.0295082		
6.03		0.0294495		
6.04		0.029391		
6.05		0.0293327		
6.06		0.0292746		
6.07		0.0292167		
6.08		0.029159		
6.09		0.0291015		
6.1		0.0290443		
6.11		0.0289872		
6.12		0.0289304		
6.13		0.0288737		
6.14		0.0288173		
6.15		0.0287611		
6.16		0.028705		
6.17		0.0286492		
6.18		0.0285935		
6.19		0.0285381		
6.2		0.0284829		
6.21		0.0284278		
6.22		0.028373		
6.23		0.0283183		
6.24		0.0282638		
6.25		0.0282096		
6.26		0.0281555		
6.27		0.0281016		
6.28		0.0280479		
6.29		0.0279944		
6.3		0.0279411		
6.31		0.0278879		
6.32		0.027835		
6.33		0.0277822		
6.34		0.0277296		
6.35		0.0276772		
6.36		0.027625		
6.37		0.0275729		
6.38		0.0275211		
6.39		0.0274694		
6.4		0.0274179		
6.41		0.0273666		
6.42		0.0273154		
6.43		0.0272644		
6.44		0.0272136		
6.45		0.027163		
6.46		0.0271126		
6.47		0.0270623		
6.48		0.0270122		
6.49		0.0269622		
6.5		0.0269125		
6.51		0.0268629		
6.52		0.0268134		
6.53		0.0267642		
6.54		0.0267151		
6.55		0.0266661		
6.56		0.0266174		
6.57		0.0265688		
6.58		0.0265203		
6.59		0.026472		
6.6		0.0264239		
6.61		0.026376		
6.62		0.0263282		
6.63		0.0262805		
6.64		0.026233		
6.65		0.0261857		
6.66		0.0261386		
6.67		0.0260915		
6.68		0.0260447		
6.69		0.025998		
6.7		0.0259514		
6.71		0.025905		
6.72		0.0258588		
6.73		0.0258127		
6.74		0.0257668		
6.75		0.025721		
6.76		0.0256754		
6.77		0.0256299		
6.78		0.0255845		
6.79		0.0255393		
6.8		0.0254943		
6.81		0.0254494		
6.82		0.0254046		
6.83		0.02536		
6.84		0.0253156		
6.85		0.0252712		
6.86		0.0252271		
6.87		0.025183		
6.88		0.0251391		
6.89		0.0250954		
6.9		0.0250517		
6.91		0.0250083		
6.92		0.0249649		
6.93		0.0249217		
6.94		0.0248787		
6.95		0.0248357		
6.96		0.024793		
6.97		0.0247503		
6.98		0.0247078		
6.99		0.0246654		
7		0.0246232		
7.01		0.024581		
7.02		0.0245391		
7.03		0.0244972		
7.04		0.0244555		
7.05		0.0244139		
7.06		0.0243724		
7.07		0.0243311		
7.08		0.0242899		
7.09		0.0242488		
7.1		0.0242079		
7.11		0.0241671		
7.12		0.0241264		
7.13		0.0240858		
7.14		0.0240454		
7.15		0.0240051		
7.16		0.0239649		
7.17		0.0239248		
7.18		0.0238849		
7.19		0.0238451		
7.2		0.0238054		
7.21		0.0237658		
7.22		0.0237263		
7.23		0.023687		
7.24		0.0236478		
7.25		0.0236087		
7.26		0.0235697		
7.27		0.0235309		
7.28		0.0234921		
7.29		0.0234535		
7.3		0.023415		
7.31		0.0233766		
7.32		0.0233384		
7.33		0.0233002		
7.34		0.0232622		
7.35		0.0232243		
7.36		0.0231864		
7.37		0.0231487		
7.38		0.0231112		
7.39		0.0230737		
7.4		0.0230363		
7.41		0.0229991		
7.42		0.022962		
7.43		0.0229249		
7.44		0.022888		
7.45		0.0228512		
7.46		0.0228145		
7.47		0.0227779		
7.48		0.0227414		
7.49		0.0227051		
7.5		0.0226688		
7.51		0.0226326		
7.52		0.0225966		
7.53		0.0225606		
7.54		0.0225248		
7.55		0.0224891		
7.56		0.0224534		
7.57		0.0224179		
7.58		0.0223825		
7.59		0.0223472		
7.6		0.022312		
7.61		0.0222768		
7.62		0.0222418		
7.63		0.0222069		
7.64		0.0221721		
7.65		0.0221374		
7.66		0.0221028		
7.67		0.0220683		
7.68		0.0220339		
7.69		0.0219996		
7.7		0.0219654		
7.71		0.0219312		
7.72		0.0218972		
7.73		0.0218633		
7.74		0.0218295		
7.75		0.0217958		
7.76		0.0217621		
7.77		0.0217286		
7.78		0.0216952		
7.79		0.0216618		
7.8		0.0216286		
7.81		0.0215954		
7.82		0.0215624		
7.83		0.0215294		
7.84		0.0214965		
7.85		0.0214638		
7.86		0.0214311		
7.87		0.0213985		
7.88		0.021366		
7.89		0.0213336		
7.9		0.0213012		
7.91		0.021269		
7.92		0.0212369		
7.93		0.0212048		
7.94		0.0211729		
7.95		0.021141		
7.96		0.0211092		
7.97		0.0210775		
7.98		0.0210459		
7.99		0.0210144		
8		0.020983		
8.01		0.0209516		
8.02		0.0209204		
8.03		0.0208892		
8.04		0.0208581		
8.05		0.0208271		
8.06		0.0207962		
8.07		0.0207653		
8.08		0.0207346		
8.09		0.0207039		
8.1		0.0206734		
8.11		0.0206429		
8.12		0.0206125		
8.13		0.0205821		
8.14		0.0205519		
8.15		0.0205217		
8.16		0.0204916		
8.17		0.0204616		
8.18		0.0204317		
8.19		0.0204019		
8.2		0.0203721		
8.21		0.0203424		
8.22		0.0203128		
8.23		0.0202833		
8.24		0.0202539		
8.25		0.0202245		
8.26		0.0201953		
8.27		0.0201661		
8.28		0.0201369		
8.29		0.0201079		
8.3		0.0200789		
8.31		0.02005		
8.32		0.0200212		
8.33		0.0199925		
8.34		0.0199638		
8.35		0.0199352		
8.36		0.0199067		
8.37		0.0198783		
8.38		0.0198499		
8.39		0.0198216		
8.4		0.0197934		
8.41		0.0197653		
8.42		0.0197372		
8.43		0.0197093		
8.44		0.0196813		
8.45		0.0196535		
8.46		0.0196257		
8.47		0.019598		
8.48		0.0195704		
8.49		0.0195429		
8.5		0.0195154		
8.51		0.019488		
8.52		0.0194607		
8.53		0.0194334		
8.54		0.0194062		
8.55		0.0193791		
8.56		0.019352		
8.57		0.019325		
8.58		0.0192981		
8.59		0.0192713		
8.6		0.0192445		
8.61		0.0192178		
8.62		0.0191912		
8.63		0.0191646		
8.64		0.0191381		
8.65		0.0191117		
8.66		0.0190853		
8.67		0.019059		
8.68		0.0190328		
8.69		0.0190066		
8.7		0.0189805		
8.71		0.0189545		
8.72		0.0189285		
8.73		0.0189026		
8.74		0.0188768		
8.75		0.018851		
8.76		0.0188253		
8.77		0.0187997		
8.78		0.0187741		
8.79		0.0187486		
8.8		0.0187232		
8.81		0.0186978		
8.82		0.0186725		
8.83		0.0186472		
8.84		0.0186221		
8.85		0.0185969		
8.86		0.0185719		
8.87		0.0185469		
8.88		0.0185219		
8.89		0.0184971		
8.9		0.0184722		
8.91		0.0184475		
8.92		0.0184228		
8.93		0.0183982		
8.94		0.0183736		
8.95		0.0183491		
8.96		0.0183247		
8.97		0.0183003		
8.98		0.018276		
8.99		0.0182517		
9		0.0182275		
9.01		0.0182033		
9.02		0.0181793		
9.03		0.0181552		
9.04		0.0181313		
9.05		0.0181074		
9.06		0.0180835		
9.07		0.0180597		
9.08		0.018036		
9.09		0.0180123		
9.1		0.0179887		
9.11		0.0179651		
9.12		0.0179416		
9.13		0.0179182		
9.14		0.0178948		
9.15		0.0178715		
9.16		0.0178482		
9.17		0.017825		
9.18		0.0178018		
9.19		0.0177787		
9.2		0.0177556		
9.21		0.0177326		
9.22		0.0177097		
9.23		0.0176868		
9.24		0.017664		
9.25		0.0176412		
9.26		0.0176185		
9.27		0.0175958		
9.28		0.0175732		
9.29		0.0175507		
9.3		0.0175281		
9.31		0.0175057		
9.32		0.0174833		
9.33		0.017461		
9.34		0.0174387		
9.35		0.0174164		
9.36		0.0173942		
9.37		0.0173721		
9.38		0.01735		
9.39		0.017328		
9.4		0.017306		
9.41		0.0172841		
9.42		0.0172622		
9.43		0.0172404		
9.44		0.0172186		
9.45		0.0171969		
9.46		0.0171752		
9.47		0.0171536		
9.48		0.0171321		
9.49		0.0171105		
9.5		0.0170891		
9.51		0.0170677		
9.52		0.0170463		
9.53		0.017025		
9.54		0.0170037		
9.55		0.0169825		
9.56		0.0169613		
9.57		0.0169402		
9.58		0.0169191		
9.59		0.0168981		
9.6		0.0168771		
9.61		0.0168562		
9.62		0.0168353		
9.63		0.0168145		
9.64		0.0167937		
9.65		0.016773		
9.66		0.0167523		
9.67		0.0167317		
9.68		0.0167111		
9.69		0.0166905		
9.7		0.01667		
9.71		0.0166496		
9.72		0.0166292		
9.73		0.0166088		
9.74		0.0165885		
9.75		0.0165682		
9.76		0.016548		
9.77		0.0165279		
9.78		0.0165077		
9.79		0.0164877		
9.8		0.0164676		
9.81		0.0164476		
9.82		0.0164277		
9.83		0.0164078		
9.84		0.0163879		
9.85		0.0163681		
9.86		0.0163484		
9.87		0.0163286		
9.88		0.016309		
9.89		0.0162893		
9.9		0.0162697		
9.91		0.0162502		
9.92		0.0162307		
9.93		0.0162112		
9.94		0.0161918		
9.95		0.0161725		
9.96		0.0161531		
9.97		0.0161338		
9.98		0.0161146		
9.99		0.0160954		
10		0.0160762		
10.01		0.0160571		
10.02		0.0160381		
10.03		0.016019		
10.04		0.016		
10.05		0.0159811		
10.06		0.0159622		
10.07		0.0159433		
10.08		0.0159245		
10.09		0.0159057		
10.1		0.015887		
10.11		0.0158683		
10.12		0.0158497		
10.13		0.015831		
10.14		0.0158125		
10.15		0.0157939		
10.16		0.0157754		
10.17		0.015757		
10.18		0.0157386		
10.19		0.0157202		
10.2		0.0157019		
10.21		0.0156836		
10.22		0.0156653		
10.23		0.0156471		
10.24		0.0156289		
10.25		0.0156108		
10.26		0.0155927		
10.27		0.0155747		
10.28		0.0155566		
10.29		0.0155387		
10.3		0.0155207		
10.31		0.0155028		
10.32		0.015485		
10.33		0.0154671		
10.34		0.0154494		
10.35		0.0154316		
10.36		0.0154139		
10.37		0.0153962		
10.38		0.0153786		
10.39		0.015361		
10.4		0.0153434		
10.41		0.0153259		
10.42		0.0153084		
10.43		0.015291		
10.44		0.0152736		
10.45		0.0152562		
10.46		0.0152389		
10.47		0.0152216		
10.48		0.0152043		
10.49		0.0151871		
10.5		0.0151699		
10.51		0.0151528		
10.52		0.0151356		
10.53		0.0151186		
10.54		0.0151015		
10.55		0.0150845		
10.56		0.0150675		
10.57		0.0150506		
10.58		0.0150337		
10.59		0.0150168		
10.6		0.015		
10.61		0.0149832		
10.62		0.0149664		
10.63		0.0149497		
10.64		0.014933		
10.65		0.0149164		
10.66		0.0148998		
10.67		0.0148832		
10.68		0.0148666		
10.69		0.0148501		
10.7		0.0148336		
10.71		0.0148172		
10.72		0.0148007		
10.73		0.0147844		
10.74		0.014768		
10.75		0.0147517		
10.76		0.0147354		
10.77		0.0147192		
10.78		0.014703		
10.79		0.0146868		
10.8		0.0146706		
10.81		0.0146545		
10.82		0.0146384		
10.83		0.0146224		
10.84		0.0146064		
10.85		0.0145904		
10.86		0.0145745		
10.87		0.0145585		
10.88		0.0145427		
10.89		0.0145268		
10.9		0.014511		
10.91		0.0144952		
10.92		0.0144794		
10.93		0.0144637		
10.94		0.014448		
10.95		0.0144324		
10.96		0.0144167		
10.97		0.0144011		
10.98		0.0143856		
10.99		0.0143701		
11		0.0143545		
11.01		0.0143391		
11.02		0.0143236		
11.03		0.0143082		
11.04		0.0142929		
11.05		0.0142775		
11.06		0.0142622		
11.07		0.0142469		
11.08		0.0142317		
11.09		0.0142164		
11.1		0.0142012		
11.11		0.0141861		
11.12		0.0141709		
11.13		0.0141558		
11.14		0.0141408		
11.15		0.0141257		
11.16		0.0141107		
11.17		0.0140957		
11.18		0.0140808		
11.19		0.0140659		
11.2		0.014051		
11.21		0.0140361		
11.22		0.0140213		
11.23		0.0140065		
11.24		0.0139917		
11.25		0.0139769		
11.26		0.0139622		
11.27		0.0139475		
11.28		0.0139329		
11.29		0.0139182		
11.3		0.0139036		
11.31		0.0138891		
11.32		0.0138745		
11.33		0.01386		
11.34		0.0138455		
11.35		0.0138311		
11.36		0.0138166		
11.37		0.0138022		
11.38		0.0137878		
11.39		0.0137735		
11.4		0.0137592		
11.41		0.0137449		
11.42		0.0137306		
11.43		0.0137164		
11.44		0.0137022		
11.45		0.013688		
11.46		0.0136738		
11.47		0.0136597		
11.48		0.0136456		
11.49		0.0136315		
11.5		0.0136175		
11.51		0.0136035		
11.52		0.0135895		
11.53		0.0135755		
11.54		0.0135616		
11.55		0.0135477		
11.56		0.0135338		
11.57		0.0135199		
11.58		0.0135061		
11.59		0.0134923		
11.6		0.0134785		
11.61		0.0134648		
11.62		0.0134511		
11.63		0.0134374		
11.64		0.0134237		
11.65		0.01341		
11.66		0.0133964		
11.67		0.0133828		
11.68		0.0133693		
11.69		0.0133557		
11.7		0.0133422		
11.71		0.0133287		
11.72		0.0133152		
11.73		0.0133018		
11.74		0.0132884		
11.75		0.013275		
11.76		0.0132616		
11.77		0.0132483		
11.78		0.013235		
11.79		0.0132217		
11.8		0.0132084		
11.81		0.0131952		
11.82		0.013182		
11.83		0.0131688		
11.84		0.0131556		
11.85		0.0131425		
11.86		0.0131294		
11.87		0.0131163		
11.88		0.0131032		
11.89		0.0130902		
11.9		0.0130771		
11.91		0.0130641		
11.92		0.0130512		
11.93		0.0130382		
11.94		0.0130253		
11.95		0.0130124		
11.96		0.0129995		
11.97		0.0129867		
11.98		0.0129739		
11.99		0.0129611		
12		0.0129483		
12.01		0.0129355		
12.02		0.0129228		
12.03		0.0129101		
12.04		0.0128974		
12.05		0.0128848		
12.06		0.0128721		
12.07		0.0128595		
12.08		0.0128469		
12.09		0.0128343		
12.1		0.0128218		
12.11		0.0128093		
12.12		0.0127968		
12.13		0.0127843		
12.14		0.0127718		
12.15		0.0127594		
12.16		0.012747		
12.17		0.0127346		
12.18		0.0127223		
12.19		0.0127099		
12.2		0.0126976		
12.21		0.0126853		
12.22		0.012673		
12.23		0.0126608		
12.24		0.0126486		
12.25		0.0126363		
12.26		0.0126242		
12.27		0.012612		
12.28		0.0125999		
12.29		0.0125877		
12.3		0.0125756		
12.31		0.0125636		
12.32		0.0125515		
12.33		0.0125395		
12.34		0.0125275		
12.35		0.0125155		
12.36		0.0125035		
12.37		0.0124916		
12.38		0.0124797		
12.39		0.0124677		
12.4		0.0124559		
12.41		0.012444		
12.42		0.0124322		
12.43		0.0124204		
12.44		0.0124086		
12.45		0.0123968		
12.46		0.012385		
12.47		0.0123733		
12.48		0.0123616		
12.49		0.0123499		
12.5		0.0123382		
12.51		0.0123266		
12.52		0.0123149		
12.53		0.0123033		
12.54		0.0122917		
12.55		0.0122802		
12.56		0.0122686		
12.57		0.0122571		
12.58		0.0122456		
12.59		0.0122341		
12.6		0.0122226		
12.61		0.0122112		
12.62		0.0121998		
12.63		0.0121884		
12.64		0.012177		
12.65		0.0121656		
12.66		0.0121543		
12.67		0.0121429		
12.68		0.0121316		
12.69		0.0121203		
12.7		0.0121091		
12.71		0.0120978		
12.72		0.0120866		
12.73		0.0120754		
12.74		0.0120642		
12.75		0.012053		
12.76		0.0120419		
12.77		0.0120307		
12.78		0.0120196		
12.79		0.0120085		
12.8		0.0119975		
12.81		0.0119864		
12.82		0.0119754		
12.83		0.0119644		
12.84		0.0119534		
12.85		0.0119424		
12.86		0.0119314		
12.87		0.0119205		
12.88		0.0119096		
12.89		0.0118987		
12.9		0.0118878		
12.91		0.0118769		
12.92		0.0118661		
12.93		0.0118553		
12.94		0.0118444		
12.95		0.0118337		
12.96		0.0118229		
12.97		0.0118121		
12.98		0.0118014		
12.99		0.0117907		
13		0.01178		
13.01		0.0117693		
13.02		0.0117586		
13.03		0.011748		
13.04		0.0117374		
13.05		0.0117268		
13.06		0.0117162		
13.07		0.0117056		
13.08		0.011695		
13.09		0.0116845		
13.1		0.011674		
13.11		0.0116635		
13.12		0.011653		
13.13		0.0116425		
13.14		0.0116321		
13.15		0.0116217		
13.16		0.0116113		
13.17		0.0116009		
13.18		0.0115905		
13.19		0.0115801		
13.2		0.0115698		
13.21		0.0115595		
13.22		0.0115491		
13.23		0.0115389		
13.24		0.0115286		
13.25		0.0115183		
13.26		0.0115081		
13.27		0.0114979		
13.28		0.0114877		
13.29		0.0114775		
13.3		0.0114673		
13.31		0.0114572		
13.32		0.011447		
13.33		0.0114369		
13.34		0.0114268		
13.35		0.0114167		
13.36		0.0114066		
13.37		0.0113966		
13.38		0.0113866		
13.39		0.0113765		
13.4		0.0113665		
13.41		0.0113565		
13.42		0.0113466		
13.43		0.0113366		
13.44		0.0113267		
13.45		0.0113168		
13.46		0.0113069		
13.47		0.011297		
13.48		0.0112871		
13.49		0.0112772		
13.5		0.0112674		
13.51		0.0112576		
13.52		0.0112478		
13.53		0.011238		
13.54		0.0112282		
13.55		0.0112185		
13.56		0.0112087		
13.57		0.011199		
13.58		0.0111893		
13.59		0.0111796		
13.6		0.0111699		
13.61		0.0111602		
13.62		0.0111506		
13.63		0.011141		
13.64		0.0111313		
13.65		0.0111217		
13.66		0.0111121		
13.67		0.0111026		
13.68		0.011093		
13.69		0.0110835		
13.7		0.011074		
13.71		0.0110645		
13.72		0.011055		
13.73		0.0110455		
13.74		0.011036		
13.75		0.0110266		
13.76		0.0110171		
13.77		0.0110077		
13.78		0.0109983		
13.79		0.0109889		
13.8		0.0109796		
13.81		0.0109702		
13.82		0.0109609		
13.83		0.0109515		
13.84		0.0109422		
13.85		0.0109329		
13.86		0.0109237		
13.87		0.0109144		
13.88		0.0109051		
13.89		0.0108959		
13.9		0.0108867		
13.91		0.0108775		
13.92		0.0108683		
13.93		0.0108591		
13.94		0.0108499		
13.95		0.0108408		
13.96		0.0108317		
13.97		0.0108225		
13.98		0.0108134		
13.99		0.0108043		
14		0.0107953		
14.01		0.0107862		
14.02		0.0107771		
14.03		0.0107681		
14.04		0.0107591		
14.05		0.0107501		
14.06		0.0107411		
14.07		0.0107321		
14.08		0.0107232		
14.09		0.0107142		
14.1		0.0107053		
14.11		0.0106964		
14.12		0.0106874		
14.13		0.0106786		
14.14		0.0106697		
14.15		0.0106608		
14.16		0.010652		
14.17		0.0106431		
14.18		0.0106343		
14.19		0.0106255		
14.2		0.0106167		
14.21		0.0106079		
14.22		0.0105991		
14.23		0.0105904		
14.24		0.0105816		
14.25		0.0105729		
14.26		0.0105642		
14.27		0.0105555		
14.28		0.0105468		
14.29		0.0105381		
14.3		0.0105295		
14.31		0.0105208		
14.32		0.0105122		
14.33		0.0105036		
14.34		0.010495		
14.35		0.0104864		
14.36		0.0104778		
14.37		0.0104692		
14.38		0.0104607		
14.39		0.0104521		
14.4		0.0104436		
14.41		0.0104351		
14.42		0.0104266		
14.43		0.0104181		
14.44		0.0104096		
14.45		0.0104012		
14.46		0.0103927		
14.47		0.0103843		
14.48		0.0103759		
14.49		0.0103675		
14.5		0.0103591		
14.51		0.0103507		
14.52		0.0103423		
14.53		0.0103339		
14.54		0.0103256		
14.55		0.0103173		
14.56		0.0103089		
14.57		0.0103006		
14.58		0.0102923		
14.59		0.0102841		
14.6		0.0102758		
14.61		0.0102675		
14.62		0.0102593		
14.63		0.010251		
14.64		0.0102428		
14.65		0.0102346		
14.66		0.0102264		
14.67		0.0102182		
14.68		0.0102101		
14.69		0.0102019		
14.7		0.0101938		
14.71		0.0101856		
14.72		0.0101775		
14.73		0.0101694		
14.74		0.0101613		
14.75		0.0101532		
14.76		0.0101451		
14.77		0.0101371		
14.78		0.010129		
14.79		0.010121		
14.8		0.010113		
14.81		0.010105		
14.82		0.010097		
14.83		0.010089		
14.84		0.010081		
14.85		0.010073		
14.86		0.0100651		
14.87		0.0100571		
14.88		0.0100492		
14.89		0.0100413		
14.9		0.0100334		
14.91		0.0100255		
14.92		0.0100176		
14.93		0.0100097		
14.94		0.0100019		
14.95		0.00999402		
14.96		0.00998618		
14.97		0.00997835		
14.98		0.00997054		
14.99		0.00996274		
15		0.00995495		
15.01		0.00994717		
15.02		0.0099394		
15.03		0.00993165		
15.04		0.00992391		
15.05		0.00991617		
15.06		0.00990845		
15.07		0.00990074		
15.08		0.00989304		
15.09		0.00988535		
15.1		0.00987768		
15.11		0.00987001		
15.12		0.00986236		
15.13		0.00985472		
15.14		0.00984709		
15.15		0.00983947		
15.16		0.00983186		
15.17		0.00982426		
15.18		0.00981667		
15.19		0.0098091		
15.2		0.00980153		
15.21		0.00979398		
15.22		0.00978643		
15.23		0.0097789		
15.24		0.00977138		
15.25		0.00976387		
15.26		0.00975637		
15.27		0.00974888		
15.28		0.00974141		
15.29		0.00973394		
15.3		0.00972649		
15.31		0.00971904		
15.32		0.00971161		
15.33		0.00970418		
15.34		0.00969677		
15.35		0.00968937		
15.36		0.00968198		
15.37		0.0096746		
15.38		0.00966723		
15.39		0.00965987		
15.4		0.00965252		
15.41		0.00964518		
15.42		0.00963785		
15.43		0.00963053		
15.44		0.00962323		
15.45		0.00961593		
15.46		0.00960864		
15.47		0.00960137		
15.48		0.0095941		
15.49		0.00958685		
15.5		0.0095796		
15.51		0.00957237		
15.52		0.00956515		
15.53		0.00955793		
15.54		0.00955073		
15.55		0.00954354		
15.56		0.00953635		
15.57		0.00952918		
15.58		0.00952202		
15.59		0.00951487		
15.6		0.00950773		
15.61		0.00950059		
15.62		0.00949347		
15.63		0.00948636		
15.64		0.00947926		
15.65		0.00947217		
15.66		0.00946509		
15.67		0.00945801		
15.68		0.00945095		
15.69		0.0094439		
15.7		0.00943686		
15.71		0.00942983		
15.72		0.0094228		
15.73		0.00941579		
15.74		0.00940879		
15.75		0.0094018		
15.76		0.00939482		
15.77		0.00938784		
15.78		0.00938088		
15.79		0.00937393		
15.8		0.00936698		
15.81		0.00936005		
15.82		0.00935313		
15.83		0.00934621		
15.84		0.00933931		
15.85		0.00933241		
15.86		0.00932553		
15.87		0.00931865		
15.88		0.00931178		
15.89		0.00930493		
15.9		0.00929808		
15.91		0.00929124		
15.92		0.00928441		
15.93		0.0092776		
15.94		0.00927079		
15.95		0.00926399		
15.96		0.0092572		
15.97		0.00925042		
15.98		0.00924364		
15.99		0.00923688		
16		0.00923013		
16.01		0.00922339		
16.02		0.00921665		
16.03		0.00920993		
16.04		0.00920321		
16.05		0.0091965		
16.06		0.00918981		
16.07		0.00918312		
16.08		0.00917644		
16.09		0.00916977		
16.1		0.00916311		
16.11		0.00915646		
16.12		0.00914982		
16.13		0.00914318		
16.14		0.00913656		
16.15		0.00912995		
16.16		0.00912334		
16.17		0.00911674		
16.18		0.00911016		
16.19		0.00910358		
16.2		0.00909701		
16.21		0.00909045		
16.22		0.00908389		
16.23		0.00907735		
16.24		0.00907082		
16.25		0.00906429		
16.26		0.00905778		
16.27		0.00905127		
16.28		0.00904477		
16.29		0.00903828		
16.3		0.0090318		
16.31		0.00902533		
16.32		0.00901886		
16.33		0.00901241		
16.34		0.00900596		
16.35		0.00899953		
16.36		0.0089931		
16.37		0.00898668		
16.38		0.00898027		
16.39		0.00897386		
16.4		0.00896747		
16.41		0.00896109		
16.42		0.00895471		
16.43		0.00894834		
16.44		0.00894198		
16.45		0.00893563		
16.46		0.00892929		
16.47		0.00892295		
16.48		0.00891663		
16.49		0.00891031		
16.5		0.008904		
16.51		0.0088977		
16.52		0.00889141		
16.53		0.00888513		
16.54		0.00887885		
16.55		0.00887259		
16.56		0.00886633		
16.57		0.00886008		
16.58		0.00885384		
16.59		0.00884761		
16.6		0.00884138		
16.61		0.00883516		
16.62		0.00882896		
16.63		0.00882276		
16.64		0.00881656		
16.65		0.00881038		
16.66		0.00880421		
16.67		0.00879804		
16.68		0.00879188		
16.69		0.00878573		
16.7		0.00877959		
16.71		0.00877345		
16.72		0.00876733		
16.73		0.00876121		
16.74		0.0087551		
16.75		0.008749		
16.76		0.0087429		
16.77		0.00873681		
16.78		0.00873074		
16.79		0.00872467		
16.8		0.0087186		
16.81		0.00871255		
16.82		0.0087065		
16.83		0.00870047		
16.84		0.00869444		
16.85		0.00868841		
16.86		0.0086824		
16.87		0.00867639		
16.88		0.00867039		
16.89		0.0086644		
16.9		0.00865842		
16.91		0.00865244		
16.92		0.00864648		
16.93		0.00864052		
16.94		0.00863457		
16.95		0.00862862		
16.96		0.00862269		
16.97		0.00861676		
16.98		0.00861084		
16.99		0.00860492		
17		0.00859902		
17.01		0.00859312		
17.02		0.00858723		
17.03		0.00858135		
17.04		0.00857547		
17.05		0.0085696		
17.06		0.00856374		
17.07		0.00855789		
17.08		0.00855205		
17.09		0.00854621		
17.1		0.00854038		
17.11		0.00853456		
17.12		0.00852875		
17.13		0.00852294		
17.14		0.00851714		
17.15		0.00851135		
17.16		0.00850556		
17.17		0.00849979		
17.18		0.00849402		
17.19		0.00848825		
17.2		0.0084825		
17.21		0.00847675		
17.22		0.00847101		
17.23		0.00846528		
17.24		0.00845955		
17.25		0.00845384		
17.26		0.00844812		
17.27		0.00844242		
17.28		0.00843672		
17.29		0.00843104		
17.3		0.00842535		
17.31		0.00841968		
17.32		0.00841401		
17.33		0.00840835		
17.34		0.0084027		
17.35		0.00839706		
17.36		0.00839142		
17.37		0.00838579		
17.38		0.00838016		
17.39		0.00837454		
17.4		0.00836894		
17.41		0.00836333		
17.42		0.00835774		
17.43		0.00835215		
17.44		0.00834657		
17.45		0.00834099		
17.46		0.00833543		
17.47		0.00832987		
17.48		0.00832431		
17.49		0.00831877		
17.5		0.00831323		
17.51		0.0083077		
17.52		0.00830217		
17.53		0.00829665		
17.54		0.00829114		
17.55		0.00828564		
17.56		0.00828014		
17.57		0.00827465		
17.58		0.00826917		
17.59		0.00826369		
17.6		0.00825822		
17.61		0.00825276		
17.62		0.0082473		
17.63		0.00824185		
17.64		0.00823641		
17.65		0.00823097		
17.66		0.00822554		
17.67		0.00822012		
17.68		0.00821471		
17.69		0.0082093		
17.7		0.0082039		
17.71		0.0081985		
17.72		0.00819311		
17.73		0.00818773		
17.74		0.00818236		
17.75		0.00817699		
17.76		0.00817163		
17.77		0.00816627		
17.78		0.00816092		
17.79		0.00815558		
17.8		0.00815025		
17.81		0.00814492		
17.82		0.0081396		
17.83		0.00813428		
17.84		0.00812897		
17.85		0.00812367		
17.86		0.00811837		
17.87		0.00811309		
17.88		0.0081078		
17.89		0.00810253		
17.9		0.00809726		
17.91		0.008092		
17.92		0.00808674		
17.93		0.00808149		
17.94		0.00807625		
17.95		0.00807101		
17.96		0.00806578		
17.97		0.00806055		
17.98		0.00805534		
17.99		0.00805012		
18		0.00804492		
18.01		0.00803972		
18.02		0.00803453		
18.03		0.00802934		
18.04		0.00802416		
18.05		0.00801899		
18.06		0.00801382		
18.07		0.00800866		
18.08		0.00800351		
18.09		0.00799836		
18.1		0.00799322		
18.11		0.00798808		
18.12		0.00798295		
18.13		0.00797783		
18.14		0.00797271		
18.15		0.0079676		
18.16		0.0079625		
18.17		0.0079574		
18.18		0.00795231		
18.19		0.00794722		
18.2		0.00794214		
18.21		0.00793707		
18.22		0.007932		
18.23		0.00792694		
18.24		0.00792189		
18.25		0.00791684		
18.26		0.0079118		
18.27		0.00790676		
18.28		0.00790173		
18.29		0.0078967		
18.3		0.00789169		
18.31		0.00788667		
18.32		0.00788167		
18.33		0.00787667		
18.34		0.00787167		
18.35		0.00786668		
18.36		0.0078617		
18.37		0.00785673		
18.38		0.00785175		
18.39		0.00784679		
18.4		0.00784183		
18.41		0.00783688		
18.42		0.00783193		
18.43		0.00782699		
18.44		0.00782206		
18.45		0.00781713		
18.46		0.00781221		
18.47		0.00780729		
18.48		0.00780238		
18.49		0.00779747		
18.5		0.00779257		
18.51		0.00778768		
18.52		0.00778279		
18.53		0.00777791		
18.54		0.00777303		
18.55		0.00776816		
18.56		0.0077633		
18.57		0.00775844		
18.58		0.00775359		
18.59		0.00774874		
18.6		0.0077439		
18.61		0.00773906		
18.62		0.00773423		
18.63		0.00772941		
18.64		0.00772459		
18.65		0.00771977		
18.66		0.00771497		
18.67		0.00771017		
18.68		0.00770537		
18.69		0.00770058		
18.7		0.00769579		
18.71		0.00769102		
18.72		0.00768624		
18.73		0.00768147		
18.74		0.00767671		
18.75		0.00767196		
18.76		0.00766721		
18.77		0.00766246		
18.78		0.00765772		
18.79		0.00765299		
18.8		0.00764826		
18.81		0.00764353		
18.82		0.00763882		
18.83		0.0076341		
18.84		0.0076294		
18.85		0.0076247		
18.86		0.00762		
18.87		0.00761531		
18.88		0.00761063		
18.89		0.00760595		
18.9		0.00760127		
18.91		0.00759661		
18.92		0.00759194		
18.93		0.00758729		
18.94		0.00758263		
18.95		0.00757799		
18.96		0.00757335		
18.97		0.00756871		
18.98		0.00756408		
18.99		0.00755946		
19		0.00755484		
19.01		0.00755022		
19.02		0.00754561		
19.03		0.00754101		
19.04		0.00753641		
19.05		0.00753182		
19.06		0.00752723		
19.07		0.00752265		
19.08		0.00751807		
19.09		0.0075135		
19.1		0.00750893		
19.11		0.00750437		
19.12		0.00749982		
19.13		0.00749527		
19.14		0.00749072		
19.15		0.00748618		
19.16		0.00748165		
19.17		0.00747712		
19.18		0.00747259		
19.19		0.00746807		
19.2		0.00746356		
19.21		0.00745905		
19.22		0.00745455		
19.23		0.00745005		
19.24		0.00744555		
19.25		0.00744106		
19.26		0.00743658		
19.27		0.0074321		
19.28		0.00742763		
19.29		0.00742316		
19.3		0.0074187		
19.31		0.00741424		
19.32		0.00740979		
19.33		0.00740534		
19.34		0.0074009		
19.35		0.00739646		
19.36		0.00739203		
19.37		0.0073876		
19.38		0.00738318		
19.39		0.00737876		
19.4		0.00737435		
19.41		0.00736995		
19.42		0.00736554		
19.43		0.00736115		
19.44		0.00735675		
19.45		0.00735237		
19.46		0.00734798		
19.47		0.00734361		
19.48		0.00733923		
19.49		0.00733487		
19.5		0.00733051		
19.51		0.00732615		
19.52		0.0073218		
19.53		0.00731745		
19.54		0.0073131		
19.55		0.00730877		
19.56		0.00730443		
19.57		0.00730011		
19.58		0.00729578		
19.59		0.00729146		
19.6		0.00728715		
19.61		0.00728284		
19.62		0.00727854		
19.63		0.00727424		
19.64		0.00726995		
19.65		0.00726566		
19.66		0.00726137		
19.67		0.00725709		
19.68		0.00725282		
19.69		0.00724855		
19.7		0.00724428		
19.71		0.00724002		
19.72		0.00723576		
19.73		0.00723151		
19.74		0.00722727		
19.75		0.00722303		
19.76		0.00721879		
19.77		0.00721456		
19.78		0.00721033		
19.79		0.00720611		
19.8		0.00720189		
19.81		0.00719768		
19.82		0.00719347		
19.83		0.00718926		
19.84		0.00718506		
19.85		0.00718087		
19.86		0.00717668		
19.87		0.00717249		
19.88		0.00716831		
19.89		0.00716414		
19.9		0.00715997		
19.91		0.0071558		
19.92		0.00715164		
19.93		0.00714748		
19.94		0.00714333		
19.95		0.00713918		
19.96		0.00713503		
19.97		0.00713089		
19.98		0.00712676		
19.99		0.00712263		
20		0.0071185		
20.01		0.00711438		
20.02		0.00711027		
20.03		0.00710615		
20.04		0.00710205		
20.05		0.00709794		
20.06		0.00709384		
20.07		0.00708975		
20.08		0.00708566		
20.09		0.00708158		
20.1		0.0070775		
20.11		0.00707342		
20.12		0.00706935		
20.13		0.00706528		
20.14		0.00706122		
20.15		0.00705716		
20.16		0.00705311		
20.17		0.00704906		
20.18		0.00704501		
20.19		0.00704097		
20.2		0.00703693		
20.21		0.0070329		
20.22		0.00702887		
20.23		0.00702485		
20.24		0.00702083		
20.25		0.00701682		
20.26		0.00701281		
20.27		0.0070088		
20.28		0.0070048		
20.29		0.00700081		
20.3		0.00699681		
20.31		0.00699282		
20.32		0.00698884		
20.33		0.00698486		
20.34		0.00698089		
20.35		0.00697692		
20.36		0.00697295		
20.37		0.00696899		
20.38		0.00696503		
20.39		0.00696107		
20.4		0.00695712		
20.41		0.00695318		
20.42		0.00694924		
20.43		0.0069453		
20.44		0.00694137		
20.45		0.00693744		
20.46		0.00693352		
20.47		0.0069296		
20.48		0.00692568		
20.49		0.00692177		
20.5		0.00691786		
20.51		0.00691396		
20.52		0.00691006		
20.53		0.00690617		
20.54		0.00690228		
20.55		0.00689839		
20.56		0.00689451		
20.57		0.00689063		
20.58		0.00688676		
20.59		0.00688289		
20.6		0.00687902		
20.61		0.00687516		
20.62		0.0068713		
20.63		0.00686745		
20.64		0.0068636		
20.65		0.00685975		
20.66		0.00685591		
20.67		0.00685208		
20.68		0.00684824		
20.69		0.00684441		
20.7		0.00684059		
20.71		0.00683677		
20.72		0.00683295		
20.73		0.00682914		
20.74		0.00682533		
20.75		0.00682153		
20.76		0.00681773		
20.77		0.00681393		
20.78		0.00681014		
20.79		0.00680635		
20.8		0.00680257		
20.81		0.00679879		
20.82		0.00679501		
20.83		0.00679124		
20.84		0.00678747		
20.85		0.00678371		
20.86		0.00677995		
20.87		0.00677619		
20.88		0.00677244		
20.89		0.00676869		
20.9		0.00676494		
20.91		0.0067612		
20.92		0.00675747		
20.93		0.00675373		
20.94		0.00675001		
20.95		0.00674628		
20.96		0.00674256		
20.97		0.00673884		
20.98		0.00673513		
20.99		0.00673142		
21		0.00672771		
21.01		0.00672401		
21.02		0.00672032		
21.03		0.00671662		
21.04		0.00671293		
21.05		0.00670925		
21.06		0.00670556		
21.07		0.00670189		
21.08		0.00669821		
21.09		0.00669454		
21.1		0.00669087		
21.11		0.00668721		
21.12		0.00668355		
21.13		0.0066799		
21.14		0.00667625		
21.15		0.0066726		
21.16		0.00666895		
21.17		0.00666531		
21.18		0.00666168		
21.19		0.00665804		
21.2		0.00665442		
21.21		0.00665079		
21.22		0.00664717		
21.23		0.00664355		
21.24		0.00663994		
21.25		0.00663633		
21.26		0.00663272		
21.27		0.00662912		
21.28		0.00662552		
21.29		0.00662192		
21.3		0.00661833		
21.31		0.00661475		
21.32		0.00661116		
21.33		0.00660758		
21.34		0.006604		
21.35		0.00660043		
21.36		0.00659686		
21.37		0.0065933		
21.38		0.00658973		
21.39		0.00658618		
21.4		0.00658262		
21.41		0.00657907		
21.42		0.00657552		
21.43		0.00657198		
21.44		0.00656844		
21.45		0.0065649		
21.46		0.00656137		
21.47		0.00655784		
21.48		0.00655432		
21.49		0.00655079		
21.5		0.00654728		
21.51		0.00654376		
21.52		0.00654025		
21.53		0.00653674		
21.54		0.00653324		
21.55		0.00652974		
21.56		0.00652624		
21.57		0.00652275		
21.58		0.00651926		
21.59		0.00651577		
21.6		0.00651229		
21.61		0.00650881		
21.62		0.00650534		
21.63		0.00650186		
21.64		0.00649839		
21.65		0.00649493		
21.66		0.00649147		
21.67		0.00648801		
21.68		0.00648456		
21.69		0.00648111		
21.7		0.00647766		
21.71		0.00647421		
21.72		0.00647077		
21.73		0.00646734		
21.74		0.0064639		
21.75		0.00646047		
21.76		0.00645705		
21.77		0.00645362		
21.78		0.0064502		
21.79		0.00644679		
21.8		0.00644338		
21.81		0.00643997		
21.82		0.00643656		
21.83		0.00643316		
21.84		0.00642976		
21.85		0.00642636		
21.86		0.00642297		
21.87		0.00641958		
21.88		0.0064162		
21.89		0.00641281		
21.9		0.00640944		
21.91		0.00640606		
21.92		0.00640269		
21.93		0.00639932		
21.94		0.00639596		
21.95		0.00639259		
21.96		0.00638924		
21.97		0.00638588		
21.98		0.00638253		
21.99		0.00637918		
22		0.00637584		
22.01		0.0063725		
22.02		0.00636916		
22.03		0.00636582		
22.04		0.00636249		
22.05		0.00635916		
22.06		0.00635584		
22.07		0.00635252		
22.08		0.0063492		
22.09		0.00634588		
22.1		0.00634257		
22.11		0.00633926		
22.12		0.00633596		
22.13		0.00633266		
22.14		0.00632936		
22.15		0.00632606		
22.16		0.00632277		
22.17		0.00631948		
22.18		0.0063162		
22.19		0.00631291		
22.2		0.00630964		
22.21		0.00630636		
22.22		0.00630309		
22.23		0.00629982		
22.24		0.00629655		
22.25		0.00629329		
22.26		0.00629003		
22.27		0.00628677		
22.28		0.00628352		
22.29		0.00628027		
22.3		0.00627702		
22.31		0.00627378		
22.32		0.00627054		
22.33		0.0062673		
22.34		0.00626407		
22.35		0.00626084		
22.36		0.00625761		
22.37		0.00625439		
22.38		0.00625116		
22.39		0.00624795		
22.4		0.00624473		
22.41		0.00624152		
22.42		0.00623831		
22.43		0.00623511		
22.44		0.0062319		
22.45		0.0062287		
22.46		0.00622551		
22.47		0.00622232		
22.48		0.00621913		
22.49		0.00621594		
22.5		0.00621276		
22.51		0.00620957		
22.52		0.0062064		
22.53		0.00620322		
22.54		0.00620005		
22.55		0.00619688		
22.56		0.00619372		
22.57		0.00619056		
22.58		0.0061874		
22.59		0.00618424		
22.6		0.00618109		
22.61		0.00617794		
22.62		0.00617479		
22.63		0.00617165		
22.64		0.00616851		
22.65		0.00616537		
22.66		0.00616224		
22.67		0.00615911		
22.68		0.00615598		
22.69		0.00615285		
22.7		0.00614973		
22.71		0.00614661		
22.72		0.00614349		
22.73		0.00614038		
22.74		0.00613727		
22.75		0.00613416		
22.76		0.00613106		
22.77		0.00612796		
22.78		0.00612486		
22.79		0.00612176		
22.8		0.00611867		
22.81		0.00611558		
22.82		0.0061125		
22.83		0.00610941		
22.84		0.00610633		
22.85		0.00610325		
22.86		0.00610018		
22.87		0.00609711		
22.88		0.00609404		
22.89		0.00609097		
22.9		0.00608791		
22.91		0.00608485		
22.92		0.0060818		
22.93		0.00607874		
22.94		0.00607569		
22.95		0.00607264		
22.96		0.0060696		
22.97		0.00606655		
22.98		0.00606352		
22.99		0.00606048		
23		0.00605745		
23.01		0.00605441		
23.02		0.00605139		
23.03		0.00604836		
23.04		0.00604534		
23.05		0.00604232		
23.06		0.0060393		
23.07		0.00603629		
23.08		0.00603328		
23.09		0.00603027		
23.1		0.00602727		
23.11		0.00602427		
23.12		0.00602127		
23.13		0.00601827		
23.14		0.00601528		
23.15		0.00601229		
23.16		0.0060093		
23.17		0.00600631		
23.18		0.00600333		
23.19		0.00600035		
23.2		0.00599738		
23.21		0.0059944		
23.22		0.00599143		
23.23		0.00598846		
23.24		0.0059855		
23.25		0.00598254		
23.26		0.00597958		
23.27		0.00597662		
23.28		0.00597367		
23.29		0.00597071		
23.3		0.00596777		
23.31		0.00596482		
23.32		0.00596188		
23.33		0.00595894		
23.34		0.005956		
23.35		0.00595306		
23.36		0.00595013		
23.37		0.0059472		
23.38		0.00594428		
23.39		0.00594135		
23.4		0.00593843		
23.41		0.00593551		
23.42		0.0059326		
23.43		0.00592969		
23.44		0.00592678		
23.45		0.00592387		
23.46		0.00592096		
23.47		0.00591806		
23.48		0.00591516		
23.49		0.00591227		
23.5		0.00590937		
23.51		0.00590648		
23.52		0.00590359		
23.53		0.00590071		
23.54		0.00589783		
23.55		0.00589495		
23.56		0.00589207		
23.57		0.00588919		
23.58		0.00588632		
23.59		0.00588345		
23.6		0.00588058		
23.61		0.00587772		
23.62		0.00587486		
23.63		0.005872		
23.64		0.00586914		
23.65		0.00586629		
23.66		0.00586344		
23.67		0.00586059		
23.68		0.00585775		
23.69		0.0058549		
23.7		0.00585206		
23.71		0.00584922		
23.72		0.00584639		
23.73		0.00584356		
23.74		0.00584073		
23.75		0.0058379		
23.76		0.00583507		
23.77		0.00583225		
23.78		0.00582943		
23.79		0.00582662		
23.8		0.0058238		
23.81		0.00582099		
23.82		0.00581818		
23.83		0.00581537		
23.84		0.00581257		
23.85		0.00580977		
23.86		0.00580697		
23.87		0.00580417		
23.88		0.00580138		
23.89		0.00579859		
23.9		0.0057958		
23.91		0.00579301		
23.92		0.00579023		
23.93		0.00578745		
23.94		0.00578467		
23.95		0.0057819		
23.96		0.00577912		
23.97		0.00577635		
23.98		0.00577358		
23.99		0.00577082		
24		0.00576805		
24.01		0.00576529		
24.02		0.00576254		
24.03		0.00575978		
24.04		0.00575703		
24.05		0.00575428		
24.06		0.00575153		
24.07		0.00574878		
24.08		0.00574604		
24.09		0.0057433		
24.1		0.00574056		
24.11		0.00573783		
24.12		0.00573509		
24.13		0.00573236		
24.14		0.00572963		
24.15		0.00572691		
24.16		0.00572419		
24.17		0.00572146		
24.18		0.00571875		
24.19		0.00571603		
24.2		0.00571332		
24.21		0.00571061		
24.22		0.0057079		
24.23		0.00570519		
24.24		0.00570249		
24.25		0.00569979		
24.26		0.00569709		
24.27		0.00569439		
24.28		0.0056917		
24.29		0.00568901		
24.3		0.00568632		
24.31		0.00568363		
24.32		0.00568095		
24.33		0.00567827		
24.34		0.00567559		
24.35		0.00567291		
24.36		0.00567024		
24.37		0.00566756		
24.38		0.00566489		
24.39		0.00566223		
24.4		0.00565956		
24.41		0.0056569		
24.42		0.00565424		
24.43		0.00565158		
24.44		0.00564893		
24.45		0.00564627		
24.46		0.00564362		
24.47		0.00564097		
24.48		0.00563833		
24.49		0.00563569		
24.5		0.00563304		
24.51		0.00563041		
24.52		0.00562777		
24.53		0.00562513		
24.54		0.0056225		
24.55		0.00561987		
24.56		0.00561725		
24.57		0.00561462		
24.58		0.005612		
24.59		0.00560938		
24.6		0.00560676		
24.61		0.00560415		
24.62		0.00560153		
24.63		0.00559892		
24.64		0.00559632		
24.65		0.00559371		
24.66		0.00559111		
24.67		0.0055885		
24.68		0.0055859		
24.69		0.00558331		
24.7		0.00558071		
24.71		0.00557812		
24.72		0.00557553		
24.73		0.00557294		
24.74		0.00557036		
24.75		0.00556778		
24.76		0.0055652		
24.77		0.00556262		
24.78		0.00556004		
24.79		0.00555747		
24.8		0.00555489		
24.81		0.00555233		
24.82		0.00554976		
24.83		0.00554719		
24.84		0.00554463		
24.85		0.00554207		
24.86		0.00553951		
24.87		0.00553696		
24.88		0.0055344		
24.89		0.00553185		
24.9		0.0055293		
24.91		0.00552676		
24.92		0.00552421		
24.93		0.00552167		
24.94		0.00551913		
24.95		0.00551659		
24.96		0.00551406		
24.97		0.00551152		
24.98		0.00550899		
24.99		0.00550646		
25		0.00550393		
25.01		0.00550141		
25.02		0.00549889		
25.03		0.00549637		
25.04		0.00549385		
25.05		0.00549133		
25.06		0.00548882		
25.07		0.00548631		
25.08		0.0054838		
25.09		0.00548129		
25.1		0.00547879		
25.11		0.00547629		
25.12		0.00547378		
25.13		0.00547129		
25.14		0.00546879		
25.15		0.0054663		
25.16		0.0054638		
25.17		0.00546131		
25.18		0.00545883		
25.19		0.00545634		
25.2		0.00545386		
25.21		0.00545138		
25.22		0.0054489		
25.23		0.00544642		
25.24		0.00544395		
25.25		0.00544148		
25.26		0.00543901		
25.27		0.00543654		
25.28		0.00543407		
25.29		0.00543161		
25.3		0.00542915		
25.31		0.00542669		
25.32		0.00542423		
25.33		0.00542177		
25.34		0.00541932		
25.35		0.00541687		
25.36		0.00541442		
25.37		0.00541197		
25.38		0.00540953		
25.39		0.00540709		
25.4		0.00540465		
25.41		0.00540221		
25.42		0.00539977		
25.43		0.00539734		
25.44		0.0053949		
25.45		0.00539247		
25.46		0.00539005		
25.47		0.00538762		
25.48		0.0053852		
25.49		0.00538277		
25.5		0.00538035		
25.51		0.00537794		
25.52		0.00537552		
25.53		0.00537311		
25.54		0.0053707		
25.55		0.00536829		
25.56		0.00536588		
25.57		0.00536347		
25.58		0.00536107		
25.59		0.00535867		
25.6		0.00535627		
25.61		0.00535387		
25.62		0.00535148		
25.63		0.00534909		
25.64		0.0053467		
25.65		0.00534431		
25.66		0.00534192		
25.67		0.00533954		
25.68		0.00533715		
25.69		0.00533477		
25.7		0.00533239		
25.71		0.00533002		
25.72		0.00532764		
25.73		0.00532527		
25.74		0.0053229		
25.75		0.00532053		
25.76		0.00531816		
25.77		0.0053158		
25.78		0.00531344		
25.79		0.00531108		
25.8		0.00530872		
25.81		0.00530636		
25.82		0.00530401		
25.83		0.00530165		
25.84		0.0052993		
25.85		0.00529695		
25.86		0.00529461		
25.87		0.00529226		
25.88		0.00528992		
25.89		0.00528758		
25.9		0.00528524		
25.91		0.0052829		
25.92		0.00528057		
25.93		0.00527824		
25.94		0.0052759		
25.95		0.00527358		
25.96		0.00527125		
25.97		0.00526892		
25.98		0.0052666		
25.99		0.00526428		
26		0.00526196		
26.01		0.00525964		
26.02		0.00525733		
26.03		0.00525502		
26.04		0.0052527		
26.05		0.00525039		
26.06		0.00524809		
26.07		0.00524578		
26.08		0.00524348		
26.09		0.00524118		
26.1		0.00523888		
26.11		0.00523658		
26.12		0.00523428		
26.13		0.00523199		
26.14		0.0052297		
26.15		0.00522741		
26.16		0.00522512		
26.17		0.00522283		
26.18		0.00522055		
26.19		0.00521826		
26.2		0.00521598		
26.21		0.00521371		
26.22		0.00521143		
26.23		0.00520915		
26.24		0.00520688		
26.25		0.00520461		
26.26		0.00520234		
26.27		0.00520007		
26.28		0.00519781		
26.29		0.00519554		
26.3		0.00519328		
26.31		0.00519102		
26.32		0.00518876		
26.33		0.00518651		
26.34		0.00518425		
26.35		0.005182		
26.36		0.00517975		
26.37		0.0051775		
26.38		0.00517526		
26.39		0.00517301		
26.4		0.00517077		
26.41		0.00516853		
26.42		0.00516629		
26.43		0.00516405		
26.44		0.00516181		
26.45		0.00515958		
26.46		0.00515735		
26.47		0.00515512		
26.48		0.00515289		
26.49		0.00515066		
26.5		0.00514844		
26.51		0.00514622		
26.52		0.00514399		
26.53		0.00514178		
26.54		0.00513956		
26.55		0.00513734		
26.56		0.00513513		
26.57		0.00513292		
26.58		0.00513071		
26.59		0.0051285		
26.6		0.00512629		
26.61		0.00512409		
26.62		0.00512188		
26.63		0.00511968		
26.64		0.00511748		
26.65		0.00511529		
26.66		0.00511309		
26.67		0.0051109		
26.68		0.00510871		
26.69		0.00510652		
26.7		0.00510433		
26.71		0.00510214		
26.72		0.00509996		
26.73		0.00509777		
26.74		0.00509559		
26.75		0.00509341		
26.76		0.00509123		
26.77		0.00508906		
26.78		0.00508688		
26.79		0.00508471		
26.8		0.00508254		
26.81		0.00508037		
26.82		0.00507821		
26.83		0.00507604		
26.84		0.00507388		
26.85		0.00507171		
26.86		0.00506955		
26.87		0.0050674		
26.88		0.00506524		
26.89		0.00506308		
26.9		0.00506093		
26.91		0.00505878		
26.92		0.00505663		
26.93		0.00505448		
26.94		0.00505234		
26.95		0.00505019		
26.96		0.00504805		
26.97		0.00504591		
26.98		0.00504377		
26.99		0.00504163		
27		0.0050395		
27.01		0.00503736		
27.02		0.00503523		
27.03		0.0050331		
27.04		0.00503097		
27.05		0.00502884		
27.06		0.00502672		
27.07		0.00502459		
27.08		0.00502247		
27.09		0.00502035		
27.1		0.00501823		
27.11		0.00501612		
27.12		0.005014		
27.13		0.00501189		
27.14		0.00500978		
27.15		0.00500767		
27.16		0.00500556		
27.17		0.00500345		
27.18		0.00500135		
27.19		0.00499924		
27.2		0.00499714		
27.21		0.00499504		
27.22		0.00499294		
27.23		0.00499085		
27.24		0.00498875		
27.25		0.00498666		
27.26		0.00498457		
27.27		0.00498248		
27.28		0.00498039		
27.29		0.0049783		
27.3		0.00497622		
27.31		0.00497413		
27.32		0.00497205		
27.33		0.00496997		
27.34		0.0049679		
27.35		0.00496582		
27.36		0.00496374		
27.37		0.00496167		
27.38		0.0049596		
27.39		0.00495753		
27.4		0.00495546		
27.41		0.00495339		
27.42		0.00495133		
27.43		0.00494927		
27.44		0.0049472		
27.45		0.00494514		
27.46		0.00494309		
27.47		0.00494103		
27.48		0.00493897		
27.49		0.00493692		
27.5		0.00493487		
27.51		0.00493282		
27.52		0.00493077		
27.53		0.00492872		
27.54		0.00492668		
27.55		0.00492463		
27.56		0.00492259		
27.57		0.00492055		
27.58		0.00491851		
27.59		0.00491647		
27.6		0.00491444		
27.61		0.0049124		
27.62		0.00491037		
27.63		0.00490834		
27.64		0.00490631		
27.65		0.00490428		
27.66		0.00490226		
27.67		0.00490023		
27.68		0.00489821		
27.69		0.00489619		
27.7		0.00489417		
27.71		0.00489215		
27.72		0.00489013		
27.73		0.00488812		
27.74		0.0048861		
27.75		0.00488409		
27.76		0.00488208		
27.77		0.00488007		
27.78		0.00487807		
27.79		0.00487606		
27.8		0.00487406		
27.81		0.00487205		
27.82		0.00487005		
27.83		0.00486805		
27.84		0.00486606		
27.85		0.00486406		
27.86		0.00486207		
27.87		0.00486007		
27.88		0.00485808		
27.89		0.00485609		
27.9		0.0048541		
27.91		0.00485212		
27.92		0.00485013		
27.93		0.00484815		
27.94		0.00484617		
27.95		0.00484418		
27.96		0.00484221		
27.97		0.00484023		
27.98		0.00483825		
27.99		0.00483628		
28		0.0048343		
28.01		0.00483233		
28.02		0.00483036		
28.03		0.00482839		
28.04		0.00482643		
28.05		0.00482446		
28.06		0.0048225		
28.07		0.00482054		
28.08		0.00481858		
28.09		0.00481662		
28.1		0.00481466		
28.11		0.0048127		
28.12		0.00481075		
28.13		0.00480879		
28.14		0.00480684		
28.15		0.00480489		
28.16		0.00480294		
28.17		0.004801		
28.18		0.00479905		
28.19		0.00479711		
28.2		0.00479517		
28.21		0.00479322		
28.22		0.00479128		
28.23		0.00478935		
28.24		0.00478741		
28.25		0.00478547		
28.26		0.00478354		
28.27		0.00478161		
28.28		0.00477968		
28.29		0.00477775		
28.3		0.00477582		
28.31		0.0047739		
28.32		0.00477197		
28.33		0.00477005		
28.34		0.00476813		
28.35		0.0047662		
28.36		0.00476429		
28.37		0.00476237		
28.38		0.00476045		
28.39		0.00475854		
28.4		0.00475663		
28.41		0.00475471		
28.42		0.0047528		
28.43		0.0047509		
28.44		0.00474899		
28.45		0.00474708		
28.46		0.00474518		
28.47		0.00474328		
28.48		0.00474137		
28.49		0.00473947		
28.5		0.00473758		
28.51		0.00473568		
28.52		0.00473378		
28.53		0.00473189		
28.54		0.00473		
28.55		0.00472811		
28.56		0.00472622		
28.57		0.00472433		
28.58		0.00472244		
28.59		0.00472056		
28.6		0.00471867		
28.61		0.00471679		
28.62		0.00471491		
28.63		0.00471303		
28.64		0.00471115		
28.65		0.00470927		
28.66		0.0047074		
28.67		0.00470552		
28.68		0.00470365		
28.69		0.00470178		
28.7		0.00469991		
28.71		0.00469804		
28.72		0.00469618		
28.73		0.00469431		
28.74		0.00469245		
28.75		0.00469058		
28.76		0.00468872		
28.77		0.00468686		
28.78		0.004685		
28.79		0.00468315		
28.8		0.00468129		
28.81		0.00467944		
28.82		0.00467758		
28.83		0.00467573		
28.84		0.00467388		
28.85		0.00467203		
28.86		0.00467019		
28.87		0.00466834		
28.88		0.0046665		
28.89		0.00466465		
28.9		0.00466281		
28.91		0.00466097		
28.92		0.00465913		
28.93		0.0046573		
28.94		0.00465546		
28.95		0.00465362		
28.96		0.00465179		
28.97		0.00464996		
28.98		0.00464813		
28.99		0.0046463		
29		0.00464447		
29.01		0.00464265		
29.02		0.00464082		
29.03		0.004639		
29.04		0.00463717		
29.05		0.00463535		
29.06		0.00463353		
29.07		0.00463171		
29.08		0.0046299		
29.09		0.00462808		
29.1		0.00462627		
29.11		0.00462445		
29.12		0.00462264		
29.13		0.00462083		
29.14		0.00461902		
29.15		0.00461722		
29.16		0.00461541		
29.17		0.00461361		
29.18		0.0046118		
29.19		0.00461		
29.2		0.0046082		
29.21		0.0046064		
29.22		0.0046046		
29.23		0.0046028		
29.24		0.00460101		
29.25		0.00459921		
29.26		0.00459742		
29.27		0.00459563		
29.28		0.00459384		
29.29		0.00459205		
29.3		0.00459026		
29.31		0.00458848		
29.32		0.00458669		
29.33		0.00458491		
29.34		0.00458313		
29.35		0.00458135		
29.36		0.00457957		
29.37		0.00457779		
29.38		0.00457601		
29.39		0.00457423		
29.4		0.00457246		
29.41		0.00457069		
29.42		0.00456892		
29.43		0.00456714		
29.44		0.00456538		
29.45		0.00456361		
29.46		0.00456184		
29.47		0.00456008		
29.48		0.00455831		
29.49		0.00455655		
29.5		0.00455479		
29.51		0.00455303		
29.52		0.00455127		
29.53		0.00454951		
29.54		0.00454775		
29.55		0.004546		
29.56		0.00454425		
29.57		0.00454249		
29.58		0.00454074		
29.59		0.00453899		
29.6		0.00453724		
29.61		0.0045355		
29.62		0.00453375		
29.63		0.00453201		
29.64		0.00453026		
29.65		0.00452852		
29.66		0.00452678		
29.67		0.00452504		
29.68		0.0045233		
29.69		0.00452156		
29.7		0.00451983		
29.71		0.00451809		
29.72		0.00451636		
29.73		0.00451463		
29.74		0.0045129		
29.75		0.00451117		
29.76		0.00450944		
29.77		0.00450771		
29.78		0.00450599		
29.79		0.00450426		
29.8		0.00450254		
29.81		0.00450081		
29.82		0.00449909		
29.83		0.00449737		
29.84		0.00449566		
29.85		0.00449394		
29.86		0.00449222		
29.87		0.00449051		
29.88		0.00448879		
29.89		0.00448708		
29.9		0.00448537		
29.91		0.00448366		
29.92		0.00448195		
29.93		0.00448025		
29.94		0.00447854		
29.95		0.00447684		
29.96		0.00447513		
29.97		0.00447343		
29.98		0.00447173		
29.99		0.00447003		
30		0.00446833		
30.01		0.00446663		
30.02		0.00446494		
30.03		0.00446324		
30.04		0.00446155		
30.05		0.00445985		
30.06		0.00445816		
30.07		0.00445647		
30.08		0.00445478		
30.09		0.0044531		
30.1		0.00445141		
30.11		0.00444972		
30.12		0.00444804		
30.13		0.00444636		
30.14		0.00444467		
30.15		0.00444299		
30.16		0.00444131		
30.17		0.00443964		
30.18		0.00443796		
30.19		0.00443628		
30.2		0.00443461		
30.21		0.00443294		
30.22		0.00443126		
30.23		0.00442959		
30.24		0.00442792		
30.25		0.00442625		
30.26		0.00442459		
30.27		0.00442292		
30.28		0.00442126		
30.29		0.00441959		
30.3		0.00441793		
30.31		0.00441627		
30.32		0.00441461		
30.33		0.00441295		
30.34		0.00441129		
30.35		0.00440963		
30.36		0.00440798		
30.37		0.00440632		
30.38		0.00440467		
30.39		0.00440302		
30.4		0.00440137		
30.41		0.00439972		
30.42		0.00439807		
30.43		0.00439642		
30.44		0.00439477		
30.45		0.00439313		
30.46		0.00439148		
30.47		0.00438984		
30.48		0.0043882		
30.49		0.00438656		
30.5		0.00438492		
30.51		0.00438328		
30.52		0.00438164		
30.53		0.00438001		
30.54		0.00437837		
30.55		0.00437674		
30.56		0.00437511		
30.57		0.00437348		
30.58		0.00437185		
30.59		0.00437022		
30.6		0.00436859		
30.61		0.00436696		
30.62		0.00436534		
30.63		0.00436371		
30.64		0.00436209		
30.65		0.00436047		
30.66		0.00435885		
30.67		0.00435723		
30.68		0.00435561		
30.69		0.00435399		
30.7		0.00435237		
30.71		0.00435076		
30.72		0.00434914		
30.73		0.00434753		
30.74		0.00434592		
30.75		0.00434431		
30.76		0.0043427		
30.77		0.00434109		
30.78		0.00433948		
30.79		0.00433787		
30.8		0.00433627		
30.81		0.00433466		
30.82		0.00433306		
30.83		0.00433146		
30.84		0.00432986		
30.85		0.00432826		
30.86		0.00432666		
30.87		0.00432506		
30.88		0.00432347		
30.89		0.00432187		
30.9		0.00432028		
30.91		0.00431868		
30.92		0.00431709		
30.93		0.0043155		
30.94		0.00431391		
30.95		0.00431232		
30.96		0.00431074		
30.97		0.00430915		
30.98		0.00430756		
30.99		0.00430598		
31		0.0043044		
31.01		0.00430281		
31.02		0.00430123		
31.03		0.00429965		
31.04		0.00429807		
31.05		0.0042965		
31.06		0.00429492		
31.07		0.00429334		
31.08		0.00429177		
31.09		0.0042902		
31.1		0.00428862		
31.11		0.00428705		
31.12		0.00428548		
31.13		0.00428391		
31.14		0.00428235		
31.15		0.00428078		
31.16		0.00427921		
31.17		0.00427765		
31.18		0.00427608		
31.19		0.00427452		
31.2		0.00427296		
31.21		0.0042714		
31.22		0.00426984		
31.23		0.00426828		
31.24		0.00426673		
31.25		0.00426517		
31.26		0.00426361		
31.27		0.00426206		
31.28		0.00426051		
31.29		0.00425895		
31.3		0.0042574		
31.31		0.00425585		
31.32		0.00425431		
31.33		0.00425276		
31.34		0.00425121		
31.35		0.00424967		
31.36		0.00424812		
31.37		0.00424658		
31.38		0.00424503		
31.39		0.00424349		
31.4		0.00424195		
31.41		0.00424041		
31.42		0.00423888		
31.43		0.00423734		
31.44		0.0042358		
31.45		0.00423427		
31.46		0.00423273		
31.47		0.0042312		
31.48		0.00422967		
31.49		0.00422814		
31.5		0.00422661		
31.51		0.00422508		
31.52		0.00422355		
31.53		0.00422202		
31.54		0.0042205		
31.55		0.00421897		
31.56		0.00421745		
31.57		0.00421593		
31.58		0.00421441		
31.59		0.00421289		
31.6		0.00421137		
31.61		0.00420985		
31.62		0.00420833		
31.63		0.00420681		
31.64		0.0042053		
31.65		0.00420378		
31.66		0.00420227		
31.67		0.00420076		
31.68		0.00419925		
31.69		0.00419774		
31.7		0.00419623		
31.71		0.00419472		
31.72		0.00419321		
31.73		0.0041917		
31.74		0.0041902		
31.75		0.0041887		
31.76		0.00418719		
31.77		0.00418569		
31.78		0.00418419		
31.79		0.00418269		
31.8		0.00418119		
31.81		0.00417969		
31.82		0.00417819		
31.83		0.0041767		
31.84		0.0041752		
31.85		0.00417371		
31.86		0.00417221		
31.87		0.00417072		
31.88		0.00416923		
31.89		0.00416774		
31.9		0.00416625		
31.91		0.00416476		
31.92		0.00416328		
31.93		0.00416179		
31.94		0.00416031		
31.95		0.00415882		
31.96		0.00415734		
31.97		0.00415586		
31.98		0.00415437		
31.99		0.00415289		
32		0.00415141		
32.01		0.00414994		
32.02		0.00414846		
32.03		0.00414698		
32.04		0.00414551		
32.05		0.00414403		
32.06		0.00414256		
32.07		0.00414109		
32.08		0.00413962		
32.09		0.00413815		
32.1		0.00413668		
32.11		0.00413521		
32.12		0.00413374		
32.13		0.00413227		
32.14		0.00413081		
32.15		0.00412934		
32.16		0.00412788		
32.17		0.00412642		
32.18		0.00412496		
32.19		0.00412349		
32.2		0.00412204		
32.21		0.00412058		
32.22		0.00411912		
32.23		0.00411766		
32.24		0.00411621		
32.25		0.00411475		
32.26		0.0041133		
32.27		0.00411184		
32.28		0.00411039		
32.29		0.00410894		
32.3		0.00410749		
32.31		0.00410604		
32.32		0.00410459		
32.33		0.00410315		
32.34		0.0041017		
32.35		0.00410025		
32.36		0.00409881		
32.37		0.00409737		
32.38		0.00409592		
32.39		0.00409448		
32.4		0.00409304		
32.41		0.0040916		
32.42		0.00409016		
32.43		0.00408873		
32.44		0.00408729		
32.45		0.00408585		
32.46		0.00408442		
32.47		0.00408298		
32.48		0.00408155		
32.49		0.00408012		
32.5		0.00407869		
32.51		0.00407726		
32.52		0.00407583		
32.53		0.0040744		
32.54		0.00407297		
32.55		0.00407155		
32.56		0.00407012		
32.57		0.0040687		
32.58		0.00406727		
32.59		0.00406585		
32.6		0.00406443		
32.61		0.00406301		
32.62		0.00406159		
32.63		0.00406017		
32.64		0.00405875		
32.65		0.00405733		
32.66		0.00405592		
32.67		0.0040545		
32.68		0.00405309		
32.69		0.00405167		
32.7		0.00405026		
32.71		0.00404885		
32.72		0.00404744		
32.73		0.00404603		
32.74		0.00404462		
32.75		0.00404321		
32.76		0.0040418		
32.77		0.0040404		
32.78		0.00403899		
32.79		0.00403759		
32.8		0.00403618		
32.81		0.00403478		
32.82		0.00403338		
32.83		0.00403198		
32.84		0.00403058		
32.85		0.00402918		
32.86		0.00402778		
32.87		0.00402639		
32.88		0.00402499		
32.89		0.00402359		
32.9		0.0040222		
32.91		0.00402081		
32.92		0.00401941		
32.93		0.00401802		
32.94		0.00401663		
32.95		0.00401524		
32.96		0.00401385		
32.97		0.00401247		
32.98		0.00401108		
32.99		0.00400969		
33		0.00400831		
33.01		0.00400692		
33.02		0.00400554		
33.03		0.00400416		
33.04		0.00400277		
33.05		0.00400139		
33.06		0.00400001		
33.07		0.00399863		
33.08		0.00399726		
33.09		0.00399588		
33.1		0.0039945		
33.11		0.00399313		
33.12		0.00399175		
33.13		0.00399038		
33.14		0.003989		
33.15		0.00398763		
33.16		0.00398626		
33.17		0.00398489		
33.18		0.00398352		
33.19		0.00398215		
33.2		0.00398078		
33.21		0.00397942		
33.22		0.00397805		
33.23		0.00397669		
33.24		0.00397532		
33.25		0.00397396		
33.26		0.0039726		
33.27		0.00397124		
33.28		0.00396987		
33.29		0.00396851		
33.3		0.00396716		
33.31		0.0039658		
33.32		0.00396444		
33.33		0.00396308		
33.34		0.00396173		
33.35		0.00396037		
33.36		0.00395902		
33.37		0.00395767		
33.38		0.00395632		
33.39		0.00395496		
33.4		0.00395361		
33.41		0.00395226		
33.42		0.00395092		
33.43		0.00394957		
33.44		0.00394822		
33.45		0.00394687		
33.46		0.00394553		
33.47		0.00394419		
33.48		0.00394284		
33.49		0.0039415		
33.5		0.00394016		
33.51		0.00393882		
33.52		0.00393748		
33.53		0.00393614		
33.54		0.0039348		
33.55		0.00393346		
33.56		0.00393212		
33.57		0.00393079		
33.58		0.00392945		
33.59		0.00392812		
33.6		0.00392679		
33.61		0.00392545		
33.62		0.00392412		
33.63		0.00392279		
33.64		0.00392146		
33.65		0.00392013		
33.66		0.0039188		
33.67		0.00391748		
33.68		0.00391615		
33.69		0.00391482		
33.7		0.0039135		
33.71		0.00391218		
33.72		0.00391085		
33.73		0.00390953		
33.74		0.00390821		
33.75		0.00390689		
33.76		0.00390557		
33.77		0.00390425		
33.78		0.00390293		
33.79		0.00390161		
33.8		0.0039003		
33.81		0.00389898		
33.82		0.00389767		
33.83		0.00389635		
33.84		0.00389504		
33.85		0.00389373		
33.86		0.00389241		
33.87		0.0038911		
33.88		0.00388979		
33.89		0.00388848		
33.9		0.00388718		
33.91		0.00388587		
33.92		0.00388456		
33.93		0.00388326		
33.94		0.00388195		
33.95		0.00388065		
33.96		0.00387934		
33.97		0.00387804		
33.98		0.00387674		
33.99		0.00387544		
34		0.00387414		
34.01		0.00387284		
34.02		0.00387154		
34.03		0.00387024		
34.04		0.00386894		
34.05		0.00386765		
34.06		0.00386635		
34.07		0.00386506		
34.08		0.00386376		
34.09		0.00386247		
34.1		0.00386118		
34.11		0.00385989		
34.12		0.0038586		
34.13		0.00385731		
34.14		0.00385602		
34.15		0.00385473		
34.16		0.00385344		
34.17		0.00385216		
34.18		0.00385087		
34.19		0.00384959		
34.2		0.0038483		
34.21		0.00384702		
34.22		0.00384574		
34.23		0.00384445		
34.24		0.00384317		
34.25		0.00384189		
34.26		0.00384061		
34.27		0.00383934		
34.28		0.00383806		
34.29		0.00383678		
34.3		0.0038355		
34.31		0.00383423		
34.32		0.00383295		
34.33		0.00383168		
34.34		0.00383041		
34.35		0.00382914		
34.36		0.00382786		
34.37		0.00382659		
34.38		0.00382532		
34.39		0.00382405		
34.4		0.00382279		
34.41		0.00382152		
34.42		0.00382025		
34.43		0.00381899		
34.44		0.00381772		
34.45		0.00381646		
34.46		0.00381519		
34.47		0.00381393		
34.48		0.00381267		
34.49		0.00381141		
34.5		0.00381015		
34.51		0.00380889		
34.52		0.00380763		
34.53		0.00380637		
34.54		0.00380511		
34.55		0.00380386		
34.56		0.0038026		
34.57		0.00380134		
34.58		0.00380009		
34.59		0.00379884		
34.6		0.00379758		
34.61		0.00379633		
34.62		0.00379508		
34.63		0.00379383		
34.64		0.00379258		
34.65		0.00379133		
34.66		0.00379008		
34.67		0.00378884		
34.68		0.00378759		
34.69		0.00378634		
34.7		0.0037851		
34.71		0.00378385		
34.72		0.00378261		
34.73		0.00378137		
34.74		0.00378012		
34.75		0.00377888		
34.76		0.00377764		
34.77		0.0037764		
34.78		0.00377516		
34.79		0.00377393		
34.8		0.00377269		
34.81		0.00377145		
34.82		0.00377022		
34.83		0.00376898		
34.84		0.00376775		
34.85		0.00376651		
34.86		0.00376528		
34.87		0.00376405		
34.88		0.00376281		
34.89		0.00376158		
34.9		0.00376035		
34.91		0.00375912		
34.92		0.0037579		
34.93		0.00375667		
34.94		0.00375544		
34.95		0.00375422		
34.96		0.00375299		
34.97		0.00375176		
34.98		0.00375054		
34.99		0.00374932		
35		0.00374809		
35.01		0.00374687		
35.02		0.00374565		
35.03		0.00374443		
35.04		0.00374321		
35.05		0.00374199		
35.06		0.00374077		
35.07		0.00373956		
35.08		0.00373834		
35.09		0.00373712		
35.1		0.00373591		
35.11		0.0037347		
35.12		0.00373348		
35.13		0.00373227		
35.14		0.00373106		
35.15		0.00372984		
35.16		0.00372863		
35.17		0.00372742		
35.18		0.00372621		
35.19		0.00372501		
35.2		0.0037238		
35.21		0.00372259		
35.22		0.00372138		
35.23		0.00372018		
35.24		0.00371897		
35.25		0.00371777		
35.26		0.00371657		
35.27		0.00371536		
35.28		0.00371416		
35.29		0.00371296		
35.3		0.00371176		
35.31		0.00371056		
35.32		0.00370936		
35.33		0.00370816		
35.34		0.00370696		
35.35		0.00370577		
35.36		0.00370457		
35.37		0.00370337		
35.38		0.00370218		
35.39		0.00370099		
35.4		0.00369979		
35.41		0.0036986		
35.42		0.00369741		
35.43		0.00369622		
35.44		0.00369503		
35.45		0.00369384		
35.46		0.00369265		
35.47		0.00369146		
35.48		0.00369027		
35.49		0.00368908		
35.5		0.0036879		
35.51		0.00368671		
35.52		0.00368553		
35.53		0.00368434		
35.54		0.00368316		
35.55		0.00368198		
35.56		0.00368079		
35.57		0.00367961		
35.58		0.00367843		
35.59		0.00367725		
35.6		0.00367607		
35.61		0.00367489		
35.62		0.00367372		
35.63		0.00367254		
35.64		0.00367136		
35.65		0.00367019		
35.66		0.00366901		
35.67		0.00366784		
35.68		0.00366666		
35.69		0.00366549		
35.7		0.00366432		
35.71		0.00366315		
35.72		0.00366198		
35.73		0.00366081		
35.74		0.00365964		
35.75		0.00365847		
35.76		0.0036573		
35.77		0.00365613		
35.78		0.00365497		
35.79		0.0036538		
35.8		0.00365264		
35.81		0.00365147		
35.82		0.00365031		
35.83		0.00364914		
35.84		0.00364798		
35.85		0.00364682		
35.86		0.00364566		
35.87		0.0036445		
35.88		0.00364334		
35.89		0.00364218		
35.9		0.00364102		
35.91		0.00363986		
35.92		0.00363871		
35.93		0.00363755		
35.94		0.00363639		
35.95		0.00363524		
35.96		0.00363408		
35.97		0.00363293		
35.98		0.00363178		
35.99		0.00363063		
36		0.00362947		
36.01		0.00362832		
36.02		0.00362717		
36.03		0.00362602		
36.04		0.00362487		
36.05		0.00362373		
36.06		0.00362258		
36.07		0.00362143		
36.08		0.00362029		
36.09		0.00361914		
36.1		0.003618		
36.11		0.00361685		
36.12		0.00361571		
36.13		0.00361456		
36.14		0.00361342		
36.15		0.00361228		
36.16		0.00361114		
36.17		0.00361		
36.18		0.00360886		
36.19		0.00360772		
36.2		0.00360658		
36.21		0.00360545		
36.22		0.00360431		
36.23		0.00360317		
36.24		0.00360204		
36.25		0.0036009		
36.26		0.00359977		
36.27		0.00359864		
36.28		0.0035975		
36.29		0.00359637		
36.3		0.00359524		
36.31		0.00359411		
36.32		0.00359298		
36.33		0.00359185		
36.34		0.00359072		
36.35		0.00358959		
36.36		0.00358846		
36.37		0.00358734		
36.38		0.00358621		
36.39		0.00358509		
36.4		0.00358396		
36.41		0.00358284		
36.42		0.00358171		
36.43		0.00358059		
36.44		0.00357947		
36.45		0.00357835		
36.46		0.00357723		
36.47		0.00357611		
36.48		0.00357499		
36.49		0.00357387		
36.5		0.00357275		
36.51		0.00357163		
36.52		0.00357051		
36.53		0.0035694		
36.54		0.00356828		
36.55		0.00356717		
36.56		0.00356605		
36.57		0.00356494		
36.58		0.00356383		
36.59		0.00356271		
36.6		0.0035616		
36.61		0.00356049		
36.62		0.00355938		
36.63		0.00355827		
36.64		0.00355716		
36.65		0.00355605		
36.66		0.00355494		
36.67		0.00355384		
36.68		0.00355273		
36.69		0.00355162		
36.7		0.00355052		
36.71		0.00354941		
36.72		0.00354831		
36.73		0.00354721		
36.74		0.0035461		
36.75		0.003545		
36.76		0.0035439		
36.77		0.0035428		
36.78		0.0035417		
36.79		0.0035406		
36.8		0.0035395		
36.81		0.0035384		
36.82		0.0035373		
36.83		0.00353621		
36.84		0.00353511		
36.85		0.00353401		
36.86		0.00353292		
36.87		0.00353182		
36.88		0.00353073		
36.89		0.00352964		
36.9		0.00352854		
36.91		0.00352745		
36.92		0.00352636		
36.93		0.00352527		
36.94		0.00352418		
36.95		0.00352309		
36.96		0.003522		
36.97		0.00352091		
36.98		0.00351983		
36.99		0.00351874		
37		0.00351765		
37.01		0.00351657		
37.02		0.00351548		
37.03		0.0035144		
37.04		0.00351331		
37.05		0.00351223		
37.06		0.00351115		
37.07		0.00351006		
37.08		0.00350898		
37.09		0.0035079		
37.1		0.00350682		
37.11		0.00350574		
37.12		0.00350466		
37.13		0.00350359		
37.14		0.00350251		
37.15		0.00350143		
37.16		0.00350035		
37.17		0.00349928		
37.18		0.0034982		
37.19		0.00349713		
37.2		0.00349605		
37.21		0.00349498		
37.22		0.00349391		
37.23		0.00349284		
37.24		0.00349176		
37.25		0.00349069		
37.26		0.00348962		
37.27		0.00348855		
37.28		0.00348748		
37.29		0.00348642		
37.3		0.00348535		
37.31		0.00348428		
37.32		0.00348321		
37.33		0.00348215		
37.34		0.00348108		
37.35		0.00348002		
37.36		0.00347895		
37.37		0.00347789		
37.38		0.00347683		
37.39		0.00347576		
37.4		0.0034747		
37.41		0.00347364		
37.42		0.00347258		
37.43		0.00347152		
37.44		0.00347046		
37.45		0.0034694		
37.46		0.00346834		
37.47		0.00346729		
37.48		0.00346623		
37.49		0.00346517		
37.5		0.00346412		
37.51		0.00346306		
37.52		0.00346201		
37.53		0.00346095		
37.54		0.0034599		
37.55		0.00345885		
37.56		0.00345779		
37.57		0.00345674		
37.58		0.00345569		
37.59		0.00345464		
37.6		0.00345359		
37.61		0.00345254		
37.62		0.00345149		
37.63		0.00345045		
37.64		0.0034494		
37.65		0.00344835		
37.66		0.0034473		
37.67		0.00344626		
37.68		0.00344521		
37.69		0.00344417		
37.7		0.00344313		
37.71		0.00344208		
37.72		0.00344104		
37.73		0.00344		
37.74		0.00343896		
37.75		0.00343792		
37.76		0.00343687		
37.77		0.00343583		
37.78		0.0034348		
37.79		0.00343376		
37.8		0.00343272		
37.81		0.00343168		
37.82		0.00343064		
37.83		0.00342961		
37.84		0.00342857		
37.85		0.00342754		
37.86		0.0034265		
37.87		0.00342547		
37.88		0.00342444		
37.89		0.0034234		
37.9		0.00342237		
37.91		0.00342134		
37.92		0.00342031		
37.93		0.00341928		
37.94		0.00341825		
37.95		0.00341722		
37.96		0.00341619		
37.97		0.00341516		
37.98		0.00341413		
37.99		0.00341311		
38		0.00341208		
38.01		0.00341105		
38.02		0.00341003		
38.03		0.003409		
38.04		0.00340798		
38.05		0.00340696		
38.06		0.00340593		
38.07		0.00340491		
38.08		0.00340389		
38.09		0.00340287		
38.1		0.00340185		
38.11		0.00340083		
38.12		0.00339981		
38.13		0.00339879		
38.14		0.00339777		
38.15		0.00339675		
38.16		0.00339574		
38.17		0.00339472		
38.18		0.0033937		
38.19		0.00339269		
38.2		0.00339167		
38.21		0.00339066		
38.22		0.00338964		
38.23		0.00338863		
38.24		0.00338762		
38.25		0.00338661		
38.26		0.00338559		
38.27		0.00338458		
38.28		0.00338357		
38.29		0.00338256		
38.3		0.00338155		
38.31		0.00338054		
38.32		0.00337954		
38.33		0.00337853		
38.34		0.00337752		
38.35		0.00337651		
38.36		0.00337551		
38.37		0.0033745		
38.38		0.0033735		
38.39		0.00337249		
38.4		0.00337149		
38.41		0.00337049		
38.42		0.00336948		
38.43		0.00336848		
38.44		0.00336748		
38.45		0.00336648		
38.46		0.00336548		
38.47		0.00336448		
38.48		0.00336348		
38.49		0.00336248		
38.5		0.00336148		
38.51		0.00336049		
38.52		0.00335949		
38.53		0.00335849		
38.54		0.0033575		
38.55		0.0033565		
38.56		0.00335551		
38.57		0.00335451		
38.58		0.00335352		
38.59		0.00335252		
38.6		0.00335153		
38.61		0.00335054		
38.62		0.00334955		
38.63		0.00334856		
38.64		0.00334757		
38.65		0.00334658		
38.66		0.00334559		
38.67		0.0033446		
38.68		0.00334361		
38.69		0.00334262		
38.7		0.00334163		
38.71		0.00334065		
38.72		0.00333966		
38.73		0.00333868		
38.74		0.00333769		
38.75		0.00333671		
38.76		0.00333572		
38.77		0.00333474		
38.78		0.00333376		
38.79		0.00333277		
38.8		0.00333179		
38.81		0.00333081		
38.82		0.00332983		
38.83		0.00332885		
38.84		0.00332787		
38.85		0.00332689		
38.86		0.00332591		
38.87		0.00332493		
38.88		0.00332396		
38.89		0.00332298		
38.9		0.003322		
38.91		0.00332103		
38.92		0.00332005		
38.93		0.00331908		
38.94		0.0033181		
38.95		0.00331713		
38.96		0.00331616		
38.97		0.00331518		
38.98		0.00331421		
38.99		0.00331324		
39		0.00331227		
39.01		0.0033113		
39.02		0.00331033		
39.03		0.00330936		
39.04		0.00330839		
39.05		0.00330742		
39.06		0.00330645		
39.07		0.00330549		
39.08		0.00330452		
39.09		0.00330355		
39.1		0.00330259		
39.11		0.00330162		
39.12		0.00330066		
39.13		0.00329969		
39.14		0.00329873		
39.15		0.00329777		
39.16		0.0032968		
39.17		0.00329584		
39.18		0.00329488		
39.19		0.00329392		
39.2		0.00329296		
39.21		0.003292		
39.22		0.00329104		
39.23		0.00329008		
39.24		0.00328912		
39.25		0.00328816		
39.26		0.00328721		
39.27		0.00328625		
39.28		0.00328529		
39.29		0.00328434		
39.3		0.00328338		
39.31		0.00328243		
39.32		0.00328147		
39.33		0.00328052		
39.34		0.00327956		
39.35		0.00327861		
39.36		0.00327766		
39.37		0.00327671		
39.38		0.00327576		
39.39		0.00327481		
39.4		0.00327386		
39.41		0.00327291		
39.42		0.00327196		
39.43		0.00327101		
39.44		0.00327006		
39.45		0.00326911		
39.46		0.00326817		
39.47		0.00326722		
39.48		0.00326627		
39.49		0.00326533		
39.5		0.00326438		
39.51		0.00326344		
39.52		0.00326249		
39.53		0.00326155		
39.54		0.00326061		
39.55		0.00325967		
39.56		0.00325872		
39.57		0.00325778		
39.58		0.00325684		
39.59		0.0032559		
39.6		0.00325496		
39.61		0.00325402		
39.62		0.00325308		
39.63		0.00325214		
39.64		0.00325121		
39.65		0.00325027		
39.66		0.00324933		
39.67		0.0032484		
39.68		0.00324746		
39.69		0.00324652		
39.7		0.00324559		
39.71		0.00324466		
39.72		0.00324372		
39.73		0.00324279		
39.74		0.00324185		
39.75		0.00324092		
39.76		0.00323999		
39.77		0.00323906		
39.78		0.00323813		
39.79		0.0032372		
39.8		0.00323627		
39.81		0.00323534		
39.82		0.00323441		
39.83		0.00323348		
39.84		0.00323255		
39.85		0.00323163		
39.86		0.0032307		
39.87		0.00322977		
39.88		0.00322885		
39.89		0.00322792		
39.9		0.003227		
39.91		0.00322607		
39.92		0.00322515		
39.93		0.00322423		
39.94		0.0032233		
39.95		0.00322238		
39.96		0.00322146		
39.97		0.00322054		
39.98		0.00321962		
39.99		0.0032187		
40		0.00321778		
40.01		0.00321686		
40.02		0.00321594		
40.03		0.00321502		
40.04		0.0032141		
40.05		0.00321318		
40.06		0.00321227		
40.07		0.00321135		
40.08		0.00321043		
40.09		0.00320952		
40.1		0.0032086		
40.11		0.00320769		
40.12		0.00320677		
40.13		0.00320586		
40.14		0.00320495		
40.15		0.00320404		
40.16		0.00320312		
40.17		0.00320221		
40.18		0.0032013		
40.19		0.00320039		
40.2		0.00319948		
40.21		0.00319857		
40.22		0.00319766		
40.23		0.00319675		
40.24		0.00319584		
40.25		0.00319494		
40.26		0.00319403		
40.27		0.00319312		
40.28		0.00319222		
40.29		0.00319131		
40.3		0.0031904		
40.31		0.0031895		
40.32		0.0031886		
40.33		0.00318769		
40.34		0.00318679		
40.35		0.00318588		
40.36		0.00318498		
40.37		0.00318408		
40.38		0.00318318		
40.39		0.00318228		
40.4		0.00318138		
40.41		0.00318048		
40.42		0.00317958		
40.43		0.00317868		
40.44		0.00317778		
40.45		0.00317688		
40.46		0.00317598		
40.47		0.00317509		
40.48		0.00317419		
40.49		0.00317329		
40.5		0.0031724		
40.51		0.0031715		
40.52		0.00317061		
40.53		0.00316971		
40.54		0.00316882		
40.55		0.00316793		
40.56		0.00316703		
40.57		0.00316614		
40.58		0.00316525		
40.59		0.00316436		
40.6		0.00316347		
40.61		0.00316258		
40.62		0.00316169		
40.63		0.0031608		
40.64		0.00315991		
40.65		0.00315902		
40.66		0.00315813		
40.67		0.00315724		
40.68		0.00315635		
40.69		0.00315547		
40.7		0.00315458		
40.71		0.00315369		
40.72		0.00315281		
40.73		0.00315192		
40.74		0.00315104		
40.75		0.00315016		
40.76		0.00314927		
40.77		0.00314839		
40.78		0.00314751		
40.79		0.00314662		
40.8		0.00314574		
40.81		0.00314486		
40.82		0.00314398		
40.83		0.0031431		
40.84		0.00314222		
40.85		0.00314134		
40.86		0.00314046		
40.87		0.00313958		
40.88		0.0031387		
40.89		0.00313783		
40.9		0.00313695		
40.91		0.00313607		
40.92		0.0031352		
40.93		0.00313432		
40.94		0.00313345		
40.95		0.00313257		
40.96		0.0031317		
40.97		0.00313082		
40.98		0.00312995		
40.99		0.00312908		
41		0.0031282		
41.01		0.00312733		
41.02		0.00312646		
41.03		0.00312559		
41.04		0.00312472		
41.05		0.00312385		
41.06		0.00312298		
41.07		0.00312211		
41.08		0.00312124		
41.09		0.00312037		
41.1		0.0031195		
41.11		0.00311864		
41.12		0.00311777		
41.13		0.0031169		
41.14		0.00311604		
41.15		0.00311517		
41.16		0.0031143		
41.17		0.00311344		
41.18		0.00311258		
41.19		0.00311171		
41.2		0.00311085		
41.21		0.00310998		
41.22		0.00310912		
41.23		0.00310826		
41.24		0.0031074		
41.25		0.00310654		
41.26		0.00310568		
41.27		0.00310482		
41.28		0.00310396		
41.29		0.0031031		
41.3		0.00310224		
41.31		0.00310138		
41.32		0.00310052		
41.33		0.00309966		
41.34		0.00309881		
41.35		0.00309795		
41.36		0.00309709		
41.37		0.00309624		
41.38		0.00309538		
41.39		0.00309453		
41.4		0.00309367		
41.41		0.00309282		
41.42		0.00309196		
41.43		0.00309111		
41.44		0.00309026		
41.45		0.0030894		
41.46		0.00308855		
41.47		0.0030877		
41.48		0.00308685		
41.49		0.003086		
41.5		0.00308515		
41.51		0.0030843		
41.52		0.00308345		
41.53		0.0030826		
41.54		0.00308175		
41.55		0.0030809		
41.56		0.00308006		
41.57		0.00307921		
41.58		0.00307836		
41.59		0.00307752		
41.6		0.00307667		
41.61		0.00307583		
41.62		0.00307498		
41.63		0.00307414		
41.64		0.00307329		
41.65		0.00307245		
41.66		0.00307161		
41.67		0.00307076		
41.68		0.00306992		
41.69		0.00306908		
41.7		0.00306824		
41.71		0.0030674		
41.72		0.00306656		
41.73		0.00306571		
41.74		0.00306488		
41.75		0.00306404		
41.76		0.0030632		
41.77		0.00306236		
41.78		0.00306152		
41.79		0.00306068		
41.8		0.00305985		
41.81		0.00305901		
41.82		0.00305817		
41.83		0.00305734		
41.84		0.0030565		
41.85		0.00305567		
41.86		0.00305483		
41.87		0.003054		
41.88		0.00305316		
41.89		0.00305233		
41.9		0.0030515		
41.91		0.00305067		
41.92		0.00304983		
41.93		0.003049		
41.94		0.00304817		
41.95		0.00304734		
41.96		0.00304651		
41.97		0.00304568		
41.98		0.00304485		
41.99		0.00304402		
42		0.00304319		
42.01		0.00304236		
42.02		0.00304154		
42.03		0.00304071		
42.04		0.00303988		
42.05		0.00303905		
42.06		0.00303823		
42.07		0.0030374		
42.08		0.00303658		
42.09		0.00303575		
42.1		0.00303493		
42.11		0.0030341		
42.12		0.00303328		
42.13		0.00303246		
42.14		0.00303164		
42.15		0.00303081		
42.16		0.00302999		
42.17		0.00302917		
42.18		0.00302835		
42.19		0.00302753		
42.2		0.00302671		
42.21		0.00302589		
42.22		0.00302507		
42.23		0.00302425		
42.24		0.00302343		
42.25		0.00302261		
42.26		0.00302179		
42.27		0.00302098		
42.28		0.00302016		
42.29		0.00301934		
42.3		0.00301853		
42.31		0.00301771		
42.32		0.0030169		
42.33		0.00301608		
42.34		0.00301527		
42.35		0.00301445		
42.36		0.00301364		
42.37		0.00301283		
42.38		0.00301201		
42.39		0.0030112		
42.4		0.00301039		
42.41		0.00300958		
42.42		0.00300877		
42.43		0.00300796		
42.44		0.00300715		
42.45		0.00300634		
42.46		0.00300553		
42.47		0.00300472		
42.48		0.00300391		
42.49		0.0030031		
42.5		0.00300229		
42.51		0.00300148		
42.52		0.00300068		
42.53		0.00299987		
42.54		0.00299906		
42.55		0.00299826		
42.56		0.00299745		
42.57		0.00299665		
42.58		0.00299584		
42.59		0.00299504		
42.6		0.00299424		
42.61		0.00299343		
42.62		0.00299263		
42.63		0.00299183		
42.64		0.00299102		
42.65		0.00299022		
42.66		0.00298942		
42.67		0.00298862		
42.68		0.00298782		
42.69		0.00298702		
42.7		0.00298622		
42.71		0.00298542		
42.72		0.00298462		
42.73		0.00298382		
42.74		0.00298302		
42.75		0.00298223		
42.76		0.00298143		
42.77		0.00298063		
42.78		0.00297984		
42.79		0.00297904		
42.8		0.00297824		
42.81		0.00297745		
42.82		0.00297665		
42.83		0.00297586		
42.84		0.00297506		
42.85		0.00297427		
42.86		0.00297348		
42.87		0.00297268		
42.88		0.00297189		
42.89		0.0029711		
42.9		0.00297031		
42.91		0.00296952		
42.92		0.00296873		
42.93		0.00296793		
42.94		0.00296714		
42.95		0.00296635		
42.96		0.00296557		
42.97		0.00296478		
42.98		0.00296399		
42.99		0.0029632		
43		0.00296241		
43.01		0.00296162		
43.02		0.00296084		
43.03		0.00296005		
43.04		0.00295926		
43.05		0.00295848		
43.06		0.00295769		
43.07		0.00295691		
43.08		0.00295612		
43.09		0.00295534		
43.1		0.00295455		
43.11		0.00295377		
43.12		0.00295299		
43.13		0.0029522		
43.14		0.00295142		
43.15		0.00295064		
43.16		0.00294986		
43.17		0.00294908		
43.18		0.0029483		
43.19		0.00294752		
43.2		0.00294674		
43.21		0.00294596		
43.22		0.00294518		
43.23		0.0029444		
43.24		0.00294362		
43.25		0.00294284		
43.26		0.00294206		
43.27		0.00294129		
43.28		0.00294051		
43.29		0.00293973		
43.3		0.00293896		
43.31		0.00293818		
43.32		0.00293741		
43.33		0.00293663		
43.34		0.00293586		
43.35		0.00293508		
43.36		0.00293431		
43.37		0.00293353		
43.38		0.00293276		
43.39		0.00293199		
43.4		0.00293122		
43.41		0.00293044		
43.42		0.00292967		
43.43		0.0029289		
43.44		0.00292813		
43.45		0.00292736		
43.46		0.00292659		
43.47		0.00292582		
43.48		0.00292505		
43.49		0.00292428		
43.5		0.00292351		
43.51		0.00292274		
43.52		0.00292198		
43.53		0.00292121		
43.54		0.00292044		
43.55		0.00291968		
43.56		0.00291891		
43.57		0.00291814		
43.58		0.00291738		
43.59		0.00291661		
43.6		0.00291585		
43.61		0.00291508		
43.62		0.00291432		
43.63		0.00291356		
43.64		0.00291279		
43.65		0.00291203		
43.66		0.00291127		
43.67		0.00291051		
43.68		0.00290974		
43.69		0.00290898		
43.7		0.00290822		
43.71		0.00290746		
43.72		0.0029067		
43.73		0.00290594		
43.74		0.00290518		
43.75		0.00290442		
43.76		0.00290366		
43.77		0.0029029		
43.78		0.00290215		
43.79		0.00290139		
43.8		0.00290063		
43.81		0.00289987		
43.82		0.00289912		
43.83		0.00289836		
43.84		0.00289761		
43.85		0.00289685		
43.86		0.0028961		
43.87		0.00289534		
43.88		0.00289459		
43.89		0.00289383		
43.9		0.00289308		
43.91		0.00289233		
43.92		0.00289157		
43.93		0.00289082		
43.94		0.00289007		
43.95		0.00288932		
43.96		0.00288856		
43.97		0.00288781		
43.98		0.00288706		
43.99		0.00288631		
44		0.00288556		
44.01		0.00288481		
44.02		0.00288406		
44.03		0.00288331		
44.04		0.00288257		
44.05		0.00288182		
44.06		0.00288107		
44.07		0.00288032		
44.08		0.00287958		
44.09		0.00287883		
44.1		0.00287808		
44.11		0.00287734		
44.12		0.00287659		
44.13		0.00287585		
44.14		0.0028751		
44.15		0.00287436		
44.16		0.00287361		
44.17		0.00287287		
44.18		0.00287213		
44.19		0.00287138		
44.2		0.00287064		
44.21		0.0028699		
44.22		0.00286916		
44.23		0.00286841		
44.24		0.00286767		
44.25		0.00286693		
44.26		0.00286619		
44.27		0.00286545		
44.28		0.00286471		
44.29		0.00286397		
44.3		0.00286323		
44.31		0.00286249		
44.32		0.00286176		
44.33		0.00286102		
44.34		0.00286028		
44.35		0.00285954		
44.36		0.00285881		
44.37		0.00285807		
44.38		0.00285733		
44.39		0.0028566		
44.4		0.00285586		
44.41		0.00285513		
44.42		0.00285439		
44.43		0.00285366		
44.44		0.00285292		
44.45		0.00285219		
44.46		0.00285146		
44.47		0.00285072		
44.48		0.00284999		
44.49		0.00284926		
44.5		0.00284853		
44.51		0.00284779		
44.52		0.00284706		
44.53		0.00284633		
44.54		0.0028456		
44.55		0.00284487		
44.56		0.00284414		
44.57		0.00284341		
44.58		0.00284268		
44.59		0.00284195		
44.6		0.00284123		
44.61		0.0028405		
44.62		0.00283977		
44.63		0.00283904		
44.64		0.00283832		
44.65		0.00283759		
44.66		0.00283686		
44.67		0.00283614		
44.68		0.00283541		
44.69		0.00283469		
44.7		0.00283396		
44.71		0.00283324		
44.72		0.00283251		
44.73		0.00283179		
44.74		0.00283106		
44.75		0.00283034		
44.76		0.00282962		
44.77		0.0028289		
44.78		0.00282817		
44.79		0.00282745		
44.8		0.00282673		
44.81		0.00282601		
44.82		0.00282529		
44.83		0.00282457		
44.84		0.00282385		
44.85		0.00282313		
44.86		0.00282241		
44.87		0.00282169		
44.88		0.00282097		
44.89		0.00282025		
44.9		0.00281953		
44.91		0.00281882		
44.92		0.0028181		
44.93		0.00281738		
44.94		0.00281667		
44.95		0.00281595		
44.96		0.00281523		
44.97		0.00281452		
44.98		0.0028138		
44.99		0.00281309		
45		0.00281237		
45.01		0.00281166		
45.02		0.00281094		
45.03		0.00281023		
45.04		0.00280952		
45.05		0.00280881		
45.06		0.00280809		
45.07		0.00280738		
45.08		0.00280667		
45.09		0.00280596		
45.1		0.00280525		
45.11		0.00280453		
45.12		0.00280382		
45.13		0.00280311		
45.14		0.0028024		
45.15		0.00280169		
45.16		0.00280099		
45.17		0.00280028		
45.18		0.00279957		
45.19		0.00279886		
45.2		0.00279815		
45.21		0.00279744		
45.22		0.00279674		
45.23		0.00279603		
45.24		0.00279532		
45.25		0.00279462		
45.26		0.00279391		
45.27		0.00279321		
45.28		0.0027925		
45.29		0.0027918		
45.3		0.00279109		
45.31		0.00279039		
45.32		0.00278968		
45.33		0.00278898		
45.34		0.00278828		
45.35		0.00278757		
45.36		0.00278687		
45.37		0.00278617		
45.38		0.00278547		
45.39		0.00278477		
45.4		0.00278407		
45.41		0.00278336		
45.42		0.00278266		
45.43		0.00278196		
45.44		0.00278126		
45.45		0.00278056		
45.46		0.00277987		
45.47		0.00277917		
45.48		0.00277847		
45.49		0.00277777		
45.5		0.00277707		
45.51		0.00277637		
45.52		0.00277568		
45.53		0.00277498		
45.54		0.00277428		
45.55		0.00277359		
45.56		0.00277289		
45.57		0.0027722		
45.58		0.0027715		
45.59		0.00277081		
45.6		0.00277011		
45.61		0.00276942		
45.62		0.00276872		
45.63		0.00276803		
45.64		0.00276734		
45.65		0.00276664		
45.66		0.00276595		
45.67		0.00276526		
45.68		0.00276457		
45.69		0.00276387		
45.7		0.00276318		
45.71		0.00276249		
45.72		0.0027618		
45.73		0.00276111		
45.74		0.00276042		
45.75		0.00275973		
45.76		0.00275904		
45.77		0.00275835		
45.78		0.00275766		
45.79		0.00275698		
45.8		0.00275629		
45.81		0.0027556		
45.82		0.00275491		
45.83		0.00275423		
45.84		0.00275354		
45.85		0.00275285		
45.86		0.00275217		
45.87		0.00275148		
45.88		0.00275079		
45.89		0.00275011		
45.9		0.00274942		
45.91		0.00274874		
45.92		0.00274806		
45.93		0.00274737		
45.94		0.00274669		
45.95		0.002746		
45.96		0.00274532		
45.97		0.00274464		
45.98		0.00274396		
45.99		0.00274327		
46		0.00274259		
46.01		0.00274191		
46.02		0.00274123		
46.03		0.00274055		
46.04		0.00273987		
46.05		0.00273919		
46.06		0.00273851		
46.07		0.00273783		
46.08		0.00273715		
46.09		0.00273647		
46.1		0.00273579		
46.11		0.00273512		
46.12		0.00273444		
46.13		0.00273376		
46.14		0.00273308		
46.15		0.00273241		
46.16		0.00273173		
46.17		0.00273105		
46.18		0.00273038		
46.19		0.0027297		
46.2		0.00272903		
46.21		0.00272835		
46.22		0.00272768		
46.23		0.002727		
46.24		0.00272633		
46.25		0.00272565		
46.26		0.00272498		
46.27		0.00272431		
46.28		0.00272363		
46.29		0.00272296		
46.3		0.00272229		
46.31		0.00272162		
46.32		0.00272095		
46.33		0.00272027		
46.34		0.0027196		
46.35		0.00271893		
46.36		0.00271826		
46.37		0.00271759		
46.38		0.00271692		
46.39		0.00271625		
46.4		0.00271558		
46.41		0.00271492		
46.42		0.00271425		
46.43		0.00271358		
46.44		0.00271291		
46.45		0.00271224		
46.46		0.00271158		
46.47		0.00271091		
46.48		0.00271024		
46.49		0.00270958		
46.5		0.00270891		
46.51		0.00270824		
46.52		0.00270758		
46.53		0.00270691		
46.54		0.00270625		
46.55		0.00270558		
46.56		0.00270492		
46.57		0.00270426		
46.58		0.00270359		
46.59		0.00270293		
46.6		0.00270227		
46.61		0.0027016		
46.62		0.00270094		
46.63		0.00270028		
46.64		0.00269962		
46.65		0.00269896		
46.66		0.00269829		
46.67		0.00269763		
46.68		0.00269697		
46.69		0.00269631		
46.7		0.00269565		
46.71		0.00269499		
46.72		0.00269433		
46.73		0.00269368		
46.74		0.00269302		
46.75		0.00269236		
46.76		0.0026917		
46.77		0.00269104		
46.78		0.00269038		
46.79		0.00268973		
46.8		0.00268907		
46.81		0.00268841		
46.82		0.00268776		
46.83		0.0026871		
46.84		0.00268645		
46.85		0.00268579		
46.86		0.00268514		
46.87		0.00268448		
46.88		0.00268383		
46.89		0.00268317		
46.9		0.00268252		
46.91		0.00268186		
46.92		0.00268121		
46.93		0.00268056		
46.94		0.00267991		
46.95		0.00267925		
46.96		0.0026786		
46.97		0.00267795		
46.98		0.0026773		
46.99		0.00267665		
47		0.002676		
47.01		0.00267534		
47.02		0.00267469		
47.03		0.00267404		
47.04		0.00267339		
47.05		0.00267275		
47.06		0.0026721		
47.07		0.00267145		
47.08		0.0026708		
47.09		0.00267015		
47.1		0.0026695		
47.11		0.00266885		
47.12		0.00266821		
47.13		0.00266756		
47.14		0.00266691		
47.15		0.00266627		
47.16		0.00266562		
47.17		0.00266497		
47.18		0.00266433		
47.19		0.00266368		
47.2		0.00266304		
47.21		0.00266239		
47.22		0.00266175		
47.23		0.00266111		
47.24		0.00266046		
47.25		0.00265982		
47.26		0.00265917		
47.27		0.00265853		
47.28		0.00265789		
47.29		0.00265725		
47.3		0.0026566		
47.31		0.00265596		
47.32		0.00265532		
47.33		0.00265468		
47.34		0.00265404		
47.35		0.0026534		
47.36		0.00265276		
47.37		0.00265212		
47.38		0.00265148		
47.39		0.00265084		
47.4		0.0026502		
47.41		0.00264956		
47.42		0.00264892		
47.43		0.00264828		
47.44		0.00264765		
47.45		0.00264701		
47.46		0.00264637		
47.47		0.00264573		
47.48		0.0026451		
47.49		0.00264446		
47.5		0.00264382		
47.51		0.00264319		
47.52		0.00264255		
47.53		0.00264192		
47.54		0.00264128		
47.55		0.00264065		
47.56		0.00264001		
47.57		0.00263938		
47.58		0.00263874		
47.59		0.00263811		
47.6		0.00263748		
47.61		0.00263684		
47.62		0.00263621		
47.63		0.00263558		
47.64		0.00263495		
47.65		0.00263431		
47.66		0.00263368		
47.67		0.00263305		
47.68		0.00263242		
47.69		0.00263179		
47.7		0.00263116		
47.71		0.00263053		
47.72		0.0026299		
47.73		0.00262927		
47.74		0.00262864		
47.75		0.00262801		
47.76		0.00262738		
47.77		0.00262675		
47.78		0.00262612		
47.79		0.00262549		
47.8		0.00262487		
47.81		0.00262424		
47.82		0.00262361		
47.83		0.00262299		
47.84		0.00262236		
47.85		0.00262173		
47.86		0.00262111		
47.87		0.00262048		
47.88		0.00261986		
47.89		0.00261923		
47.9		0.0026186		
47.91		0.00261798		
47.92		0.00261736		
47.93		0.00261673		
47.94		0.00261611		
47.95		0.00261548		
47.96		0.00261486		
47.97		0.00261424		
47.98		0.00261362		
47.99		0.00261299		
48		0.00261237		
48.01		0.00261175		
48.02		0.00261113		
48.03		0.00261051		
48.04		0.00260988		
48.05		0.00260926		
48.06		0.00260864		
48.07		0.00260802		
48.08		0.0026074		
48.09		0.00260678		
48.1		0.00260616		
48.11		0.00260555		
48.12		0.00260493		
48.13		0.00260431		
48.14		0.00260369		
48.15		0.00260307		
48.16		0.00260245		
48.17		0.00260184		
48.18		0.00260122		
48.19		0.0026006		
48.2		0.00259999		
48.21		0.00259937		
48.22		0.00259875		
48.23		0.00259814		
48.24		0.00259752		
48.25		0.00259691		
48.26		0.00259629		
48.27		0.00259568		
48.28		0.00259506		
48.29		0.00259445		
48.3		0.00259383		
48.31		0.00259322		
48.32		0.00259261		
48.33		0.00259199		
48.34		0.00259138		
48.35		0.00259077		
48.36		0.00259016		
48.37		0.00258954		
48.38		0.00258893		
48.39		0.00258832		
48.4		0.00258771		
48.41		0.0025871		
48.42		0.00258649		
48.43		0.00258588		
48.44		0.00258527		
48.45		0.00258466		
48.46		0.00258405		
48.47		0.00258344		
48.48		0.00258283		
48.49		0.00258222		
48.5		0.00258161		
48.51		0.002581		
48.52		0.0025804		
48.53		0.00257979		
48.54		0.00257918		
48.55		0.00257857		
48.56		0.00257797		
48.57		0.00257736		
48.58		0.00257675		
48.59		0.00257615		
48.6		0.00257554		
48.61		0.00257494		
48.62		0.00257433		
48.63		0.00257373		
48.64		0.00257312		
48.65		0.00257252		
48.66		0.00257191		
48.67		0.00257131		
48.68		0.00257071		
48.69		0.0025701		
48.7		0.0025695		
48.71		0.0025689		
48.72		0.00256829		
48.73		0.00256769		
48.74		0.00256709		
48.75		0.00256649		
48.76		0.00256589		
48.77		0.00256529		
48.78		0.00256468		
48.79		0.00256408		
48.8		0.00256348		
48.81		0.00256288		
48.82		0.00256228		
48.83		0.00256168		
48.84		0.00256108		
48.85		0.00256048		
48.86		0.00255989		
48.87		0.00255929		
48.88		0.00255869		
48.89		0.00255809		
48.9		0.00255749		
48.91		0.0025569		
48.92		0.0025563		
48.93		0.0025557		
48.94		0.0025551		
48.95		0.00255451		
48.96		0.00255391		
48.97		0.00255332		
48.98		0.00255272		
48.99		0.00255212		
49		0.00255153		
49.01		0.00255093		
49.02		0.00255034		
49.03		0.00254974		
49.04		0.00254915		
49.05		0.00254856		
49.06		0.00254796		
49.07		0.00254737		
49.08		0.00254678		
49.09		0.00254618		
49.1		0.00254559		
49.11		0.002545		
49.12		0.00254441		
49.13		0.00254381		
49.14		0.00254322		
49.15		0.00254263		
49.16		0.00254204		
49.17		0.00254145		
49.18		0.00254086		
49.19		0.00254027		
49.2		0.00253968		
49.21		0.00253909		
49.22		0.0025385		
49.23		0.00253791		
49.24		0.00253732		
49.25		0.00253673		
49.26		0.00253614		
49.27		0.00253556		
49.28		0.00253497		
49.29		0.00253438		
49.3		0.00253379		
49.31		0.0025332		
49.32		0.00253262		
49.33		0.00253203		
49.34		0.00253144		
49.35		0.00253086		
49.36		0.00253027		
49.37		0.00252969		
49.38		0.0025291		
49.39		0.00252852		
49.4		0.00252793		
49.41		0.00252735		
49.42		0.00252676		
49.43		0.00252618		
49.44		0.00252559		
49.45		0.00252501		
49.46		0.00252443		
49.47		0.00252384		
49.48		0.00252326		
49.49		0.00252268		
49.5		0.0025221		
49.51		0.00252151		
49.52		0.00252093		
49.53		0.00252035		
49.54		0.00251977		
49.55		0.00251919		
49.56		0.00251861		
49.57		0.00251803		
49.58		0.00251745		
49.59		0.00251687		
49.6		0.00251629		
49.61		0.00251571		
49.62		0.00251513		
49.63		0.00251455		
49.64		0.00251397		
49.65		0.00251339		
49.66		0.00251281		
49.67		0.00251223		
49.68		0.00251166		
49.69		0.00251108		
49.7		0.0025105		
49.71		0.00250992		
49.72		0.00250935		
49.73		0.00250877		
49.74		0.00250819		
49.75		0.00250762		
49.76		0.00250704		
49.77		0.00250647		
49.78		0.00250589		
49.79		0.00250531		
49.8		0.00250474		
49.81		0.00250417		
49.82		0.00250359		
49.83		0.00250302		
49.84		0.00250244		
49.85		0.00250187		
49.86		0.0025013		
49.87		0.00250072		
49.88		0.00250015		
49.89		0.00249958		
49.9		0.002499		
49.91		0.00249843		
49.92		0.00249786		
49.93		0.00249729		
49.94		0.00249672		
49.95		0.00249615		
49.96		0.00249557		
49.97		0.002495		
49.98		0.00249443		
49.99		0.00249386		
50		0.00249329		
