tau [fm]		e/e0
0.25		1
0.26		0.961363		
0.27		0.925612		
0.28		0.892433		
0.29		0.861553		
0.3		0.832739		
0.31		0.805787		
0.32		0.78052		
0.33		0.756783		
0.34		0.734439		
0.35		0.713367		
0.36		0.693461		
0.37		0.674625		
0.38		0.656773		
0.39		0.639829		
0.4		0.623725		
0.41		0.608399		
0.42		0.593795		
0.43		0.579863		
0.44		0.566557		
0.45		0.553834		
0.46		0.541657		
0.47		0.52999		
0.48		0.518803		
0.49		0.508065		
0.5		0.497749		
0.51		0.487832		
0.52		0.478289		
0.53		0.4691		
0.54		0.460246		
0.55		0.451707		
0.56		0.443468		
0.57		0.435512		
0.58		0.427825		
0.59		0.420394		
0.6		0.413205		
0.61		0.406248		
0.62		0.39951		
0.63		0.392982		
0.64		0.386653		
0.65		0.380515		
0.66		0.37456		
0.67		0.368778		
0.68		0.363163		
0.69		0.357707		
0.7		0.352404		
0.71		0.347247		
0.72		0.34223		
0.73		0.337348		
0.74		0.332595		
0.75		0.327966		
0.76		0.323457		
0.77		0.319062		
0.78		0.314778		
0.79		0.3106		
0.8		0.306524		
0.81		0.302547		
0.82		0.298666		
0.83		0.294875		
0.84		0.291174		
0.85		0.287558		
0.86		0.284024		
0.87		0.280571		
0.88		0.277194		
0.89		0.273892		
0.9		0.270662		
0.91		0.267502		
0.92		0.26441		
0.93		0.261382		
0.94		0.258419		
0.95		0.255517		
0.96		0.252674		
0.97		0.249889		
0.98		0.24716		
0.99		0.244486		
1		0.241864		
1.01		0.239294		
1.02		0.236773		
1.03		0.234301		
1.04		0.231875		
1.05		0.229496		
1.06		0.227161		
1.07		0.224869		
1.08		0.222619		
1.09		0.22041		
1.1		0.21824		
1.11		0.21611		
1.12		0.214017		
1.13		0.211961		
1.14		0.209941		
1.15		0.207956		
1.16		0.206004		
1.17		0.204086		
1.18		0.2022		
1.19		0.200346		
1.2		0.198523		
1.21		0.196729		
1.22		0.194965		
1.23		0.19323		
1.24		0.191522		
1.25		0.189842		
1.26		0.188188		
1.27		0.18656		
1.28		0.184958		
1.29		0.18338		
1.3		0.181827		
1.31		0.180298		
1.32		0.178792		
1.33		0.177308		
1.34		0.175847		
1.35		0.174407		
1.36		0.172988		
1.37		0.171591		
1.38		0.170213		
1.39		0.168856		
1.4		0.167518		
1.41		0.166199		
1.42		0.164899		
1.43		0.163617		
1.44		0.162353		
1.45		0.161107		
1.46		0.159878		
1.47		0.158665		
1.48		0.15747		
1.49		0.15629		
1.5		0.155126		
1.51		0.153978		
1.52		0.152845		
1.53		0.151727		
1.54		0.150624		
1.55		0.149535		
1.56		0.14846		
1.57		0.1474		
1.58		0.146352		
1.59		0.145318		
1.6		0.144298		
1.61		0.14329		
1.62		0.142294		
1.63		0.141311		
1.64		0.140341		
1.65		0.139382		
1.66		0.138435		
1.67		0.137499		
1.68		0.136575		
1.69		0.135662		
1.7		0.13476		
1.71		0.133869		
1.72		0.132988		
1.73		0.132118		
1.74		0.131257		
1.75		0.130407		
1.76		0.129567		
1.77		0.128736		
1.78		0.127915		
1.79		0.127104		
1.8		0.126301		
1.81		0.125508		
1.82		0.124723		
1.83		0.123948		
1.84		0.12318		
1.85		0.122422		
1.86		0.121672		
1.87		0.12093		
1.88		0.120196		
1.89		0.11947		
1.9		0.118752		
1.91		0.118042		
1.92		0.117339		
1.93		0.116644		
1.94		0.115956		
1.95		0.115275		
1.96		0.114602		
1.97		0.113935		
1.98		0.113276		
1.99		0.112623		
2		0.111977		
2.01		0.111338		
2.02		0.110705		
2.03		0.110079		
2.04		0.109459		
2.05		0.108845		
2.06		0.108237		
2.07		0.107636		
2.08		0.10704		
2.09		0.106451		
2.1		0.105867		
2.11		0.105289		
2.12		0.104716		
2.13		0.104149		
2.14		0.103588		
2.15		0.103032		
2.16		0.102481		
2.17		0.101936		
2.18		0.101396		
2.19		0.100861		
2.2		0.100331		
2.21		0.0998055		
2.22		0.0992853		
2.23		0.09877		
2.24		0.0982595		
2.25		0.0977537		
2.26		0.0972526		
2.27		0.0967561		
2.28		0.0962641		
2.29		0.0957766		
2.3		0.0952935		
2.31		0.0948147		
2.32		0.0943403		
2.33		0.0938701		
2.34		0.0934041		
2.35		0.0929423		
2.36		0.0924845		
2.37		0.0920308		
2.38		0.091581		
2.39		0.0911352		
2.4		0.0906932		
2.41		0.0902551		
2.42		0.0898208		
2.43		0.0893903		
2.44		0.0889634		
2.45		0.0885402		
2.46		0.0881205		
2.47		0.0877045		
2.48		0.0872919		
2.49		0.0868828		
2.5		0.0864772		
2.51		0.0860749		
2.52		0.085676		
2.53		0.0852805		
2.54		0.0848881		
2.55		0.084499		
2.56		0.0841132		
2.57		0.0837304		
2.58		0.0833508		
2.59		0.0829743		
2.6		0.0826008		
2.61		0.0822303		
2.62		0.0818628		
2.63		0.0814982		
2.64		0.0811366		
2.65		0.0807778		
2.66		0.0804219		
2.67		0.0800687		
2.68		0.0797184		
2.69		0.0793708		
2.7		0.0790259		
2.71		0.0786837		
2.72		0.0783442		
2.73		0.0780072		
2.74		0.0776729		
2.75		0.0773412		
2.76		0.077012		
2.77		0.0766853		
2.78		0.076361		
2.79		0.0760393		
2.8		0.07572		
2.81		0.075403		
2.82		0.0750885		
2.83		0.0747763		
2.84		0.0744665		
2.85		0.0741589		
2.86		0.0738536		
2.87		0.0735506		
2.88		0.0732498		
2.89		0.0729512		
2.9		0.0726548		
2.91		0.0723606		
2.92		0.0720685		
2.93		0.0717785		
2.94		0.0714906		
2.95		0.0712047		
2.96		0.070921		
2.97		0.0706392		
2.98		0.0703595		
2.99		0.0700818		
3		0.069806		
3.01		0.0695322		
3.02		0.0692603		
3.03		0.0689903		
3.04		0.0687222		
3.05		0.0684559		
3.06		0.0681916		
3.07		0.067929		
3.08		0.0676683		
3.09		0.0674094		
3.1		0.0671522		
3.11		0.0668968		
3.12		0.0666432		
3.13		0.0663913		
3.14		0.0661411		
3.15		0.0658926		
3.16		0.0656457		
3.17		0.0654006		
3.18		0.065157		
3.19		0.0649152		
3.2		0.0646749		
3.21		0.0644362		
3.22		0.0641991		
3.23		0.0639636		
3.24		0.0637296		
3.25		0.0634972		
3.26		0.0632663		
3.27		0.0630369		
3.28		0.062809		
3.29		0.0625826		
3.3		0.0623576		
3.31		0.0621341		
3.32		0.0619121		
3.33		0.0616914		
3.34		0.0614722		
3.35		0.0612544		
3.36		0.061038		
3.37		0.0608229		
3.38		0.0606093		
3.39		0.0603969		
3.4		0.060186		
3.41		0.0599763		
3.42		0.0597679		
3.43		0.0595609		
3.44		0.0593551		
3.45		0.0591507		
3.46		0.0589475		
3.47		0.0587455		
3.48		0.0585448		
3.49		0.0583454		
3.5		0.0581471		
3.51		0.0579501		
3.52		0.0577543		
3.53		0.0575596		
3.54		0.0573662		
3.55		0.0571739		
3.56		0.0569828		
3.57		0.0567928		
3.58		0.056604		
3.59		0.0564163		
3.6		0.0562298		
3.61		0.0560443		
3.62		0.05586		
3.63		0.0556767		
3.64		0.0554945		
3.65		0.0553134		
3.66		0.0551334		
3.67		0.0549544		
3.68		0.0547765		
3.69		0.0545996		
3.7		0.0544237		
3.71		0.0542489		
3.72		0.0540751		
3.73		0.0539023		
3.74		0.0537305		
3.75		0.0535596		
3.76		0.0533898		
3.77		0.0532209		
3.78		0.053053		
3.79		0.052886		
3.8		0.05272		
3.81		0.0525549		
3.82		0.0523908		
3.83		0.0522276		
3.84		0.0520653		
3.85		0.0519039		
3.86		0.0517435		
3.87		0.0515839		
3.88		0.0514252		
3.89		0.0512674		
3.9		0.0511105		
3.91		0.0509544		
3.92		0.0507992		
3.93		0.0506448		
3.94		0.0504913		
3.95		0.0503387		
3.96		0.0501869		
3.97		0.0500359		
3.98		0.0498857		
3.99		0.0497363		
4		0.0495878		
4.01		0.04944		
4.02		0.0492931		
4.03		0.0491469		
4.04		0.0490015		
4.05		0.0488569		
4.06		0.0487131		
4.07		0.04857		
4.08		0.0484277		
4.09		0.0482862		
4.1		0.0481454		
4.11		0.0480053		
4.12		0.047866		
4.13		0.0477274		
4.14		0.0475896		
4.15		0.0474524		
4.16		0.047316		
4.17		0.0471803		
4.18		0.0470453		
4.19		0.046911		
4.2		0.0467773		
4.21		0.0466444		
4.22		0.0465122		
4.23		0.0463806		
4.24		0.0462497		
4.25		0.0461195		
4.26		0.0459899		
4.27		0.045861		
4.28		0.0457328		
4.29		0.0456052		
4.3		0.0454783		
4.31		0.045352		
4.32		0.0452263		
4.33		0.0451012		
4.34		0.0449768		
4.35		0.044853		
4.36		0.0447299		
4.37		0.0446073		
4.38		0.0444854		
4.39		0.044364		
4.4		0.0442433		
4.41		0.0441231		
4.42		0.0440036		
4.43		0.0438846		
4.44		0.0437662		
4.45		0.0436484		
4.46		0.0435312		
4.47		0.0434145		
4.48		0.0432984		
4.49		0.0431829		
4.5		0.0430679		
4.51		0.0429535		
4.52		0.0428396		
4.53		0.0427263		
4.54		0.0426136		
4.55		0.0425013		
4.56		0.0423896		
4.57		0.0422785		
4.58		0.0421678		
4.59		0.0420577		
4.6		0.0419481		
4.61		0.0418391		
4.62		0.0417305		
4.63		0.0416225		
4.64		0.041515		
4.65		0.0414079		
4.66		0.0413014		
4.67		0.0411954		
4.68		0.0410899		
4.69		0.0409848		
4.7		0.0408803		
4.71		0.0407762		
4.72		0.0406726		
4.73		0.0405695		
4.74		0.0404669		
4.75		0.0403647		
4.76		0.040263		
4.77		0.0401618		
4.78		0.040061		
4.79		0.0399607		
4.8		0.0398609		
4.81		0.0397615		
4.82		0.0396625		
4.83		0.039564		
4.84		0.039466		
4.85		0.0393684		
4.86		0.0392712		
4.87		0.0391745		
4.88		0.0390782		
4.89		0.0389823		
4.9		0.0388869		
4.91		0.0387919		
4.92		0.0386973		
4.93		0.0386031		
4.94		0.0385093		
4.95		0.038416		
4.96		0.0383231		
4.97		0.0382305		
4.98		0.0381384		
4.99		0.0380467		
5		0.0379554		
5.01		0.0378645		
5.02		0.037774		
5.03		0.0376839		
5.04		0.0375941		
5.05		0.0375048		
5.06		0.0374159		
5.07		0.0373273		
5.08		0.0372391		
5.09		0.0371513		
5.1		0.0370639		
5.11		0.0369768		
5.12		0.0368901		
5.13		0.0368038		
5.14		0.0367179		
5.15		0.0366323		
5.16		0.0365471		
5.17		0.0364622		
5.18		0.0363778		
5.19		0.0362936		
5.2		0.0362098		
5.21		0.0361264		
5.22		0.0360433		
5.23		0.0359606		
5.24		0.0358782		
5.25		0.0357962		
5.26		0.0357145		
5.27		0.0356331		
5.28		0.0355521		
5.29		0.0354714		
5.3		0.0353911		
5.31		0.0353111		
5.32		0.0352314		
5.33		0.035152		
5.34		0.035073		
5.35		0.0349943		
5.36		0.0349159		
5.37		0.0348378		
5.38		0.0347601		
5.39		0.0346827		
5.4		0.0346055		
5.41		0.0345287		
5.42		0.0344522		
5.43		0.0343761		
5.44		0.0343002		
5.45		0.0342246		
5.46		0.0341494		
5.47		0.0340744		
5.48		0.0339997		
5.49		0.0339254		
5.5		0.0338513		
5.51		0.0337775		
5.52		0.0337041		
5.53		0.0336309		
5.54		0.033558		
5.55		0.0334854		
5.56		0.0334131		
5.57		0.033341		
5.58		0.0332693		
5.59		0.0331978		
5.6		0.0331266		
5.61		0.0330557		
5.62		0.0329851		
5.63		0.0329147		
5.64		0.0328447		
5.65		0.0327748		
5.66		0.0327053		
5.67		0.032636		
5.68		0.032567		
5.69		0.0324983		
5.7		0.0324298		
5.71		0.0323616		
5.72		0.0322937		
5.73		0.032226		
5.74		0.0321586		
5.75		0.0320914		
5.76		0.0320245		
5.77		0.0319579		
5.78		0.0318915		
5.79		0.0318253		
5.8		0.0317595		
5.81		0.0316938		
5.82		0.0316284		
5.83		0.0315633		
5.84		0.0314984		
5.85		0.0314337		
5.86		0.0313693		
5.87		0.0313051		
5.88		0.0312412		
5.89		0.0311775		
5.9		0.031114		
5.91		0.0310508		
5.92		0.0309878		
5.93		0.0309251		
5.94		0.0308626		
5.95		0.0308003		
5.96		0.0307382		
5.97		0.0306764		
5.98		0.0306148		
5.99		0.0305534		
6		0.0304923		
6.01		0.0304313		
6.02		0.0303706		
6.03		0.0303102		
6.04		0.0302499		
6.05		0.0301899		
6.06		0.0301301		
6.07		0.0300704		
6.08		0.0300111		
6.09		0.0299519		
6.1		0.0298929		
6.11		0.0298342		
6.12		0.0297757		
6.13		0.0297173		
6.14		0.0296592		
6.15		0.0296013		
6.16		0.0295436		
6.17		0.0294861		
6.18		0.0294288		
6.19		0.0293717		
6.2		0.0293149		
6.21		0.0292582		
6.22		0.0292017		
6.23		0.0291454		
6.24		0.0290894		
6.25		0.0290335		
6.26		0.0289778		
6.27		0.0289223		
6.28		0.028867		
6.29		0.0288119		
6.3		0.028757		
6.31		0.0287023		
6.32		0.0286478		
6.33		0.0285934		
6.34		0.0285393		
6.35		0.0284853		
6.36		0.0284316		
6.37		0.028378		
6.38		0.0283246		
6.39		0.0282714		
6.4		0.0282184		
6.41		0.0281655		
6.42		0.0281128		
6.43		0.0280604		
6.44		0.0280081		
6.45		0.0279559		
6.46		0.027904		
6.47		0.0278522		
6.48		0.0278006		
6.49		0.0277492		
6.5		0.027698		
6.51		0.0276469		
6.52		0.027596		
6.53		0.0275453		
6.54		0.0274947		
6.55		0.0274443		
6.56		0.0273941		
6.57		0.0273441		
6.58		0.0272942		
6.59		0.0272445		
6.6		0.027195		
6.61		0.0271456		
6.62		0.0270964		
6.63		0.0270473		
6.64		0.0269984		
6.65		0.0269497		
6.66		0.0269011		
6.67		0.0268527		
6.68		0.0268045		
6.69		0.0267564		
6.7		0.0267085		
6.71		0.0266607		
6.72		0.0266131		
6.73		0.0265657		
6.74		0.0265184		
6.75		0.0264712		
6.76		0.0264243		
6.77		0.0263774		
6.78		0.0263308		
6.79		0.0262842		
6.8		0.0262378		
6.81		0.0261916		
6.82		0.0261455		
6.83		0.0260996		
6.84		0.0260538		
6.85		0.0260082		
6.86		0.0259627		
6.87		0.0259174		
6.88		0.0258722		
6.89		0.0258271		
6.9		0.0257822		
6.91		0.0257375		
6.92		0.0256929		
6.93		0.0256484		
6.94		0.0256041		
6.95		0.0255599		
6.96		0.0255158		
6.97		0.0254719		
6.98		0.0254281		
6.99		0.0253845		
7		0.025341		
7.01		0.0252976		
7.02		0.0252544		
7.03		0.0252113		
7.04		0.0251684		
7.05		0.0251256		
7.06		0.0250829		
7.07		0.0250403		
7.08		0.0249979		
7.09		0.0249556		
7.1		0.0249135		
7.11		0.0248715		
7.12		0.0248296		
7.13		0.0247878		
7.14		0.0247462		
7.15		0.0247047		
7.16		0.0246633		
7.17		0.0246221		
7.18		0.024581		
7.19		0.02454		
7.2		0.0244991		
7.21		0.0244584		
7.22		0.0244177		
7.23		0.0243773		
7.24		0.0243369		
7.25		0.0242966		
7.26		0.0242565		
7.27		0.0242165		
7.28		0.0241767		
7.29		0.0241369		
7.3		0.0240973		
7.31		0.0240577		
7.32		0.0240183		
7.33		0.0239791		
7.34		0.0239399		
7.35		0.0239009		
7.36		0.0238619		
7.37		0.0238231		
7.38		0.0237844		
7.39		0.0237459		
7.4		0.0237074		
7.41		0.0236691		
7.42		0.0236308		
7.43		0.0235927		
7.44		0.0235547		
7.45		0.0235168		
7.46		0.0234791		
7.47		0.0234414		
7.48		0.0234038		
7.49		0.0233664		
7.5		0.0233291		
7.51		0.0232918		
7.52		0.0232547		
7.53		0.0232177		
7.54		0.0231808		
7.55		0.0231441		
7.56		0.0231074		
7.57		0.0230708		
7.58		0.0230343		
7.59		0.022998		
7.6		0.0229617		
7.61		0.0229256		
7.62		0.0228895		
7.63		0.0228536		
7.64		0.0228178		
7.65		0.022782		
7.66		0.0227464		
7.67		0.0227109		
7.68		0.0226755		
7.69		0.0226402		
7.7		0.0226049		
7.71		0.0225698		
7.72		0.0225348		
7.73		0.0224999		
7.74		0.0224651		
7.75		0.0224304		
7.76		0.0223958		
7.77		0.0223612		
7.78		0.0223268		
7.79		0.0222925		
7.8		0.0222583		
7.81		0.0222242		
7.82		0.0221901		
7.83		0.0221562		
7.84		0.0221224		
7.85		0.0220886		
7.86		0.022055		
7.87		0.0220214		
7.88		0.021988		
7.89		0.0219546		
7.9		0.0219213		
7.91		0.0218882		
7.92		0.0218551		
7.93		0.0218221		
7.94		0.0217892		
7.95		0.0217564		
7.96		0.0217237		
7.97		0.021691		
7.98		0.0216585		
7.99		0.0216261		
8		0.0215937		
8.01		0.0215614		
8.02		0.0215293		
8.03		0.0214972		
8.04		0.0214652		
8.05		0.0214333		
8.06		0.0214014		
8.07		0.0213697		
8.08		0.0213381		
8.09		0.0213065		
8.1		0.021275		
8.11		0.0212436		
8.12		0.0212123		
8.13		0.0211811		
8.14		0.02115		
8.15		0.0211189		
8.16		0.021088		
8.17		0.0210571		
8.18		0.0210263		
8.19		0.0209956		
8.2		0.020965		
8.21		0.0209344		
8.22		0.020904		
8.23		0.0208736		
8.24		0.0208433		
8.25		0.0208131		
8.26		0.0207829		
8.27		0.0207529		
8.28		0.0207229		
8.29		0.020693		
8.3		0.0206632		
8.31		0.0206334		
8.32		0.0206038		
8.33		0.0205742		
8.34		0.0205447		
8.35		0.0205153		
8.36		0.0204859		
8.37		0.0204567		
8.38		0.0204275		
8.39		0.0203984		
8.4		0.0203693		
8.41		0.0203404		
8.42		0.0203115		
8.43		0.0202827		
8.44		0.020254		
8.45		0.0202253		
8.46		0.0201967		
8.47		0.0201682		
8.48		0.0201398		
8.49		0.0201114		
8.5		0.0200832		
8.51		0.0200549		
8.52		0.0200268		
8.53		0.0199988		
8.54		0.0199708		
8.55		0.0199428		
8.56		0.019915		
8.57		0.0198872		
8.58		0.0198595		
8.59		0.0198319		
8.6		0.0198044		
8.61		0.0197769		
8.62		0.0197495		
8.63		0.0197221		
8.64		0.0196948		
8.65		0.0196676		
8.66		0.0196405		
8.67		0.0196134		
8.68		0.0195864		
8.69		0.0195595		
8.7		0.0195326		
8.71		0.0195059		
8.72		0.0194791		
8.73		0.0194525		
8.74		0.0194259		
8.75		0.0193994		
8.76		0.0193729		
8.77		0.0193465		
8.78		0.0193202		
8.79		0.019294		
8.8		0.0192678		
8.81		0.0192417		
8.82		0.0192156		
8.83		0.0191896		
8.84		0.0191637		
8.85		0.0191378		
8.86		0.0191121		
8.87		0.0190863		
8.88		0.0190607		
8.89		0.0190351		
8.9		0.0190095		
8.91		0.0189841		
8.92		0.0189586		
8.93		0.0189333		
8.94		0.018908		
8.95		0.0188828		
8.96		0.0188576		
8.97		0.0188325		
8.98		0.0188075		
8.99		0.0187825		
9		0.0187576		
9.01		0.0187328		
9.02		0.018708		
9.03		0.0186833		
9.04		0.0186586		
9.05		0.018634		
9.06		0.0186094		
9.07		0.018585		
9.08		0.0185605		
9.09		0.0185362		
9.1		0.0185119		
9.11		0.0184876		
9.12		0.0184634		
9.13		0.0184393		
9.14		0.0184152		
9.15		0.0183912		
9.16		0.0183673		
9.17		0.0183434		
9.18		0.0183195		
9.19		0.0182957		
9.2		0.018272		
9.21		0.0182484		
9.22		0.0182247		
9.23		0.0182012		
9.24		0.0181777		
9.25		0.0181543		
9.26		0.0181309		
9.27		0.0181075		
9.28		0.0180843		
9.29		0.0180611		
9.3		0.0180379		
9.31		0.0180148		
9.32		0.0179917		
9.33		0.0179687		
9.34		0.0179458		
9.35		0.0179229		
9.36		0.0179001		
9.37		0.0178773		
9.38		0.0178546		
9.39		0.0178319		
9.4		0.0178093		
9.41		0.0177867		
9.42		0.0177642		
9.43		0.0177418		
9.44		0.0177194		
9.45		0.017697		
9.46		0.0176747		
9.47		0.0176525		
9.48		0.0176303		
9.49		0.0176081		
9.5		0.017586		
9.51		0.017564		
9.52		0.017542		
9.53		0.0175201		
9.54		0.0174982		
9.55		0.0174764		
9.56		0.0174546		
9.57		0.0174328		
9.58		0.0174111		
9.59		0.0173895		
9.6		0.0173679		
9.61		0.0173464		
9.62		0.0173249		
9.63		0.0173035		
9.64		0.0172821		
9.65		0.0172608		
9.66		0.0172395		
9.67		0.0172182		
9.68		0.017197		
9.69		0.0171759		
9.7		0.0171548		
9.71		0.0171338		
9.72		0.0171128		
9.73		0.0170918		
9.74		0.0170709		
9.75		0.0170501		
9.76		0.0170293		
9.77		0.0170085		
9.78		0.0169878		
9.79		0.0169671		
9.8		0.0169465		
9.81		0.016926		
9.82		0.0169054		
9.83		0.016885		
9.84		0.0168645		
9.85		0.0168441		
9.86		0.0168238		
9.87		0.0168035		
9.88		0.0167833		
9.89		0.0167631		
9.9		0.0167429		
9.91		0.0167228		
9.92		0.0167027		
9.93		0.0166827		
9.94		0.0166627		
9.95		0.0166428		
9.96		0.0166229		
9.97		0.0166031		
9.98		0.0165833		
9.99		0.0165635		
10		0.0165438		
10.01		0.0165241		
10.02		0.0165045		
10.03		0.0164849		
10.04		0.0164654		
10.05		0.0164459		
10.06		0.0164264		
10.07		0.016407		
10.08		0.0163877		
10.09		0.0163683		
10.1		0.0163491		
10.11		0.0163298		
10.12		0.0163106		
10.13		0.0162915		
10.14		0.0162724		
10.15		0.0162533		
10.16		0.0162343		
10.17		0.0162153		
10.18		0.0161963		
10.19		0.0161774		
10.2		0.0161586		
10.21		0.0161397		
10.22		0.016121		
10.23		0.0161022		
10.24		0.0160835		
10.25		0.0160649		
10.26		0.0160462		
10.27		0.0160277		
10.28		0.0160091		
10.29		0.0159906		
10.3		0.0159722		
10.31		0.0159537		
10.32		0.0159354		
10.33		0.015917		
10.34		0.0158987		
10.35		0.0158805		
10.36		0.0158622		
10.37		0.0158441		
10.38		0.0158259		
10.39		0.0158078		
10.4		0.0157897		
10.41		0.0157717		
10.42		0.0157537		
10.43		0.0157358		
10.44		0.0157179		
10.45		0.0157		
10.46		0.0156822		
10.47		0.0156644		
10.48		0.0156466		
10.49		0.0156289		
10.5		0.0156112		
10.51		0.0155935		
10.52		0.0155759		
10.53		0.0155583		
10.54		0.0155408		
10.55		0.0155233		
10.56		0.0155058		
10.57		0.0154884		
10.58		0.015471		
10.59		0.0154537		
10.6		0.0154364		
10.61		0.0154191		
10.62		0.0154018		
10.63		0.0153846		
10.64		0.0153674		
10.65		0.0153503		
10.66		0.0153332		
10.67		0.0153161		
10.68		0.0152991		
10.69		0.0152821		
10.7		0.0152652		
10.71		0.0152482		
10.72		0.0152313		
10.73		0.0152145		
10.74		0.0151977		
10.75		0.0151809		
10.76		0.0151641		
10.77		0.0151474		
10.78		0.0151307		
10.79		0.0151141		
10.8		0.0150975		
10.81		0.0150809		
10.82		0.0150644		
10.83		0.0150478		
10.84		0.0150314		
10.85		0.0150149		
10.86		0.0149985		
10.87		0.0149821		
10.88		0.0149658		
10.89		0.0149495		
10.9		0.0149332		
10.91		0.014917		
10.92		0.0149008		
10.93		0.0148846		
10.94		0.0148684		
10.95		0.0148523		
10.96		0.0148362		
10.97		0.0148202		
10.98		0.0148042		
10.99		0.0147882		
11		0.0147723		
11.01		0.0147563		
11.02		0.0147405		
11.03		0.0147246		
11.04		0.0147088		
11.05		0.014693		
11.06		0.0146772		
11.07		0.0146615		
11.08		0.0146458		
11.09		0.0146301		
11.1		0.0146145		
11.11		0.0145989		
11.12		0.0145833		
11.13		0.0145678		
11.14		0.0145523		
11.15		0.0145368		
11.16		0.0145214		
11.17		0.014506		
11.18		0.0144906		
11.19		0.0144752		
11.2		0.0144599		
11.21		0.0144446		
11.22		0.0144293		
11.23		0.0144141		
11.24		0.0143989		
11.25		0.0143837		
11.26		0.0143686		
11.27		0.0143535		
11.28		0.0143384		
11.29		0.0143234		
11.3		0.0143083		
11.31		0.0142933		
11.32		0.0142784		
11.33		0.0142634		
11.34		0.0142485		
11.35		0.0142337		
11.36		0.0142188		
11.37		0.014204		
11.38		0.0141892		
11.39		0.0141744		
11.4		0.0141597		
11.41		0.014145		
11.42		0.0141303		
11.43		0.0141157		
11.44		0.0141011		
11.45		0.0140865		
11.46		0.0140719		
11.47		0.0140574		
11.48		0.0140429		
11.49		0.0140284		
11.5		0.0140139		
11.51		0.0139995		
11.52		0.0139851		
11.53		0.0139708		
11.54		0.0139564		
11.55		0.0139421		
11.56		0.0139278		
11.57		0.0139136		
11.58		0.0138994		
11.59		0.0138851		
11.6		0.013871		
11.61		0.0138568		
11.62		0.0138427		
11.63		0.0138286		
11.64		0.0138146		
11.65		0.0138005		
11.66		0.0137865		
11.67		0.0137725		
11.68		0.0137586		
11.69		0.0137446		
11.7		0.0137307		
11.71		0.0137168		
11.72		0.013703		
11.73		0.0136892		
11.74		0.0136754		
11.75		0.0136616		
11.76		0.0136478		
11.77		0.0136341		
11.78		0.0136204		
11.79		0.0136067		
11.8		0.0135931		
11.81		0.0135795		
11.82		0.0135659		
11.83		0.0135523		
11.84		0.0135388		
11.85		0.0135253		
11.86		0.0135118		
11.87		0.0134983		
11.88		0.0134849		
11.89		0.0134714		
11.9		0.013458		
11.91		0.0134447		
11.92		0.0134313		
11.93		0.013418		
11.94		0.0134047		
11.95		0.0133915		
11.96		0.0133782		
11.97		0.013365		
11.98		0.0133518		
11.99		0.0133386		
12		0.0133255		
12.01		0.0133124		
12.02		0.0132993		
12.03		0.0132862		
12.04		0.0132731		
12.05		0.0132601		
12.06		0.0132471		
12.07		0.0132341		
12.08		0.0132212		
12.09		0.0132083		
12.1		0.0131954		
12.11		0.0131825		
12.12		0.0131696		
12.13		0.0131568		
12.14		0.013144		
12.15		0.0131312		
12.16		0.0131184		
12.17		0.0131057		
12.18		0.013093		
12.19		0.0130803		
12.2		0.0130676		
12.21		0.0130549		
12.22		0.0130423		
12.23		0.0130297		
12.24		0.0130171		
12.25		0.0130046		
12.26		0.0129921		
12.27		0.0129795		
12.28		0.0129671		
12.29		0.0129546		
12.3		0.0129421		
12.31		0.0129297		
12.32		0.0129173		
12.33		0.0129049		
12.34		0.0128926		
12.35		0.0128803		
12.36		0.0128679		
12.37		0.0128557		
12.38		0.0128434		
12.39		0.0128312		
12.4		0.0128189		
12.41		0.0128067		
12.42		0.0127946		
12.43		0.0127824		
12.44		0.0127703		
12.45		0.0127581		
12.46		0.0127461		
12.47		0.012734		
12.48		0.0127219		
12.49		0.0127099		
12.5		0.0126979		
12.51		0.0126859		
12.52		0.012674		
12.53		0.012662		
12.54		0.0126501		
12.55		0.0126382		
12.56		0.0126263		
12.57		0.0126145		
12.58		0.0126026		
12.59		0.0125908		
12.6		0.012579		
12.61		0.0125672		
12.62		0.0125555		
12.63		0.0125437		
12.64		0.012532		
12.65		0.0125203		
12.66		0.0125087		
12.67		0.012497		
12.68		0.0124854		
12.69		0.0124738		
12.7		0.0124622		
12.71		0.0124506		
12.72		0.0124391		
12.73		0.0124275		
12.74		0.012416		
12.75		0.0124045		
12.76		0.0123931		
12.77		0.0123816		
12.78		0.0123702		
12.79		0.0123588		
12.8		0.0123474		
12.81		0.012336		
12.82		0.0123247		
12.83		0.0123133		
12.84		0.012302		
12.85		0.0122907		
12.86		0.0122795		
12.87		0.0122682		
12.88		0.012257		
12.89		0.0122458		
12.9		0.0122346		
12.91		0.0122234		
12.92		0.0122122		
12.93		0.0122011		
12.94		0.01219		
12.95		0.0121789		
12.96		0.0121678		
12.97		0.0121568		
12.98		0.0121457		
12.99		0.0121347		
13		0.0121237		
13.01		0.0121127		
13.02		0.0121017		
13.03		0.0120908		
13.04		0.0120799		
13.05		0.0120689		
13.06		0.0120581		
13.07		0.0120472		
13.08		0.0120363		
13.09		0.0120255		
13.1		0.0120147		
13.11		0.0120039		
13.12		0.0119931		
13.13		0.0119823		
13.14		0.0119716		
13.15		0.0119608		
13.16		0.0119501		
13.17		0.0119394		
13.18		0.0119288		
13.19		0.0119181		
13.2		0.0119075		
13.21		0.0118969		
13.22		0.0118863		
13.23		0.0118757		
13.24		0.0118651		
13.25		0.0118546		
13.26		0.011844		
13.27		0.0118335		
13.28		0.011823		
13.29		0.0118125		
13.3		0.0118021		
13.31		0.0117916		
13.32		0.0117812		
13.33		0.0117708		
13.34		0.0117604		
13.35		0.01175		
13.36		0.0117397		
13.37		0.0117293		
13.38		0.011719		
13.39		0.0117087		
13.4		0.0116984		
13.41		0.0116882		
13.42		0.0116779		
13.43		0.0116677		
13.44		0.0116574		
13.45		0.0116472		
13.46		0.0116371		
13.47		0.0116269		
13.48		0.0116167		
13.49		0.0116066		
13.5		0.0115965		
13.51		0.0115864		
13.52		0.0115763		
13.53		0.0115662		
13.54		0.0115562		
13.55		0.0115461		
13.56		0.0115361		
13.57		0.0115261		
13.58		0.0115161		
13.59		0.0115061		
13.6		0.0114962		
13.61		0.0114862		
13.62		0.0114763		
13.63		0.0114664		
13.64		0.0114565		
13.65		0.0114466		
13.66		0.0114368		
13.67		0.0114269		
13.68		0.0114171		
13.69		0.0114073		
13.7		0.0113975		
13.71		0.0113877		
13.72		0.011378		
13.73		0.0113682		
13.74		0.0113585		
13.75		0.0113488		
13.76		0.0113391		
13.77		0.0113294		
13.78		0.0113197		
13.79		0.0113101		
13.8		0.0113004		
13.81		0.0112908		
13.82		0.0112812		
13.83		0.0112716		
13.84		0.011262		
13.85		0.0112525		
13.86		0.0112429		
13.87		0.0112334		
13.88		0.0112239		
13.89		0.0112144		
13.9		0.0112049		
13.91		0.0111954		
13.92		0.011186		
13.93		0.0111765		
13.94		0.0111671		
13.95		0.0111577		
13.96		0.0111483		
13.97		0.0111389		
13.98		0.0111296		
13.99		0.0111202		
14		0.0111109		
14.01		0.0111016		
14.02		0.0110922		
14.03		0.011083		
14.04		0.0110737		
14.05		0.0110644		
14.06		0.0110552		
14.07		0.0110459		
14.08		0.0110367		
14.09		0.0110275		
14.1		0.0110183		
14.11		0.0110092		
14.12		0.011		
14.13		0.0109908		
14.14		0.0109817		
14.15		0.0109726		
14.16		0.0109635		
14.17		0.0109544		
14.18		0.0109453		
14.19		0.0109363		
14.2		0.0109272		
14.21		0.0109182		
14.22		0.0109092		
14.23		0.0109002		
14.24		0.0108912		
14.25		0.0108822		
14.26		0.0108732		
14.27		0.0108643		
14.28		0.0108554		
14.29		0.0108464		
14.3		0.0108375		
14.31		0.0108286		
14.32		0.0108198		
14.33		0.0108109		
14.34		0.0108021		
14.35		0.0107932		
14.36		0.0107844		
14.37		0.0107756		
14.38		0.0107668		
14.39		0.010758		
14.4		0.0107492		
14.41		0.0107405		
14.42		0.0107317		
14.43		0.010723		
14.44		0.0107143		
14.45		0.0107056		
14.46		0.0106969		
14.47		0.0106882		
14.48		0.0106796		
14.49		0.0106709		
14.5		0.0106623		
14.51		0.0106537		
14.52		0.010645		
14.53		0.0106364		
14.54		0.0106279		
14.55		0.0106193		
14.56		0.0106107		
14.57		0.0106022		
14.58		0.0105937		
14.59		0.0105851		
14.6		0.0105766		
14.61		0.0105681		
14.62		0.0105597		
14.63		0.0105512		
14.64		0.0105427		
14.65		0.0105343		
14.66		0.0105259		
14.67		0.0105175		
14.68		0.0105091		
14.69		0.0105007		
14.7		0.0104923		
14.71		0.0104839		
14.72		0.0104756		
14.73		0.0104672		
14.74		0.0104589		
14.75		0.0104506		
14.76		0.0104423		
14.77		0.010434		
14.78		0.0104257		
14.79		0.0104175		
14.8		0.0104092		
14.81		0.010401		
14.82		0.0103927		
14.83		0.0103845		
14.84		0.0103763		
14.85		0.0103681		
14.86		0.0103599		
14.87		0.0103518		
14.88		0.0103436		
14.89		0.0103355		
14.9		0.0103274		
14.91		0.0103192		
14.92		0.0103111		
14.93		0.010303		
14.94		0.010295		
14.95		0.0102869		
14.96		0.0102788		
14.97		0.0102708		
14.98		0.0102627		
14.99		0.0102547		
15		0.0102467		
15.01		0.0102387		
15.02		0.0102307		
15.03		0.0102227		
15.04		0.0102148		
15.05		0.0102068		
15.06		0.0101989		
15.07		0.010191		
15.08		0.010183		
15.09		0.0101751		
15.1		0.0101672		
15.11		0.0101594		
15.12		0.0101515		
15.13		0.0101436		
15.14		0.0101358		
15.15		0.010128		
15.16		0.0101201		
15.17		0.0101123		
15.18		0.0101045		
15.19		0.0100967		
15.2		0.0100889		
15.21		0.0100812		
15.22		0.0100734		
15.23		0.0100657		
15.24		0.0100579		
15.25		0.0100502		
15.26		0.0100425		
15.27		0.0100348		
15.28		0.0100271		
15.29		0.0100194		
15.3		0.0100118		
15.31		0.0100041		
15.32		0.00999648		
15.33		0.00998885		
15.34		0.00998123		
15.35		0.00997361		
15.36		0.00996601		
15.37		0.00995842		
15.38		0.00995085		
15.39		0.00994328		
15.4		0.00993572		
15.41		0.00992818		
15.42		0.00992064		
15.43		0.00991312		
15.44		0.0099056		
15.45		0.0098981		
15.46		0.00989061		
15.47		0.00988313		
15.48		0.00987566		
15.49		0.0098682		
15.5		0.00986075		
15.51		0.00985331		
15.52		0.00984588		
15.53		0.00983847		
15.54		0.00983106		
15.55		0.00982366		
15.56		0.00981628		
15.57		0.0098089		
15.58		0.00980154		
15.59		0.00979419		
15.6		0.00978684		
15.61		0.00977951		
15.62		0.00977219		
15.63		0.00976487		
15.64		0.00975757		
15.65		0.00975028		
15.66		0.009743		
15.67		0.00973573		
15.68		0.00972847		
15.69		0.00972122		
15.7		0.00971398		
15.71		0.00970675		
15.72		0.00969953		
15.73		0.00969232		
15.74		0.00968512		
15.75		0.00967793		
15.76		0.00967075		
15.77		0.00966358		
15.78		0.00965642		
15.79		0.00964927		
15.8		0.00964213		
15.81		0.009635		
15.82		0.00962788		
15.83		0.00962077		
15.84		0.00961367		
15.85		0.00960659		
15.86		0.00959951		
15.87		0.00959244		
15.88		0.00958538		
15.89		0.00957833		
15.9		0.00957129		
15.91		0.00956426		
15.92		0.00955724		
15.93		0.00955023		
15.94		0.00954322		
15.95		0.00953623		
15.96		0.00952925		
15.97		0.00952228		
15.98		0.00951532		
15.99		0.00950837		
16		0.00950142		
16.01		0.00949449		
16.02		0.00948757		
16.03		0.00948065		
16.04		0.00947375		
16.05		0.00946685		
16.06		0.00945997		
16.07		0.00945309		
16.08		0.00944622		
16.09		0.00943937		
16.1		0.00943252		
16.11		0.00942568		
16.12		0.00941885		
16.13		0.00941203		
16.14		0.00940522		
16.15		0.00939842		
16.16		0.00939163		
16.17		0.00938485		
16.18		0.00937807		
16.19		0.00937131		
16.2		0.00936456		
16.21		0.00935781		
16.22		0.00935107		
16.23		0.00934435		
16.24		0.00933763		
16.25		0.00933092		
16.26		0.00932422		
16.27		0.00931753		
16.28		0.00931085		
16.29		0.00930418		
16.3		0.00929752		
16.31		0.00929086		
16.32		0.00928422		
16.33		0.00927758		
16.34		0.00927095		
16.35		0.00926434		
16.36		0.00925773		
16.37		0.00925113		
16.38		0.00924454		
16.39		0.00923795		
16.4		0.00923138		
16.41		0.00922482		
16.42		0.00921826		
16.43		0.00921171		
16.44		0.00920518		
16.45		0.00919865		
16.46		0.00919213		
16.47		0.00918561		
16.48		0.00917911		
16.49		0.00917262		
16.5		0.00916613		
16.51		0.00915965		
16.52		0.00915319		
16.53		0.00914673		
16.54		0.00914028		
16.55		0.00913383		
16.56		0.0091274		
16.57		0.00912098		
16.58		0.00911456		
16.59		0.00910815		
16.6		0.00910175		
16.61		0.00909536		
16.62		0.00908898		
16.63		0.00908261		
16.64		0.00907624		
16.65		0.00906988		
16.66		0.00906354		
16.67		0.0090572		
16.68		0.00905086		
16.69		0.00904454		
16.7		0.00903823		
16.71		0.00903192		
16.72		0.00902562		
16.73		0.00901933		
16.74		0.00901305		
16.75		0.00900678		
16.76		0.00900051		
16.77		0.00899426		
16.78		0.00898801		
16.79		0.00898177		
16.8		0.00897554		
16.81		0.00896931		
16.82		0.0089631		
16.83		0.00895689		
16.84		0.00895069		
16.85		0.0089445		
16.86		0.00893832		
16.87		0.00893214		
16.88		0.00892598		
16.89		0.00891982		
16.9		0.00891367		
16.91		0.00890753		
16.92		0.00890139		
16.93		0.00889527		
16.94		0.00888915		
16.95		0.00888304		
16.96		0.00887694		
16.97		0.00887084		
16.98		0.00886475		
16.99		0.00885868		
17		0.00885261		
17.01		0.00884654		
17.02		0.00884049		
17.03		0.00883444		
17.04		0.0088284		
17.05		0.00882237		
17.06		0.00881635		
17.07		0.00881033		
17.08		0.00880432		
17.09		0.00879832		
17.1		0.00879233		
17.11		0.00878635		
17.12		0.00878037		
17.13		0.0087744		
17.14		0.00876844		
17.15		0.00876249		
17.16		0.00875654		
17.17		0.0087506		
17.18		0.00874467		
17.19		0.00873875		
17.2		0.00873283		
17.21		0.00872693		
17.22		0.00872103		
17.23		0.00871513		
17.24		0.00870925		
17.25		0.00870337		
17.26		0.0086975		
17.27		0.00869164		
17.28		0.00868578		
17.29		0.00867994		
17.3		0.0086741		
17.31		0.00866826		
17.32		0.00866244		
17.33		0.00865662		
17.34		0.00865081		
17.35		0.00864501		
17.36		0.00863921		
17.37		0.00863342		
17.38		0.00862764		
17.39		0.00862187		
17.4		0.0086161		
17.41		0.00861035		
17.42		0.00860459		
17.43		0.00859885		
17.44		0.00859311		
17.45		0.00858738		
17.46		0.00858166		
17.47		0.00857595		
17.48		0.00857024		
17.49		0.00856454		
17.5		0.00855885		
17.51		0.00855316		
17.52		0.00854748		
17.53		0.00854181		
17.54		0.00853615		
17.55		0.00853049		
17.56		0.00852484		
17.57		0.00851919		
17.58		0.00851356		
17.59		0.00850793		
17.6		0.00850231		
17.61		0.00849669		
17.62		0.00849109		
17.63		0.00848548		
17.64		0.00847989		
17.65		0.0084743		
17.66		0.00846872		
17.67		0.00846315		
17.68		0.00845759		
17.69		0.00845203		
17.7		0.00844648		
17.71		0.00844093		
17.72		0.00843539		
17.73		0.00842986		
17.74		0.00842434		
17.75		0.00841882		
17.76		0.00841331		
17.77		0.00840781		
17.78		0.00840231		
17.79		0.00839682		
17.8		0.00839134		
17.81		0.00838586		
17.82		0.00838039		
17.83		0.00837493		
17.84		0.00836947		
17.85		0.00836402		
17.86		0.00835858		
17.87		0.00835315		
17.88		0.00834772		
17.89		0.0083423		
17.9		0.00833688		
17.91		0.00833147		
17.92		0.00832607		
17.93		0.00832067		
17.94		0.00831528		
17.95		0.0083099		
17.96		0.00830453		
17.97		0.00829916		
17.98		0.0082938		
17.99		0.00828844		
18		0.00828309		
18.01		0.00827775		
18.02		0.00827241		
18.03		0.00826708		
18.04		0.00826176		
18.05		0.00825644		
18.06		0.00825113		
18.07		0.00824583		
18.08		0.00824053		
18.09		0.00823524		
18.1		0.00822996		
18.11		0.00822468		
18.12		0.00821941		
18.13		0.00821415		
18.14		0.00820889		
18.15		0.00820364		
18.16		0.00819839		
18.17		0.00819315		
18.18		0.00818792		
18.19		0.00818269		
18.2		0.00817747		
18.21		0.00817226		
18.22		0.00816705		
18.23		0.00816185		
18.24		0.00815666		
18.25		0.00815147		
18.26		0.00814629		
18.27		0.00814111		
18.28		0.00813594		
18.29		0.00813078		
18.3		0.00812562		
18.31		0.00812047		
18.32		0.00811533		
18.33		0.00811019		
18.34		0.00810506		
18.35		0.00809993		
18.36		0.00809481		
18.37		0.0080897		
18.38		0.00808459		
18.39		0.00807949		
18.4		0.0080744		
18.41		0.00806931		
18.42		0.00806422		
18.43		0.00805915		
18.44		0.00805408		
18.45		0.00804901		
18.46		0.00804395		
18.47		0.0080389		
18.48		0.00803385		
18.49		0.00802881		
18.5		0.00802378		
18.51		0.00801875		
18.52		0.00801373		
18.53		0.00800871		
18.54		0.0080037		
18.55		0.0079987		
18.56		0.0079937		
18.57		0.00798871		
18.58		0.00798372		
18.59		0.00797874		
18.6		0.00797377		
18.61		0.0079688		
18.62		0.00796383		
18.63		0.00795888		
18.64		0.00795393		
18.65		0.00794898		
18.66		0.00794404		
18.67		0.00793911		
18.68		0.00793418		
18.69		0.00792926		
18.7		0.00792434		
18.71		0.00791943		
18.72		0.00791453		
18.73		0.00790963		
18.74		0.00790474		
18.75		0.00789985		
18.76		0.00789497		
18.77		0.00789009		
18.78		0.00788522		
18.79		0.00788036		
18.8		0.0078755		
18.81		0.00787065		
18.82		0.0078658		
18.83		0.00786096		
18.84		0.00785613		
18.85		0.0078513		
18.86		0.00784647		
18.87		0.00784165		
18.88		0.00783684		
18.89		0.00783203		
18.9		0.00782723		
18.91		0.00782244		
18.92		0.00781764		
18.93		0.00781286		
18.94		0.00780808		
18.95		0.00780331		
18.96		0.00779854		
18.97		0.00779378		
18.98		0.00778902		
18.99		0.00778427		
19		0.00777952		
19.01		0.00777478		
19.02		0.00777005		
19.03		0.00776532		
19.04		0.0077606		
19.05		0.00775588		
19.06		0.00775116		
19.07		0.00774646		
19.08		0.00774175		
19.09		0.00773706		
19.1		0.00773237		
19.11		0.00772768		
19.12		0.007723		
19.13		0.00771833		
19.14		0.00771366		
19.15		0.00770899		
19.16		0.00770434		
19.17		0.00769968		
19.18		0.00769503		
19.19		0.00769039		
19.2		0.00768575		
19.21		0.00768112		
19.22		0.0076765		
19.23		0.00767188		
19.24		0.00766726		
19.25		0.00766265		
19.26		0.00765804		
19.27		0.00765344		
19.28		0.00764885		
19.29		0.00764426		
19.3		0.00763968		
19.31		0.0076351		
19.32		0.00763052		
19.33		0.00762596		
19.34		0.00762139		
19.35		0.00761683		
19.36		0.00761228		
19.37		0.00760773		
19.38		0.00760319		
19.39		0.00759865		
19.4		0.00759412		
19.41		0.0075896		
19.42		0.00758507		
19.43		0.00758056		
19.44		0.00757605		
19.45		0.00757154		
19.46		0.00756704		
19.47		0.00756254		
19.48		0.00755805		
19.49		0.00755357		
19.5		0.00754909		
19.51		0.00754461		
19.52		0.00754014		
19.53		0.00753568		
19.54		0.00753121		
19.55		0.00752676		
19.56		0.00752231		
19.57		0.00751786		
19.58		0.00751342		
19.59		0.00750899		
19.6		0.00750456		
19.61		0.00750013		
19.62		0.00749571		
19.63		0.0074913		
19.64		0.00748689		
19.65		0.00748248		
19.66		0.00747808		
19.67		0.00747369		
19.68		0.0074693		
19.69		0.00746491		
19.7		0.00746053		
19.71		0.00745615		
19.72		0.00745178		
19.73		0.00744742		
19.74		0.00744306		
19.75		0.0074387		
19.76		0.00743435		
19.77		0.00743		
19.78		0.00742566		
19.79		0.00742133		
19.8		0.00741699		
19.81		0.00741267		
19.82		0.00740834		
19.83		0.00740403		
19.84		0.00739971		
19.85		0.00739541		
19.86		0.0073911		
19.87		0.00738681		
19.88		0.00738251		
19.89		0.00737822		
19.9		0.00737394		
19.91		0.00736966		
19.92		0.00736539		
19.93		0.00736112		
19.94		0.00735685		
19.95		0.00735259		
19.96		0.00734834		
19.97		0.00734409		
19.98		0.00733984		
19.99		0.0073356		
20		0.00733136		
20.01		0.00732713		
20.02		0.00732291		
20.03		0.00731868		
20.04		0.00731447		
20.05		0.00731025		
20.06		0.00730604		
20.07		0.00730184		
20.08		0.00729764		
20.09		0.00729345		
20.1		0.00728926		
20.11		0.00728507		
20.12		0.00728089		
20.13		0.00727671		
20.14		0.00727254		
20.15		0.00726838		
20.16		0.00726421		
20.17		0.00726006		
20.18		0.0072559		
20.19		0.00725175		
20.2		0.00724761		
20.21		0.00724347		
20.22		0.00723934		
20.23		0.00723521		
20.24		0.00723108		
20.25		0.00722696		
20.26		0.00722284		
20.27		0.00721873		
20.28		0.00721462		
20.29		0.00721052		
20.3		0.00720642		
20.31		0.00720232		
20.32		0.00719823		
20.33		0.00719415		
20.34		0.00719007		
20.35		0.00718599		
20.36		0.00718192		
20.37		0.00717785		
20.38		0.00717379		
20.39		0.00716973		
20.4		0.00716567		
20.41		0.00716162		
20.42		0.00715758		
20.43		0.00715353		
20.44		0.0071495		
20.45		0.00714546		
20.46		0.00714144		
20.47		0.00713741		
20.48		0.00713339		
20.49		0.00712938		
20.5		0.00712537		
20.51		0.00712136		
20.52		0.00711736		
20.53		0.00711336		
20.54		0.00710937		
20.55		0.00710538		
20.56		0.00710139		
20.57		0.00709741		
20.58		0.00709343		
20.59		0.00708946		
20.6		0.00708549		
20.61		0.00708153		
20.62		0.00707757		
20.63		0.00707362		
20.64		0.00706966		
20.65		0.00706572		
20.66		0.00706178		
20.67		0.00705784		
20.68		0.0070539		
20.69		0.00704997		
20.7		0.00704605		
20.71		0.00704213		
20.72		0.00703821		
20.73		0.0070343		
20.74		0.00703039		
20.75		0.00702648		
20.76		0.00702258		
20.77		0.00701869		
20.78		0.00701479		
20.79		0.00701091		
20.8		0.00700702		
20.81		0.00700314		
20.82		0.00699927		
20.83		0.00699539		
20.84		0.00699153		
20.85		0.00698766		
20.86		0.0069838		
20.87		0.00697995		
20.88		0.0069761		
20.89		0.00697225		
20.9		0.00696841		
20.91		0.00696457		
20.92		0.00696073		
20.93		0.0069569		
20.94		0.00695308		
20.95		0.00694925		
20.96		0.00694544		
20.97		0.00694162		
20.98		0.00693781		
20.99		0.006934		
21		0.0069302		
21.01		0.0069264		
21.02		0.00692261		
21.03		0.00691882		
21.04		0.00691503		
21.05		0.00691125		
21.06		0.00690747		
21.07		0.0069037		
21.08		0.00689993		
21.09		0.00689616		
21.1		0.0068924		
21.11		0.00688864		
21.12		0.00688488		
21.13		0.00688113		
21.14		0.00687739		
21.15		0.00687364		
21.16		0.0068699		
21.17		0.00686617		
21.18		0.00686244		
21.19		0.00685871		
21.2		0.00685499		
21.21		0.00685127		
21.22		0.00684755		
21.23		0.00684384		
21.24		0.00684013		
21.25		0.00683643		
21.26		0.00683273		
21.27		0.00682903		
21.28		0.00682534		
21.29		0.00682165		
21.3		0.00681797		
21.31		0.00681429		
21.32		0.00681061		
21.33		0.00680694		
21.34		0.00680327		
21.35		0.0067996		
21.36		0.00679594		
21.37		0.00679228		
21.38		0.00678863		
21.39		0.00678498		
21.4		0.00678133		
21.41		0.00677769		
21.42		0.00677405		
21.43		0.00677041		
21.44		0.00676678		
21.45		0.00676315		
21.46		0.00675953		
21.47		0.00675591		
21.48		0.00675229		
21.49		0.00674868		
21.5		0.00674507		
21.51		0.00674146		
21.52		0.00673786		
21.53		0.00673426		
21.54		0.00673067		
21.55		0.00672708		
21.56		0.00672349		
21.57		0.00671991		
21.58		0.00671633		
21.59		0.00671275		
21.6		0.00670918		
21.61		0.00670561		
21.62		0.00670205		
21.63		0.00669849		
21.64		0.00669493		
21.65		0.00669137		
21.66		0.00668782		
21.67		0.00668428		
21.68		0.00668073		
21.69		0.0066772		
21.7		0.00667366		
21.71		0.00667013		
21.72		0.0066666		
21.73		0.00666307		
21.74		0.00665955		
21.75		0.00665603		
21.76		0.00665252		
21.77		0.00664901		
21.78		0.0066455		
21.79		0.006642		
21.8		0.0066385		
21.81		0.006635		
21.82		0.00663151		
21.83		0.00662802		
21.84		0.00662454		
21.85		0.00662105		
21.86		0.00661757		
21.87		0.0066141		
21.88		0.00661063		
21.89		0.00660716		
21.9		0.0066037		
21.91		0.00660023		
21.92		0.00659678		
21.93		0.00659332		
21.94		0.00658987		
21.95		0.00658643		
21.96		0.00658298		
21.97		0.00657954		
21.98		0.0065761		
21.99		0.00657267		
22		0.00656924		
22.01		0.00656582		
22.02		0.00656239		
22.03		0.00655897		
22.04		0.00655556		
22.05		0.00655215		
22.06		0.00654874		
22.07		0.00654533		
22.08		0.00654193		
22.09		0.00653853		
22.1		0.00653513		
22.11		0.00653174		
22.12		0.00652835		
22.13		0.00652497		
22.14		0.00652159		
22.15		0.00651821		
22.16		0.00651483		
22.17		0.00651146		
22.18		0.00650809		
22.19		0.00650473		
22.2		0.00650137		
22.21		0.00649801		
22.22		0.00649465		
22.23		0.0064913		
22.24		0.00648796		
22.25		0.00648461		
22.26		0.00648127		
22.27		0.00647793		
22.28		0.0064746		
22.29		0.00647126		
22.3		0.00646794		
22.31		0.00646461		
22.32		0.00646129		
22.33		0.00645797		
22.34		0.00645466		
22.35		0.00645135		
22.36		0.00644804		
22.37		0.00644473		
22.38		0.00644143		
22.39		0.00643813		
22.4		0.00643484		
22.41		0.00643154		
22.42		0.00642826		
22.43		0.00642497		
22.44		0.00642169		
22.45		0.00641841		
22.46		0.00641513		
22.47		0.00641186		
22.48		0.00640859		
22.49		0.00640533		
22.5		0.00640206		
22.51		0.0063988		
22.52		0.00639555		
22.53		0.00639229		
22.54		0.00638904		
22.55		0.0063858		
22.56		0.00638255		
22.57		0.00637931		
22.58		0.00637608		
22.59		0.00637284		
22.6		0.00636961		
22.61		0.00636639		
22.62		0.00636316		
22.63		0.00635994		
22.64		0.00635672		
22.65		0.00635351		
22.66		0.00635029		
22.67		0.00634709		
22.68		0.00634388		
22.69		0.00634068		
22.7		0.00633748		
22.71		0.00633428		
22.72		0.00633109		
22.73		0.0063279		
22.74		0.00632471		
22.75		0.00632153		
22.76		0.00631835		
22.77		0.00631517		
22.78		0.006312		
22.79		0.00630883		
22.8		0.00630566		
22.81		0.00630249		
22.82		0.00629933		
22.83		0.00629617		
22.84		0.00629302		
22.85		0.00628986		
22.86		0.00628671		
22.87		0.00628357		
22.88		0.00628042		
22.89		0.00627728		
22.9		0.00627414		
22.91		0.00627101		
22.92		0.00626788		
22.93		0.00626475		
22.94		0.00626162		
22.95		0.0062585		
22.96		0.00625538		
22.97		0.00625227		
22.98		0.00624915		
22.99		0.00624604		
23		0.00624293		
23.01		0.00623983		
23.02		0.00623673		
23.03		0.00623363		
23.04		0.00623053		
23.05		0.00622744		
23.06		0.00622435		
23.07		0.00622127		
23.08		0.00621818		
23.09		0.0062151		
23.1		0.00621202		
23.11		0.00620895		
23.12		0.00620588		
23.13		0.00620281		
23.14		0.00619974		
23.15		0.00619668		
23.16		0.00619362		
23.17		0.00619056		
23.18		0.00618751		
23.19		0.00618445		
23.2		0.00618141		
23.21		0.00617836		
23.22		0.00617532		
23.23		0.00617228		
23.24		0.00616924		
23.25		0.00616621		
23.26		0.00616318		
23.27		0.00616015		
23.28		0.00615712		
23.29		0.0061541		
23.3		0.00615108		
23.31		0.00614806		
23.32		0.00614505		
23.33		0.00614204		
23.34		0.00613903		
23.35		0.00613602		
23.36		0.00613302		
23.37		0.00613002		
23.38		0.00612702		
23.39		0.00612403		
23.4		0.00612104		
23.41		0.00611805		
23.42		0.00611506		
23.43		0.00611208		
23.44		0.0061091		
23.45		0.00610612		
23.46		0.00610315		
23.47		0.00610018		
23.48		0.00609721		
23.49		0.00609424		
23.5		0.00609128		
23.51		0.00608832		
23.52		0.00608536		
23.53		0.0060824		
23.54		0.00607945		
23.55		0.0060765		
23.56		0.00607356		
23.57		0.00607061		
23.58		0.00606767		
23.59		0.00606473		
23.6		0.0060618		
23.61		0.00605886		
23.62		0.00605593		
23.63		0.006053		
23.64		0.00605008		
23.65		0.00604716		
23.66		0.00604424		
23.67		0.00604132		
23.68		0.00603841		
23.69		0.0060355		
23.7		0.00603259		
23.71		0.00602968		
23.72		0.00602678		
23.73		0.00602388		
23.74		0.00602098		
23.75		0.00601808		
23.76		0.00601519		
23.77		0.0060123		
23.78		0.00600941		
23.79		0.00600653		
23.8		0.00600365		
23.81		0.00600077		
23.82		0.00599789		
23.83		0.00599502		
23.84		0.00599215		
23.85		0.00598928		
23.86		0.00598641		
23.87		0.00598355		
23.88		0.00598069		
23.89		0.00597783		
23.9		0.00597498		
23.91		0.00597212		
23.92		0.00596927		
23.93		0.00596642		
23.94		0.00596358		
23.95		0.00596074		
23.96		0.0059579		
23.97		0.00595506		
23.98		0.00595223		
23.99		0.00594939		
24		0.00594656		
24.01		0.00594374		
24.02		0.00594091		
24.03		0.00593809		
24.04		0.00593527		
24.05		0.00593246		
24.06		0.00592964		
24.07		0.00592683		
24.08		0.00592402		
24.09		0.00592122		
24.1		0.00591841		
24.11		0.00591561		
24.12		0.00591281		
24.13		0.00591002		
24.14		0.00590722		
24.15		0.00590443		
24.16		0.00590164		
24.17		0.00589886		
24.18		0.00589607		
24.19		0.00589329		
24.2		0.00589051		
24.21		0.00588774		
24.22		0.00588496		
24.23		0.00588219		
24.24		0.00587943		
24.25		0.00587666		
24.26		0.0058739		
24.27		0.00587114		
24.28		0.00586838		
24.29		0.00586562		
24.3		0.00586287		
24.31		0.00586012		
24.32		0.00585737		
24.33		0.00585462		
24.34		0.00585188		
24.35		0.00584914		
24.36		0.0058464		
24.37		0.00584366		
24.38		0.00584093		
24.39		0.0058382		
24.4		0.00583547		
24.41		0.00583274		
24.42		0.00583002		
24.43		0.0058273		
24.44		0.00582458		
24.45		0.00582186		
24.46		0.00581915		
24.47		0.00581644		
24.48		0.00581373		
24.49		0.00581102		
24.5		0.00580831		
24.51		0.00580561		
24.52		0.00580291		
24.53		0.00580022		
24.54		0.00579752		
24.55		0.00579483		
24.56		0.00579214		
24.57		0.00578945		
24.58		0.00578677		
24.59		0.00578408		
24.6		0.0057814		
24.61		0.00577872		
24.62		0.00577605		
24.63		0.00577337		
24.64		0.0057707		
24.65		0.00576803		
24.66		0.00576537		
24.67		0.0057627		
24.68		0.00576004		
24.69		0.00575738		
24.7		0.00575473		
24.71		0.00575207		
24.72		0.00574942		
24.73		0.00574677		
24.74		0.00574412		
24.75		0.00574148		
24.76		0.00573884		
24.77		0.00573619		
24.78		0.00573356		
24.79		0.00573092		
24.8		0.00572829		
24.81		0.00572566		
24.82		0.00572303		
24.83		0.0057204		
24.84		0.00571778		
24.85		0.00571515		
24.86		0.00571253		
24.87		0.00570992		
24.88		0.0057073		
24.89		0.00570469		
24.9		0.00570208		
24.91		0.00569947		
24.92		0.00569686		
24.93		0.00569426		
24.94		0.00569166		
24.95		0.00568906		
24.96		0.00568646		
24.97		0.00568387		
24.98		0.00568128		
24.99		0.00567869		
25		0.0056761		
25.01		0.00567351		
25.02		0.00567093		
25.03		0.00566835		
25.04		0.00566577		
25.05		0.00566319		
25.06		0.00566062		
25.07		0.00565805		
25.08		0.00565548		
25.09		0.00565291		
25.1		0.00565034		
25.11		0.00564778		
25.12		0.00564522		
25.13		0.00564266		
25.14		0.0056401		
25.15		0.00563755		
25.16		0.005635		
25.17		0.00563245		
25.18		0.0056299		
25.19		0.00562736		
25.2		0.00562481		
25.21		0.00562227		
25.22		0.00561973		
25.23		0.0056172		
25.24		0.00561466		
25.25		0.00561213		
25.26		0.0056096		
25.27		0.00560707		
25.28		0.00560454		
25.29		0.00560202		
25.3		0.0055995		
25.31		0.00559698		
25.32		0.00559446		
25.33		0.00559195		
25.34		0.00558944		
25.35		0.00558692		
25.36		0.00558442		
25.37		0.00558191		
25.38		0.00557941		
25.39		0.0055769		
25.4		0.0055744		
25.41		0.00557191		
25.42		0.00556941		
25.43		0.00556692		
25.44		0.00556443		
25.45		0.00556194		
25.46		0.00555945		
25.47		0.00555696		
25.48		0.00555448		
25.49		0.005552		
25.5		0.00554952		
25.51		0.00554705		
25.52		0.00554457		
25.53		0.0055421		
25.54		0.00553963		
25.55		0.00553716		
25.56		0.00553469		
25.57		0.00553223		
25.58		0.00552977		
25.59		0.00552731		
25.6		0.00552485		
25.61		0.0055224		
25.62		0.00551994		
25.63		0.00551749		
25.64		0.00551504		
25.65		0.0055126		
25.66		0.00551015		
25.67		0.00550771		
25.68		0.00550527		
25.69		0.00550283		
25.7		0.00550039		
25.71		0.00549796		
25.72		0.00549552		
25.73		0.00549309		
25.74		0.00549066		
25.75		0.00548824		
25.76		0.00548581		
25.77		0.00548339		
25.78		0.00548097		
25.79		0.00547855		
25.8		0.00547613		
25.81		0.00547372		
25.82		0.00547131		
25.83		0.0054689		
25.84		0.00546649		
25.85		0.00546408		
25.86		0.00546168		
25.87		0.00545928		
25.88		0.00545688		
25.89		0.00545448		
25.9		0.00545208		
25.91		0.00544969		
25.92		0.00544729		
25.93		0.0054449		
25.94		0.00544252		
25.95		0.00544013		
25.96		0.00543775		
25.97		0.00543536		
25.98		0.00543298		
25.99		0.00543061		
26		0.00542823		
26.01		0.00542585		
26.02		0.00542348		
26.03		0.00542111		
26.04		0.00541874		
26.05		0.00541638		
26.06		0.00541401		
26.07		0.00541165		
26.08		0.00540929		
26.09		0.00540693		
26.1		0.00540458		
26.11		0.00540222		
26.12		0.00539987		
26.13		0.00539752		
26.14		0.00539517		
26.15		0.00539282		
26.16		0.00539048		
26.17		0.00538813		
26.18		0.00538579		
26.19		0.00538345		
26.2		0.00538112		
26.21		0.00537878		
26.22		0.00537645		
26.23		0.00537412		
26.24		0.00537179		
26.25		0.00536946		
26.26		0.00536713		
26.27		0.00536481		
26.28		0.00536249		
26.29		0.00536017		
26.3		0.00535785		
26.31		0.00535554		
26.32		0.00535322		
26.33		0.00535091		
26.34		0.0053486		
26.35		0.00534629		
26.36		0.00534398		
26.37		0.00534168		
26.38		0.00533938		
26.39		0.00533708		
26.4		0.00533478		
26.41		0.00533248		
26.42		0.00533019		
26.43		0.00532789		
26.44		0.0053256		
26.45		0.00532331		
26.46		0.00532102		
26.47		0.00531874		
26.48		0.00531645		
26.49		0.00531417		
26.5		0.00531189		
26.51		0.00530961		
26.52		0.00530734		
26.53		0.00530506		
26.54		0.00530279		
26.55		0.00530052		
26.56		0.00529825		
26.57		0.00529598		
26.58		0.00529372		
26.59		0.00529145		
26.6		0.00528919		
26.61		0.00528693		
26.62		0.00528467		
26.63		0.00528242		
26.64		0.00528016		
26.65		0.00527791		
26.66		0.00527566		
26.67		0.00527341		
26.68		0.00527117		
26.69		0.00526892		
26.7		0.00526668		
26.71		0.00526444		
26.72		0.0052622		
26.73		0.00525996		
26.74		0.00525772		
26.75		0.00525549		
26.76		0.00525326		
26.77		0.00525102		
26.78		0.0052488		
26.79		0.00524657		
26.8		0.00524434		
26.81		0.00524212		
26.82		0.0052399		
26.83		0.00523768		
26.84		0.00523546		
26.85		0.00523324		
26.86		0.00523103		
26.87		0.00522882		
26.88		0.00522661		
26.89		0.0052244		
26.9		0.00522219		
26.91		0.00521998		
26.92		0.00521778		
26.93		0.00521558		
26.94		0.00521338		
26.95		0.00521118		
26.96		0.00520898		
26.97		0.00520679		
26.98		0.00520459		
26.99		0.0052024		
27		0.00520021		
27.01		0.00519802		
27.02		0.00519584		
27.03		0.00519365		
27.04		0.00519147		
27.05		0.00518929		
27.06		0.00518711		
27.07		0.00518493		
27.08		0.00518276		
27.09		0.00518058		
27.1		0.00517841		
27.11		0.00517624		
27.12		0.00517407		
27.13		0.0051719		
27.14		0.00516974		
27.15		0.00516757		
27.16		0.00516541		
27.17		0.00516325		
27.18		0.00516109		
27.19		0.00515894		
27.2		0.00515678		
27.21		0.00515463		
27.22		0.00515248		
27.23		0.00515033		
27.24		0.00514818		
27.25		0.00514603		
27.26		0.00514389		
27.27		0.00514174		
27.28		0.0051396		
27.29		0.00513746		
27.3		0.00513532		
27.31		0.00513319		
27.32		0.00513105		
27.33		0.00512892		
27.34		0.00512679		
27.35		0.00512466		
27.36		0.00512253		
27.37		0.0051204		
27.38		0.00511828		
27.39		0.00511616		
27.4		0.00511403		
27.41		0.00511191		
27.42		0.0051098		
27.43		0.00510768		
27.44		0.00510557		
27.45		0.00510345		
27.46		0.00510134		
27.47		0.00509923		
27.48		0.00509712		
27.49		0.00509502		
27.5		0.00509291		
27.51		0.00509081		
27.52		0.00508871		
27.53		0.00508661		
27.54		0.00508451		
27.55		0.00508241		
27.56		0.00508032		
27.57		0.00507823		
27.58		0.00507613		
27.59		0.00507404		
27.6		0.00507196		
27.61		0.00506987		
27.62		0.00506778		
27.63		0.0050657		
27.64		0.00506362		
27.65		0.00506154		
27.66		0.00505946		
27.67		0.00505738		
27.68		0.00505531		
27.69		0.00505323		
27.7		0.00505116		
27.71		0.00504909		
27.72		0.00504702		
27.73		0.00504496		
27.74		0.00504289		
27.75		0.00504083		
27.76		0.00503876		
27.77		0.0050367		
27.78		0.00503464		
27.79		0.00503259		
27.8		0.00503053		
27.81		0.00502848		
27.82		0.00502642		
27.83		0.00502437		
27.84		0.00502232		
27.85		0.00502027		
27.86		0.00501823		
27.87		0.00501618		
27.88		0.00501414		
27.89		0.0050121		
27.9		0.00501006		
27.91		0.00500802		
27.92		0.00500598		
27.93		0.00500395		
27.94		0.00500191		
27.95		0.00499988		
27.96		0.00499785		
27.97		0.00499582		
27.98		0.00499379		
27.99		0.00499177		
28		0.00498974		
28.01		0.00498772		
28.02		0.0049857		
28.03		0.00498368		
28.04		0.00498166		
28.05		0.00497964		
28.06		0.00497763		
28.07		0.00497561		
28.08		0.0049736		
28.09		0.00497159		
28.1		0.00496958		
28.11		0.00496757		
28.12		0.00496557		
28.13		0.00496356		
28.14		0.00496156		
28.15		0.00495956		
28.16		0.00495756		
28.17		0.00495556		
28.18		0.00495357		
28.19		0.00495157		
28.2		0.00494958		
28.21		0.00494758		
28.22		0.00494559		
28.23		0.0049436		
28.24		0.00494162		
28.25		0.00493963		
28.26		0.00493765		
28.27		0.00493566		
28.28		0.00493368		
28.29		0.0049317		
28.3		0.00492972		
28.31		0.00492775		
28.32		0.00492577		
28.33		0.0049238		
28.34		0.00492182		
28.35		0.00491985		
28.36		0.00491788		
28.37		0.00491592		
28.38		0.00491395		
28.39		0.00491198		
28.4		0.00491002		
28.41		0.00490806		
28.42		0.0049061		
28.43		0.00490414		
28.44		0.00490218		
28.45		0.00490022		
28.46		0.00489827		
28.47		0.00489632		
28.48		0.00489436		
28.49		0.00489241		
28.5		0.00489047		
28.51		0.00488852		
28.52		0.00488657		
28.53		0.00488463		
28.54		0.00488269		
28.55		0.00488074		
28.56		0.0048788		
28.57		0.00487687		
28.58		0.00487493		
28.59		0.00487299		
28.6		0.00487106		
28.61		0.00486913		
28.62		0.00486719		
28.63		0.00486526		
28.64		0.00486334		
28.65		0.00486141		
28.66		0.00485948		
28.67		0.00485756		
28.68		0.00485564		
28.69		0.00485372		
28.7		0.0048518		
28.71		0.00484988		
28.72		0.00484796		
28.73		0.00484605		
28.74		0.00484413		
28.75		0.00484222		
28.76		0.00484031		
28.77		0.0048384		
28.78		0.00483649		
28.79		0.00483458		
28.8		0.00483268		
28.81		0.00483077		
28.82		0.00482887		
28.83		0.00482697		
28.84		0.00482507		
28.85		0.00482317		
28.86		0.00482128		
28.87		0.00481938		
28.88		0.00481749		
28.89		0.00481559		
28.9		0.0048137		
28.91		0.00481181		
28.92		0.00480992		
28.93		0.00480804		
28.94		0.00480615		
28.95		0.00480427		
28.96		0.00480238		
28.97		0.0048005		
28.98		0.00479862		
28.99		0.00479674		
29		0.00479487		
29.01		0.00479299		
29.02		0.00479112		
29.03		0.00478924		
29.04		0.00478737		
29.05		0.0047855		
29.06		0.00478363		
29.07		0.00478177		
29.08		0.0047799		
29.09		0.00477804		
29.1		0.00477617		
29.11		0.00477431		
29.12		0.00477245		
29.13		0.00477059		
29.14		0.00476873		
29.15		0.00476688		
29.16		0.00476502		
29.17		0.00476317		
29.18		0.00476131		
29.19		0.00475946		
29.2		0.00475761		
29.21		0.00475576		
29.22		0.00475392		
29.23		0.00475207		
29.24		0.00475023		
29.25		0.00474839		
29.26		0.00474654		
29.27		0.0047447		
29.28		0.00474286		
29.29		0.00474103		
29.3		0.00473919		
29.31		0.00473736		
29.32		0.00473552		
29.33		0.00473369		
29.34		0.00473186		
29.35		0.00473003		
29.36		0.0047282		
29.37		0.00472638		
29.38		0.00472455		
29.39		0.00472273		
29.4		0.0047209		
29.41		0.00471908		
29.42		0.00471726		
29.43		0.00471544		
29.44		0.00471363		
29.45		0.00471181		
29.46		0.00470999		
29.47		0.00470818		
29.48		0.00470637		
29.49		0.00470456		
29.5		0.00470275		
29.51		0.00470094		
29.52		0.00469913		
29.53		0.00469733		
29.54		0.00469552		
29.55		0.00469372		
29.56		0.00469192		
29.57		0.00469012		
29.58		0.00468832		
29.59		0.00468652		
29.6		0.00468473		
29.61		0.00468293		
29.62		0.00468114		
29.63		0.00467934		
29.64		0.00467755		
29.65		0.00467576		
29.66		0.00467397		
29.67		0.00467219		
29.68		0.0046704		
29.69		0.00466862		
29.7		0.00466683		
29.71		0.00466505		
29.72		0.00466327		
29.73		0.00466149		
29.74		0.00465971		
29.75		0.00465793		
29.76		0.00465616		
29.77		0.00465438		
29.78		0.00465261		
29.79		0.00465084		
29.8		0.00464907		
29.81		0.0046473		
29.82		0.00464553		
29.83		0.00464376		
29.84		0.004642		
29.85		0.00464023		
29.86		0.00463847		
29.87		0.00463671		
29.88		0.00463495		
29.89		0.00463319		
29.9		0.00463143		
29.91		0.00462967		
29.92		0.00462791		
29.93		0.00462616		
29.94		0.00462441		
29.95		0.00462265		
29.96		0.0046209		
29.97		0.00461915		
29.98		0.0046174		
29.99		0.00461566		
30		0.00461391		
30.01		0.00461216		
30.02		0.00461042		
30.03		0.00460868		
30.04		0.00460693		
30.05		0.00460519		
30.06		0.00460345		
30.07		0.00460172		
30.08		0.00459998		
30.09		0.00459824		
30.1		0.00459651		
30.11		0.00459478		
30.12		0.00459304		
30.13		0.00459131		
30.14		0.00458958		
30.15		0.00458785		
30.16		0.00458613		
30.17		0.0045844		
30.18		0.00458267		
30.19		0.00458095		
30.2		0.00457923		
30.21		0.0045775		
30.22		0.00457578		
30.23		0.00457406		
30.24		0.00457235		
30.25		0.00457063		
30.26		0.00456891		
30.27		0.0045672		
30.28		0.00456548		
30.29		0.00456377		
30.3		0.00456206		
30.31		0.00456035		
30.32		0.00455864		
30.33		0.00455693		
30.34		0.00455522		
30.35		0.00455352		
30.36		0.00455181		
30.37		0.00455011		
30.38		0.0045484		
30.39		0.0045467		
30.4		0.004545		
30.41		0.0045433		
30.42		0.0045416		
30.43		0.00453991		
30.44		0.00453821		
30.45		0.00453652		
30.46		0.00453482		
30.47		0.00453313		
30.48		0.00453144		
30.49		0.00452975		
30.5		0.00452806		
30.51		0.00452637		
30.52		0.00452468		
30.53		0.004523		
30.54		0.00452131		
30.55		0.00451963		
30.56		0.00451795		
30.57		0.00451626		
30.58		0.00451458		
30.59		0.0045129		
30.6		0.00451122		
30.61		0.00450955		
30.62		0.00450787		
30.63		0.0045062		
30.64		0.00450452		
30.65		0.00450285		
30.66		0.00450118		
30.67		0.00449951		
30.68		0.00449784		
30.69		0.00449617		
30.7		0.0044945		
30.71		0.00449283		
30.72		0.00449117		
30.73		0.0044895		
30.74		0.00448784		
30.75		0.00448618		
30.76		0.00448452		
30.77		0.00448286		
30.78		0.0044812		
30.79		0.00447954		
30.8		0.00447788		
30.81		0.00447623		
30.82		0.00447457		
30.83		0.00447292		
30.84		0.00447127		
30.85		0.00446962		
30.86		0.00446797		
30.87		0.00446632		
30.88		0.00446467		
30.89		0.00446302		
30.9		0.00446138		
30.91		0.00445973		
30.92		0.00445809		
30.93		0.00445644		
30.94		0.0044548		
30.95		0.00445316		
30.96		0.00445152		
30.97		0.00444988		
30.98		0.00444825		
30.99		0.00444661		
31		0.00444497		
31.01		0.00444334		
31.02		0.00444171		
31.03		0.00444007		
31.04		0.00443844		
31.05		0.00443681		
31.06		0.00443518		
31.07		0.00443356		
31.08		0.00443193		
31.09		0.0044303		
31.1		0.00442868		
31.11		0.00442705		
31.12		0.00442543		
31.13		0.00442381		
31.14		0.00442219		
31.15		0.00442057		
31.16		0.00441895		
31.17		0.00441733		
31.18		0.00441572		
31.19		0.0044141		
31.2		0.00441249		
31.21		0.00441087		
31.22		0.00440926		
31.23		0.00440765		
31.24		0.00440604		
31.25		0.00440443		
31.26		0.00440282		
31.27		0.00440122		
31.28		0.00439961		
31.29		0.00439801		
31.3		0.0043964		
31.31		0.0043948		
31.32		0.0043932		
31.33		0.0043916		
31.34		0.00439		
31.35		0.0043884		
31.36		0.0043868		
31.37		0.0043852		
31.38		0.00438361		
31.39		0.00438201		
31.4		0.00438042		
31.41		0.00437883		
31.42		0.00437724		
31.43		0.00437565		
31.44		0.00437406		
31.45		0.00437247		
31.46		0.00437088		
31.47		0.0043693		
31.48		0.00436771		
31.49		0.00436613		
31.5		0.00436454		
31.51		0.00436296		
31.52		0.00436138		
31.53		0.0043598		
31.54		0.00435822		
31.55		0.00435664		
31.56		0.00435507		
31.57		0.00435349		
31.58		0.00435192		
31.59		0.00435034		
31.6		0.00434877		
31.61		0.0043472		
31.62		0.00434563		
31.63		0.00434406		
31.64		0.00434249		
31.65		0.00434092		
31.66		0.00433935		
31.67		0.00433779		
31.68		0.00433622		
31.69		0.00433466		
31.7		0.0043331		
31.71		0.00433154		
31.72		0.00432998		
31.73		0.00432842		
31.74		0.00432686		
31.75		0.0043253		
31.76		0.00432374		
31.77		0.00432219		
31.78		0.00432063		
31.79		0.00431908		
31.8		0.00431753		
31.81		0.00431598		
31.82		0.00431443		
31.83		0.00431288		
31.84		0.00431133		
31.85		0.00430978		
31.86		0.00430824		
31.87		0.00430669		
31.88		0.00430515		
31.89		0.0043036		
31.9		0.00430206		
31.91		0.00430052		
31.92		0.00429898		
31.93		0.00429744		
31.94		0.0042959		
31.95		0.00429436		
31.96		0.00429283		
31.97		0.00429129		
31.98		0.00428976		
31.99		0.00428822		
32		0.00428669		
32.01		0.00428516		
32.02		0.00428363		
32.03		0.0042821		
32.04		0.00428057		
32.05		0.00427905		
32.06		0.00427752		
32.07		0.00427599		
32.08		0.00427447		
32.09		0.00427295		
32.1		0.00427142		
32.11		0.0042699		
32.12		0.00426838		
32.13		0.00426686		
32.14		0.00426534		
32.15		0.00426383		
32.16		0.00426231		
32.17		0.0042608		
32.18		0.00425928		
32.19		0.00425777		
32.2		0.00425626		
32.21		0.00425474		
32.22		0.00425323		
32.23		0.00425172		
32.24		0.00425022		
32.25		0.00424871		
32.26		0.0042472		
32.27		0.0042457		
32.28		0.00424419		
32.29		0.00424269		
32.3		0.00424118		
32.31		0.00423968		
32.32		0.00423818		
32.33		0.00423668		
32.34		0.00423518		
32.35		0.00423369		
32.36		0.00423219		
32.37		0.00423069		
32.38		0.0042292		
32.39		0.00422771		
32.4		0.00422621		
32.41		0.00422472		
32.42		0.00422323		
32.43		0.00422174		
32.44		0.00422025		
32.45		0.00421876		
32.46		0.00421728		
32.47		0.00421579		
32.48		0.0042143		
32.49		0.00421282		
32.5		0.00421134		
32.51		0.00420985		
32.52		0.00420837		
32.53		0.00420689		
32.54		0.00420541		
32.55		0.00420393		
32.56		0.00420246		
32.57		0.00420098		
32.58		0.00419951		
32.59		0.00419803		
32.6		0.00419656		
32.61		0.00419508		
32.62		0.00419361		
32.63		0.00419214		
32.64		0.00419067		
32.65		0.0041892		
32.66		0.00418774		
32.67		0.00418627		
32.68		0.0041848		
32.69		0.00418334		
32.7		0.00418187		
32.71		0.00418041		
32.72		0.00417895		
32.73		0.00417749		
32.74		0.00417603		
32.75		0.00417457		
32.76		0.00417311		
32.77		0.00417165		
32.78		0.00417019		
32.79		0.00416874		
32.8		0.00416728		
32.81		0.00416583		
32.82		0.00416438		
32.83		0.00416293		
32.84		0.00416147		
32.85		0.00416002		
32.86		0.00415858		
32.87		0.00415713		
32.88		0.00415568		
32.89		0.00415423		
32.9		0.00415279		
32.91		0.00415134		
32.92		0.0041499		
32.93		0.00414846		
32.94		0.00414702		
32.95		0.00414558		
32.96		0.00414414		
32.97		0.0041427		
32.98		0.00414126		
32.99		0.00413982		
33		0.00413839		
33.01		0.00413695		
33.02		0.00413552		
33.03		0.00413408		
33.04		0.00413265		
33.05		0.00413122		
33.06		0.00412979		
33.07		0.00412836		
33.08		0.00412693		
33.09		0.0041255		
33.1		0.00412408		
33.11		0.00412265		
33.12		0.00412123		
33.13		0.0041198		
33.14		0.00411838		
33.15		0.00411696		
33.16		0.00411553		
33.17		0.00411411		
33.18		0.00411269		
33.19		0.00411128		
33.2		0.00410986		
33.21		0.00410844		
33.22		0.00410703		
33.23		0.00410561		
33.24		0.0041042		
33.25		0.00410278		
33.26		0.00410137		
33.27		0.00409996		
33.28		0.00409855		
33.29		0.00409714		
33.3		0.00409573		
33.31		0.00409432		
33.32		0.00409292		
33.33		0.00409151		
33.34		0.00409011		
33.35		0.0040887		
33.36		0.0040873		
33.37		0.0040859		
33.38		0.00408449		
33.39		0.00408309		
33.4		0.00408169		
33.41		0.00408029		
33.42		0.0040789		
33.43		0.0040775		
33.44		0.0040761		
33.45		0.00407471		
33.46		0.00407331		
33.47		0.00407192		
33.48		0.00407053		
33.49		0.00406914		
33.5		0.00406775		
33.51		0.00406636		
33.52		0.00406497		
33.53		0.00406358		
33.54		0.00406219		
33.55		0.0040608		
33.56		0.00405942		
33.57		0.00405803		
33.58		0.00405665		
33.59		0.00405527		
33.6		0.00405389		
33.61		0.0040525		
33.62		0.00405112		
33.63		0.00404975		
33.64		0.00404837		
33.65		0.00404699		
33.66		0.00404561		
33.67		0.00404424		
33.68		0.00404286		
33.69		0.00404149		
33.7		0.00404011		
33.71		0.00403874		
33.72		0.00403737		
33.73		0.004036		
33.74		0.00403463		
33.75		0.00403326		
33.76		0.00403189		
33.77		0.00403053		
33.78		0.00402916		
33.79		0.00402779		
33.8		0.00402643		
33.81		0.00402507		
33.82		0.0040237		
33.83		0.00402234		
33.84		0.00402098		
33.85		0.00401962		
33.86		0.00401826		
33.87		0.0040169		
33.88		0.00401554		
33.89		0.00401419		
33.9		0.00401283		
33.91		0.00401148		
33.92		0.00401012		
33.93		0.00400877		
33.94		0.00400742		
33.95		0.00400606		
33.96		0.00400471		
33.97		0.00400336		
33.98		0.00400201		
33.99		0.00400066		
34		0.00399932		
34.01		0.00399797		
34.02		0.00399662		
34.03		0.00399528		
34.04		0.00399394		
34.05		0.00399259		
34.06		0.00399125		
34.07		0.00398991		
34.08		0.00398857		
34.09		0.00398723		
34.1		0.00398589		
34.11		0.00398455		
34.12		0.00398321		
34.13		0.00398188		
34.14		0.00398054		
34.15		0.00397921		
34.16		0.00397787		
34.17		0.00397654		
34.18		0.00397521		
34.19		0.00397388		
34.2		0.00397254		
34.21		0.00397121		
34.22		0.00396989		
34.23		0.00396856		
34.24		0.00396723		
34.25		0.0039659		
34.26		0.00396458		
34.27		0.00396325		
34.28		0.00396193		
34.29		0.00396061		
34.3		0.00395928		
34.31		0.00395796		
34.32		0.00395664		
34.33		0.00395532		
34.34		0.003954		
34.35		0.00395268		
34.36		0.00395137		
34.37		0.00395005		
34.38		0.00394873		
34.39		0.00394742		
34.4		0.0039461		
34.41		0.00394479		
34.42		0.00394348		
34.43		0.00394217		
34.44		0.00394086		
34.45		0.00393955		
34.46		0.00393824		
34.47		0.00393693		
34.48		0.00393562		
34.49		0.00393431		
34.5		0.00393301		
34.51		0.0039317		
34.52		0.0039304		
34.53		0.00392909		
34.54		0.00392779		
34.55		0.00392649		
34.56		0.00392519		
34.57		0.00392389		
34.58		0.00392259		
34.59		0.00392129		
34.6		0.00391999		
34.61		0.00391869		
34.62		0.0039174		
34.63		0.0039161		
34.64		0.00391481		
34.65		0.00391351		
34.66		0.00391222		
34.67		0.00391093		
34.68		0.00390964		
34.69		0.00390835		
34.7		0.00390706		
34.71		0.00390577		
34.72		0.00390448		
34.73		0.00390319		
34.74		0.0039019		
34.75		0.00390062		
34.76		0.00389933		
34.77		0.00389805		
34.78		0.00389676		
34.79		0.00389548		
34.8		0.0038942		
34.81		0.00389292		
34.82		0.00389164		
34.83		0.00389036		
34.84		0.00388908		
34.85		0.0038878		
34.86		0.00388652		
34.87		0.00388525		
34.88		0.00388397		
34.89		0.0038827		
34.9		0.00388142		
34.91		0.00388015		
34.92		0.00387888		
34.93		0.0038776		
34.94		0.00387633		
34.95		0.00387506		
34.96		0.00387379		
34.97		0.00387252		
34.98		0.00387126		
34.99		0.00386999		
35		0.00386872		
35.01		0.00386746		
35.02		0.00386619		
35.03		0.00386493		
35.04		0.00386367		
35.05		0.0038624		
35.06		0.00386114		
35.07		0.00385988		
35.08		0.00385862		
35.09		0.00385736		
35.1		0.0038561		
35.11		0.00385484		
35.12		0.00385359		
35.13		0.00385233		
35.14		0.00385107		
35.15		0.00384982		
35.16		0.00384857		
35.17		0.00384731		
35.18		0.00384606		
35.19		0.00384481		
35.2		0.00384356		
35.21		0.00384231		
35.22		0.00384106		
35.23		0.00383981		
35.24		0.00383856		
35.25		0.00383731		
35.26		0.00383607		
35.27		0.00383482		
35.28		0.00383358		
35.29		0.00383233		
35.3		0.00383109		
35.31		0.00382985		
35.32		0.0038286		
35.33		0.00382736		
35.34		0.00382612		
35.35		0.00382488		
35.36		0.00382364		
35.37		0.00382241		
35.38		0.00382117		
35.39		0.00381993		
35.4		0.0038187		
35.41		0.00381746		
35.42		0.00381623		
35.43		0.00381499		
35.44		0.00381376		
35.45		0.00381253		
35.46		0.0038113		
35.47		0.00381007		
35.48		0.00380884		
35.49		0.00380761		
35.5		0.00380638		
35.51		0.00380515		
35.52		0.00380392		
35.53		0.0038027		
35.54		0.00380147		
35.55		0.00380025		
35.56		0.00379902		
35.57		0.0037978		
35.58		0.00379658		
35.59		0.00379536		
35.6		0.00379413		
35.61		0.00379291		
35.62		0.00379169		
35.63		0.00379048		
35.64		0.00378926		
35.65		0.00378804		
35.66		0.00378682		
35.67		0.00378561		
35.68		0.00378439		
35.69		0.00378318		
35.7		0.00378196		
35.71		0.00378075		
35.72		0.00377954		
35.73		0.00377833		
35.74		0.00377712		
35.75		0.00377591		
35.76		0.0037747		
35.77		0.00377349		
35.78		0.00377228		
35.79		0.00377107		
35.8		0.00376987		
35.81		0.00376866		
35.82		0.00376746		
35.83		0.00376625		
35.84		0.00376505		
35.85		0.00376385		
35.86		0.00376264		
35.87		0.00376144		
35.88		0.00376024		
35.89		0.00375904		
35.9		0.00375784		
35.91		0.00375664		
35.92		0.00375545		
35.93		0.00375425		
35.94		0.00375305		
35.95		0.00375186		
35.96		0.00375066		
35.97		0.00374947		
35.98		0.00374828		
35.99		0.00374708		
36		0.00374589		
36.01		0.0037447		
36.02		0.00374351		
36.03		0.00374232		
36.04		0.00374113		
36.05		0.00373994		
36.06		0.00373875		
36.07		0.00373757		
36.08		0.00373638		
36.09		0.00373519		
36.1		0.00373401		
36.11		0.00373282		
36.12		0.00373164		
36.13		0.00373046		
36.14		0.00372928		
36.15		0.00372809		
36.16		0.00372691		
36.17		0.00372573		
36.18		0.00372455		
36.19		0.00372338		
36.2		0.0037222		
36.21		0.00372102		
36.22		0.00371984		
36.23		0.00371867		
36.24		0.00371749		
36.25		0.00371632		
36.26		0.00371514		
36.27		0.00371397		
36.28		0.0037128		
36.29		0.00371163		
36.3		0.00371046		
36.31		0.00370929		
36.32		0.00370812		
36.33		0.00370695		
36.34		0.00370578		
36.35		0.00370461		
36.36		0.00370344		
36.37		0.00370228		
36.38		0.00370111		
36.39		0.00369995		
36.4		0.00369878		
36.41		0.00369762		
36.42		0.00369646		
36.43		0.0036953		
36.44		0.00369413		
36.45		0.00369297		
36.46		0.00369181		
36.47		0.00369065		
36.48		0.0036895		
36.49		0.00368834		
36.5		0.00368718		
36.51		0.00368602		
36.52		0.00368487		
36.53		0.00368371		
36.54		0.00368256		
36.55		0.0036814		
36.56		0.00368025		
36.57		0.0036791		
36.58		0.00367795		
36.59		0.0036768		
36.6		0.00367564		
36.61		0.00367449		
36.62		0.00367335		
36.63		0.0036722		
36.64		0.00367105		
36.65		0.0036699		
36.66		0.00366876		
36.67		0.00366761		
36.68		0.00366647		
36.69		0.00366532		
36.7		0.00366418		
36.71		0.00366303		
36.72		0.00366189		
36.73		0.00366075		
36.74		0.00365961		
36.75		0.00365847		
36.76		0.00365733		
36.77		0.00365619		
36.78		0.00365505		
36.79		0.00365391		
36.8		0.00365278		
36.81		0.00365164		
36.82		0.0036505		
36.83		0.00364937		
36.84		0.00364823		
36.85		0.0036471		
36.86		0.00364597		
36.87		0.00364484		
36.88		0.0036437		
36.89		0.00364257		
36.9		0.00364144		
36.91		0.00364031		
36.92		0.00363918		
36.93		0.00363805		
36.94		0.00363693		
36.95		0.0036358		
36.96		0.00363467		
36.97		0.00363355		
36.98		0.00363242		
36.99		0.0036313		
37		0.00363017		
37.01		0.00362905		
37.02		0.00362793		
37.03		0.00362681		
37.04		0.00362568		
37.05		0.00362456		
37.06		0.00362344		
37.07		0.00362232		
37.08		0.00362121		
37.09		0.00362009		
37.1		0.00361897		
37.11		0.00361785		
37.12		0.00361674		
37.13		0.00361562		
37.14		0.00361451		
37.15		0.00361339		
37.16		0.00361228		
37.17		0.00361117		
37.18		0.00361005		
37.19		0.00360894		
37.2		0.00360783		
37.21		0.00360672		
37.22		0.00360561		
37.23		0.0036045		
37.24		0.00360339		
37.25		0.00360229		
37.26		0.00360118		
37.27		0.00360007		
37.28		0.00359897		
37.29		0.00359786		
37.3		0.00359676		
37.31		0.00359565		
37.32		0.00359455		
37.33		0.00359345		
37.34		0.00359235		
37.35		0.00359124		
37.36		0.00359014		
37.37		0.00358904		
37.38		0.00358794		
37.39		0.00358684		
37.4		0.00358575		
37.41		0.00358465		
37.42		0.00358355		
37.43		0.00358246		
37.44		0.00358136		
37.45		0.00358026		
37.46		0.00357917		
37.47		0.00357808		
37.48		0.00357698		
37.49		0.00357589		
37.5		0.0035748		
37.51		0.00357371		
37.52		0.00357262		
37.53		0.00357153		
37.54		0.00357044		
37.55		0.00356935		
37.56		0.00356826		
37.57		0.00356717		
37.58		0.00356609		
37.59		0.003565		
37.6		0.00356391		
37.61		0.00356283		
37.62		0.00356174		
37.63		0.00356066		
37.64		0.00355958		
37.65		0.00355849		
37.66		0.00355741		
37.67		0.00355633		
37.68		0.00355525		
37.69		0.00355417		
37.7		0.00355309		
37.71		0.00355201		
37.72		0.00355093		
37.73		0.00354986		
37.74		0.00354878		
37.75		0.0035477		
37.76		0.00354663		
37.77		0.00354555		
37.78		0.00354448		
37.79		0.0035434		
37.8		0.00354233		
37.81		0.00354126		
37.82		0.00354018		
37.83		0.00353911		
37.84		0.00353804		
37.85		0.00353697		
37.86		0.0035359		
37.87		0.00353483		
37.88		0.00353376		
37.89		0.0035327		
37.9		0.00353163		
37.91		0.00353056		
37.92		0.0035295		
37.93		0.00352843		
37.94		0.00352737		
37.95		0.0035263		
37.96		0.00352524		
37.97		0.00352418		
37.98		0.00352311		
37.99		0.00352205		
38		0.00352099		
38.01		0.00351993		
38.02		0.00351887		
38.03		0.00351781		
38.04		0.00351675		
38.05		0.00351569		
38.06		0.00351464		
38.07		0.00351358		
38.08		0.00351252		
38.09		0.00351147		
38.1		0.00351041		
38.11		0.00350936		
38.12		0.0035083		
38.13		0.00350725		
38.14		0.0035062		
38.15		0.00350514		
38.16		0.00350409		
38.17		0.00350304		
38.18		0.00350199		
38.19		0.00350094		
38.2		0.00349989		
38.21		0.00349884		
38.22		0.00349779		
38.23		0.00349675		
38.24		0.0034957		
38.25		0.00349465		
38.26		0.00349361		
38.27		0.00349256		
38.28		0.00349152		
38.29		0.00349047		
38.3		0.00348943		
38.31		0.00348839		
38.32		0.00348734		
38.33		0.0034863		
38.34		0.00348526		
38.35		0.00348422		
38.36		0.00348318		
38.37		0.00348214		
38.38		0.0034811		
38.39		0.00348006		
38.4		0.00347903		
38.41		0.00347799		
38.42		0.00347695		
38.43		0.00347592		
38.44		0.00347488		
38.45		0.00347385		
38.46		0.00347281		
38.47		0.00347178		
38.48		0.00347075		
38.49		0.00346971		
38.5		0.00346868		
38.51		0.00346765		
38.52		0.00346662		
38.53		0.00346559		
38.54		0.00346456		
38.55		0.00346353		
38.56		0.0034625		
38.57		0.00346148		
38.58		0.00346045		
38.59		0.00345942		
38.6		0.0034584		
38.61		0.00345737		
38.62		0.00345635		
38.63		0.00345532		
38.64		0.0034543		
38.65		0.00345327		
38.66		0.00345225		
38.67		0.00345123		
38.68		0.00345021		
38.69		0.00344919		
38.7		0.00344817		
38.71		0.00344715		
38.72		0.00344613		
38.73		0.00344511		
38.74		0.00344409		
38.75		0.00344307		
38.76		0.00344206		
38.77		0.00344104		
38.78		0.00344002		
38.79		0.00343901		
38.8		0.00343799		
38.81		0.00343698		
38.82		0.00343597		
38.83		0.00343495		
38.84		0.00343394		
38.85		0.00343293		
38.86		0.00343192		
38.87		0.00343091		
38.88		0.0034299		
38.89		0.00342889		
38.9		0.00342788		
38.91		0.00342687		
38.92		0.00342586		
38.93		0.00342485		
38.94		0.00342385		
38.95		0.00342284		
38.96		0.00342184		
38.97		0.00342083		
38.98		0.00341983		
38.99		0.00341882		
39		0.00341782		
39.01		0.00341681		
39.02		0.00341581		
39.03		0.00341481		
39.04		0.00341381		
39.05		0.00341281		
39.06		0.00341181		
39.07		0.00341081		
39.08		0.00340981		
39.09		0.00340881		
39.1		0.00340781		
39.11		0.00340681		
39.12		0.00340582		
39.13		0.00340482		
39.14		0.00340383		
39.15		0.00340283		
39.16		0.00340184		
39.17		0.00340084		
39.18		0.00339985		
39.19		0.00339885		
39.2		0.00339786		
39.21		0.00339687		
39.22		0.00339588		
39.23		0.00339489		
39.24		0.0033939		
39.25		0.00339291		
39.26		0.00339192		
39.27		0.00339093		
39.28		0.00338994		
39.29		0.00338895		
39.3		0.00338797		
39.31		0.00338698		
39.32		0.00338599		
39.33		0.00338501		
39.34		0.00338402		
39.35		0.00338304		
39.36		0.00338205		
39.37		0.00338107		
39.38		0.00338009		
39.39		0.00337911		
39.4		0.00337812		
39.41		0.00337714		
39.42		0.00337616		
39.43		0.00337518		
39.44		0.0033742		
39.45		0.00337322		
39.46		0.00337224		
39.47		0.00337127		
39.48		0.00337029		
39.49		0.00336931		
39.5		0.00336834		
39.51		0.00336736		
39.52		0.00336638		
39.53		0.00336541		
39.54		0.00336444		
39.55		0.00336346		
39.56		0.00336249		
39.57		0.00336152		
39.58		0.00336054		
39.59		0.00335957		
39.6		0.0033586		
39.61		0.00335763		
39.62		0.00335666		
39.63		0.00335569		
39.64		0.00335472		
39.65		0.00335375		
39.66		0.00335279		
39.67		0.00335182		
39.68		0.00335085		
39.69		0.00334988		
39.7		0.00334892		
39.71		0.00334795		
39.72		0.00334699		
39.73		0.00334602		
39.74		0.00334506		
39.75		0.0033441		
39.76		0.00334313		
39.77		0.00334217		
39.78		0.00334121		
39.79		0.00334025		
39.8		0.00333929		
39.81		0.00333833		
39.82		0.00333737		
39.83		0.00333641		
39.84		0.00333545		
39.85		0.00333449		
39.86		0.00333354		
39.87		0.00333258		
39.88		0.00333162		
39.89		0.00333067		
39.9		0.00332971		
39.91		0.00332876		
39.92		0.0033278		
39.93		0.00332685		
39.94		0.00332589		
39.95		0.00332494		
39.96		0.00332399		
39.97		0.00332304		
39.98		0.00332209		
39.99		0.00332113		
40		0.00332018		
40.01		0.00331923		
40.02		0.00331829		
40.03		0.00331734		
40.04		0.00331639		
40.05		0.00331544		
40.06		0.00331449		
40.07		0.00331355		
40.08		0.0033126		
40.09		0.00331165		
40.1		0.00331071		
40.11		0.00330976		
40.12		0.00330882		
40.13		0.00330788		
40.14		0.00330693		
40.15		0.00330599		
40.16		0.00330505		
40.17		0.00330411		
40.18		0.00330317		
40.19		0.00330222		
40.2		0.00330128		
40.21		0.00330034		
40.22		0.00329941		
40.23		0.00329847		
40.24		0.00329753		
40.25		0.00329659		
40.26		0.00329565		
40.27		0.00329472		
40.28		0.00329378		
40.29		0.00329285		
40.3		0.00329191		
40.31		0.00329098		
40.32		0.00329004		
40.33		0.00328911		
40.34		0.00328817		
40.35		0.00328724		
40.36		0.00328631		
40.37		0.00328538		
40.38		0.00328445		
40.39		0.00328352		
40.4		0.00328259		
40.41		0.00328166		
40.42		0.00328073		
40.43		0.0032798		
40.44		0.00327887		
40.45		0.00327794		
40.46		0.00327701		
40.47		0.00327609		
40.48		0.00327516		
40.49		0.00327424		
40.5		0.00327331		
40.51		0.00327239		
40.52		0.00327146		
40.53		0.00327054		
40.54		0.00326961		
40.55		0.00326869		
40.56		0.00326777		
40.57		0.00326685		
40.58		0.00326593		
40.59		0.00326501		
40.6		0.00326409		
40.61		0.00326317		
40.62		0.00326225		
40.63		0.00326133		
40.64		0.00326041		
40.65		0.00325949		
40.66		0.00325857		
40.67		0.00325766		
40.68		0.00325674		
40.69		0.00325582		
40.7		0.00325491		
40.71		0.00325399		
40.72		0.00325308		
40.73		0.00325216		
40.74		0.00325125		
40.75		0.00325034		
40.76		0.00324943		
40.77		0.00324851		
40.78		0.0032476		
40.79		0.00324669		
40.8		0.00324578		
40.81		0.00324487		
40.82		0.00324396		
40.83		0.00324305		
40.84		0.00324214		
40.85		0.00324123		
40.86		0.00324033		
40.87		0.00323942		
40.88		0.00323851		
40.89		0.00323761		
40.9		0.0032367		
40.91		0.00323579		
40.92		0.00323489		
40.93		0.00323398		
40.94		0.00323308		
40.95		0.00323218		
40.96		0.00323127		
40.97		0.00323037		
40.98		0.00322947		
40.99		0.00322857		
41		0.00322767		
41.01		0.00322677		
41.02		0.00322587		
41.03		0.00322497		
41.04		0.00322407		
41.05		0.00322317		
41.06		0.00322227		
41.07		0.00322137		
41.08		0.00322047		
41.09		0.00321958		
41.1		0.00321868		
41.11		0.00321778		
41.12		0.00321689		
41.13		0.00321599		
41.14		0.0032151		
41.15		0.00321421		
41.16		0.00321331		
41.17		0.00321242		
41.18		0.00321153		
41.19		0.00321063		
41.2		0.00320974		
41.21		0.00320885		
41.22		0.00320796		
41.23		0.00320707		
41.24		0.00320618		
41.25		0.00320529		
41.26		0.0032044		
41.27		0.00320351		
41.28		0.00320262		
41.29		0.00320174		
41.3		0.00320085		
41.31		0.00319996		
41.32		0.00319908		
41.33		0.00319819		
41.34		0.00319731		
41.35		0.00319642		
41.36		0.00319554		
41.37		0.00319465		
41.38		0.00319377		
41.39		0.00319289		
41.4		0.003192		
41.41		0.00319112		
41.42		0.00319024		
41.43		0.00318936		
41.44		0.00318848		
41.45		0.0031876		
41.46		0.00318672		
41.47		0.00318584		
41.48		0.00318496		
41.49		0.00318408		
41.5		0.0031832		
41.51		0.00318233		
41.52		0.00318145		
41.53		0.00318057		
41.54		0.0031797		
41.55		0.00317882		
41.56		0.00317795		
41.57		0.00317707		
41.58		0.0031762		
41.59		0.00317532		
41.6		0.00317445		
41.61		0.00317358		
41.62		0.0031727		
41.63		0.00317183		
41.64		0.00317096		
41.65		0.00317009		
41.66		0.00316922		
41.67		0.00316835		
41.68		0.00316748		
41.69		0.00316661		
41.7		0.00316574		
41.71		0.00316487		
41.72		0.003164		
41.73		0.00316314		
41.74		0.00316227		
41.75		0.0031614		
41.76		0.00316054		
41.77		0.00315967		
41.78		0.00315881		
41.79		0.00315794		
41.8		0.00315708		
41.81		0.00315621		
41.82		0.00315535		
41.83		0.00315449		
41.84		0.00315362		
41.85		0.00315276		
41.86		0.0031519		
41.87		0.00315104		
41.88		0.00315018		
41.89		0.00314932		
41.9		0.00314846		
41.91		0.0031476		
41.92		0.00314674		
41.93		0.00314588		
41.94		0.00314502		
41.95		0.00314416		
41.96		0.0031433		
41.97		0.00314245		
41.98		0.00314159		
41.99		0.00314074		
42		0.00313988		
42.01		0.00313902		
42.02		0.00313817		
42.03		0.00313732		
42.04		0.00313646		
42.05		0.00313561		
42.06		0.00313476		
42.07		0.0031339		
42.08		0.00313305		
42.09		0.0031322		
42.1		0.00313135		
42.11		0.0031305		
42.12		0.00312965		
42.13		0.0031288		
42.14		0.00312795		
42.15		0.0031271		
42.16		0.00312625		
42.17		0.0031254		
42.18		0.00312455		
42.19		0.00312371		
42.2		0.00312286		
42.21		0.00312201		
42.22		0.00312117		
42.23		0.00312032		
42.24		0.00311948		
42.25		0.00311863		
42.26		0.00311779		
42.27		0.00311694		
42.28		0.0031161		
42.29		0.00311526		
42.3		0.00311441		
42.31		0.00311357		
42.32		0.00311273		
42.33		0.00311189		
42.34		0.00311105		
42.35		0.00311021		
42.36		0.00310937		
42.37		0.00310853		
42.38		0.00310769		
42.39		0.00310685		
42.4		0.00310601		
42.41		0.00310517		
42.42		0.00310434		
42.43		0.0031035		
42.44		0.00310266		
42.45		0.00310183		
42.46		0.00310099		
42.47		0.00310015		
42.48		0.00309932		
42.49		0.00309849		
42.5		0.00309765		
42.51		0.00309682		
42.52		0.00309598		
42.53		0.00309515		
42.54		0.00309432		
42.55		0.00309349		
42.56		0.00309266		
42.57		0.00309182		
42.58		0.00309099		
42.59		0.00309016		
42.6		0.00308933		
42.61		0.0030885		
42.62		0.00308767		
42.63		0.00308685		
42.64		0.00308602		
42.65		0.00308519		
42.66		0.00308436		
42.67		0.00308354		
42.68		0.00308271		
42.69		0.00308188		
42.7		0.00308106		
42.71		0.00308023		
42.72		0.00307941		
42.73		0.00307858		
42.74		0.00307776		
42.75		0.00307693		
42.76		0.00307611		
42.77		0.00307529		
42.78		0.00307447		
42.79		0.00307364		
42.8		0.00307282		
42.81		0.003072		
42.82		0.00307118		
42.83		0.00307036		
42.84		0.00306954		
42.85		0.00306872		
42.86		0.0030679		
42.87		0.00306708		
42.88		0.00306627		
42.89		0.00306545		
42.9		0.00306463		
42.91		0.00306381		
42.92		0.003063		
42.93		0.00306218		
42.94		0.00306136		
42.95		0.00306055		
42.96		0.00305973		
42.97		0.00305892		
42.98		0.0030581		
42.99		0.00305729		
43		0.00305648		
43.01		0.00305566		
43.02		0.00305485		
43.03		0.00305404		
43.04		0.00305323		
43.05		0.00305242		
43.06		0.00305161		
43.07		0.0030508		
43.08		0.00304999		
43.09		0.00304918		
43.1		0.00304837		
43.11		0.00304756		
43.12		0.00304675		
43.13		0.00304594		
43.14		0.00304513		
43.15		0.00304433		
43.16		0.00304352		
43.17		0.00304271		
43.18		0.00304191		
43.19		0.0030411		
43.2		0.0030403		
43.21		0.00303949		
43.22		0.00303869		
43.23		0.00303788		
43.24		0.00303708		
43.25		0.00303627		
43.26		0.00303547		
43.27		0.00303467		
43.28		0.00303387		
43.29		0.00303307		
43.3		0.00303226		
43.31		0.00303146		
43.32		0.00303066		
43.33		0.00302986		
43.34		0.00302906		
43.35		0.00302826		
43.36		0.00302747		
43.37		0.00302667		
43.38		0.00302587		
43.39		0.00302507		
43.4		0.00302427		
43.41		0.00302348		
43.42		0.00302268		
43.43		0.00302188		
43.44		0.00302109		
43.45		0.00302029		
43.46		0.0030195		
43.47		0.0030187		
43.48		0.00301791		
43.49		0.00301712		
43.5		0.00301632		
43.51		0.00301553		
43.52		0.00301474		
43.53		0.00301394		
43.54		0.00301315		
43.55		0.00301236		
43.56		0.00301157		
43.57		0.00301078		
43.58		0.00300999		
43.59		0.0030092		
43.6		0.00300841		
43.61		0.00300762		
43.62		0.00300683		
43.63		0.00300604		
43.64		0.00300526		
43.65		0.00300447		
43.66		0.00300368		
43.67		0.00300289		
43.68		0.00300211		
43.69		0.00300132		
43.7		0.00300054		
43.71		0.00299975		
43.72		0.00299897		
43.73		0.00299818		
43.74		0.0029974		
43.75		0.00299661		
43.76		0.00299583		
43.77		0.00299505		
43.78		0.00299426		
43.79		0.00299348		
43.8		0.0029927		
43.81		0.00299192		
43.82		0.00299114		
43.83		0.00299036		
43.84		0.00298958		
43.85		0.0029888		
43.86		0.00298802		
43.87		0.00298724		
43.88		0.00298646		
43.89		0.00298568		
43.9		0.0029849		
43.91		0.00298413		
43.92		0.00298335		
43.93		0.00298257		
43.94		0.0029818		
43.95		0.00298102		
43.96		0.00298024		
43.97		0.00297947		
43.98		0.00297869		
43.99		0.00297792		
44		0.00297715		
44.01		0.00297637		
44.02		0.0029756		
44.03		0.00297483		
44.04		0.00297405		
44.05		0.00297328		
44.06		0.00297251		
44.07		0.00297174		
44.08		0.00297097		
44.09		0.0029702		
44.1		0.00296943		
44.11		0.00296866		
44.12		0.00296789		
44.13		0.00296712		
44.14		0.00296635		
44.15		0.00296558		
44.16		0.00296481		
44.17		0.00296404		
44.18		0.00296328		
44.19		0.00296251		
44.2		0.00296174		
44.21		0.00296098		
44.22		0.00296021		
44.23		0.00295945		
44.24		0.00295868		
44.25		0.00295792		
44.26		0.00295715		
44.27		0.00295639		
44.28		0.00295562		
44.29		0.00295486		
44.3		0.0029541		
44.31		0.00295333		
44.32		0.00295257		
44.33		0.00295181		
44.34		0.00295105		
44.35		0.00295029		
44.36		0.00294953		
44.37		0.00294877		
44.38		0.00294801		
44.39		0.00294725		
44.4		0.00294649		
44.41		0.00294573		
44.42		0.00294497		
44.43		0.00294421		
44.44		0.00294346		
44.45		0.0029427		
44.46		0.00294194		
44.47		0.00294118		
44.48		0.00294043		
44.49		0.00293967		
44.5		0.00293892		
44.51		0.00293816		
44.52		0.00293741		
44.53		0.00293665		
44.54		0.0029359		
44.55		0.00293514		
44.56		0.00293439		
44.57		0.00293364		
44.58		0.00293289		
44.59		0.00293213		
44.6		0.00293138		
44.61		0.00293063		
44.62		0.00292988		
44.63		0.00292913		
44.64		0.00292838		
44.65		0.00292763		
44.66		0.00292688		
44.67		0.00292613		
44.68		0.00292538		
44.69		0.00292463		
44.7		0.00292388		
44.71		0.00292313		
44.72		0.00292239		
44.73		0.00292164		
44.74		0.00292089		
44.75		0.00292015		
44.76		0.0029194		
44.77		0.00291865		
44.78		0.00291791		
44.79		0.00291716		
44.8		0.00291642		
44.81		0.00291567		
44.82		0.00291493		
44.83		0.00291419		
44.84		0.00291344		
44.85		0.0029127		
44.86		0.00291196		
44.87		0.00291122		
44.88		0.00291047		
44.89		0.00290973		
44.9		0.00290899		
44.91		0.00290825		
44.92		0.00290751		
44.93		0.00290677		
44.94		0.00290603		
44.95		0.00290529		
44.96		0.00290455		
44.97		0.00290381		
44.98		0.00290307		
44.99		0.00290234		
45		0.0029016		
45.01		0.00290086		
45.02		0.00290013		
45.03		0.00289939		
45.04		0.00289865		
45.05		0.00289792		
45.06		0.00289718		
45.07		0.00289645		
45.08		0.00289571		
45.09		0.00289498		
45.1		0.00289424		
45.11		0.00289351		
45.12		0.00289278		
45.13		0.00289204		
45.14		0.00289131		
45.15		0.00289058		
45.16		0.00288985		
45.17		0.00288911		
45.18		0.00288838		
45.19		0.00288765		
45.2		0.00288692		
45.21		0.00288619		
45.22		0.00288546		
45.23		0.00288473		
45.24		0.002884		
45.25		0.00288327		
45.26		0.00288254		
45.27		0.00288182		
45.28		0.00288109		
45.29		0.00288036		
45.3		0.00287963		
45.31		0.00287891		
45.32		0.00287818		
45.33		0.00287745		
45.34		0.00287673		
45.35		0.002876		
45.36		0.00287528		
45.37		0.00287455		
45.38		0.00287383		
45.39		0.00287311		
45.4		0.00287238		
45.41		0.00287166		
45.42		0.00287094		
45.43		0.00287021		
45.44		0.00286949		
45.45		0.00286877		
45.46		0.00286805		
45.47		0.00286733		
45.48		0.0028666		
45.49		0.00286588		
45.5		0.00286516		
45.51		0.00286444		
45.52		0.00286372		
45.53		0.002863		
45.54		0.00286229		
45.55		0.00286157		
45.56		0.00286085		
45.57		0.00286013		
45.58		0.00285941		
45.59		0.0028587		
45.6		0.00285798		
45.61		0.00285726		
45.62		0.00285655		
45.63		0.00285583		
45.64		0.00285511		
45.65		0.0028544		
45.66		0.00285368		
45.67		0.00285297		
45.68		0.00285226		
45.69		0.00285154		
45.7		0.00285083		
45.71		0.00285012		
45.72		0.0028494		
45.73		0.00284869		
45.74		0.00284798		
45.75		0.00284727		
45.76		0.00284655		
45.77		0.00284584		
45.78		0.00284513		
45.79		0.00284442		
45.8		0.00284371		
45.81		0.002843		
45.82		0.00284229		
45.83		0.00284158		
45.84		0.00284087		
45.85		0.00284017		
45.86		0.00283946		
45.87		0.00283875		
45.88		0.00283804		
45.89		0.00283734		
45.9		0.00283663		
45.91		0.00283592		
45.92		0.00283522		
45.93		0.00283451		
45.94		0.0028338		
45.95		0.0028331		
45.96		0.00283239		
45.97		0.00283169		
45.98		0.00283099		
45.99		0.00283028		
46		0.00282958		
46.01		0.00282887		
46.02		0.00282817		
46.03		0.00282747		
46.04		0.00282677		
46.05		0.00282606		
46.06		0.00282536		
46.07		0.00282466		
46.08		0.00282396		
46.09		0.00282326		
46.1		0.00282256		
46.11		0.00282186		
46.12		0.00282116		
46.13		0.00282046		
46.14		0.00281976		
46.15		0.00281906		
46.16		0.00281837		
46.17		0.00281767		
46.18		0.00281697		
46.19		0.00281627		
46.2		0.00281558		
46.21		0.00281488		
46.22		0.00281418		
46.23		0.00281349		
46.24		0.00281279		
46.25		0.00281209		
46.26		0.0028114		
46.27		0.00281071		
46.28		0.00281001		
46.29		0.00280932		
46.3		0.00280862		
46.31		0.00280793		
46.32		0.00280724		
46.33		0.00280654		
46.34		0.00280585		
46.35		0.00280516		
46.36		0.00280447		
46.37		0.00280378		
46.38		0.00280308		
46.39		0.00280239		
46.4		0.0028017		
46.41		0.00280101		
46.42		0.00280032		
46.43		0.00279963		
46.44		0.00279894		
46.45		0.00279825		
46.46		0.00279757		
46.47		0.00279688		
46.48		0.00279619		
46.49		0.0027955		
46.5		0.00279481		
46.51		0.00279413		
46.52		0.00279344		
46.53		0.00279275		
46.54		0.00279207		
46.55		0.00279138		
46.56		0.0027907		
46.57		0.00279001		
46.58		0.00278933		
46.59		0.00278864		
46.6		0.00278796		
46.61		0.00278727		
46.62		0.00278659		
46.63		0.00278591		
46.64		0.00278522		
46.65		0.00278454		
46.66		0.00278386		
46.67		0.00278318		
46.68		0.00278249		
46.69		0.00278181		
46.7		0.00278113		
46.71		0.00278045		
46.72		0.00277977		
46.73		0.00277909		
46.74		0.00277841		
46.75		0.00277773		
46.76		0.00277705		
46.77		0.00277637		
46.78		0.00277569		
46.79		0.00277502		
46.8		0.00277434		
46.81		0.00277366		
46.82		0.00277298		
46.83		0.00277231		
46.84		0.00277163		
46.85		0.00277095		
46.86		0.00277028		
46.87		0.0027696		
46.88		0.00276893		
46.89		0.00276825		
46.9		0.00276758		
46.91		0.0027669		
46.92		0.00276623		
46.93		0.00276555		
46.94		0.00276488		
46.95		0.00276421		
46.96		0.00276353		
46.97		0.00276286		
46.98		0.00276219		
46.99		0.00276152		
47		0.00276084		
47.01		0.00276017		
47.02		0.0027595		
47.03		0.00275883		
47.04		0.00275816		
47.05		0.00275749		
47.06		0.00275682		
47.07		0.00275615		
47.08		0.00275548		
47.09		0.00275481		
47.1		0.00275414		
47.11		0.00275348		
47.12		0.00275281		
47.13		0.00275214		
47.14		0.00275147		
47.15		0.0027508		
47.16		0.00275014		
47.17		0.00274947		
47.18		0.0027488		
47.19		0.00274814		
47.2		0.00274747		
47.21		0.00274681		
47.22		0.00274614		
47.23		0.00274548		
47.24		0.00274481		
47.25		0.00274415		
47.26		0.00274349		
47.27		0.00274282		
47.28		0.00274216		
47.29		0.0027415		
47.3		0.00274083		
47.31		0.00274017		
47.32		0.00273951		
47.33		0.00273885		
47.34		0.00273819		
47.35		0.00273752		
47.36		0.00273686		
47.37		0.0027362		
47.38		0.00273554		
47.39		0.00273488		
47.4		0.00273422		
47.41		0.00273356		
47.42		0.0027329		
47.43		0.00273225		
47.44		0.00273159		
47.45		0.00273093		
47.46		0.00273027		
47.47		0.00272961		
47.48		0.00272896		
47.49		0.0027283		
47.5		0.00272764		
47.51		0.00272699		
47.52		0.00272633		
47.53		0.00272567		
47.54		0.00272502		
47.55		0.00272436		
47.56		0.00272371		
47.57		0.00272305		
47.58		0.0027224		
47.59		0.00272175		
47.6		0.00272109		
47.61		0.00272044		
47.62		0.00271979		
47.63		0.00271913		
47.64		0.00271848		
47.65		0.00271783		
47.66		0.00271718		
47.67		0.00271652		
47.68		0.00271587		
47.69		0.00271522		
47.7		0.00271457		
47.71		0.00271392		
47.72		0.00271327		
47.73		0.00271262		
47.74		0.00271197		
47.75		0.00271132		
47.76		0.00271067		
47.77		0.00271002		
47.78		0.00270938		
47.79		0.00270873		
47.8		0.00270808		
47.81		0.00270743		
47.82		0.00270678		
47.83		0.00270614		
47.84		0.00270549		
47.85		0.00270484		
47.86		0.0027042		
47.87		0.00270355		
47.88		0.00270291		
47.89		0.00270226		
47.9		0.00270162		
47.91		0.00270097		
47.92		0.00270033		
47.93		0.00269968		
47.94		0.00269904		
47.95		0.0026984		
47.96		0.00269775		
47.97		0.00269711		
47.98		0.00269647		
47.99		0.00269583		
48		0.00269518		
48.01		0.00269454		
48.02		0.0026939		
48.03		0.00269326		
48.04		0.00269262		
48.05		0.00269198		
48.06		0.00269134		
48.07		0.0026907		
48.08		0.00269006		
48.09		0.00268942		
48.1		0.00268878		
48.11		0.00268814		
48.12		0.0026875		
48.13		0.00268686		
48.14		0.00268622		
48.15		0.00268559		
48.16		0.00268495		
48.17		0.00268431		
48.18		0.00268367		
48.19		0.00268304		
48.2		0.0026824		
48.21		0.00268177		
48.22		0.00268113		
48.23		0.00268049		
48.24		0.00267986		
48.25		0.00267922		
48.26		0.00267859		
48.27		0.00267795		
48.28		0.00267732		
48.29		0.00267669		
48.3		0.00267605		
48.31		0.00267542		
48.32		0.00267479		
48.33		0.00267415		
48.34		0.00267352		
48.35		0.00267289		
48.36		0.00267226		
48.37		0.00267163		
48.38		0.002671		
48.39		0.00267036		
48.4		0.00266973		
48.41		0.0026691		
48.42		0.00266847		
48.43		0.00266784		
48.44		0.00266721		
48.45		0.00266658		
48.46		0.00266596		
48.47		0.00266533		
48.48		0.0026647		
48.49		0.00266407		
48.5		0.00266344		
48.51		0.00266281		
48.52		0.00266219		
48.53		0.00266156		
48.54		0.00266093		
48.55		0.00266031		
48.56		0.00265968		
48.57		0.00265905		
48.58		0.00265843		
48.59		0.0026578		
48.6		0.00265718		
48.61		0.00265655		
48.62		0.00265593		
48.63		0.0026553		
48.64		0.00265468		
48.65		0.00265406		
48.66		0.00265343		
48.67		0.00265281		
48.68		0.00265219		
48.69		0.00265156		
48.7		0.00265094		
48.71		0.00265032		
48.72		0.0026497		
48.73		0.00264908		
48.74		0.00264845		
48.75		0.00264783		
48.76		0.00264721		
48.77		0.00264659		
48.78		0.00264597		
48.79		0.00264535		
48.8		0.00264473		
48.81		0.00264411		
48.82		0.00264349		
48.83		0.00264287		
48.84		0.00264226		
48.85		0.00264164		
48.86		0.00264102		
48.87		0.0026404		
48.88		0.00263978		
48.89		0.00263917		
48.9		0.00263855		
48.91		0.00263793		
48.92		0.00263732		
48.93		0.0026367		
48.94		0.00263609		
48.95		0.00263547		
48.96		0.00263485		
48.97		0.00263424		
48.98		0.00263362		
48.99		0.00263301		
49		0.0026324		
49.01		0.00263178		
49.02		0.00263117		
49.03		0.00263055		
49.04		0.00262994		
49.05		0.00262933		
49.06		0.00262872		
49.07		0.0026281		
49.08		0.00262749		
49.09		0.00262688		
49.1		0.00262627		
49.11		0.00262566		
49.12		0.00262505		
49.13		0.00262443		
49.14		0.00262382		
49.15		0.00262321		
49.16		0.0026226		
49.17		0.00262199		
49.18		0.00262138		
49.19		0.00262078		
49.2		0.00262017		
49.21		0.00261956		
49.22		0.00261895		
49.23		0.00261834		
49.24		0.00261773		
49.25		0.00261713		
49.26		0.00261652		
49.27		0.00261591		
49.28		0.0026153		
49.29		0.0026147		
49.3		0.00261409		
49.31		0.00261349		
49.32		0.00261288		
49.33		0.00261227		
49.34		0.00261167		
49.35		0.00261106		
49.36		0.00261046		
49.37		0.00260986		
49.38		0.00260925		
49.39		0.00260865		
49.4		0.00260804		
49.41		0.00260744		
49.42		0.00260684		
49.43		0.00260623		
49.44		0.00260563		
49.45		0.00260503		
49.46		0.00260443		
49.47		0.00260383		
49.48		0.00260322		
49.49		0.00260262		
49.5		0.00260202		
49.51		0.00260142		
49.52		0.00260082		
49.53		0.00260022		
49.54		0.00259962		
49.55		0.00259902		
49.56		0.00259842		
49.57		0.00259782		
49.58		0.00259722		
49.59		0.00259662		
49.6		0.00259603		
49.61		0.00259543		
49.62		0.00259483		
49.63		0.00259423		
49.64		0.00259364		
49.65		0.00259304		
49.66		0.00259244		
49.67		0.00259184		
49.68		0.00259125		
49.69		0.00259065		
49.7		0.00259006		
49.71		0.00258946		
49.72		0.00258887		
49.73		0.00258827		
49.74		0.00258768		
49.75		0.00258708		
49.76		0.00258649		
49.77		0.00258589		
49.78		0.0025853		
49.79		0.00258471		
49.8		0.00258411		
49.81		0.00258352		
49.82		0.00258293		
49.83		0.00258233		
49.84		0.00258174		
49.85		0.00258115		
49.86		0.00258056		
49.87		0.00257997		
49.88		0.00257938		
49.89		0.00257878		
49.9		0.00257819		
49.91		0.0025776		
49.92		0.00257701		
49.93		0.00257642		
49.94		0.00257583		
49.95		0.00257524		
49.96		0.00257465		
49.97		0.00257407		
49.98		0.00257348		
49.99		0.00257289		
50		0.0025723		
