tau [fm]		piNS [fm^-4]
0.25		1159.97
0.26		1057.81		
0.27		968.505		
0.28		889.99		
0.29		820.602		
0.3		758.987		
0.31		704.029		
0.32		654.804		
0.33		610.546		
0.34		570.608		
0.35		534.447		
0.36		501.601		
0.37		471.679		
0.38		444.343		
0.39		419.304		
0.4		396.312		
0.41		375.149		
0.42		355.627		
0.43		337.58		
0.44		320.862		
0.45		305.348		
0.46		290.923		
0.47		277.489		
0.48		264.956		
0.49		253.245		
0.5		242.287		
0.51		232.017		
0.52		222.38		
0.53		213.325		
0.54		204.805		
0.55		196.78		
0.56		189.211		
0.57		182.065		
0.58		175.311		
0.59		168.921		
0.6		162.869		
0.61		157.131		
0.62		151.687		
0.63		146.516		
0.64		141.601		
0.65		136.925		
0.66		132.473		
0.67		128.231		
0.68		124.185		
0.69		120.325		
0.7		116.638		
0.71		113.115		
0.72		109.745		
0.73		106.521		
0.74		103.434		
0.75		100.477		
0.76		97.6417		
0.77		94.922		
0.78		92.3119		
0.79		89.8055		
0.8		87.3973		
0.81		85.0824		
0.82		82.8561		
0.83		80.7138		
0.84		78.6515		
0.85		76.6651		
0.86		74.7511		
0.87		72.906		
0.88		71.1266		
0.89		69.4098		
0.9		67.7526		
0.91		66.1525		
0.92		64.6067		
0.93		63.113		
0.94		61.6689		
0.95		60.2725		
0.96		58.9215		
0.97		57.614		
0.98		56.3483		
0.99		55.1226		
1		53.9351		
1.01		52.7845		
1.02		51.6691		
1.03		50.5875		
1.04		49.5385		
1.05		48.5206		
1.06		47.5329		
1.07		46.5739		
1.08		45.6427		
1.09		44.7383		
1.1		43.8595		
1.11		43.0055		
1.12		42.1753		
1.13		41.368		
1.14		40.583		
1.15		39.8192		
1.16		39.0761		
1.17		38.3528		
1.18		37.6487		
1.19		36.9631		
1.2		36.2953		
1.21		35.6448		
1.22		35.011		
1.23		34.3934		
1.24		33.7913		
1.25		33.2043		
1.26		32.6318		
1.27		32.0735		
1.28		31.5288		
1.29		30.9973		
1.3		30.4787		
1.31		29.9724		
1.32		29.4782		
1.33		28.9956		
1.34		28.5242		
1.35		28.0639		
1.36		27.6141		
1.37		27.1746		
1.38		26.7451		
1.39		26.3252		
1.4		25.9148		
1.41		25.5135		
1.42		25.1211		
1.43		24.7373		
1.44		24.3618		
1.45		23.9945		
1.46		23.6351		
1.47		23.2833		
1.48		22.939		
1.49		22.6019		
1.5		22.272		
1.51		21.9488		
1.52		21.6324		
1.53		21.3224		
1.54		21.0188		
1.55		20.7213		
1.56		20.4299		
1.57		20.1442		
1.58		19.8643		
1.59		19.5899		
1.6		19.3209		
1.61		19.0571		
1.62		18.7985		
1.63		18.5448		
1.64		18.2961		
1.65		18.0521		
1.66		17.8127		
1.67		17.5778		
1.68		17.3473		
1.69		17.1211		
1.7		16.8992		
1.71		16.6813		
1.72		16.4674		
1.73		16.2574		
1.74		16.0512		
1.75		15.8487		
1.76		15.6499		
1.77		15.4546		
1.78		15.2628		
1.79		15.0743		
1.8		14.8892		
1.81		14.7073		
1.82		14.5285		
1.83		14.3529		
1.84		14.1802		
1.85		14.0105		
1.86		13.8437		
1.87		13.6797		
1.88		13.5185		
1.89		13.36		
1.9		13.2041		
1.91		13.0508		
1.92		12.9		
1.93		12.7517		
1.94		12.6058		
1.95		12.4623		
1.96		12.3211		
1.97		12.1821		
1.98		12.0454		
1.99		11.9109		
2		11.7785		
2.01		11.6482		
2.02		11.5199		
2.03		11.3937		
2.04		11.2694		
2.05		11.147		
2.06		11.0265		
2.07		10.9079		
2.08		10.7911		
2.09		10.676		
2.1		10.5627		
2.11		10.4511		
2.12		10.3412		
2.13		10.2329		
2.14		10.1262		
2.15		10.0211		
2.16		9.91758		
2.17		9.81554		
2.18		9.715		
2.19		9.61591		
2.2		9.51826		
2.21		9.42201		
2.22		9.32715		
2.23		9.23363		
2.24		9.14145		
2.25		9.05058		
2.26		8.96098		
2.27		8.87264		
2.28		8.78554		
2.29		8.69965		
2.3		8.61495		
2.31		8.53142		
2.32		8.44904		
2.33		8.36778		
2.34		8.28764		
2.35		8.20858		
2.36		8.13059		
2.37		8.05365		
2.38		7.97775		
2.39		7.90286		
2.4		7.82896		
2.41		7.75605		
2.42		7.6841		
2.43		7.61309		
2.44		7.54301		
2.45		7.47385		
2.46		7.40559		
2.47		7.33821		
2.48		7.2717		
2.49		7.20605		
2.5		7.14123		
2.51		7.07725		
2.52		7.01407		
2.53		6.95169		
2.54		6.8901		
2.55		6.82929		
2.56		6.76923		
2.57		6.70993		
2.58		6.65136		
2.59		6.59351		
2.6		6.53638		
2.61		6.47995		
2.62		6.42421		
2.63		6.36915		
2.64		6.31475		
2.65		6.26102		
2.66		6.20794		
2.67		6.15549		
2.68		6.10367		
2.69		6.05247		
2.7		6.00188		
2.71		5.95188		
2.72		5.90248		
2.73		5.85366		
2.74		5.80541		
2.75		5.75772		
2.76		5.71059		
2.77		5.66401		
2.78		5.61797		
2.79		5.57245		
2.8		5.52746		
2.81		5.48298		
2.82		5.43902		
2.83		5.39555		
2.84		5.35257		
2.85		5.31008		
2.86		5.26806		
2.87		5.22652		
2.88		5.18544		
2.89		5.14482		
2.9		5.10465		
2.91		5.06493		
2.92		5.02564		
2.93		4.98678		
2.94		4.94836		
2.95		4.91035		
2.96		4.87275		
2.97		4.83556		
2.98		4.79878		
2.99		4.76239		
3		4.72639		
3.01		4.69078		
3.02		4.65555		
3.03		4.62069		
3.04		4.5862		
3.05		4.55208		
3.06		4.51832		
3.07		4.48491		
3.08		4.45186		
3.09		4.41915		
3.1		4.38678		
3.11		4.35474		
3.12		4.32304		
3.13		4.29166		
3.14		4.26061		
3.15		4.22988		
3.16		4.19946		
3.17		4.16935		
3.18		4.13954		
3.19		4.11004		
3.2		4.08084		
3.21		4.05193		
3.22		4.02331		
3.23		3.99498		
3.24		3.96693		
3.25		3.93916		
3.26		3.91166		
3.27		3.88444		
3.28		3.85748		
3.29		3.8308		
3.3		3.80437		
3.31		3.7782		
3.32		3.75229		
3.33		3.72663		
3.34		3.70121		
3.35		3.67605		
3.36		3.65112		
3.37		3.62644		
3.38		3.60199		
3.39		3.57777		
3.4		3.55379		
3.41		3.53004		
3.42		3.50651		
3.43		3.4832		
3.44		3.46011		
3.45		3.43724		
3.46		3.41458		
3.47		3.39214		
3.48		3.3699		
3.49		3.34787		
3.5		3.32605		
3.51		3.30442		
3.52		3.283		
3.53		3.26177		
3.54		3.24074		
3.55		3.2199		
3.56		3.19925		
3.57		3.17879		
3.58		3.15851		
3.59		3.13842		
3.6		3.11851		
3.61		3.09878		
3.62		3.07922		
3.63		3.05984		
3.64		3.04063		
3.65		3.0216		
3.66		3.00273		
3.67		2.98403		
3.68		2.9655		
3.69		2.94712		
3.7		2.92891		
3.71		2.91086		
3.72		2.89297		
3.73		2.87523		
3.74		2.85765		
3.75		2.84022		
3.76		2.82294		
3.77		2.80581		
3.78		2.78883		
3.79		2.77199		
3.8		2.7553		
3.81		2.73875		
3.82		2.72234		
3.83		2.70607		
3.84		2.68994		
3.85		2.67395		
3.86		2.65809		
3.87		2.64236		
3.88		2.62677		
3.89		2.6113		
3.9		2.59597		
3.91		2.58076		
3.92		2.56568		
3.93		2.55073		
3.94		2.53589		
3.95		2.52118		
3.96		2.5066		
3.97		2.49213		
3.98		2.47778		
3.99		2.46355		
4		2.44943		
4.01		2.43543		
4.02		2.42154		
4.03		2.40776		
4.04		2.3941		
4.05		2.38054		
4.06		2.3671		
4.07		2.35376		
4.08		2.34053		
4.09		2.3274		
4.1		2.31438		
4.11		2.30146		
4.12		2.28865		
4.13		2.27593		
4.14		2.26332		
4.15		2.25081		
4.16		2.23839		
4.17		2.22607		
4.18		2.21385		
4.19		2.20172		
4.2		2.18969		
4.21		2.17775		
4.22		2.1659		
4.23		2.15414		
4.24		2.14248		
4.25		2.1309		
4.26		2.11941		
4.27		2.10801		
4.28		2.0967		
4.29		2.08548		
4.3		2.07434		
4.31		2.06328		
4.32		2.05231		
4.33		2.04142		
4.34		2.03061		
4.35		2.01988		
4.36		2.00924		
4.37		1.99867		
4.38		1.98818		
4.39		1.97777		
4.4		1.96744		
4.41		1.95719		
4.42		1.94701		
4.43		1.9369		
4.44		1.92688		
4.45		1.91692		
4.46		1.90704		
4.47		1.89723		
4.48		1.88749		
4.49		1.87782		
4.5		1.86822		
4.51		1.85869		
4.52		1.84924		
4.53		1.83985		
4.54		1.83052		
4.55		1.82127		
4.56		1.81208		
4.57		1.80296		
4.58		1.7939		
4.59		1.7849		
4.6		1.77597		
4.61		1.76711		
4.62		1.75831		
4.63		1.74957		
4.64		1.74089		
4.65		1.73227		
4.66		1.72371		
4.67		1.71521		
4.68		1.70678		
4.69		1.6984		
4.7		1.69008		
4.71		1.68182		
4.72		1.67361		
4.73		1.66546		
4.74		1.65737		
4.75		1.64933		
4.76		1.64135		
4.77		1.63343		
4.78		1.62556		
4.79		1.61774		
4.8		1.60998		
4.81		1.60226		
4.82		1.59461		
4.83		1.587		
4.84		1.57944		
4.85		1.57194		
4.86		1.56449		
4.87		1.55708		
4.88		1.54973		
4.89		1.54243		
4.9		1.53517		
4.91		1.52797		
4.92		1.52081		
4.93		1.5137		
4.94		1.50663		
4.95		1.49962		
4.96		1.49265		
4.97		1.48572		
4.98		1.47884		
4.99		1.47201		
5		1.46522		
5.01		1.45848		
5.02		1.45178		
5.03		1.44512		
5.04		1.43851		
5.05		1.43194		
5.06		1.42541		
5.07		1.41893		
5.08		1.41249		
5.09		1.40609		
5.1		1.39973		
5.11		1.39341		
5.12		1.38713		
5.13		1.38089		
5.14		1.37469		
5.15		1.36853		
5.16		1.36241		
5.17		1.35633		
5.18		1.35029		
5.19		1.34429		
5.2		1.33832		
5.21		1.33239		
5.22		1.3265		
5.23		1.32065		
5.24		1.31483		
5.25		1.30905		
5.26		1.30331		
5.27		1.2976		
5.28		1.29192		
5.29		1.28629		
5.3		1.28068		
5.31		1.27511		
5.32		1.26958		
5.33		1.26408		
5.34		1.25862		
5.35		1.25318		
5.36		1.24778		
5.37		1.24242		
5.38		1.23709		
5.39		1.23179		
5.4		1.22652		
5.41		1.22128		
5.42		1.21608		
5.43		1.2109		
5.44		1.20576		
5.45		1.20065		
5.46		1.19557		
5.47		1.19052		
5.48		1.18551		
5.49		1.18052		
5.5		1.17556		
5.51		1.17063		
5.52		1.16573		
5.53		1.16086		
5.54		1.15602		
5.55		1.15121		
5.56		1.14642		
5.57		1.14166		
5.58		1.13694		
5.59		1.13224		
5.6		1.12756		
5.61		1.12292		
5.62		1.1183		
5.63		1.11371		
5.64		1.10915		
5.65		1.10461		
5.66		1.1001		
5.67		1.09561		
5.68		1.09115		
5.69		1.08672		
5.7		1.08231		
5.71		1.07793		
5.72		1.07358		
5.73		1.06924		
5.74		1.06494		
5.75		1.06066		
5.76		1.0564		
5.77		1.05217		
5.78		1.04796		
5.79		1.04377		
5.8		1.03961		
5.81		1.03547		
5.82		1.03136		
5.83		1.02727		
5.84		1.0232		
5.85		1.01915		
5.86		1.01513		
5.87		1.01113		
5.88		1.00715		
5.89		1.0032		
5.9		0.999267		
5.91		0.995356		
5.92		0.991467		
5.93		0.9876		
5.94		0.983754		
5.95		0.979929		
5.96		0.976126		
5.97		0.972343		
5.98		0.968582		
5.99		0.964841		
6		0.96112		
6.01		0.95742		
6.02		0.953741		
6.03		0.950081		
6.04		0.946442		
6.05		0.942822		
6.06		0.939222		
6.07		0.935642		
6.08		0.932081		
6.09		0.928539		
6.1		0.925017		
6.11		0.921513		
6.12		0.918028		
6.13		0.914563		
6.14		0.911115		
6.15		0.907687		
6.16		0.904276		
6.17		0.900884		
6.18		0.89751		
6.19		0.894154		
6.2		0.890816		
6.21		0.887496		
6.22		0.884193		
6.23		0.880908		
6.24		0.87764		
6.25		0.87439		
6.26		0.871156		
6.27		0.86794		
6.28		0.86474		
6.29		0.861558		
6.3		0.858392		
6.31		0.855242		
6.32		0.852109		
6.33		0.848993		
6.34		0.845892		
6.35		0.842808		
6.36		0.83974		
6.37		0.836687		
6.38		0.833651		
6.39		0.83063		
6.4		0.827625		
6.41		0.824635		
6.42		0.82166		
6.43		0.818701		
6.44		0.815757		
6.45		0.812829		
6.46		0.809915		
6.47		0.807016		
6.48		0.804132		
6.49		0.801262		
6.5		0.798407		
6.51		0.795567		
6.52		0.792741		
6.53		0.789929		
6.54		0.787131		
6.55		0.784348		
6.56		0.781579		
6.57		0.778823		
6.58		0.776082		
6.59		0.773354		
6.6		0.770639		
6.61		0.767939		
6.62		0.765252		
6.63		0.762578		
6.64		0.759918		
6.65		0.75727		
6.66		0.754636		
6.67		0.752015		
6.68		0.749407		
6.69		0.746812		
6.7		0.74423		
6.71		0.74166		
6.72		0.739103		
6.73		0.736559		
6.74		0.734027		
6.75		0.731507		
6.76		0.729		
6.77		0.726505		
6.78		0.724022		
6.79		0.721552		
6.8		0.719093		
6.81		0.716646		
6.82		0.714212		
6.83		0.711789		
6.84		0.709377		
6.85		0.706977		
6.86		0.704589		
6.87		0.702213		
6.88		0.699848		
6.89		0.697494		
6.9		0.695151		
6.91		0.69282		
6.92		0.6905		
6.93		0.688191		
6.94		0.685892		
6.95		0.683605		
6.96		0.681329		
6.97		0.679063		
6.98		0.676809		
6.99		0.674565		
7		0.672331		
7.01		0.670108		
7.02		0.667896		
7.03		0.665694		
7.04		0.663502		
7.05		0.661321		
7.06		0.65915		
7.07		0.656989		
7.08		0.654838		
7.09		0.652697		
7.1		0.650566		
7.11		0.648445		
7.12		0.646334		
7.13		0.644233		
7.14		0.642141		
7.15		0.640059		
7.16		0.637987		
7.17		0.635924		
7.18		0.633871		
7.19		0.631828		
7.2		0.629793		
7.21		0.627768		
7.22		0.625753		
7.23		0.623746		
7.24		0.621749		
7.25		0.619761		
7.26		0.617782		
7.27		0.615812		
7.28		0.613851		
7.29		0.611898		
7.3		0.609955		
7.31		0.60802		
7.32		0.606095		
7.33		0.604178		
7.34		0.602269		
7.35		0.600369		
7.36		0.598478		
7.37		0.596595		
7.38		0.594721		
7.39		0.592855		
7.4		0.590998		
7.41		0.589148		
7.42		0.587307		
7.43		0.585474		
7.44		0.58365		
7.45		0.581833		
7.46		0.580025		
7.47		0.578224		
7.48		0.576432		
7.49		0.574647		
7.5		0.572871		
7.51		0.571102		
7.52		0.569341		
7.53		0.567588		
7.54		0.565842		
7.55		0.564104		
7.56		0.562374		
7.57		0.560651		
7.58		0.558936		
7.59		0.557228		
7.6		0.555528		
7.61		0.553835		
7.62		0.55215		
7.63		0.550472		
7.64		0.548801		
7.65		0.547137		
7.66		0.545481		
7.67		0.543831		
7.68		0.542189		
7.69		0.540554		
7.7		0.538926		
7.71		0.537305		
7.72		0.535691		
7.73		0.534084		
7.74		0.532483		
7.75		0.53089		
7.76		0.529303		
7.77		0.527723		
7.78		0.52615		
7.79		0.524584		
7.8		0.523024		
7.81		0.521471		
7.82		0.519924		
7.83		0.518384		
7.84		0.516851		
7.85		0.515324		
7.86		0.513803		
7.87		0.512289		
7.88		0.510781		
7.89		0.50928		
7.9		0.507785		
7.91		0.506296		
7.92		0.504813		
7.93		0.503337		
7.94		0.501866		
7.95		0.500402		
7.96		0.498944		
7.97		0.497492		
7.98		0.496046		
7.99		0.494606		
8		0.493172		
8.01		0.491744		
8.02		0.490322		
8.03		0.488906		
8.04		0.487495		
8.05		0.486091		
8.06		0.484692		
8.07		0.483299		
8.08		0.481911		
8.09		0.48053		
8.1		0.479154		
8.11		0.477783		
8.12		0.476418		
8.13		0.475059		
8.14		0.473705		
8.15		0.472357		
8.16		0.471015		
8.17		0.469677		
8.18		0.468345		
8.19		0.467019		
8.2		0.465698		
8.21		0.464382		
8.22		0.463072		
8.23		0.461767		
8.24		0.460467		
8.25		0.459172		
8.26		0.457883		
8.27		0.456599		
8.28		0.455319		
8.29		0.454045		
8.3		0.452776		
8.31		0.451513		
8.32		0.450254		
8.33		0.449		
8.34		0.447751		
8.35		0.446507		
8.36		0.445269		
8.37		0.444035		
8.38		0.442805		
8.39		0.441581		
8.4		0.440362		
8.41		0.439147		
8.42		0.437937		
8.43		0.436732		
8.44		0.435532		
8.45		0.434337		
8.46		0.433146		
8.47		0.431959		
8.48		0.430778		
8.49		0.429601		
8.5		0.428429		
8.51		0.427261		
8.52		0.426098		
8.53		0.424939		
8.54		0.423785		
8.55		0.422635		
8.56		0.42149		
8.57		0.420349		
8.58		0.419212		
8.59		0.41808		
8.6		0.416953		
8.61		0.415829		
8.62		0.41471		
8.63		0.413596		
8.64		0.412485		
8.65		0.411379		
8.66		0.410277		
8.67		0.40918		
8.68		0.408086		
8.69		0.406997		
8.7		0.405912		
8.71		0.404831		
8.72		0.403754		
8.73		0.402681		
8.74		0.401612		
8.75		0.400548		
8.76		0.399487		
8.77		0.398431		
8.78		0.397378		
8.79		0.396329		
8.8		0.395285		
8.81		0.394244		
8.82		0.393207		
8.83		0.392174		
8.84		0.391145		
8.85		0.39012		
8.86		0.389099		
8.87		0.388081		
8.88		0.387068		
8.89		0.386058		
8.9		0.385051		
8.91		0.384049		
8.92		0.38305		
8.93		0.382056		
8.94		0.381064		
8.95		0.380077		
8.96		0.379093		
8.97		0.378113		
8.98		0.377136		
8.99		0.376163		
9		0.375193		
9.01		0.374228		
9.02		0.373265		
9.03		0.372307		
9.04		0.371351		
9.05		0.3704		
9.06		0.369451		
9.07		0.368507		
9.08		0.367565		
9.09		0.366627		
9.1		0.365693		
9.11		0.364762		
9.12		0.363834		
9.13		0.36291		
9.14		0.361989		
9.15		0.361072		
9.16		0.360157		
9.17		0.359246		
9.18		0.358339		
9.19		0.357434		
9.2		0.356533		
9.21		0.355635		
9.22		0.354741		
9.23		0.35385		
9.24		0.352961		
9.25		0.352076		
9.26		0.351195		
9.27		0.350316		
9.28		0.34944		
9.29		0.348568		
9.3		0.347699		
9.31		0.346833		
9.32		0.34597		
9.33		0.34511		
9.34		0.344253		
9.35		0.343399		
9.36		0.342548		
9.37		0.3417		
9.38		0.340855		
9.39		0.340014		
9.4		0.339175		
9.41		0.338339		
9.42		0.337506		
9.43		0.336676		
9.44		0.335849		
9.45		0.335025		
9.46		0.334203		
9.47		0.333385		
9.48		0.332569		
9.49		0.331757		
9.5		0.330947		
9.51		0.33014		
9.52		0.329336		
9.53		0.328534		
9.54		0.327736		
9.55		0.32694		
9.56		0.326147		
9.57		0.325357		
9.58		0.324569		
9.59		0.323784		
9.6		0.323002		
9.61		0.322223		
9.62		0.321446		
9.63		0.320672		
9.64		0.319901		
9.65		0.319132		
9.66		0.318366		
9.67		0.317603		
9.68		0.316842		
9.69		0.316084		
9.7		0.315328		
9.71		0.314575		
9.72		0.313825		
9.73		0.313077		
9.74		0.312332		
9.75		0.311589		
9.76		0.310849		
9.77		0.310111		
9.78		0.309376		
9.79		0.308643		
9.8		0.307913		
9.81		0.307185		
9.82		0.30646		
9.83		0.305737		
9.84		0.305017		
9.85		0.304299		
9.86		0.303583		
9.87		0.30287		
9.88		0.30216		
9.89		0.301451		
9.9		0.300745		
9.91		0.300042		
9.92		0.299341		
9.93		0.298642		
9.94		0.297945		
9.95		0.297251		
9.96		0.296559		
9.97		0.29587		
9.98		0.295182		
9.99		0.294497		
10		0.293815		
10.01		0.293134		
10.02		0.292456		
10.03		0.29178		
10.04		0.291106		
10.05		0.290435		
10.06		0.289766		
10.07		0.289099		
10.08		0.288434		
10.09		0.287771		
10.1		0.287111		
10.11		0.286452		
10.12		0.285796		
10.13		0.285142		
10.14		0.284491		
10.15		0.283841		
10.16		0.283193		
10.17		0.282548		
10.18		0.281905		
10.19		0.281263		
10.2		0.280624		
10.21		0.279987		
10.22		0.279352		
10.23		0.278719		
10.24		0.278088		
10.25		0.27746		
10.26		0.276833		
10.27		0.276208		
10.28		0.275585		
10.29		0.274965		
10.3		0.274346		
10.31		0.273729		
10.32		0.273114		
10.33		0.272502		
10.34		0.271891		
10.35		0.271282		
10.36		0.270675		
10.37		0.27007		
10.38		0.269467		
10.39		0.268866		
10.4		0.268267		
10.41		0.26767		
10.42		0.267075		
10.43		0.266481		
10.44		0.26589		
10.45		0.2653		
10.46		0.264713		
10.47		0.264127		
10.48		0.263543		
10.49		0.262961		
10.5		0.26238		
10.51		0.261802		
10.52		0.261225		
10.53		0.26065		
10.54		0.260077		
10.55		0.259506		
10.56		0.258937		
10.57		0.258369		
10.58		0.257803		
10.59		0.257239		
10.6		0.256677		
10.61		0.256116		
10.62		0.255558		
10.63		0.255001		
10.64		0.254445		
10.65		0.253892		
10.66		0.25334		
10.67		0.25279		
10.68		0.252241		
10.69		0.251695		
10.7		0.25115		
10.71		0.250607		
10.72		0.250065		
10.73		0.249525		
10.74		0.248987		
10.75		0.24845		
10.76		0.247915		
10.77		0.247382		
10.78		0.246851		
10.79		0.246321		
10.8		0.245792		
10.81		0.245266		
10.82		0.24474		
10.83		0.244217		
10.84		0.243695		
10.85		0.243175		
10.86		0.242656		
10.87		0.242139		
10.88		0.241624		
10.89		0.24111		
10.9		0.240597		
10.91		0.240087		
10.92		0.239577		
10.93		0.23907		
10.94		0.238563		
10.95		0.238059		
10.96		0.237556		
10.97		0.237054		
10.98		0.236554		
10.99		0.236056		
11		0.235559		
11.01		0.235063		
11.02		0.234569		
11.03		0.234077		
11.04		0.233586		
11.05		0.233096		
11.06		0.232608		
11.07		0.232121		
11.08		0.231636		
11.09		0.231153		
11.1		0.23067		
11.11		0.23019		
11.12		0.22971		
11.13		0.229232		
11.14		0.228756		
11.15		0.228281		
11.16		0.227807		
11.17		0.227335		
11.18		0.226864		
11.19		0.226395		
11.2		0.225927		
11.21		0.22546		
11.22		0.224995		
11.23		0.224531		
11.24		0.224068		
11.25		0.223607		
11.26		0.223147		
11.27		0.222689		
11.28		0.222232		
11.29		0.221776		
11.3		0.221322		
11.31		0.220869		
11.32		0.220417		
11.33		0.219967		
11.34		0.219518		
11.35		0.21907		
11.36		0.218623		
11.37		0.218178		
11.38		0.217734		
11.39		0.217292		
11.4		0.216851		
11.41		0.216411		
11.42		0.215972		
11.43		0.215535		
11.44		0.215099		
11.45		0.214664		
11.46		0.21423		
11.47		0.213798		
11.48		0.213367		
11.49		0.212937		
11.5		0.212508		
11.51		0.212081		
11.52		0.211655		
11.53		0.21123		
11.54		0.210806		
11.55		0.210384		
11.56		0.209963		
11.57		0.209543		
11.58		0.209124		
11.59		0.208706		
11.6		0.20829		
11.61		0.207875		
11.62		0.207461		
11.63		0.207048		
11.64		0.206636		
11.65		0.206226		
11.66		0.205817		
11.67		0.205409		
11.68		0.205002		
11.69		0.204596		
11.7		0.204191		
11.71		0.203788		
11.72		0.203385		
11.73		0.202984		
11.74		0.202584		
11.75		0.202185		
11.76		0.201787		
11.77		0.201391		
11.78		0.200995		
11.79		0.200601		
11.8		0.200207		
11.81		0.199815		
11.82		0.199424		
11.83		0.199034		
11.84		0.198645		
11.85		0.198257		
11.86		0.197871		
11.87		0.197485		
11.88		0.1971		
11.89		0.196717		
11.9		0.196334		
11.91		0.195953		
11.92		0.195573		
11.93		0.195194		
11.94		0.194815		
11.95		0.194438		
11.96		0.194062		
11.97		0.193687		
11.98		0.193313		
11.99		0.19294		
12		0.192568		
12.01		0.192198		
12.02		0.191828		
12.03		0.191459		
12.04		0.191091		
12.05		0.190724		
12.06		0.190359		
12.07		0.189994		
12.08		0.18963		
12.09		0.189267		
12.1		0.188906		
12.11		0.188545		
12.12		0.188185		
12.13		0.187826		
12.14		0.187469		
12.15		0.187112		
12.16		0.186756		
12.17		0.186401		
12.18		0.186047		
12.19		0.185694		
12.2		0.185342		
12.21		0.184991		
12.22		0.184641		
12.23		0.184292		
12.24		0.183944		
12.25		0.183597		
12.26		0.183251		
12.27		0.182905		
12.28		0.182561		
12.29		0.182218		
12.3		0.181875		
12.31		0.181533		
12.32		0.181193		
12.33		0.180853		
12.34		0.180514		
12.35		0.180176		
12.36		0.179839		
12.37		0.179503		
12.38		0.179168		
12.39		0.178834		
12.4		0.1785		
12.41		0.178168		
12.42		0.177836		
12.43		0.177506		
12.44		0.177176		
12.45		0.176847		
12.46		0.176519		
12.47		0.176192		
12.48		0.175865		
12.49		0.17554		
12.5		0.175215		
12.51		0.174892		
12.52		0.174569		
12.53		0.174247		
12.54		0.173926		
12.55		0.173605		
12.56		0.173286		
12.57		0.172967		
12.58		0.172649		
12.59		0.172333		
12.6		0.172016		
12.61		0.171701		
12.62		0.171387		
12.63		0.171073		
12.64		0.170761		
12.65		0.170449		
12.66		0.170138		
12.67		0.169827		
12.68		0.169518		
12.69		0.169209		
12.7		0.168901		
12.71		0.168594		
12.72		0.168288		
12.73		0.167983		
12.74		0.167678		
12.75		0.167374		
12.76		0.167071		
12.77		0.166769		
12.78		0.166467		
12.79		0.166167		
12.8		0.165867		
12.81		0.165568		
12.82		0.165269		
12.83		0.164972		
12.84		0.164675		
12.85		0.164379		
12.86		0.164084		
12.87		0.163789		
12.88		0.163495		
12.89		0.163202		
12.9		0.16291		
12.91		0.162619		
12.92		0.162328		
12.93		0.162038		
12.94		0.161749		
12.95		0.16146		
12.96		0.161173		
12.97		0.160886		
12.98		0.160599		
12.99		0.160314		
13		0.160029		
13.01		0.159745		
13.02		0.159462		
13.03		0.159179		
13.04		0.158897		
13.05		0.158616		
13.06		0.158335		
13.07		0.158056		
13.08		0.157777		
13.09		0.157498		
13.1		0.157221		
13.11		0.156944		
13.12		0.156668		
13.13		0.156392		
13.14		0.156117		
13.15		0.155843		
13.16		0.15557		
13.17		0.155297		
13.18		0.155025		
13.19		0.154754		
13.2		0.154483		
13.21		0.154213		
13.22		0.153944		
13.23		0.153675		
13.24		0.153407		
13.25		0.15314		
13.26		0.152873		
13.27		0.152607		
13.28		0.152342		
13.29		0.152078		
13.3		0.151814		
13.31		0.15155		
13.32		0.151288		
13.33		0.151026		
13.34		0.150765		
13.35		0.150504		
13.36		0.150244		
13.37		0.149985		
13.38		0.149726		
13.39		0.149468		
13.4		0.14921		
13.41		0.148954		
13.42		0.148697		
13.43		0.148442		
13.44		0.148187		
13.45		0.147933		
13.46		0.147679		
13.47		0.147426		
13.48		0.147174		
13.49		0.146922		
13.5		0.146671		
13.51		0.14642		
13.52		0.146171		
13.53		0.145921		
13.54		0.145673		
13.55		0.145425		
13.56		0.145177		
13.57		0.14493		
13.58		0.144684		
13.59		0.144439		
13.6		0.144194		
13.61		0.143949		
13.62		0.143705		
13.63		0.143462		
13.64		0.143219		
13.65		0.142977		
13.66		0.142736		
13.67		0.142495		
13.68		0.142255		
13.69		0.142015		
13.7		0.141776		
13.71		0.141538		
13.72		0.1413		
13.73		0.141062		
13.74		0.140825		
13.75		0.140589		
13.76		0.140354		
13.77		0.140118		
13.78		0.139884		
13.79		0.13965		
13.8		0.139417		
13.81		0.139184		
13.82		0.138952		
13.83		0.13872		
13.84		0.138489		
13.85		0.138258		
13.86		0.138028		
13.87		0.137799		
13.88		0.13757		
13.89		0.137341		
13.9		0.137114		
13.91		0.136886		
13.92		0.13666		
13.93		0.136433		
13.94		0.136208		
13.95		0.135983		
13.96		0.135758		
13.97		0.135534		
13.98		0.135311		
13.99		0.135088		
14		0.134865		
14.01		0.134643		
14.02		0.134422		
14.03		0.134201		
14.04		0.133981		
14.05		0.133761		
14.06		0.133541		
14.07		0.133323		
14.08		0.133104		
14.09		0.132887		
14.1		0.132669		
14.11		0.132453		
14.12		0.132237		
14.13		0.132021		
14.14		0.131806		
14.15		0.131591		
14.16		0.131377		
14.17		0.131163		
14.18		0.13095		
14.19		0.130737		
14.2		0.130525		
14.21		0.130314		
14.22		0.130102		
14.23		0.129892		
14.24		0.129681		
14.25		0.129472		
14.26		0.129263		
14.27		0.129054		
14.28		0.128846		
14.29		0.128638		
14.3		0.128431		
14.31		0.128224		
14.32		0.128018		
14.33		0.127812		
14.34		0.127606		
14.35		0.127402		
14.36		0.127197		
14.37		0.126993		
14.38		0.12679		
14.39		0.126587		
14.4		0.126384		
14.41		0.126182		
14.42		0.125981		
14.43		0.12578		
14.44		0.125579		
14.45		0.125379		
14.46		0.125179		
14.47		0.12498		
14.48		0.124781		
14.49		0.124583		
14.5		0.124385		
14.51		0.124187		
14.52		0.12399		
14.53		0.123794		
14.54		0.123598		
14.55		0.123402		
14.56		0.123207		
14.57		0.123012		
14.58		0.122818		
14.59		0.122624		
14.6		0.122431		
14.61		0.122238		
14.62		0.122045		
14.63		0.121853		
14.64		0.121662		
14.65		0.12147		
14.66		0.12128		
14.67		0.121089		
14.68		0.120899		
14.69		0.12071		
14.7		0.120521		
14.71		0.120332		
14.72		0.120144		
14.73		0.119956		
14.74		0.119769		
14.75		0.119582		
14.76		0.119396		
14.77		0.11921		
14.78		0.119024		
14.79		0.118839		
14.8		0.118654		
14.81		0.118469		
14.82		0.118285		
14.83		0.118102		
14.84		0.117919		
14.85		0.117736		
14.86		0.117554		
14.87		0.117372		
14.88		0.11719		
14.89		0.117009		
14.9		0.116828		
14.91		0.116648		
14.92		0.116468		
14.93		0.116289		
14.94		0.116109		
14.95		0.115931		
14.96		0.115752		
14.97		0.115575		
14.98		0.115397		
14.99		0.11522		
15		0.115043		
15.01		0.114867		
15.02		0.114691		
15.03		0.114515		
15.04		0.11434		
15.05		0.114165		
15.06		0.113991		
15.07		0.113817		
15.08		0.113643		
15.09		0.11347		
15.1		0.113297		
15.11		0.113125		
15.12		0.112953		
15.13		0.112781		
15.14		0.11261		
15.15		0.112439		
15.16		0.112268		
15.17		0.112098		
15.18		0.111928		
15.19		0.111759		
15.2		0.111589		
15.21		0.111421		
15.22		0.111252		
15.23		0.111084		
15.24		0.110917		
15.25		0.11075		
15.26		0.110583		
15.27		0.110416		
15.28		0.11025		
15.29		0.110084		
15.3		0.109919		
15.31		0.109754		
15.32		0.109589		
15.33		0.109425		
15.34		0.109261		
15.35		0.109097		
15.36		0.108934		
15.37		0.108771		
15.38		0.108608		
15.39		0.108446		
15.4		0.108284		
15.41		0.108122		
15.42		0.107961		
15.43		0.1078		
15.44		0.10764		
15.45		0.10748		
15.46		0.10732		
15.47		0.107161		
15.48		0.107001		
15.49		0.106843		
15.5		0.106684		
15.51		0.106526		
15.52		0.106368		
15.53		0.106211		
15.54		0.106054		
15.55		0.105897		
15.56		0.105741		
15.57		0.105585		
15.58		0.105429		
15.59		0.105274		
15.6		0.105119		
15.61		0.104964		
15.62		0.104809		
15.63		0.104655		
15.64		0.104502		
15.65		0.104348		
15.66		0.104195		
15.67		0.104042		
15.68		0.10389		
15.69		0.103738		
15.7		0.103586		
15.71		0.103434		
15.72		0.103283		
15.73		0.103133		
15.74		0.102982		
15.75		0.102832		
15.76		0.102682		
15.77		0.102532		
15.78		0.102383		
15.79		0.102234		
15.8		0.102086		
15.81		0.101937		
15.82		0.101789		
15.83		0.101642		
15.84		0.101494		
15.85		0.101347		
15.86		0.1012		
15.87		0.101054		
15.88		0.100908		
15.89		0.100762		
15.9		0.100616		
15.91		0.100471		
15.92		0.100326		
15.93		0.100182		
15.94		0.100037		
15.95		0.0998934		
15.96		0.0997497		
15.97		0.0996063		
15.98		0.0994632		
15.99		0.0993204		
16		0.0991779		
16.01		0.0990357		
16.02		0.0988938		
16.03		0.0987521		
16.04		0.0986108		
16.05		0.0984698		
16.06		0.098329		
16.07		0.0981886		
16.08		0.0980484		
16.09		0.0979085		
16.1		0.097769		
16.11		0.0976297		
16.12		0.0974907		
16.13		0.0973519		
16.14		0.0972135		
16.15		0.0970754		
16.16		0.0969375		
16.17		0.0967999		
16.18		0.0966626		
16.19		0.0965256		
16.2		0.0963889		
16.21		0.0962524		
16.22		0.0961163		
16.23		0.0959804		
16.24		0.0958448		
16.25		0.0957094		
16.26		0.0955744		
16.27		0.0954396		
16.28		0.0953051		
16.29		0.0951709		
16.3		0.0950369		
16.31		0.0949032		
16.32		0.0947698		
16.33		0.0946367		
16.34		0.0945038		
16.35		0.0943712		
16.36		0.0942389		
16.37		0.0941069		
16.38		0.0939751		
16.39		0.0938436		
16.4		0.0937123		
16.41		0.0935813		
16.42		0.0934506		
16.43		0.0933202		
16.44		0.09319		
16.45		0.0930601		
16.46		0.0929304		
16.47		0.092801		
16.48		0.0926719		
16.49		0.092543		
16.5		0.0924144		
16.51		0.092286		
16.52		0.0921579		
16.53		0.0920301		
16.54		0.0919025		
16.55		0.0917752		
16.56		0.0916481		
16.57		0.0915213		
16.58		0.0913948		
16.59		0.0912685		
16.6		0.0911424		
16.61		0.0910166		
16.62		0.0908911		
16.63		0.0907658		
16.64		0.0906407		
16.65		0.0905159		
16.66		0.0903914		
16.67		0.0902671		
16.68		0.0901431		
16.69		0.0900193		
16.7		0.0898957		
16.71		0.0897724		
16.72		0.0896493		
16.73		0.0895265		
16.74		0.089404		
16.75		0.0892816		
16.76		0.0891596		
16.77		0.0890377		
16.78		0.0889161		
16.79		0.0887948		
16.8		0.0886736		
16.81		0.0885528		
16.82		0.0884321		
16.83		0.0883117		
16.84		0.0881916		
16.85		0.0880717		
16.86		0.087952		
16.87		0.0878325		
16.88		0.0877133		
16.89		0.0875943		
16.9		0.0874756		
16.91		0.0873571		
16.92		0.0872388		
16.93		0.0871208		
16.94		0.087003		
16.95		0.0868854		
16.96		0.086768		
16.97		0.0866509		
16.98		0.086534		
16.99		0.0864174		
17		0.086301		
17.01		0.0861848		
17.02		0.0860688		
17.03		0.085953		
17.04		0.0858375		
17.05		0.0857222		
17.06		0.0856071		
17.07		0.0854923		
17.08		0.0853777		
17.09		0.0852633		
17.1		0.0851491		
17.11		0.0850352		
17.12		0.0849214		
17.13		0.0848079		
17.14		0.0846946		
17.15		0.0845816		
17.16		0.0844687		
17.17		0.0843561		
17.18		0.0842437		
17.19		0.0841315		
17.2		0.0840195		
17.21		0.0839078		
17.22		0.0837962		
17.23		0.0836849		
17.24		0.0835738		
17.25		0.0834629		
17.26		0.0833522		
17.27		0.0832417		
17.28		0.0831315		
17.29		0.0830214		
17.3		0.0829116		
17.31		0.082802		
17.32		0.0826926		
17.33		0.0825834		
17.34		0.0824744		
17.35		0.0823656		
17.36		0.082257		
17.37		0.0821487		
17.38		0.0820405		
17.39		0.0819326		
17.4		0.0818248		
17.41		0.0817173		
17.42		0.08161		
17.43		0.0815028		
17.44		0.0813959		
17.45		0.0812892		
17.46		0.0811827		
17.47		0.0810764		
17.48		0.0809703		
17.49		0.0808644		
17.5		0.0807587		
17.51		0.0806532		
17.52		0.0805479		
17.53		0.0804428		
17.54		0.0803379		
17.55		0.0802332		
17.56		0.0801287		
17.57		0.0800244		
17.58		0.0799203		
17.59		0.0798163		
17.6		0.0797126		
17.61		0.0796091		
17.62		0.0795058		
17.63		0.0794027		
17.64		0.0792997		
17.65		0.079197		
17.66		0.0790945		
17.67		0.0789921		
17.68		0.07889		
17.69		0.078788		
17.7		0.0786862		
17.71		0.0785847		
17.72		0.0784833		
17.73		0.0783821		
17.74		0.0782811		
17.75		0.0781802		
17.76		0.0780796		
17.77		0.0779792		
17.78		0.0778789		
17.79		0.0777789		
17.8		0.077679		
17.81		0.0775793		
17.82		0.0774798		
17.83		0.0773805		
17.84		0.0772813		
17.85		0.0771824		
17.86		0.0770836		
17.87		0.0769851		
17.88		0.0768867		
17.89		0.0767884		
17.9		0.0766904		
17.91		0.0765926		
17.92		0.0764949		
17.93		0.0763974		
17.94		0.0763001		
17.95		0.076203		
17.96		0.0761061		
17.97		0.0760093		
17.98		0.0759127		
17.99		0.0758163		
18		0.0757201		
18.01		0.0756241		
18.02		0.0755282		
18.03		0.0754325		
18.04		0.075337		
18.05		0.0752416		
18.06		0.0751465		
18.07		0.0750515		
18.08		0.0749567		
18.09		0.074862		
18.1		0.0747676		
18.11		0.0746733		
18.12		0.0745792		
18.13		0.0744852		
18.14		0.0743915		
18.15		0.0742979		
18.16		0.0742045		
18.17		0.0741112		
18.18		0.0740181		
18.19		0.0739252		
18.2		0.0738325		
18.21		0.0737399		
18.22		0.0736475		
18.23		0.0735553		
18.24		0.0734632		
18.25		0.0733713		
18.26		0.0732796		
18.27		0.073188		
18.28		0.0730966		
18.29		0.0730054		
18.3		0.0729143		
18.31		0.0728234		
18.32		0.0727327		
18.33		0.0726421		
18.34		0.0725517		
18.35		0.0724615		
18.36		0.0723714		
18.37		0.0722815		
18.38		0.0721917		
18.39		0.0721022		
18.4		0.0720127		
18.41		0.0719235		
18.42		0.0718344		
18.43		0.0717454		
18.44		0.0716567		
18.45		0.071568		
18.46		0.0714796		
18.47		0.0713913		
18.48		0.0713032		
18.49		0.0712152		
18.5		0.0711274		
18.51		0.0710397		
18.52		0.0709522		
18.53		0.0708648		
18.54		0.0707776		
18.55		0.0706906		
18.56		0.0706037		
18.57		0.070517		
18.58		0.0704304		
18.59		0.070344		
18.6		0.0702578		
18.61		0.0701717		
18.62		0.0700857		
18.63		0.0699999		
18.64		0.0699143		
18.65		0.0698288		
18.66		0.0697435		
18.67		0.0696583		
18.68		0.0695733		
18.69		0.0694884		
18.7		0.0694037		
18.71		0.0693191		
18.72		0.0692347		
18.73		0.0691504		
18.74		0.0690663		
18.75		0.0689823		
18.76		0.0688985		
18.77		0.0688148		
18.78		0.0687313		
18.79		0.0686479		
18.8		0.0685646		
18.81		0.0684816		
18.82		0.0683986		
18.83		0.0683158		
18.84		0.0682332		
18.85		0.0681507		
18.86		0.0680683		
18.87		0.0679861		
18.88		0.0679041		
18.89		0.0678221		
18.9		0.0677404		
18.91		0.0676587		
18.92		0.0675773		
18.93		0.0674959		
18.94		0.0674147		
18.95		0.0673337		
18.96		0.0672528		
18.97		0.067172		
18.98		0.0670914		
18.99		0.0670109		
19		0.0669305		
19.01		0.0668503		
19.02		0.0667703		
19.03		0.0666903		
19.04		0.0666105		
19.05		0.0665309		
19.06		0.0664514		
19.07		0.066372		
19.08		0.0662928		
19.09		0.0662137		
19.1		0.0661348		
19.11		0.0660559		
19.12		0.0659773		
19.13		0.0658987		
19.14		0.0658203		
19.15		0.0657421		
19.16		0.0656639		
19.17		0.0655859		
19.18		0.0655081		
19.19		0.0654304		
19.2		0.0653528		
19.21		0.0652753		
19.22		0.065198		
19.23		0.0651208		
19.24		0.0650438		
19.25		0.0649668		
19.26		0.0648901		
19.27		0.0648134		
19.28		0.0647369		
19.29		0.0646605		
19.3		0.0645842		
19.31		0.0645081		
19.32		0.0644321		
19.33		0.0643563		
19.34		0.0642805		
19.35		0.0642049		
19.36		0.0641295		
19.37		0.0640541		
19.38		0.0639789		
19.39		0.0639038		
19.4		0.0638289		
19.41		0.0637541		
19.42		0.0636794		
19.43		0.0636048		
19.44		0.0635304		
19.45		0.0634561		
19.46		0.0633819		
19.47		0.0633078		
19.48		0.0632339		
19.49		0.0631601		
19.5		0.0630864		
19.51		0.0630128		
19.52		0.0629394		
19.53		0.0628661		
19.54		0.0627929		
19.55		0.0627199		
19.56		0.062647		
19.57		0.0625742		
19.58		0.0625015		
19.59		0.0624289		
19.6		0.0623565		
19.61		0.0622842		
19.62		0.062212		
19.63		0.0621399		
19.64		0.062068		
19.65		0.0619961		
19.66		0.0619244		
19.67		0.0618529		
19.68		0.0617814		
19.69		0.0617101		
19.7		0.0616389		
19.71		0.0615678		
19.72		0.0614968		
19.73		0.0614259		
19.74		0.0613552		
19.75		0.0612846		
19.76		0.0612141		
19.77		0.0611437		
19.78		0.0610734		
19.79		0.0610033		
19.8		0.0609333		
19.81		0.0608633		
19.82		0.0607936		
19.83		0.0607239		
19.84		0.0606543		
19.85		0.0605849		
19.86		0.0605156		
19.87		0.0604463		
19.88		0.0603772		
19.89		0.0603083		
19.9		0.0602394		
19.91		0.0601707		
19.92		0.060102		
19.93		0.0600335		
19.94		0.0599651		
19.95		0.0598968		
19.96		0.0598286		
19.97		0.0597606		
19.98		0.0596926		
19.99		0.0596248		
20		0.0595571		
20.01		0.0594894		
20.02		0.0594219		
20.03		0.0593546		
20.04		0.0592873		
20.05		0.0592201		
20.06		0.0591531		
20.07		0.0590861		
20.08		0.0590193		
20.09		0.0589526		
20.1		0.0588859		
20.11		0.0588194		
20.12		0.058753		
20.13		0.0586868		
20.14		0.0586206		
20.15		0.0585545		
20.16		0.0584886		
20.17		0.0584227		
20.18		0.058357		
20.19		0.0582914		
20.2		0.0582258		
20.21		0.0581604		
20.22		0.0580951		
20.23		0.0580299		
20.24		0.0579648		
20.25		0.0578998		
20.26		0.0578349		
20.27		0.0577702		
20.28		0.0577055		
20.29		0.0576409		
20.3		0.0575765		
20.31		0.0575121		
20.32		0.0574479		
20.33		0.0573837		
20.34		0.0573197		
20.35		0.0572558		
20.36		0.0571919		
20.37		0.0571282		
20.38		0.0570646		
20.39		0.0570011		
20.4		0.0569377		
20.41		0.0568744		
20.42		0.0568111		
20.43		0.056748		
20.44		0.056685		
20.45		0.0566221		
20.46		0.0565593		
20.47		0.0564966		
20.48		0.056434		
20.49		0.0563715		
20.5		0.0563092		
20.51		0.0562469		
20.52		0.0561847		
20.53		0.0561226		
20.54		0.0560606		
20.55		0.0559987		
20.56		0.0559369		
20.57		0.0558752		
20.58		0.0558136		
20.59		0.0557521		
20.6		0.0556907		
20.61		0.0556294		
20.62		0.0555682		
20.63		0.0555071		
20.64		0.0554461		
20.65		0.0553852		
20.66		0.0553244		
20.67		0.0552637		
20.68		0.0552031		
20.69		0.0551426		
20.7		0.0550822		
20.71		0.0550219		
20.72		0.0549616		
20.73		0.0549015		
20.74		0.0548415		
20.75		0.0547815		
20.76		0.0547217		
20.77		0.0546619		
20.78		0.0546023		
20.79		0.0545427		
20.8		0.0544833		
20.81		0.0544239		
20.82		0.0543646		
20.83		0.0543055		
20.84		0.0542464		
20.85		0.0541874		
20.86		0.0541285		
20.87		0.0540697		
20.88		0.054011		
20.89		0.0539524		
20.9		0.0538939		
20.91		0.0538354		
20.92		0.0537771		
20.93		0.0537188		
20.94		0.0536607		
20.95		0.0536026		
20.96		0.0535447		
20.97		0.0534868		
20.98		0.053429		
20.99		0.0533713		
21		0.0533137		
21.01		0.0532562		
21.02		0.0531988		
21.03		0.0531414		
21.04		0.0530842		
21.05		0.053027		
21.06		0.05297		
21.07		0.052913		
21.08		0.0528561		
21.09		0.0527993		
21.1		0.0527426		
21.11		0.052686		
21.12		0.0526295		
21.13		0.052573		
21.14		0.0525167		
21.15		0.0524604		
21.16		0.0524042		
21.17		0.0523481		
21.18		0.0522921		
21.19		0.0522362		
21.2		0.0521804		
21.21		0.0521247		
21.22		0.052069		
21.23		0.0520135		
21.24		0.051958		
21.25		0.0519026		
21.26		0.0518473		
21.27		0.0517921		
21.28		0.0517369		
21.29		0.0516819		
21.3		0.0516269		
21.31		0.051572		
21.32		0.0515172		
21.33		0.0514625		
21.34		0.0514079		
21.35		0.0513534		
21.36		0.0512989		
21.37		0.0512445		
21.38		0.0511903		
21.39		0.0511361		
21.4		0.0510819		
21.41		0.0510279		
21.42		0.050974		
21.43		0.0509201		
21.44		0.0508663		
21.45		0.0508126		
21.46		0.050759		
21.47		0.0507054		
21.48		0.050652		
21.49		0.0505986		
21.5		0.0505453		
21.51		0.0504921		
21.52		0.050439		
21.53		0.0503859		
21.54		0.050333		
21.55		0.0502801		
21.56		0.0502273		
21.57		0.0501746		
21.58		0.0501219		
21.59		0.0500694		
21.6		0.0500169		
21.61		0.0499645		
21.62		0.0499122		
21.63		0.0498599		
21.64		0.0498078		
21.65		0.0497557		
21.66		0.0497037		
21.67		0.0496518		
21.68		0.0495999		
21.69		0.0495482		
21.7		0.0494965		
21.71		0.0494449		
21.72		0.0493934		
21.73		0.0493419		
21.74		0.0492905		
21.75		0.0492393		
21.76		0.049188		
21.77		0.0491369		
21.78		0.0490858		
21.79		0.0490349		
21.8		0.048984		
21.81		0.0489331		
21.82		0.0488824		
21.83		0.0488317		
21.84		0.0487811		
21.85		0.0487306		
21.86		0.0486801		
21.87		0.0486298		
21.88		0.0485795		
21.89		0.0485293		
21.9		0.0484791		
21.91		0.048429		
21.92		0.0483791		
21.93		0.0483291		
21.94		0.0482793		
21.95		0.0482295		
21.96		0.0481798		
21.97		0.0481302		
21.98		0.0480807		
21.99		0.0480312		
22		0.0479818		
22.01		0.0479325		
22.02		0.0478833		
22.03		0.0478341		
22.04		0.047785		
22.05		0.047736		
22.06		0.047687		
22.07		0.0476381		
22.08		0.0475893		
22.09		0.0475406		
22.1		0.047492		
22.11		0.0474434		
22.12		0.0473949		
22.13		0.0473464		
22.14		0.047298		
22.15		0.0472497		
22.16		0.0472015		
22.17		0.0471534		
22.18		0.0471053		
22.19		0.0470573		
22.2		0.0470093		
22.21		0.0469615		
22.22		0.0469137		
22.23		0.0468659		
22.24		0.0468183		
22.25		0.0467707		
22.26		0.0467232		
22.27		0.0466757		
22.28		0.0466284		
22.29		0.0465811		
22.3		0.0465338		
22.31		0.0464867		
22.32		0.0464396		
22.33		0.0463925		
22.34		0.0463456		
22.35		0.0462987		
22.36		0.0462519		
22.37		0.0462051		
22.38		0.0461585		
22.39		0.0461118		
22.4		0.0460653		
22.41		0.0460188		
22.42		0.0459724		
22.43		0.0459261		
22.44		0.0458798		
22.45		0.0458336		
22.46		0.0457875		
22.47		0.0457414		
22.48		0.0456954		
22.49		0.0456495		
22.5		0.0456036		
22.51		0.0455578		
22.52		0.0455121		
22.53		0.0454664		
22.54		0.0454208		
22.55		0.0453753		
22.56		0.0453299		
22.57		0.0452845		
22.58		0.0452391		
22.59		0.0451939		
22.6		0.0451487		
22.61		0.0451035		
22.62		0.0450585		
22.63		0.0450135		
22.64		0.0449685		
22.65		0.0449237		
22.66		0.0448789		
22.67		0.0448341		
22.68		0.0447895		
22.69		0.0447448		
22.7		0.0447003		
22.71		0.0446558		
22.72		0.0446114		
22.73		0.0445671		
22.74		0.0445228		
22.75		0.0444785		
22.76		0.0444344		
22.77		0.0443903		
22.78		0.0443463		
22.79		0.0443023		
22.8		0.0442584		
22.81		0.0442145		
22.82		0.0441708		
22.83		0.0441271		
22.84		0.0440834		
22.85		0.0440398		
22.86		0.0439963		
22.87		0.0439528		
22.88		0.0439094		
22.89		0.0438661		
22.9		0.0438228		
22.91		0.0437796		
22.92		0.0437364		
22.93		0.0436934		
22.94		0.0436503		
22.95		0.0436074		
22.96		0.0435645		
22.97		0.0435216		
22.98		0.0434788		
22.99		0.0434361		
23		0.0433935		
23.01		0.0433509		
23.02		0.0433083		
23.03		0.0432658		
23.04		0.0432234		
23.05		0.0431811		
23.06		0.0431388		
23.07		0.0430965		
23.08		0.0430544		
23.09		0.0430123		
23.1		0.0429702		
23.11		0.0429282		
23.12		0.0428863		
23.13		0.0428444		
23.14		0.0428026		
23.15		0.0427608		
23.16		0.0427191		
23.17		0.0426775		
23.18		0.0426359		
23.19		0.0425944		
23.2		0.0425529		
23.21		0.0425115		
23.22		0.0424702		
23.23		0.0424289		
23.24		0.0423877		
23.25		0.0423465		
23.26		0.0423054		
23.27		0.0422644		
23.28		0.0422234		
23.29		0.0421824		
23.3		0.0421416		
23.31		0.0421007		
23.32		0.04206		
23.33		0.0420193		
23.34		0.0419786		
23.35		0.041938		
23.36		0.0418975		
23.37		0.041857		
23.38		0.0418166		
23.39		0.0417762		
23.4		0.0417359		
23.41		0.0416957		
23.42		0.0416555		
23.43		0.0416154		
23.44		0.0415753		
23.45		0.0415353		
23.46		0.0414953		
23.47		0.0414554		
23.48		0.0414155		
23.49		0.0413757		
23.5		0.041336		
23.51		0.0412963		
23.52		0.0412567		
23.53		0.0412171		
23.54		0.0411776		
23.55		0.0411381		
23.56		0.0410987		
23.57		0.0410593		
23.58		0.04102		
23.59		0.0409808		
23.6		0.0409416		
23.61		0.0409025		
23.62		0.0408634		
23.63		0.0408243		
23.64		0.0407854		
23.65		0.0407464		
23.66		0.0407076		
23.67		0.0406688		
23.68		0.04063		
23.69		0.0405913		
23.7		0.0405527		
23.71		0.0405141		
23.72		0.0404755		
23.73		0.040437		
23.74		0.0403986		
23.75		0.0403602		
23.76		0.0403219		
23.77		0.0402836		
23.78		0.0402454		
23.79		0.0402072		
23.8		0.0401691		
23.81		0.040131		
23.82		0.040093		
23.83		0.040055		
23.84		0.0400171		
23.85		0.0399793		
23.86		0.0399415		
23.87		0.0399037		
23.88		0.039866		
23.89		0.0398284		
23.9		0.0397908		
23.91		0.0397532		
23.92		0.0397157		
23.93		0.0396783		
23.94		0.0396409		
23.95		0.0396035		
23.96		0.0395663		
23.97		0.039529		
23.98		0.0394918		
23.99		0.0394547		
24		0.0394176		
24.01		0.0393806		
24.02		0.0393436		
24.03		0.0393067		
24.04		0.0392698		
24.05		0.0392329		
24.06		0.0391962		
24.07		0.0391594		
24.08		0.0391227		
24.09		0.0390861		
24.1		0.0390495		
24.11		0.039013		
24.12		0.0389765		
24.13		0.0389401		
24.14		0.0389037		
24.15		0.0388674		
24.16		0.0388311		
24.17		0.0387949		
24.18		0.0387587		
24.19		0.0387225		
24.2		0.0386864		
24.21		0.0386504		
24.22		0.0386144		
24.23		0.0385785		
24.24		0.0385426		
24.25		0.0385067		
24.26		0.0384709		
24.27		0.0384352		
24.28		0.0383995		
24.29		0.0383639		
24.3		0.0383282		
24.31		0.0382927		
24.32		0.0382572		
24.33		0.0382217		
24.34		0.0381863		
24.35		0.038151		
24.36		0.0381156		
24.37		0.0380804		
24.38		0.0380452		
24.39		0.03801		
24.4		0.0379749		
24.41		0.0379398		
24.42		0.0379048		
24.43		0.0378698		
24.44		0.0378348		
24.45		0.0377999		
24.46		0.0377651		
24.47		0.0377303		
24.48		0.0376956		
24.49		0.0376609		
24.5		0.0376262		
24.51		0.0375916		
24.52		0.037557		
24.53		0.0375225		
24.54		0.037488		
24.55		0.0374536		
24.56		0.0374192		
24.57		0.0373849		
24.58		0.0373506		
24.59		0.0373164		
24.6		0.0372822		
24.61		0.037248		
24.62		0.0372139		
24.63		0.0371799		
24.64		0.0371459		
24.65		0.0371119		
24.66		0.037078		
24.67		0.0370441		
24.68		0.0370103		
24.69		0.0369765		
24.7		0.0369427		
24.71		0.036909		
24.72		0.0368754		
24.73		0.0368418		
24.74		0.0368082		
24.75		0.0367747		
24.76		0.0367412		
24.77		0.0367078		
24.78		0.0366744		
24.79		0.036641		
24.8		0.0366077		
24.81		0.0365745		
24.82		0.0365413		
24.83		0.0365081		
24.84		0.036475		
24.85		0.0364419		
24.86		0.0364089		
24.87		0.0363759		
24.88		0.0363429		
24.89		0.03631		
24.9		0.0362772		
24.91		0.0362444		
24.92		0.0362116		
24.93		0.0361788		
24.94		0.0361462		
24.95		0.0361135		
24.96		0.0360809		
24.97		0.0360484		
24.98		0.0360158		
24.99		0.0359834		
25		0.0359509		
25.01		0.0359185		
25.02		0.0358862		
25.03		0.0358539		
25.04		0.0358216		
25.05		0.0357894		
25.06		0.0357572		
25.07		0.0357251		
25.08		0.035693		
25.09		0.0356609		
25.1		0.0356289		
25.11		0.035597		
25.12		0.035565		
25.13		0.0355332		
25.14		0.0355013		
25.15		0.0354695		
25.16		0.0354378		
25.17		0.035406		
25.18		0.0353744		
25.19		0.0353427		
25.2		0.0353111		
25.21		0.0352796		
25.22		0.0352481		
25.23		0.0352166		
25.24		0.0351852		
25.25		0.0351538		
25.26		0.0351224		
25.27		0.0350911		
25.28		0.0350598		
25.29		0.0350286		
25.3		0.0349974		
25.31		0.0349663		
25.32		0.0349352		
25.33		0.0349041		
25.34		0.0348731		
25.35		0.0348421		
25.36		0.0348111		
25.37		0.0347802		
25.38		0.0347494		
25.39		0.0347186		
25.4		0.0346878		
25.41		0.034657		
25.42		0.0346263		
25.43		0.0345956		
25.44		0.034565		
25.45		0.0345344		
25.46		0.0345039		
25.47		0.0344734		
25.48		0.0344429		
25.49		0.0344124		
25.5		0.034382		
25.51		0.0343517		
25.52		0.0343214		
25.53		0.0342911		
25.54		0.0342608		
25.55		0.0342306		
25.56		0.0342005		
25.57		0.0341703		
25.58		0.0341403		
25.59		0.0341102		
25.6		0.0340802		
25.61		0.0340502		
25.62		0.0340203		
25.63		0.0339904		
25.64		0.0339605		
25.65		0.0339307		
25.66		0.0339009		
25.67		0.0338711		
25.68		0.0338414		
25.69		0.0338118		
25.7		0.0337821		
25.71		0.0337525		
25.72		0.0337229		
25.73		0.0336934		
25.74		0.0336639		
25.75		0.0336345		
25.76		0.033605		
25.77		0.0335757		
25.78		0.0335463		
25.79		0.033517		
25.8		0.0334877		
25.81		0.0334585		
25.82		0.0334293		
25.83		0.0334001		
25.84		0.033371		
25.85		0.0333419		
25.86		0.0333128		
25.87		0.0332838		
25.88		0.0332548		
25.89		0.0332259		
25.9		0.033197		
25.91		0.0331681		
25.92		0.0331392		
25.93		0.0331104		
25.94		0.0330817		
25.95		0.0330529		
25.96		0.0330242		
25.97		0.0329956		
25.98		0.0329669		
25.99		0.0329383		
26		0.0329098		
26.01		0.0328812		
26.02		0.0328528		
26.03		0.0328243		
26.04		0.0327959		
26.05		0.0327675		
26.06		0.0327391		
26.07		0.0327108		
26.08		0.0326825		
26.09		0.0326543		
26.1		0.0326261		
26.11		0.0325979		
26.12		0.0325697		
26.13		0.0325416		
26.14		0.0325136		
26.15		0.0324855		
26.16		0.0324575		
26.17		0.0324295		
26.18		0.0324016		
26.19		0.0323737		
26.2		0.0323458		
26.21		0.032318		
26.22		0.0322902		
26.23		0.0322624		
26.24		0.0322347		
26.25		0.032207		
26.26		0.0321793		
26.27		0.0321517		
26.28		0.032124		
26.29		0.0320965		
26.3		0.0320689		
26.31		0.0320414		
26.32		0.032014		
26.33		0.0319865		
26.34		0.0319591		
26.35		0.0319318		
26.36		0.0319044		
26.37		0.0318771		
26.38		0.0318498		
26.39		0.0318226		
26.4		0.0317954		
26.41		0.0317682		
26.42		0.0317411		
26.43		0.031714		
26.44		0.0316869		
26.45		0.0316599		
26.46		0.0316329		
26.47		0.0316059		
26.48		0.0315789		
26.49		0.031552		
26.5		0.0315252		
26.51		0.0314983		
26.52		0.0314715		
26.53		0.0314447		
26.54		0.031418		
26.55		0.0313913		
26.56		0.0313646		
26.57		0.0313379		
26.58		0.0313113		
26.59		0.0312847		
26.6		0.0312582		
26.61		0.0312316		
26.62		0.0312051		
26.63		0.0311787		
26.64		0.0311522		
26.65		0.0311259		
26.66		0.0310995		
26.67		0.0310732		
26.68		0.0310469		
26.69		0.0310206		
26.7		0.0309943		
26.71		0.0309681		
26.72		0.030942		
26.73		0.0309158		
26.74		0.0308897		
26.75		0.0308636		
26.76		0.0308376		
26.77		0.0308115		
26.78		0.0307856		
26.79		0.0307596		
26.8		0.0307337		
26.81		0.0307078		
26.82		0.0306819		
26.83		0.0306561		
26.84		0.0306303		
26.85		0.0306045		
26.86		0.0305788		
26.87		0.0305531		
26.88		0.0305274		
26.89		0.0305017		
26.9		0.0304761		
26.91		0.0304505		
26.92		0.030425		
26.93		0.0303995		
26.94		0.030374		
26.95		0.0303485		
26.96		0.0303231		
26.97		0.0302977		
26.98		0.0302723		
26.99		0.0302469		
27		0.0302216		
27.01		0.0301963		
27.02		0.0301711		
27.03		0.0301459		
27.04		0.0301207		
27.05		0.0300955		
27.06		0.0300704		
27.07		0.0300453		
27.08		0.0300202		
27.09		0.0299952		
27.1		0.0299702		
27.11		0.0299452		
27.12		0.0299202		
27.13		0.0298953		
27.14		0.0298704		
27.15		0.0298455		
27.16		0.0298207		
27.17		0.0297959		
27.18		0.0297711		
27.19		0.0297464		
27.2		0.0297217		
27.21		0.029697		
27.22		0.0296723		
27.23		0.0296477		
27.24		0.0296231		
27.25		0.0295985		
27.26		0.029574		
27.27		0.0295495		
27.28		0.029525		
27.29		0.0295005		
27.3		0.0294761		
27.31		0.0294517		
27.32		0.0294273		
27.33		0.029403		
27.34		0.0293787		
27.35		0.0293544		
27.36		0.0293302		
27.37		0.0293059		
27.38		0.0292817		
27.39		0.0292576		
27.4		0.0292334		
27.41		0.0292093		
27.42		0.0291852		
27.43		0.0291612		
27.44		0.0291372		
27.45		0.0291132		
27.46		0.0290892		
27.47		0.0290653		
27.48		0.0290414		
27.49		0.0290175		
27.5		0.0289936		
27.51		0.0289698		
27.52		0.028946		
27.53		0.0289222		
27.54		0.0288985		
27.55		0.0288748		
27.56		0.0288511		
27.57		0.0288274		
27.58		0.0288038		
27.59		0.0287802		
27.6		0.0287566		
27.61		0.0287331		
27.62		0.0287096		
27.63		0.0286861		
27.64		0.0286626		
27.65		0.0286392		
27.66		0.0286158		
27.67		0.0285924		
27.68		0.028569		
27.69		0.0285457		
27.7		0.0285224		
27.71		0.0284991		
27.72		0.0284759		
27.73		0.0284527		
27.74		0.0284295		
27.75		0.0284063		
27.76		0.0283832		
27.77		0.0283601		
27.78		0.028337		
27.79		0.0283139		
27.8		0.0282909		
27.81		0.0282679		
27.82		0.0282449		
27.83		0.028222		
27.84		0.0281991		
27.85		0.0281762		
27.86		0.0281533		
27.87		0.0281305		
27.88		0.0281077		
27.89		0.0280849		
27.9		0.0280621		
27.91		0.0280394		
27.92		0.0280167		
27.93		0.027994		
27.94		0.0279713		
27.95		0.0279487		
27.96		0.0279261		
27.97		0.0279035		
27.98		0.027881		
27.99		0.0278585		
28		0.027836		
28.01		0.0278135		
28.02		0.0277911		
28.03		0.0277687		
28.04		0.0277463		
28.05		0.0277239		
28.06		0.0277016		
28.07		0.0276792		
28.08		0.027657		
28.09		0.0276347		
28.1		0.0276125		
28.11		0.0275903		
28.12		0.0275681		
28.13		0.0275459		
28.14		0.0275238		
28.15		0.0275017		
28.16		0.0274796		
28.17		0.0274575		
28.18		0.0274355		
28.19		0.0274135		
28.2		0.0273915		
28.21		0.0273696		
28.22		0.0273476		
28.23		0.0273257		
28.24		0.0273039		
28.25		0.027282		
28.26		0.0272602		
28.27		0.0272384		
28.28		0.0272166		
28.29		0.0271949		
28.3		0.0271731		
28.31		0.0271514		
28.32		0.0271298		
28.33		0.0271081		
28.34		0.0270865		
28.35		0.0270649		
28.36		0.0270433		
28.37		0.0270217		
28.38		0.0270002		
28.39		0.0269787		
28.4		0.0269572		
28.41		0.0269358		
28.42		0.0269144		
28.43		0.026893		
28.44		0.0268716		
28.45		0.0268502		
28.46		0.0268289		
28.47		0.0268076		
28.48		0.0267863		
28.49		0.0267651		
28.5		0.0267438		
28.51		0.0267226		
28.52		0.0267014		
28.53		0.0266803		
28.54		0.0266591		
28.55		0.026638		
28.56		0.0266169		
28.57		0.0265959		
28.58		0.0265748		
28.59		0.0265538		
28.6		0.0265328		
28.61		0.0265119		
28.62		0.0264909		
28.63		0.02647		
28.64		0.0264491		
28.65		0.0264283		
28.66		0.0264074		
28.67		0.0263866		
28.68		0.0263658		
28.69		0.026345		
28.7		0.0263243		
28.71		0.0263035		
28.72		0.0262828		
28.73		0.0262621		
28.74		0.0262415		
28.75		0.0262209		
28.76		0.0262002		
28.77		0.0261797		
28.78		0.0261591		
28.79		0.0261386		
28.8		0.026118		
28.81		0.0260975		
28.82		0.0260771		
28.83		0.0260566		
28.84		0.0260362		
28.85		0.0260158		
28.86		0.0259954		
28.87		0.0259751		
28.88		0.0259547		
28.89		0.0259344		
28.9		0.0259142		
28.91		0.0258939		
28.92		0.0258737		
28.93		0.0258534		
28.94		0.0258332		
28.95		0.0258131		
28.96		0.0257929		
28.97		0.0257728		
28.98		0.0257527		
28.99		0.0257326		
29		0.0257126		
29.01		0.0256925		
29.02		0.0256725		
29.03		0.0256525		
29.04		0.0256326		
29.05		0.0256126		
29.06		0.0255927		
29.07		0.0255728		
29.08		0.0255529		
29.09		0.0255331		
29.1		0.0255132		
29.11		0.0254934		
29.12		0.0254736		
29.13		0.0254539		
29.14		0.0254341		
29.15		0.0254144		
29.16		0.0253947		
29.17		0.025375		
29.18		0.0253554		
29.19		0.0253357		
29.2		0.0253161		
29.21		0.0252966		
29.22		0.025277		
29.23		0.0252574		
29.24		0.0252379		
29.25		0.0252184		
29.26		0.0251989		
29.27		0.0251795		
29.28		0.02516		
29.29		0.0251406		
29.3		0.0251212		
29.31		0.0251019		
29.32		0.0250825		
29.33		0.0250632		
29.34		0.0250439		
29.35		0.0250246		
29.36		0.0250053		
29.37		0.0249861		
29.38		0.0249669		
29.39		0.0249477		
29.4		0.0249285		
29.41		0.0249094		
29.42		0.0248902		
29.43		0.0248711		
29.44		0.024852		
29.45		0.024833		
29.46		0.0248139		
29.47		0.0247949		
29.48		0.0247759		
29.49		0.0247569		
29.5		0.0247379		
29.51		0.024719		
29.52		0.0247001		
29.53		0.0246812		
29.54		0.0246623		
29.55		0.0246434		
29.56		0.0246246		
29.57		0.0246058		
29.58		0.024587		
29.59		0.0245682		
29.6		0.0245494		
29.61		0.0245307		
29.62		0.024512		
29.63		0.0244933		
29.64		0.0244746		
29.65		0.024456		
29.66		0.0244373		
29.67		0.0244187		
29.68		0.0244001		
29.69		0.0243816		
29.7		0.024363		
29.71		0.0243445		
29.72		0.024326		
29.73		0.0243075		
29.74		0.024289		
29.75		0.0242706		
29.76		0.0242522		
29.77		0.0242338		
29.78		0.0242154		
29.79		0.024197		
29.8		0.0241787		
29.81		0.0241603		
29.82		0.024142		
29.83		0.0241237		
29.84		0.0241055		
29.85		0.0240872		
29.86		0.024069		
29.87		0.0240508		
29.88		0.0240326		
29.89		0.0240145		
29.9		0.0239963		
29.91		0.0239782		
29.92		0.0239601		
29.93		0.023942		
29.94		0.0239239		
29.95		0.0239059		
29.96		0.0238879		
29.97		0.0238699		
29.98		0.0238519		
29.99		0.0238339		
30		0.023816		
