tau [fm]		pi [fm^-4]
0.25		360.262
0.26		345.975		
0.27		332.588		
0.28		320.021		
0.29		308.206		
0.3		297.078		
0.31		286.582		
0.32		276.668		
0.33		267.29		
0.34		258.408		
0.35		249.986		
0.36		241.989		
0.37		234.389		
0.38		227.157		
0.39		220.268		
0.4		213.7		
0.41		207.432		
0.42		201.445		
0.43		195.721		
0.44		190.244		
0.45		184.999		
0.46		179.973		
0.47		175.154		
0.48		170.528		
0.49		166.086		
0.5		161.818		
0.51		157.713		
0.52		153.764		
0.53		149.963		
0.54		146.3		
0.55		142.771		
0.56		139.368		
0.57		136.084		
0.58		132.915		
0.59		129.854		
0.6		126.896		
0.61		124.038		
0.62		121.274		
0.63		118.599		
0.64		116.011		
0.65		113.505		
0.66		111.078		
0.67		108.726		
0.68		106.446		
0.69		104.235		
0.7		102.09		
0.71		100.009		
0.72		97.9891		
0.73		96.0277		
0.74		94.1226		
0.75		92.2716		
0.76		90.4727		
0.77		88.7237		
0.78		87.023		
0.79		85.3686		
0.8		83.7589		
0.81		82.1923		
0.82		80.6671		
0.83		79.182		
0.84		77.7354		
0.85		76.3262		
0.86		74.9529		
0.87		73.6143		
0.88		72.3093		
0.89		71.0368		
0.9		69.7956		
0.91		68.5847		
0.92		67.4032		
0.93		66.25		
0.94		65.1244		
0.95		64.0253		
0.96		62.952		
0.97		61.9037		
0.98		60.8796		
0.99		59.8789		
1		58.901		
1.01		57.9451		
1.02		57.0107		
1.03		56.097		
1.04		55.2035		
1.05		54.3295		
1.06		53.4745		
1.07		52.6381		
1.08		51.8195		
1.09		51.0184		
1.1		50.2342		
1.11		49.4665		
1.12		48.7148		
1.13		47.9787		
1.14		47.2578		
1.15		46.5516		
1.16		45.8598		
1.17		45.182		
1.18		44.5177		
1.19		43.8668		
1.2		43.2287		
1.21		42.6032		
1.22		41.99		
1.23		41.3887		
1.24		40.7991		
1.25		40.2208		
1.26		39.6535		
1.27		39.0971		
1.28		38.5512		
1.29		38.0156		
1.3		37.49		
1.31		36.9742		
1.32		36.4679		
1.33		35.9709		
1.34		35.4831		
1.35		35.0041		
1.36		34.5338		
1.37		34.072		
1.38		33.6185		
1.39		33.173		
1.4		32.7355		
1.41		32.3057		
1.42		31.8834		
1.43		31.4686		
1.44		31.0609		
1.45		30.6603		
1.46		30.2666		
1.47		29.8797		
1.48		29.4993		
1.49		29.1255		
1.5		28.7579		
1.51		28.3966		
1.52		28.0412		
1.53		27.6919		
1.54		27.3483		
1.55		27.0104		
1.56		26.678		
1.57		26.3511		
1.58		26.0295		
1.59		25.7132		
1.6		25.402		
1.61		25.0957		
1.62		24.7944		
1.63		24.4979		
1.64		24.2061		
1.65		23.919		
1.66		23.6363		
1.67		23.3581		
1.68		23.0842		
1.69		22.8146		
1.7		22.5492		
1.71		22.2879		
1.72		22.0306		
1.73		21.7773		
1.74		21.5278		
1.75		21.2821		
1.76		21.0401		
1.77		20.8018		
1.78		20.5671		
1.79		20.3359		
1.8		20.1081		
1.81		19.8837		
1.82		19.6626		
1.83		19.4448		
1.84		19.2302		
1.85		19.0187		
1.86		18.8104		
1.87		18.605		
1.88		18.4026		
1.89		18.2032		
1.9		18.0066		
1.91		17.8128		
1.92		17.6218		
1.93		17.4335		
1.94		17.2479		
1.95		17.0649		
1.96		16.8844		
1.97		16.7065		
1.98		16.5311		
1.99		16.3582		
2		16.1876		
2.01		16.0194		
2.02		15.8535		
2.03		15.6899		
2.04		15.5285		
2.05		15.3694		
2.06		15.2124		
2.07		15.0575		
2.08		14.9047		
2.09		14.754		
2.1		14.6053		
2.11		14.4586		
2.12		14.3139		
2.13		14.1711		
2.14		14.0302		
2.15		13.8911		
2.16		13.7539		
2.17		13.6184		
2.18		13.4848		
2.19		13.3529		
2.2		13.2227		
2.21		13.0942		
2.22		12.9673		
2.23		12.8421		
2.24		12.7185		
2.25		12.5965		
2.26		12.476		
2.27		12.3571		
2.28		12.2397		
2.29		12.1238		
2.3		12.0093		
2.31		11.8963		
2.32		11.7847		
2.33		11.6745		
2.34		11.5656		
2.35		11.4582		
2.36		11.352		
2.37		11.2472		
2.38		11.1436		
2.39		11.0413		
2.4		10.9403		
2.41		10.8405		
2.42		10.742		
2.43		10.6446		
2.44		10.5484		
2.45		10.4534		
2.46		10.3595		
2.47		10.2667		
2.48		10.1751		
2.49		10.0845		
2.5		9.99502		
2.51		9.90661		
2.52		9.81924		
2.53		9.7329		
2.54		9.64758		
2.55		9.56327		
2.56		9.47994		
2.57		9.39758		
2.58		9.31618		
2.59		9.23573		
2.6		9.15621		
2.61		9.07761		
2.62		8.99992		
2.63		8.92311		
2.64		8.84719		
2.65		8.77214		
2.66		8.69794		
2.67		8.62458		
2.68		8.55205		
2.69		8.48035		
2.7		8.40945		
2.71		8.33935		
2.72		8.27004		
2.73		8.2015		
2.74		8.13373		
2.75		8.06671		
2.76		8.00044		
2.77		7.9349		
2.78		7.87008		
2.79		7.80598		
2.8		7.74258		
2.81		7.67987		
2.82		7.61785		
2.83		7.55651		
2.84		7.49583		
2.85		7.43581		
2.86		7.37644		
2.87		7.31771		
2.88		7.25962		
2.89		7.20214		
2.9		7.14528		
2.91		7.08903		
2.92		7.03338		
2.93		6.97832		
2.94		6.92384		
2.95		6.86994		
2.96		6.81661		
2.97		6.76383		
2.98		6.71161		
2.99		6.65994		
3		6.60881		
3.01		6.55821		
3.02		6.50813		
3.03		6.45858		
3.04		6.40953		
3.05		6.361		
3.06		6.31296		
3.07		6.26541		
3.08		6.21835		
3.09		6.17177		
3.1		6.12567		
3.11		6.08003		
3.12		6.03486		
3.13		5.99014		
3.14		5.94588		
3.15		5.90206		
3.16		5.85868		
3.17		5.81573		
3.18		5.77321		
3.19		5.73112		
3.2		5.68944		
3.21		5.64818		
3.22		5.60733		
3.23		5.56688		
3.24		5.52683		
3.25		5.48717		
3.26		5.4479		
3.27		5.40901		
3.28		5.3705		
3.29		5.33237		
3.3		5.29461		
3.31		5.25721		
3.32		5.22018		
3.33		5.1835		
3.34		5.14717		
3.35		5.1112		
3.36		5.07556		
3.37		5.04027		
3.38		5.00532		
3.39		4.97069		
3.4		4.9364		
3.41		4.90242		
3.42		4.86877		
3.43		4.83544		
3.44		4.80242		
3.45		4.76971		
3.46		4.7373		
3.47		4.7052		
3.48		4.6734		
3.49		4.64189		
3.5		4.61067		
3.51		4.57974		
3.52		4.5491		
3.53		4.51874		
3.54		4.48865		
3.55		4.45885		
3.56		4.42931		
3.57		4.40005		
3.58		4.37105		
3.59		4.34231		
3.6		4.31384		
3.61		4.28562		
3.62		4.25765		
3.63		4.22994		
3.64		4.20248		
3.65		4.17526		
3.66		4.14829		
3.67		4.12155		
3.68		4.09506		
3.69		4.06879		
3.7		4.04277		
3.71		4.01697		
3.72		3.9914		
3.73		3.96605		
3.74		3.94093		
3.75		3.91602		
3.76		3.89134		
3.77		3.86687		
3.78		3.84261		
3.79		3.81856		
3.8		3.79472		
3.81		3.77109		
3.82		3.74766		
3.83		3.72443		
3.84		3.7014		
3.85		3.67857		
3.86		3.65593		
3.87		3.63349		
3.88		3.61124		
3.89		3.58918		
3.9		3.5673		
3.91		3.54561		
3.92		3.5241		
3.93		3.50277		
3.94		3.48163		
3.95		3.46066		
3.96		3.43986		
3.97		3.41924		
3.98		3.39879		
3.99		3.37851		
4		3.3584		
4.01		3.33845		
4.02		3.31867		
4.03		3.29905		
4.04		3.2796		
4.05		3.2603		
4.06		3.24116		
4.07		3.22218		
4.08		3.20335		
4.09		3.18468		
4.1		3.16615		
4.11		3.14778		
4.12		3.12956		
4.13		3.11148		
4.14		3.09355		
4.15		3.07576		
4.16		3.05811		
4.17		3.04061		
4.18		3.02324		
4.19		3.00602		
4.2		2.98893		
4.21		2.97197		
4.22		2.95515		
4.23		2.93847		
4.24		2.92191		
4.25		2.90549		
4.26		2.88919		
4.27		2.87302		
4.28		2.85698		
4.29		2.84106		
4.3		2.82527		
4.31		2.8096		
4.32		2.79405		
4.33		2.77862		
4.34		2.76331		
4.35		2.74812		
4.36		2.73305		
4.37		2.71809		
4.38		2.70324		
4.39		2.68851		
4.4		2.67389		
4.41		2.65939		
4.42		2.64499		
4.43		2.6307		
4.44		2.61652		
4.45		2.60245		
4.46		2.58848		
4.47		2.57462		
4.48		2.56086		
4.49		2.54721		
4.5		2.53365		
4.51		2.5202		
4.52		2.50685		
4.53		2.4936		
4.54		2.48044		
4.55		2.46739		
4.56		2.45443		
4.57		2.44156		
4.58		2.42879		
4.59		2.41611		
4.6		2.40353		
4.61		2.39104		
4.62		2.37864		
4.63		2.36633		
4.64		2.35411		
4.65		2.34197		
4.66		2.32993		
4.67		2.31797		
4.68		2.3061		
4.69		2.29431		
4.7		2.28261		
4.71		2.271		
4.72		2.25946		
4.73		2.24801		
4.74		2.23664		
4.75		2.22535		
4.76		2.21414		
4.77		2.20301		
4.78		2.19196		
4.79		2.18099		
4.8		2.17009		
4.81		2.15927		
4.82		2.14853		
4.83		2.13786		
4.84		2.12726		
4.85		2.11675		
4.86		2.1063		
4.87		2.09592		
4.88		2.08562		
4.89		2.07539		
4.9		2.06523		
4.91		2.05514		
4.92		2.04512		
4.93		2.03517		
4.94		2.02529		
4.95		2.01547		
4.96		2.00572		
4.97		1.99604		
4.98		1.98642		
4.99		1.97687		
5		1.96738		
5.01		1.95796		
5.02		1.9486		
5.03		1.93931		
5.04		1.93007		
5.05		1.9209		
5.06		1.91179		
5.07		1.90275		
5.08		1.89376		
5.09		1.88483		
5.1		1.87596		
5.11		1.86715		
5.12		1.8584		
5.13		1.8497		
5.14		1.84107		
5.15		1.83249		
5.16		1.82396		
5.17		1.8155		
5.18		1.80709		
5.19		1.79873		
5.2		1.79043		
5.21		1.78218		
5.22		1.77399		
5.23		1.76584		
5.24		1.75776		
5.25		1.74972		
5.26		1.74174		
5.27		1.7338		
5.28		1.72592		
5.29		1.71809		
5.3		1.71031		
5.31		1.70258		
5.32		1.6949		
5.33		1.68727		
5.34		1.67968		
5.35		1.67215		
5.36		1.66466		
5.37		1.65722		
5.38		1.64982		
5.39		1.64248		
5.4		1.63518		
5.41		1.62792		
5.42		1.62071		
5.43		1.61355		
5.44		1.60643		
5.45		1.59935		
5.46		1.59232		
5.47		1.58534		
5.48		1.57839		
5.49		1.57149		
5.5		1.56463		
5.51		1.55782		
5.52		1.55105		
5.53		1.54431		
5.54		1.53762		
5.55		1.53097		
5.56		1.52436		
5.57		1.5178		
5.58		1.51127		
5.59		1.50478		
5.6		1.49833		
5.61		1.49192		
5.62		1.48555		
5.63		1.47922		
5.64		1.47292		
5.65		1.46666		
5.66		1.46045		
5.67		1.45426		
5.68		1.44812		
5.69		1.44201		
5.7		1.43594		
5.71		1.42991		
5.72		1.42391		
5.73		1.41794		
5.74		1.41201		
5.75		1.40612		
5.76		1.40026		
5.77		1.39444		
5.78		1.38865		
5.79		1.3829		
5.8		1.37717		
5.81		1.37149		
5.82		1.36583		
5.83		1.36021		
5.84		1.35462		
5.85		1.34907		
5.86		1.34354		
5.87		1.33805		
5.88		1.33259		
5.89		1.32716		
5.9		1.32176		
5.91		1.3164		
5.92		1.31106		
5.93		1.30576		
5.94		1.30048		
5.95		1.29524		
5.96		1.29003		
5.97		1.28484		
5.98		1.27969		
5.99		1.27456		
6		1.26947		
6.01		1.2644		
6.02		1.25936		
6.03		1.25435		
6.04		1.24937		
6.05		1.24442		
6.06		1.23949		
6.07		1.23459		
6.08		1.22972		
6.09		1.22488		
6.1		1.22006		
6.11		1.21527		
6.12		1.21051		
6.13		1.20577		
6.14		1.20106		
6.15		1.19638		
6.16		1.19172		
6.17		1.18709		
6.18		1.18248		
6.19		1.1779		
6.2		1.17334		
6.21		1.16881		
6.22		1.1643		
6.23		1.15982		
6.24		1.15537		
6.25		1.15093		
6.26		1.14652		
6.27		1.14214		
6.28		1.13778		
6.29		1.13344		
6.3		1.12913		
6.31		1.12484		
6.32		1.12057		
6.33		1.11632		
6.34		1.1121		
6.35		1.1079		
6.36		1.10373		
6.37		1.09957		
6.38		1.09544		
6.39		1.09133		
6.4		1.08724		
6.41		1.08318		
6.42		1.07913		
6.43		1.07511		
6.44		1.0711		
6.45		1.06712		
6.46		1.06316		
6.47		1.05923		
6.48		1.05531		
6.49		1.05141		
6.5		1.04753		
6.51		1.04367		
6.52		1.03984		
6.53		1.03602		
6.54		1.03222		
6.55		1.02845		
6.56		1.02469		
6.57		1.02095		
6.58		1.01723		
6.59		1.01353		
6.6		1.00985		
6.61		1.00619		
6.62		1.00255		
6.63		0.998926		
6.64		0.995321		
6.65		0.991734		
6.66		0.988166		
6.67		0.984615		
6.68		0.981083		
6.69		0.977569		
6.7		0.974073		
6.71		0.970595		
6.72		0.967134		
6.73		0.963691		
6.74		0.960265		
6.75		0.956857		
6.76		0.953466		
6.77		0.950091		
6.78		0.946734		
6.79		0.943394		
6.8		0.94007		
6.81		0.936763		
6.82		0.933473		
6.83		0.930198		
6.84		0.926941		
6.85		0.923699		
6.86		0.920474		
6.87		0.917264		
6.88		0.914071		
6.89		0.910893		
6.9		0.907731		
6.91		0.904584		
6.92		0.901453		
6.93		0.898338		
6.94		0.895238		
6.95		0.892152		
6.96		0.889082		
6.97		0.886027		
6.98		0.882987		
6.99		0.879962		
7		0.876952		
7.01		0.873956		
7.02		0.870974		
7.03		0.868008		
7.04		0.865055		
7.05		0.862117		
7.06		0.859193		
7.07		0.856283		
7.08		0.853387		
7.09		0.850505		
7.1		0.847636		
7.11		0.844782		
7.12		0.841941		
7.13		0.839114		
7.14		0.8363		
7.15		0.8335		
7.16		0.830713		
7.17		0.827939		
7.18		0.825178		
7.19		0.822431		
7.2		0.819696		
7.21		0.816975		
7.22		0.814266		
7.23		0.81157		
7.24		0.808887		
7.25		0.806216		
7.26		0.803558		
7.27		0.800912		
7.28		0.798279		
7.29		0.795657		
7.3		0.793049		
7.31		0.790452		
7.32		0.787867		
7.33		0.785295		
7.34		0.782734		
7.35		0.780185		
7.36		0.777648		
7.37		0.775123		
7.38		0.77261		
7.39		0.770108		
7.4		0.767617		
7.41		0.765138		
7.42		0.76267		
7.43		0.760214		
7.44		0.757769		
7.45		0.755335		
7.46		0.752912		
7.47		0.7505		
7.48		0.7481		
7.49		0.74571		
7.5		0.743331		
7.51		0.740963		
7.52		0.738605		
7.53		0.736258		
7.54		0.733922		
7.55		0.731596		
7.56		0.729281		
7.57		0.726976		
7.58		0.724682		
7.59		0.722397		
7.6		0.720124		
7.61		0.71786		
7.62		0.715606		
7.63		0.713363		
7.64		0.711129		
7.65		0.708905		
7.66		0.706692		
7.67		0.704488		
7.68		0.702293		
7.69		0.700109		
7.7		0.697934		
7.71		0.695769		
7.72		0.693613		
7.73		0.691467		
7.74		0.68933		
7.75		0.687203		
7.76		0.685085		
7.77		0.682976		
7.78		0.680877		
7.79		0.678787		
7.8		0.676705		
7.81		0.674633		
7.82		0.67257		
7.83		0.670516		
7.84		0.668471		
7.85		0.666435		
7.86		0.664407		
7.87		0.662388		
7.88		0.660378		
7.89		0.658377		
7.9		0.656384		
7.91		0.6544		
7.92		0.652424		
7.93		0.650457		
7.94		0.648498		
7.95		0.646548		
7.96		0.644606		
7.97		0.642672		
7.98		0.640747		
7.99		0.63883		
8		0.636921		
8.01		0.63502		
8.02		0.633127		
8.03		0.631242		
8.04		0.629365		
8.05		0.627496		
8.06		0.625635		
8.07		0.623782		
8.08		0.621936		
8.09		0.620098		
8.1		0.618268		
8.11		0.616446		
8.12		0.614632		
8.13		0.612824		
8.14		0.611025		
8.15		0.609233		
8.16		0.607448		
8.17		0.605671		
8.18		0.603902		
8.19		0.602139		
8.2		0.600384		
8.21		0.598637		
8.22		0.596896		
8.23		0.595163		
8.24		0.593437		
8.25		0.591718		
8.26		0.590006		
8.27		0.588301		
8.28		0.586603		
8.29		0.584912		
8.3		0.583228		
8.31		0.581551		
8.32		0.57988		
8.33		0.578217		
8.34		0.57656		
8.35		0.57491		
8.36		0.573267		
8.37		0.571631		
8.38		0.570001		
8.39		0.568378		
8.4		0.566761		
8.41		0.565151		
8.42		0.563547		
8.43		0.56195		
8.44		0.560359		
8.45		0.558775		
8.46		0.557197		
8.47		0.555625		
8.48		0.55406		
8.49		0.552501		
8.5		0.550948		
8.51		0.549401		
8.52		0.547861		
8.53		0.546327		
8.54		0.544799		
8.55		0.543276		
8.56		0.54176		
8.57		0.54025		
8.58		0.538746		
8.59		0.537248		
8.6		0.535756		
8.61		0.53427		
8.62		0.532789		
8.63		0.531315		
8.64		0.529846		
8.65		0.528383		
8.66		0.526926		
8.67		0.525474		
8.68		0.524028		
8.69		0.522588		
8.7		0.521154		
8.71		0.519725		
8.72		0.518301		
8.73		0.516883		
8.74		0.515471		
8.75		0.514064		
8.76		0.512663		
8.77		0.511267		
8.78		0.509876		
8.79		0.508491		
8.8		0.507111		
8.81		0.505737		
8.82		0.504368		
8.83		0.503004		
8.84		0.501645		
8.85		0.500292		
8.86		0.498943		
8.87		0.4976		
8.88		0.496262		
8.89		0.494929		
8.9		0.493602		
8.91		0.492279		
8.92		0.490961		
8.93		0.489649		
8.94		0.488341		
8.95		0.487038		
8.96		0.485741		
8.97		0.484448		
8.98		0.48316		
8.99		0.481877		
9		0.480599		
9.01		0.479325		
9.02		0.478057		
9.03		0.476793		
9.04		0.475534		
9.05		0.47428		
9.06		0.47303		
9.07		0.471785		
9.08		0.470545		
9.09		0.469309		
9.1		0.468078		
9.11		0.466852		
9.12		0.46563		
9.13		0.464413		
9.14		0.4632		
9.15		0.461992		
9.16		0.460788		
9.17		0.459589		
9.18		0.458394		
9.19		0.457203		
9.2		0.456017		
9.21		0.454836		
9.22		0.453658		
9.23		0.452485		
9.24		0.451317		
9.25		0.450152		
9.26		0.448992		
9.27		0.447836		
9.28		0.446685		
9.29		0.445537		
9.3		0.444394		
9.31		0.443255		
9.32		0.44212		
9.33		0.440989		
9.34		0.439863		
9.35		0.43874		
9.36		0.437622		
9.37		0.436507		
9.38		0.435397		
9.39		0.434291		
9.4		0.433188		
9.41		0.43209		
9.42		0.430996		
9.43		0.429905		
9.44		0.428819		
9.45		0.427736		
9.46		0.426657		
9.47		0.425582		
9.48		0.424511		
9.49		0.423444		
9.5		0.422381		
9.51		0.421321		
9.52		0.420265		
9.53		0.419213		
9.54		0.418165		
9.55		0.417121		
9.56		0.41608		
9.57		0.415043		
9.58		0.414009		
9.59		0.412979		
9.6		0.411953		
9.61		0.410931		
9.62		0.409912		
9.63		0.408896		
9.64		0.407885		
9.65		0.406876		
9.66		0.405872		
9.67		0.404871		
9.68		0.403873		
9.69		0.402879		
9.7		0.401888		
9.71		0.400901		
9.72		0.399918		
9.73		0.398937		
9.74		0.397961		
9.75		0.396987		
9.76		0.396017		
9.77		0.39505		
9.78		0.394087		
9.79		0.393127		
9.8		0.39217		
9.81		0.391217		
9.82		0.390267		
9.83		0.38932		
9.84		0.388377		
9.85		0.387437		
9.86		0.3865		
9.87		0.385566		
9.88		0.384635		
9.89		0.383708		
9.9		0.382784		
9.91		0.381863		
9.92		0.380945		
9.93		0.38003		
9.94		0.379119		
9.95		0.37821		
9.96		0.377305		
9.97		0.376402		
9.98		0.375503		
9.99		0.374607		
10		0.373714		
10.01		0.372824		
10.02		0.371937		
10.03		0.371053		
10.04		0.370172		
10.05		0.369294		
10.06		0.368418		
10.07		0.367546		
10.08		0.366677		
10.09		0.365811		
10.1		0.364947		
10.11		0.364087		
10.12		0.363229		
10.13		0.362374		
10.14		0.361523		
10.15		0.360674		
10.16		0.359827		
10.17		0.358984		
10.18		0.358143		
10.19		0.357306		
10.2		0.356471		
10.21		0.355639		
10.22		0.354809		
10.23		0.353983		
10.24		0.353159		
10.25		0.352337		
10.26		0.351519		
10.27		0.350703		
10.28		0.34989		
10.29		0.34908		
10.3		0.348272		
10.31		0.347467		
10.32		0.346665		
10.33		0.345865		
10.34		0.345068		
10.35		0.344273		
10.36		0.343481		
10.37		0.342692		
10.38		0.341905		
10.39		0.341121		
10.4		0.340339		
10.41		0.33956		
10.42		0.338784		
10.43		0.33801		
10.44		0.337238		
10.45		0.336469		
10.46		0.335703		
10.47		0.334939		
10.48		0.334177		
10.49		0.333418		
10.5		0.332662		
10.51		0.331908		
10.52		0.331156		
10.53		0.330407		
10.54		0.32966		
10.55		0.328915		
10.56		0.328173		
10.57		0.327434		
10.58		0.326696		
10.59		0.325961		
10.6		0.325229		
10.61		0.324498		
10.62		0.323771		
10.63		0.323045		
10.64		0.322322		
10.65		0.321601		
10.66		0.320882		
10.67		0.320166		
10.68		0.319452		
10.69		0.31874		
10.7		0.31803		
10.71		0.317323		
10.72		0.316618		
10.73		0.315915		
10.74		0.315214		
10.75		0.314516		
10.76		0.31382		
10.77		0.313125		
10.78		0.312434		
10.79		0.311744		
10.8		0.311056		
10.81		0.310371		
10.82		0.309688		
10.83		0.309007		
10.84		0.308328		
10.85		0.307651		
10.86		0.306977		
10.87		0.306304		
10.88		0.305634		
10.89		0.304965		
10.9		0.304299		
10.91		0.303635		
10.92		0.302972		
10.93		0.302312		
10.94		0.301654		
10.95		0.300998		
10.96		0.300344		
10.97		0.299692		
10.98		0.299042		
10.99		0.298395		
11		0.297749		
11.01		0.297105		
11.02		0.296463		
11.03		0.295823		
11.04		0.295185		
11.05		0.294549		
11.06		0.293915		
11.07		0.293282		
11.08		0.292652		
11.09		0.292024		
11.1		0.291398		
11.11		0.290773		
11.12		0.290151		
11.13		0.28953		
11.14		0.288911		
11.15		0.288294		
11.16		0.287679		
11.17		0.287066		
11.18		0.286455		
11.19		0.285846		
11.2		0.285238		
11.21		0.284632		
11.22		0.284028		
11.23		0.283426		
11.24		0.282826		
11.25		0.282228		
11.26		0.281631		
11.27		0.281036		
11.28		0.280443		
11.29		0.279852		
11.3		0.279262		
11.31		0.278675		
11.32		0.278089		
11.33		0.277504		
11.34		0.276922		
11.35		0.276341		
11.36		0.275762		
11.37		0.275185		
11.38		0.27461		
11.39		0.274036		
11.4		0.273464		
11.41		0.272893		
11.42		0.272325		
11.43		0.271758		
11.44		0.271192		
11.45		0.270629		
11.46		0.270067		
11.47		0.269506		
11.48		0.268948		
11.49		0.268391		
11.5		0.267835		
11.51		0.267281		
11.52		0.266729		
11.53		0.266179		
11.54		0.26563		
11.55		0.265083		
11.56		0.264537		
11.57		0.263993		
11.58		0.263451		
11.59		0.26291		
11.6		0.262371		
11.61		0.261833		
11.62		0.261297		
11.63		0.260762		
11.64		0.260229		
11.65		0.259698		
11.66		0.259168		
11.67		0.258639		
11.68		0.258113		
11.69		0.257587		
11.7		0.257064		
11.71		0.256541		
11.72		0.256021		
11.73		0.255501		
11.74		0.254984		
11.75		0.254467		
11.76		0.253953		
11.77		0.253439		
11.78		0.252928		
11.79		0.252417		
11.8		0.251908		
11.81		0.251401		
11.82		0.250895		
11.83		0.250391		
11.84		0.249888		
11.85		0.249386		
11.86		0.248886		
11.87		0.248387		
11.88		0.24789		
11.89		0.247394		
11.9		0.2469		
11.91		0.246406		
11.92		0.245915		
11.93		0.245425		
11.94		0.244936		
11.95		0.244448		
11.96		0.243962		
11.97		0.243477		
11.98		0.242994		
11.99		0.242512		
12		0.242032		
12.01		0.241552		
12.02		0.241074		
12.03		0.240598		
12.04		0.240123		
12.05		0.239649		
12.06		0.239176		
12.07		0.238705		
12.08		0.238235		
12.09		0.237767		
12.1		0.237299		
12.11		0.236833		
12.12		0.236369		
12.13		0.235905		
12.14		0.235443		
12.15		0.234983		
12.16		0.234523		
12.17		0.234065		
12.18		0.233608		
12.19		0.233152		
12.2		0.232698		
12.21		0.232245		
12.22		0.231793		
12.23		0.231343		
12.24		0.230893		
12.25		0.230445		
12.26		0.229998		
12.27		0.229553		
12.28		0.229108		
12.29		0.228665		
12.3		0.228223		
12.31		0.227782		
12.32		0.227343		
12.33		0.226905		
12.34		0.226467		
12.35		0.226032		
12.36		0.225597		
12.37		0.225163		
12.38		0.224731		
12.39		0.2243		
12.4		0.22387		
12.41		0.223441		
12.42		0.223014		
12.43		0.222587		
12.44		0.222162		
12.45		0.221738		
12.46		0.221315		
12.47		0.220893		
12.48		0.220472		
12.49		0.220053		
12.5		0.219634		
12.51		0.219217		
12.52		0.218801		
12.53		0.218386		
12.54		0.217972		
12.55		0.217559		
12.56		0.217148		
12.57		0.216737		
12.58		0.216328		
12.59		0.215919		
12.6		0.215512		
12.61		0.215106		
12.62		0.214701		
12.63		0.214297		
12.64		0.213894		
12.65		0.213493		
12.66		0.213092		
12.67		0.212692		
12.68		0.212294		
12.69		0.211896		
12.7		0.2115		
12.71		0.211104		
12.72		0.21071		
12.73		0.210317		
12.74		0.209925		
12.75		0.209533		
12.76		0.209143		
12.77		0.208754		
12.78		0.208366		
12.79		0.207979		
12.8		0.207593		
12.81		0.207208		
12.82		0.206824		
12.83		0.206441		
12.84		0.206059		
12.85		0.205678		
12.86		0.205298		
12.87		0.204919		
12.88		0.204541		
12.89		0.204164		
12.9		0.203788		
12.91		0.203414		
12.92		0.20304		
12.93		0.202667		
12.94		0.202295		
12.95		0.201923		
12.96		0.201553		
12.97		0.201184		
12.98		0.200816		
12.99		0.200449		
13		0.200083		
13.01		0.199717		
13.02		0.199353		
13.03		0.19899		
13.04		0.198627		
13.05		0.198266		
13.06		0.197905		
13.07		0.197546		
13.08		0.197187		
13.09		0.196829		
13.1		0.196473		
13.11		0.196117		
13.12		0.195762		
13.13		0.195408		
13.14		0.195054		
13.15		0.194702		
13.16		0.194351		
13.17		0.194		
13.18		0.193651		
13.19		0.193302		
13.2		0.192955		
13.21		0.192608		
13.22		0.192262		
13.23		0.191917		
13.24		0.191573		
13.25		0.191229		
13.26		0.190887		
13.27		0.190545		
13.28		0.190205		
13.29		0.189865		
13.3		0.189526		
13.31		0.189188		
13.32		0.188851		
13.33		0.188514		
13.34		0.188179		
13.35		0.187844		
13.36		0.18751		
13.37		0.187177		
13.38		0.186845		
13.39		0.186514		
13.4		0.186184		
13.41		0.185854		
13.42		0.185525		
13.43		0.185197		
13.44		0.18487		
13.45		0.184544		
13.46		0.184219		
13.47		0.183894		
13.48		0.18357		
13.49		0.183247		
13.5		0.182925		
13.51		0.182603		
13.52		0.182283		
13.53		0.181963		
13.54		0.181644		
13.55		0.181326		
13.56		0.181009		
13.57		0.180692		
13.58		0.180376		
13.59		0.180061		
13.6		0.179747		
13.61		0.179434		
13.62		0.179121		
13.63		0.178809		
13.64		0.178498		
13.65		0.178188		
13.66		0.177878		
13.67		0.177569		
13.68		0.177261		
13.69		0.176954		
13.7		0.176647		
13.71		0.176342		
13.72		0.176037		
13.73		0.175732		
13.74		0.175429		
13.75		0.175126		
13.76		0.174824		
13.77		0.174523		
13.78		0.174222		
13.79		0.173923		
13.8		0.173624		
13.81		0.173325		
13.82		0.173028		
13.83		0.172731		
13.84		0.172435		
13.85		0.172139		
13.86		0.171845		
13.87		0.171551		
13.88		0.171257		
13.89		0.170965		
13.9		0.170673		
13.91		0.170382		
13.92		0.170092		
13.93		0.169802		
13.94		0.169513		
13.95		0.169225		
13.96		0.168937		
13.97		0.16865		
13.98		0.168364		
13.99		0.168079		
14		0.167794		
14.01		0.16751		
14.02		0.167226		
14.03		0.166944		
14.04		0.166661		
14.05		0.16638		
14.06		0.166099		
14.07		0.165819		
14.08		0.16554		
14.09		0.165261		
14.1		0.164983		
14.11		0.164706		
14.12		0.164429		
14.13		0.164153		
14.14		0.163878		
14.15		0.163603		
14.16		0.163329		
14.17		0.163056		
14.18		0.162783		
14.19		0.162511		
14.2		0.16224		
14.21		0.161969		
14.22		0.161699		
14.23		0.161429		
14.24		0.16116		
14.25		0.160892		
14.26		0.160625		
14.27		0.160358		
14.28		0.160091		
14.29		0.159826		
14.3		0.159561		
14.31		0.159296		
14.32		0.159033		
14.33		0.158769		
14.34		0.158507		
14.35		0.158245		
14.36		0.157984		
14.37		0.157723		
14.38		0.157463		
14.39		0.157203		
14.4		0.156945		
14.41		0.156686		
14.42		0.156429		
14.43		0.156172		
14.44		0.155915		
14.45		0.155659		
14.46		0.155404		
14.47		0.155149		
14.48		0.154895		
14.49		0.154642		
14.5		0.154389		
14.51		0.154137		
14.52		0.153885		
14.53		0.153634		
14.54		0.153384		
14.55		0.153134		
14.56		0.152884		
14.57		0.152636		
14.58		0.152387		
14.59		0.15214		
14.6		0.151893		
14.61		0.151646		
14.62		0.1514		
14.63		0.151155		
14.64		0.15091		
14.65		0.150666		
14.66		0.150423		
14.67		0.15018		
14.68		0.149937		
14.69		0.149695		
14.7		0.149454		
14.71		0.149213		
14.72		0.148973		
14.73		0.148733		
14.74		0.148494		
14.75		0.148255		
14.76		0.148017		
14.77		0.14778		
14.78		0.147543		
14.79		0.147306		
14.8		0.14707		
14.81		0.146835		
14.82		0.1466		
14.83		0.146366		
14.84		0.146132		
14.85		0.145899		
14.86		0.145666		
14.87		0.145434		
14.88		0.145202		
14.89		0.144971		
14.9		0.144741		
14.91		0.144511		
14.92		0.144281		
14.93		0.144052		
14.94		0.143824		
14.95		0.143596		
14.96		0.143368		
14.97		0.143141		
14.98		0.142915		
14.99		0.142689		
15		0.142463		
15.01		0.142238		
15.02		0.142014		
15.03		0.14179		
15.04		0.141567		
15.05		0.141344		
15.06		0.141122		
15.07		0.1409		
15.08		0.140678		
15.09		0.140457		
15.1		0.140237		
15.11		0.140017		
15.12		0.139798		
15.13		0.139579		
15.14		0.13936		
15.15		0.139142		
15.16		0.138925		
15.17		0.138708		
15.18		0.138491		
15.19		0.138275		
15.2		0.13806		
15.21		0.137845		
15.22		0.13763		
15.23		0.137416		
15.24		0.137203		
15.25		0.136989		
15.26		0.136777		
15.27		0.136565		
15.28		0.136353		
15.29		0.136142		
15.3		0.135931		
15.31		0.13572		
15.32		0.135511		
15.33		0.135301		
15.34		0.135092		
15.35		0.134884		
15.36		0.134676		
15.37		0.134468		
15.38		0.134261		
15.39		0.134054		
15.4		0.133848		
15.41		0.133642		
15.42		0.133437		
15.43		0.133232		
15.44		0.133028		
15.45		0.132824		
15.46		0.13262		
15.47		0.132417		
15.48		0.132215		
15.49		0.132013		
15.5		0.131811		
15.51		0.13161		
15.52		0.131409		
15.53		0.131208		
15.54		0.131008		
15.55		0.130809		
15.56		0.13061		
15.57		0.130411		
15.58		0.130213		
15.59		0.130015		
15.6		0.129817		
15.61		0.12962		
15.62		0.129424		
15.63		0.129228		
15.64		0.129032		
15.65		0.128837		
15.66		0.128642		
15.67		0.128448		
15.68		0.128254		
15.69		0.12806		
15.7		0.127867		
15.71		0.127674		
15.72		0.127482		
15.73		0.12729		
15.74		0.127098		
15.75		0.126907		
15.76		0.126716		
15.77		0.126526		
15.78		0.126336		
15.79		0.126147		
15.8		0.125958		
15.81		0.125769		
15.82		0.125581		
15.83		0.125393		
15.84		0.125206		
15.85		0.125018		
15.86		0.124832		
15.87		0.124646		
15.88		0.12446		
15.89		0.124274		
15.9		0.124089		
15.91		0.123904		
15.92		0.12372		
15.93		0.123536		
15.94		0.123353		
15.95		0.12317		
15.96		0.122987		
15.97		0.122804		
15.98		0.122623		
15.99		0.122441		
16		0.12226		
16.01		0.122079		
16.02		0.121898		
16.03		0.121718		
16.04		0.121539		
16.05		0.121359		
16.06		0.121181		
16.07		0.121002		
16.08		0.120824		
16.09		0.120646		
16.1		0.120469		
16.11		0.120292		
16.12		0.120115		
16.13		0.119939		
16.14		0.119763		
16.15		0.119587		
16.16		0.119412		
16.17		0.119237		
16.18		0.119062		
16.19		0.118888		
16.2		0.118715		
16.21		0.118541		
16.22		0.118368		
16.23		0.118195		
16.24		0.118023		
16.25		0.117851		
16.26		0.11768		
16.27		0.117508		
16.28		0.117337		
16.29		0.117167		
16.3		0.116997		
16.31		0.116827		
16.32		0.116657		
16.33		0.116488		
16.34		0.11632		
16.35		0.116151		
16.36		0.115983		
16.37		0.115815		
16.38		0.115648		
16.39		0.115481		
16.4		0.115314		
16.41		0.115148		
16.42		0.114982		
16.43		0.114816		
16.44		0.114651		
16.45		0.114486		
16.46		0.114321		
16.47		0.114157		
16.48		0.113993		
16.49		0.113829		
16.5		0.113666		
16.51		0.113503		
16.52		0.11334		
16.53		0.113178		
16.54		0.113016		
16.55		0.112854		
16.56		0.112693		
16.57		0.112532		
16.58		0.112371		
16.59		0.112211		
16.6		0.112051		
16.61		0.111891		
16.62		0.111732		
16.63		0.111573		
16.64		0.111414		
16.65		0.111256		
16.66		0.111097		
16.67		0.11094		
16.68		0.110782		
16.69		0.110625		
16.7		0.110468		
16.71		0.110312		
16.72		0.110156		
16.73		0.11		
16.74		0.109844		
16.75		0.109689		
16.76		0.109534		
16.77		0.109379		
16.78		0.109225		
16.79		0.109071		
16.8		0.108917		
16.81		0.108764		
16.82		0.108611		
16.83		0.108458		
16.84		0.108306		
16.85		0.108153		
16.86		0.108002		
16.87		0.10785		
16.88		0.107699		
16.89		0.107548		
16.9		0.107397		
16.91		0.107247		
16.92		0.107097		
16.93		0.106947		
16.94		0.106798		
16.95		0.106648		
16.96		0.1065		
16.97		0.106351		
16.98		0.106203		
16.99		0.106055		
17		0.105907		
17.01		0.10576		
17.02		0.105613		
17.03		0.105466		
17.04		0.105319		
17.05		0.105173		
17.06		0.105027		
17.07		0.104881		
17.08		0.104736		
17.09		0.104591		
17.1		0.104446		
17.11		0.104302		
17.12		0.104157		
17.13		0.104013		
17.14		0.10387		
17.15		0.103726		
17.16		0.103583		
17.17		0.10344		
17.18		0.103298		
17.19		0.103156		
17.2		0.103014		
17.21		0.102872		
17.22		0.10273		
17.23		0.102589		
17.24		0.102448		
17.25		0.102308		
17.26		0.102167		
17.27		0.102027		
17.28		0.101888		
17.29		0.101748		
17.3		0.101609		
17.31		0.10147		
17.32		0.101331		
17.33		0.101193		
17.34		0.101055		
17.35		0.100917		
17.36		0.100779		
17.37		0.100642		
17.38		0.100505		
17.39		0.100368		
17.4		0.100231		
17.41		0.100095		
17.42		0.0999588		
17.43		0.099823		
17.44		0.0996875		
17.45		0.0995523		
17.46		0.0994173		
17.47		0.0992825		
17.48		0.099148		
17.49		0.0990138		
17.5		0.0988798		
17.51		0.0987461		
17.52		0.0986127		
17.53		0.0984795		
17.54		0.0983465		
17.55		0.0982138		
17.56		0.0980814		
17.57		0.0979492		
17.58		0.0978173		
17.59		0.0976856		
17.6		0.0975542		
17.61		0.097423		
17.62		0.0972921		
17.63		0.0971614		
17.64		0.097031		
17.65		0.0969008		
17.66		0.0967708		
17.67		0.0966412		
17.68		0.0965117		
17.69		0.0963825		
17.7		0.0962536		
17.71		0.0961249		
17.72		0.0959964		
17.73		0.0958682		
17.74		0.0957402		
17.75		0.0956124		
17.76		0.0954849		
17.77		0.0953577		
17.78		0.0952307		
17.79		0.0951039		
17.8		0.0949774		
17.81		0.0948511		
17.82		0.094725		
17.83		0.0945992		
17.84		0.0944736		
17.85		0.0943482		
17.86		0.0942231		
17.87		0.0940982		
17.88		0.0939736		
17.89		0.0938492		
17.9		0.093725		
17.91		0.093601		
17.92		0.0934773		
17.93		0.0933538		
17.94		0.0932306		
17.95		0.0931075		
17.96		0.0929847		
17.97		0.0928622		
17.98		0.0927398		
17.99		0.0926177		
18		0.0924958		
18.01		0.0923742		
18.02		0.0922527		
18.03		0.0921315		
18.04		0.0920105		
18.05		0.0918898		
18.06		0.0917693		
18.07		0.0916489		
18.08		0.0915289		
18.09		0.091409		
18.1		0.0912893		
18.11		0.0911699		
18.12		0.0910507		
18.13		0.0909317		
18.14		0.090813		
18.15		0.0906944		
18.16		0.0905761		
18.17		0.090458		
18.18		0.0903401		
18.19		0.0902224		
18.2		0.090105		
18.21		0.0899877		
18.22		0.0898707		
18.23		0.0897539		
18.24		0.0896373		
18.25		0.0895209		
18.26		0.0894047		
18.27		0.0892888		
18.28		0.089173		
18.29		0.0890575		
18.3		0.0889422		
18.31		0.088827		
18.32		0.0887121		
18.33		0.0885974		
18.34		0.088483		
18.35		0.0883687		
18.36		0.0882546		
18.37		0.0881408		
18.38		0.0880271		
18.39		0.0879137		
18.4		0.0878004		
18.41		0.0876874		
18.42		0.0875745		
18.43		0.0874619		
18.44		0.0873495		
18.45		0.0872373		
18.46		0.0871253		
18.47		0.0870134		
18.48		0.0869018		
18.49		0.0867904		
18.5		0.0866792		
18.51		0.0865682		
18.52		0.0864574		
18.53		0.0863468		
18.54		0.0862364		
18.55		0.0861262		
18.56		0.0860161		
18.57		0.0859063		
18.58		0.0857967		
18.59		0.0856873		
18.6		0.0855781		
18.61		0.085469		
18.62		0.0853602		
18.63		0.0852516		
18.64		0.0851431		
18.65		0.0850349		
18.66		0.0849268		
18.67		0.0848189		
18.68		0.0847113		
18.69		0.0846038		
18.7		0.0844965		
18.71		0.0843894		
18.72		0.0842825		
18.73		0.0841758		
18.74		0.0840693		
18.75		0.0839629		
18.76		0.0838568		
18.77		0.0837508		
18.78		0.083645		
18.79		0.0835394		
18.8		0.0834341		
18.81		0.0833288		
18.82		0.0832238		
18.83		0.083119		
18.84		0.0830143		
18.85		0.0829099		
18.86		0.0828056		
18.87		0.0827015		
18.88		0.0825976		
18.89		0.0824938		
18.9		0.0823903		
18.91		0.0822869		
18.92		0.0821837		
18.93		0.0820807		
18.94		0.0819779		
18.95		0.0818752		
18.96		0.0817728		
18.97		0.0816705		
18.98		0.0815684		
18.99		0.0814665		
19		0.0813647		
19.01		0.0812632		
19.02		0.0811618		
19.03		0.0810606		
19.04		0.0809595		
19.05		0.0808587		
19.06		0.080758		
19.07		0.0806575		
19.08		0.0805571		
19.09		0.080457		
19.1		0.080357		
19.11		0.0802572		
19.12		0.0801575		
19.13		0.0800581		
19.14		0.0799588		
19.15		0.0798597		
19.16		0.0797607		
19.17		0.0796619		
19.18		0.0795633		
19.19		0.0794649		
19.2		0.0793666		
19.21		0.0792686		
19.22		0.0791706		
19.23		0.0790729		
19.24		0.0789753		
19.25		0.0788779		
19.26		0.0787806		
19.27		0.0786835		
19.28		0.0785866		
19.29		0.0784899		
19.3		0.0783933		
19.31		0.0782969		
19.32		0.0782006		
19.33		0.0781045		
19.34		0.0780086		
19.35		0.0779129		
19.36		0.0778173		
19.37		0.0777218		
19.38		0.0776266		
19.39		0.0775315		
19.4		0.0774365		
19.41		0.0773418		
19.42		0.0772472		
19.43		0.0771527		
19.44		0.0770584		
19.45		0.0769643		
19.46		0.0768703		
19.47		0.0767765		
19.48		0.0766828		
19.49		0.0765894		
19.5		0.076496		
19.51		0.0764028		
19.52		0.0763098		
19.53		0.076217		
19.54		0.0761243		
19.55		0.0760317		
19.56		0.0759393		
19.57		0.0758471		
19.58		0.075755		
19.59		0.0756631		
19.6		0.0755714		
19.61		0.0754797		
19.62		0.0753883		
19.63		0.075297		
19.64		0.0752058		
19.65		0.0751148		
19.66		0.075024		
19.67		0.0749333		
19.68		0.0748428		
19.69		0.0747524		
19.7		0.0746622		
19.71		0.0745721		
19.72		0.0744822		
19.73		0.0743924		
19.74		0.0743028		
19.75		0.0742133		
19.76		0.074124		
19.77		0.0740348		
19.78		0.0739458		
19.79		0.0738569		
19.8		0.0737682		
19.81		0.0736796		
19.82		0.0735911		
19.83		0.0735029		
19.84		0.0734147		
19.85		0.0733267		
19.86		0.0732389		
19.87		0.0731512		
19.88		0.0730636		
19.89		0.0729762		
19.9		0.0728889		
19.91		0.0728018		
19.92		0.0727148		
19.93		0.072628		
19.94		0.0725413		
19.95		0.0724548		
19.96		0.0723684		
19.97		0.0722821		
19.98		0.072196		
19.99		0.07211		
20		0.0720242		
20.01		0.0719385		
20.02		0.071853		
20.03		0.0717676		
20.04		0.0716823		
20.05		0.0715972		
20.06		0.0715122		
20.07		0.0714273		
20.08		0.0713426		
20.09		0.0712581		
20.1		0.0711736		
20.11		0.0710893		
20.12		0.0710052		
20.13		0.0709212		
20.14		0.0708373		
20.15		0.0707535		
20.16		0.0706699		
20.17		0.0705865		
20.18		0.0705031		
20.19		0.07042		
20.2		0.0703369		
20.21		0.070254		
20.22		0.0701712		
20.23		0.0700885		
20.24		0.070006		
20.25		0.0699236		
20.26		0.0698414		
20.27		0.0697593		
20.28		0.0696773		
20.29		0.0695954		
20.3		0.0695137		
20.31		0.0694321		
20.32		0.0693507		
20.33		0.0692693		
20.34		0.0691881		
20.35		0.0691071		
20.36		0.0690262		
20.37		0.0689454		
20.38		0.0688647		
20.39		0.0687842		
20.4		0.0687037		
20.41		0.0686235		
20.42		0.0685433		
20.43		0.0684633		
20.44		0.0683834		
20.45		0.0683037		
20.46		0.068224		
20.47		0.0681445		
20.48		0.0680651		
20.49		0.0679859		
20.5		0.0679068		
20.51		0.0678278		
20.52		0.0677489		
20.53		0.0676701		
20.54		0.0675915		
20.55		0.067513		
20.56		0.0674347		
20.57		0.0673564		
20.58		0.0672783		
20.59		0.0672003		
20.6		0.0671224		
20.61		0.0670447		
20.62		0.0669671		
20.63		0.0668896		
20.64		0.0668122		
20.65		0.066735		
20.66		0.0666578		
20.67		0.0665808		
20.68		0.0665039		
20.69		0.0664272		
20.7		0.0663505		
20.71		0.066274		
20.72		0.0661976		
20.73		0.0661213		
20.74		0.0660452		
20.75		0.0659691		
20.76		0.0658932		
20.77		0.0658174		
20.78		0.0657417		
20.79		0.0656662		
20.8		0.0655908		
20.81		0.0655154		
20.82		0.0654402		
20.83		0.0653651		
20.84		0.0652902		
20.85		0.0652153		
20.86		0.0651406		
20.87		0.065066		
20.88		0.0649915		
20.89		0.0649171		
20.9		0.0648429		
20.91		0.0647687		
20.92		0.0646947		
20.93		0.0646208		
20.94		0.064547		
20.95		0.0644733		
20.96		0.0643997		
20.97		0.0643263		
20.98		0.0642529		
20.99		0.0641797		
21		0.0641066		
21.01		0.0640336		
21.02		0.0639607		
21.03		0.0638879		
21.04		0.0638153		
21.05		0.0637427		
21.06		0.0636703		
21.07		0.063598		
21.08		0.0635258		
21.09		0.0634537		
21.1		0.0633817		
21.11		0.0633098		
21.12		0.0632381		
21.13		0.0631664		
21.14		0.0630949		
21.15		0.0630234		
21.16		0.0629521		
21.17		0.0628809		
21.18		0.0628098		
21.19		0.0627388		
21.2		0.0626679		
21.21		0.0625972		
21.22		0.0625265		
21.23		0.0624559		
21.24		0.0623855		
21.25		0.0623152		
21.26		0.0622449		
21.27		0.0621748		
21.28		0.0621048		
21.29		0.0620349		
21.3		0.0619651		
21.31		0.0618954		
21.32		0.0618258		
21.33		0.0617563		
21.34		0.061687		
21.35		0.0616177		
21.36		0.0615485		
21.37		0.0614795		
21.38		0.0614105		
21.39		0.0613417		
21.4		0.0612729		
21.41		0.0612043		
21.42		0.0611357		
21.43		0.0610673		
21.44		0.060999		
21.45		0.0609308		
21.46		0.0608627		
21.47		0.0607946		
21.48		0.0607267		
21.49		0.0606589		
21.5		0.0605912		
21.51		0.0605236		
21.52		0.0604561		
21.53		0.0603887		
21.54		0.0603214		
21.55		0.0602542		
21.56		0.0601871		
21.57		0.0601201		
21.58		0.0600532		
21.59		0.0599864		
21.6		0.0599197		
21.61		0.0598532		
21.62		0.0597867		
21.63		0.0597203		
21.64		0.059654		
21.65		0.0595878		
21.66		0.0595217		
21.67		0.0594557		
21.68		0.0593898		
21.69		0.059324		
21.7		0.0592583		
21.71		0.0591927		
21.72		0.0591272		
21.73		0.0590618		
21.74		0.0589965		
21.75		0.0589313		
21.76		0.0588662		
21.77		0.0588012		
21.78		0.0587363		
21.79		0.0586714		
21.8		0.0586067		
21.81		0.0585421		
21.82		0.0584775		
21.83		0.0584131		
21.84		0.0583488		
21.85		0.0582845		
21.86		0.0582204		
21.87		0.0581563		
21.88		0.0580924		
21.89		0.0580285		
21.9		0.0579647		
21.91		0.0579011		
21.92		0.0578375		
21.93		0.057774		
21.94		0.0577106		
21.95		0.0576473		
21.96		0.0575841		
21.97		0.057521		
21.98		0.0574579		
21.99		0.057395		
22		0.0573322		
22.01		0.0572694		
22.02		0.0572068		
22.03		0.0571442		
22.04		0.0570818		
22.05		0.0570194		
22.06		0.0569571		
22.07		0.0568949		
22.08		0.0568328		
22.09		0.0567708		
22.1		0.0567089		
22.11		0.0566471		
22.12		0.0565853		
22.13		0.0565237		
22.14		0.0564621		
22.15		0.0564006		
22.16		0.0563393		
22.17		0.056278		
22.18		0.0562168		
22.19		0.0561557		
22.2		0.0560946		
22.21		0.0560337		
22.22		0.0559729		
22.23		0.0559121		
22.24		0.0558514		
22.25		0.0557909		
22.26		0.0557304		
22.27		0.05567		
22.28		0.0556096		
22.29		0.0555494		
22.3		0.0554893		
22.31		0.0554292		
22.32		0.0553692		
22.33		0.0553094		
22.34		0.0552496		
22.35		0.0551899		
22.36		0.0551302		
22.37		0.0550707		
22.38		0.0550112		
22.39		0.0549519		
22.4		0.0548926		
22.41		0.0548334		
22.42		0.0547743		
22.43		0.0547153		
22.44		0.0546563		
22.45		0.0545975		
22.46		0.0545387		
22.47		0.05448		
22.48		0.0544214		
22.49		0.0543629		
22.5		0.0543045		
22.51		0.0542461		
22.52		0.0541878		
22.53		0.0541297		
22.54		0.0540716		
22.55		0.0540135		
22.56		0.0539556		
22.57		0.0538977		
22.58		0.05384		
22.59		0.0537823		
22.6		0.0537247		
22.61		0.0536671		
22.62		0.0536097		
22.63		0.0535523		
22.64		0.053495		
22.65		0.0534378		
22.66		0.0533807		
22.67		0.0533237		
22.68		0.0532667		
22.69		0.0532099		
22.7		0.0531531		
22.71		0.0530964		
22.72		0.0530398		
22.73		0.0529832		
22.74		0.0529268		
22.75		0.0528704		
22.76		0.0528142		
22.77		0.052758		
22.78		0.0527019		
22.79		0.0526459		
22.8		0.0525899		
22.81		0.0525341		
22.82		0.0524783		
22.83		0.0524226		
22.84		0.052367		
22.85		0.0523115		
22.86		0.0522561		
22.87		0.0522008		
22.88		0.0521455		
22.89		0.0520904		
22.9		0.0520353		
22.91		0.0519803		
22.92		0.0519254		
22.93		0.0518706		
22.94		0.0518158		
22.95		0.0517612		
22.96		0.0517066		
22.97		0.0516521		
22.98		0.0515977		
22.99		0.0515434		
23		0.0514892		
23.01		0.0514351		
23.02		0.051381		
23.03		0.051327		
23.04		0.0512731		
23.05		0.0512193		
23.06		0.0511656		
23.07		0.051112		
23.08		0.0510585		
23.09		0.051005		
23.1		0.0509516		
23.11		0.0508984		
23.12		0.0508452		
23.13		0.050792		
23.14		0.050739		
23.15		0.0506861		
23.16		0.0506332		
23.17		0.0505804		
23.18		0.0505277		
23.19		0.0504751		
23.2		0.0504226		
23.21		0.0503702		
23.22		0.0503178		
23.23		0.0502655		
23.24		0.0502134		
23.25		0.0501613		
23.26		0.0501092		
23.27		0.0500573		
23.28		0.0500055		
23.29		0.0499537		
23.3		0.049902		
23.31		0.0498504		
23.32		0.0497989		
23.33		0.0497475		
23.34		0.0496961		
23.35		0.0496448		
23.36		0.0495937		
23.37		0.0495426		
23.38		0.0494915		
23.39		0.0494406		
23.4		0.0493898		
23.41		0.049339		
23.42		0.0492883		
23.43		0.0492377		
23.44		0.0491872		
23.45		0.0491367		
23.46		0.0490864		
23.47		0.0490361		
23.48		0.0489859		
23.49		0.0489358		
23.5		0.0488857		
23.51		0.0488358		
23.52		0.0487859		
23.53		0.0487361		
23.54		0.0486864		
23.55		0.0486368		
23.56		0.0485872		
23.57		0.0485377		
23.58		0.0484884		
23.59		0.048439		
23.6		0.0483898		
23.61		0.0483407		
23.62		0.0482916		
23.63		0.0482426		
23.64		0.0481937		
23.65		0.0481449		
23.66		0.0480961		
23.67		0.0480474		
23.68		0.0479988		
23.69		0.0479503		
23.7		0.0479019		
23.71		0.0478535		
23.72		0.0478052		
23.73		0.047757		
23.74		0.0477089		
23.75		0.0476608		
23.76		0.0476129		
23.77		0.047565		
23.78		0.0475172		
23.79		0.0474694		
23.8		0.0474218		
23.81		0.0473742		
23.82		0.0473267		
23.83		0.0472792		
23.84		0.0472319		
23.85		0.0471846		
23.86		0.0471374		
23.87		0.0470902		
23.88		0.0470432		
23.89		0.0469962		
23.9		0.0469493		
23.91		0.0469025		
23.92		0.0468557		
23.93		0.0468091		
23.94		0.0467625		
23.95		0.0467159		
23.96		0.0466695		
23.97		0.0466231		
23.98		0.0465768		
23.99		0.0465306		
24		0.0464844		
24.01		0.0464383		
24.02		0.0463923		
24.03		0.0463464		
24.04		0.0463005		
24.05		0.0462547		
24.06		0.046209		
24.07		0.0461634		
24.08		0.0461178		
24.09		0.0460723		
24.1		0.0460269		
24.11		0.0459815		
24.12		0.0459362		
24.13		0.045891		
24.14		0.0458459		
24.15		0.0458008		
24.16		0.0457558		
24.17		0.0457109		
24.18		0.0456661		
24.19		0.0456213		
24.2		0.0455766		
24.21		0.0455319		
24.22		0.0454874		
24.23		0.0454429		
24.24		0.0453984		
24.25		0.0453541		
24.26		0.0453098		
24.27		0.0452656		
24.28		0.0452214		
24.29		0.0451774		
24.3		0.0451333		
24.31		0.0450894		
24.32		0.0450455		
24.33		0.0450017		
24.34		0.044958		
24.35		0.0449143		
24.36		0.0448707		
24.37		0.0448272		
24.38		0.0447837		
24.39		0.0447403		
24.4		0.044697		
24.41		0.0446538		
24.42		0.0446106		
24.43		0.0445675		
24.44		0.0445244		
24.45		0.0444814		
24.46		0.0444385		
24.47		0.0443956		
24.48		0.0443529		
24.49		0.0443101		
24.5		0.0442675		
24.51		0.0442249		
24.52		0.0441824		
24.53		0.0441399		
24.54		0.0440975		
24.55		0.0440552		
24.56		0.0440129		
24.57		0.0439707		
24.58		0.0439286		
24.59		0.0438866		
24.6		0.0438446		
24.61		0.0438026		
24.62		0.0437607		
24.63		0.0437189		
24.64		0.0436772		
24.65		0.0436355		
24.66		0.0435939		
24.67		0.0435524		
24.68		0.0435109		
24.69		0.0434695		
24.7		0.0434281		
24.71		0.0433868		
24.72		0.0433456		
24.73		0.0433044		
24.74		0.0432633		
24.75		0.0432223		
24.76		0.0431813		
24.77		0.0431404		
24.78		0.0430995		
24.79		0.0430587		
24.8		0.043018		
24.81		0.0429773		
24.82		0.0429367		
24.83		0.0428962		
24.84		0.0428557		
24.85		0.0428153		
24.86		0.0427749		
24.87		0.0427346		
24.88		0.0426944		
24.89		0.0426542		
24.9		0.0426141		
24.91		0.042574		
24.92		0.042534		
24.93		0.0424941		
24.94		0.0424542		
24.95		0.0424144		
24.96		0.0423746		
24.97		0.0423349		
24.98		0.0422953		
24.99		0.0422557		
25		0.0422162		
25.01		0.0421768		
25.02		0.0421374		
25.03		0.042098		
25.04		0.0420587		
25.05		0.0420195		
25.06		0.0419804		
25.07		0.0419413		
25.08		0.0419022		
25.09		0.0418632		
25.1		0.0418243		
25.11		0.0417854		
25.12		0.0417466		
25.13		0.0417078		
25.14		0.0416692		
25.15		0.0416305		
25.16		0.0415919		
25.17		0.0415534		
25.18		0.0415149		
25.19		0.0414765		
25.2		0.0414382		
25.21		0.0413999		
25.22		0.0413616		
25.23		0.0413234		
25.24		0.0412853		
25.25		0.0412472		
25.26		0.0412092		
25.27		0.0411713		
25.28		0.0411334		
25.29		0.0410955		
25.3		0.0410577		
25.31		0.04102		
25.32		0.0409823		
25.33		0.0409447		
25.34		0.0409071		
25.35		0.0408696		
25.36		0.0408321		
25.37		0.0407947		
25.38		0.0407573		
25.39		0.0407201		
25.4		0.0406828		
25.41		0.0406456		
25.42		0.0406085		
25.43		0.0405714		
25.44		0.0405344		
25.45		0.0404974		
25.46		0.0404605		
25.47		0.0404236		
25.48		0.0403868		
25.49		0.04035		
25.5		0.0403133		
25.51		0.0402767		
25.52		0.0402401		
25.53		0.0402035		
25.54		0.040167		
25.55		0.0401306		
25.56		0.0400942		
25.57		0.0400579		
25.58		0.0400216		
25.59		0.0399854		
25.6		0.0399492		
25.61		0.0399131		
25.62		0.039877		
25.63		0.039841		
25.64		0.039805		
25.65		0.0397691		
25.66		0.0397332		
25.67		0.0396974		
25.68		0.0396616		
25.69		0.0396259		
25.7		0.0395902		
25.71		0.0395546		
25.72		0.0395191		
25.73		0.0394836		
25.74		0.0394481		
25.75		0.0394127		
25.76		0.0393773		
25.77		0.039342		
25.78		0.0393068		
25.79		0.0392715		
25.8		0.0392364		
25.81		0.0392013		
25.82		0.0391662		
25.83		0.0391312		
25.84		0.0390963		
25.85		0.0390613		
25.86		0.0390265		
25.87		0.0389917		
25.88		0.0389569		
25.89		0.0389222		
25.9		0.0388875		
25.91		0.0388529		
25.92		0.0388183		
25.93		0.0387838		
25.94		0.0387494		
25.95		0.0387149		
25.96		0.0386806		
25.97		0.0386462		
25.98		0.038612		
25.99		0.0385777		
26		0.0385436		
26.01		0.0385094		
26.02		0.0384753		
26.03		0.0384413		
26.04		0.0384073		
26.05		0.0383734		
26.06		0.0383395		
26.07		0.0383056		
26.08		0.0382718		
26.09		0.0382381		
26.1		0.0382044		
26.11		0.0381707		
26.12		0.0381371		
26.13		0.0381035		
26.14		0.03807		
26.15		0.0380365		
26.16		0.0380031		
26.17		0.0379697		
26.18		0.0379364		
26.19		0.0379031		
26.2		0.0378699		
26.21		0.0378367		
26.22		0.0378035		
26.23		0.0377704		
26.24		0.0377373		
26.25		0.0377043		
26.26		0.0376714		
26.27		0.0376384		
26.28		0.0376056		
26.29		0.0375727		
26.3		0.03754		
26.31		0.0375072		
26.32		0.0374745		
26.33		0.0374419		
26.34		0.0374093		
26.35		0.0373767		
26.36		0.0373442		
26.37		0.0373117		
26.38		0.0372793		
26.39		0.0372469		
26.4		0.0372145		
26.41		0.0371822		
26.42		0.03715		
26.43		0.0371178		
26.44		0.0370856		
26.45		0.0370535		
26.46		0.0370214		
26.47		0.0369894		
26.48		0.0369574		
26.49		0.0369254		
26.5		0.0368935		
26.51		0.0368617		
26.52		0.0368299		
26.53		0.0367981		
26.54		0.0367664		
26.55		0.0367347		
26.56		0.036703		
26.57		0.0366714		
26.58		0.0366399		
26.59		0.0366083		
26.6		0.0365769		
26.61		0.0365454		
26.62		0.036514		
26.63		0.0364827		
26.64		0.0364514		
26.65		0.0364201		
26.66		0.0363889		
26.67		0.0363577		
26.68		0.0363266		
26.69		0.0362955		
26.7		0.0362644		
26.71		0.0362334		
26.72		0.0362024		
26.73		0.0361715		
26.74		0.0361406		
26.75		0.0361098		
26.76		0.036079		
26.77		0.0360482		
26.78		0.0360175		
26.79		0.0359868		
26.8		0.0359562		
26.81		0.0359256		
26.82		0.035895		
26.83		0.0358645		
26.84		0.035834		
26.85		0.0358035		
26.86		0.0357731		
26.87		0.0357428		
26.88		0.0357125		
26.89		0.0356822		
26.9		0.0356519		
26.91		0.0356217		
26.92		0.0355916		
26.93		0.0355615		
26.94		0.0355314		
26.95		0.0355014		
26.96		0.0354714		
26.97		0.0354414		
26.98		0.0354115		
26.99		0.0353816		
27		0.0353517		
27.01		0.0353219		
27.02		0.0352922		
27.03		0.0352624		
27.04		0.0352328		
27.05		0.0352031		
27.06		0.0351735		
27.07		0.0351439		
27.08		0.0351144		
27.09		0.0350849		
27.1		0.0350555		
27.11		0.035026		
27.12		0.0349967		
27.13		0.0349673		
27.14		0.034938		
27.15		0.0349088		
27.16		0.0348795		
27.17		0.0348503		
27.18		0.0348212		
27.19		0.0347921		
27.2		0.034763		
27.21		0.034734		
27.22		0.034705		
27.23		0.034676		
27.24		0.0346471		
27.25		0.0346182		
27.26		0.0345894		
27.27		0.0345606		
27.28		0.0345318		
27.29		0.0345031		
27.3		0.0344744		
27.31		0.0344457		
27.32		0.0344171		
27.33		0.0343885		
27.34		0.0343599		
27.35		0.0343314		
27.36		0.0343029		
27.37		0.0342745		
27.38		0.0342461		
27.39		0.0342177		
27.4		0.0341894		
27.41		0.0341611		
27.42		0.0341328		
27.43		0.0341046		
27.44		0.0340764		
27.45		0.0340483		
27.46		0.0340202		
27.47		0.0339921		
27.48		0.033964		
27.49		0.033936		
27.5		0.0339081		
27.51		0.0338801		
27.52		0.0338522		
27.53		0.0338244		
27.54		0.0337965		
27.55		0.0337687		
27.56		0.033741		
27.57		0.0337133		
27.58		0.0336856		
27.59		0.0336579		
27.6		0.0336303		
27.61		0.0336027		
27.62		0.0335752		
27.63		0.0335477		
27.64		0.0335202		
27.65		0.0334928		
27.66		0.0334653		
27.67		0.033438		
27.68		0.0334106		
27.69		0.0333833		
27.7		0.0333561		
27.71		0.0333288		
27.72		0.0333016		
27.73		0.0332745		
27.74		0.0332473		
27.75		0.0332202		
27.76		0.0331932		
27.77		0.0331661		
27.78		0.0331391		
27.79		0.0331122		
27.8		0.0330852		
27.81		0.0330584		
27.82		0.0330315		
27.83		0.0330047		
27.84		0.0329779		
27.85		0.0329511		
27.86		0.0329244		
27.87		0.0328977		
27.88		0.032871		
27.89		0.0328444		
27.9		0.0328178		
27.91		0.0327913		
27.92		0.0327647		
27.93		0.0327382		
27.94		0.0327118		
27.95		0.0326853		
27.96		0.032659		
27.97		0.0326326		
27.98		0.0326063		
27.99		0.03258		
28		0.0325537		
28.01		0.0325275		
28.02		0.0325013		
28.03		0.0324751		
28.04		0.032449		
28.05		0.0324229		
28.06		0.0323968		
28.07		0.0323708		
28.08		0.0323448		
28.09		0.0323188		
28.1		0.0322928		
28.11		0.0322669		
28.12		0.0322411		
28.13		0.0322152		
28.14		0.0321894		
28.15		0.0321636		
28.16		0.0321379		
28.17		0.0321122		
28.18		0.0320865		
28.19		0.0320608		
28.2		0.0320352		
28.21		0.0320096		
28.22		0.031984		
28.23		0.0319585		
28.24		0.031933		
28.25		0.0319075		
28.26		0.0318821		
28.27		0.0318567		
28.28		0.0318313		
28.29		0.031806		
28.3		0.0317807		
28.31		0.0317554		
28.32		0.0317302		
28.33		0.0317049		
28.34		0.0316797		
28.35		0.0316546		
28.36		0.0316295		
28.37		0.0316044		
28.38		0.0315793		
28.39		0.0315543		
28.4		0.0315293		
28.41		0.0315043		
28.42		0.0314793		
28.43		0.0314544		
28.44		0.0314295		
28.45		0.0314047		
28.46		0.0313799		
28.47		0.0313551		
28.48		0.0313303		
28.49		0.0313056		
28.5		0.0312809		
28.51		0.0312562		
28.52		0.0312316		
28.53		0.031207		
28.54		0.0311824		
28.55		0.0311578		
28.56		0.0311333		
28.57		0.0311088		
28.58		0.0310843		
28.59		0.0310599		
28.6		0.0310355		
28.61		0.0310111		
28.62		0.0309868		
28.63		0.0309624		
28.64		0.0309382		
28.65		0.0309139		
28.66		0.0308897		
28.67		0.0308655		
28.68		0.0308413		
28.69		0.0308171		
28.7		0.030793		
28.71		0.0307689		
28.72		0.0307449		
28.73		0.0307209		
28.74		0.0306969		
28.75		0.0306729		
28.76		0.0306489		
28.77		0.030625		
28.78		0.0306011		
28.79		0.0305773		
28.8		0.0305535		
28.81		0.0305296		
28.82		0.0305059		
28.83		0.0304821		
28.84		0.0304584		
28.85		0.0304347		
28.86		0.0304111		
28.87		0.0303874		
28.88		0.0303638		
28.89		0.0303403		
28.9		0.0303167		
28.91		0.0302932		
28.92		0.0302697		
28.93		0.0302462		
28.94		0.0302228		
28.95		0.0301994		
28.96		0.030176		
28.97		0.0301527		
28.98		0.0301293		
28.99		0.030106		
29		0.0300828		
29.01		0.0300595		
29.02		0.0300363		
29.03		0.0300131		
29.04		0.0299899		
29.05		0.0299668		
29.06		0.0299437		
29.07		0.0299206		
29.08		0.0298976		
29.09		0.0298745		
29.1		0.0298515		
29.11		0.0298286		
29.12		0.0298056		
29.13		0.0297827		
29.14		0.0297598		
29.15		0.029737		
29.16		0.0297141		
29.17		0.0296913		
29.18		0.0296685		
29.19		0.0296458		
29.2		0.029623		
29.21		0.0296003		
29.22		0.0295777		
29.23		0.029555		
29.24		0.0295324		
29.25		0.0295098		
29.26		0.0294872		
29.27		0.0294647		
29.28		0.0294421		
29.29		0.0294196		
29.3		0.0293972		
29.31		0.0293747		
29.32		0.0293523		
29.33		0.0293299		
29.34		0.0293076		
29.35		0.0292852		
29.36		0.0292629		
29.37		0.0292406		
29.38		0.0292184		
29.39		0.0291961		
29.4		0.0291739		
29.41		0.0291517		
29.42		0.0291296		
29.43		0.0291075		
29.44		0.0290853		
29.45		0.0290633		
29.46		0.0290412		
29.47		0.0290192		
29.48		0.0289972		
29.49		0.0289752		
29.5		0.0289532		
29.51		0.0289313		
29.52		0.0289094		
29.53		0.0288875		
29.54		0.0288657		
29.55		0.0288438		
29.56		0.028822		
29.57		0.0288003		
29.58		0.0287785		
29.59		0.0287568		
29.6		0.0287351		
29.61		0.0287134		
29.62		0.0286918		
29.63		0.0286701		
29.64		0.0286485		
29.65		0.0286269		
29.66		0.0286054		
29.67		0.0285839		
29.68		0.0285623		
29.69		0.0285409		
29.7		0.0285194		
29.71		0.028498		
29.72		0.0284766		
29.73		0.0284553		
29.74		0.028434		
29.75		0.0284127		
29.76		0.0283915		
29.77		0.0283703		
29.78		0.0283491		
29.79		0.028328		
29.8		0.0283069		
29.81		0.0282859		
29.82		0.028265		
29.83		0.028244		
29.84		0.0282232		
29.85		0.0282023		
29.86		0.0281816		
29.87		0.0281608		
29.88		0.0281402		
29.89		0.0281196		
29.9		0.028099		
29.91		0.0280785		
29.92		0.028058		
29.93		0.0280376		
29.94		0.0280173		
29.95		0.027997		
29.96		0.0279768		
29.97		0.0279567		
29.98		0.0279366		
29.99		0.0279165		
30		0.0278965		
30.01		0.0278766		
30.02		0.0278567		
30.03		0.0278369		
30.04		0.0278172		
30.05		0.0277975		
30.06		0.0277779		
30.07		0.0277584		
30.08		0.0277389		
30.09		0.0277194		
30.1		0.0277001		
30.11		0.0276808		
30.12		0.0276615		
30.13		0.0276424		
30.14		0.0276232		
30.15		0.0276042		
30.16		0.0275852		
30.17		0.0275663		
30.18		0.0275474		
30.19		0.0275286		
30.2		0.0275098		
30.21		0.0274911		
30.22		0.0274725		
30.23		0.0274539		
30.24		0.0274354		
30.25		0.027417		
30.26		0.0273986		
30.27		0.0273803		
30.28		0.027362		
30.29		0.0273438		
30.3		0.0273257		
30.31		0.0273076		
30.32		0.0272895		
30.33		0.0272716		
30.34		0.0272536		
30.35		0.0272358		
30.36		0.027218		
30.37		0.0272002		
30.38		0.0271825		
30.39		0.0271649		
30.4		0.0271473		
30.41		0.0271297		
30.42		0.0271122		
30.43		0.0270948		
30.44		0.0270774		
30.45		0.0270601		
30.46		0.0270428		
30.47		0.0270256		
30.48		0.0270084		
30.49		0.0269913		
30.5		0.0269742		
30.51		0.0269571		
30.52		0.0269401		
30.53		0.0269232		
30.54		0.0269063		
30.55		0.0268894		
30.56		0.0268726		
30.57		0.0268559		
30.58		0.0268391		
30.59		0.0268225		
30.6		0.0268058		
30.61		0.0267892		
30.62		0.0267727		
30.63		0.0267561		
30.64		0.0267397		
30.65		0.0267232		
30.66		0.0267068		
30.67		0.0266905		
30.68		0.0266741		
30.69		0.0266579		
30.7		0.0266416		
30.71		0.0266254		
30.72		0.0266092		
30.73		0.0265931		
30.74		0.0265769		
30.75		0.0265609		
30.76		0.0265448		
30.77		0.0265288		
30.78		0.0265128		
30.79		0.0264968		
30.8		0.0264809		
30.81		0.026465		
30.82		0.0264491		
30.83		0.0264333		
30.84		0.0264175		
30.85		0.0264017		
30.86		0.0263859		
30.87		0.0263702		
30.88		0.0263545		
30.89		0.0263388		
30.9		0.0263232		
30.91		0.0263075		
30.92		0.0262919		
30.93		0.0262763		
30.94		0.0262608		
30.95		0.0262452		
30.96		0.0262297		
30.97		0.0262142		
30.98		0.0261987		
30.99		0.0261832		
31		0.0261678		
31.01		0.0261524		
31.02		0.026137		
31.03		0.0261216		
31.04		0.0261062		
31.05		0.0260909		
31.06		0.0260755		
31.07		0.0260602		
31.08		0.0260449		
31.09		0.0260296		
31.1		0.0260143		
31.11		0.0259991		
31.12		0.0259838		
31.13		0.0259686		
31.14		0.0259534		
31.15		0.0259382		
31.16		0.025923		
31.17		0.0259078		
31.18		0.0258927		
31.19		0.0258775		
31.2		0.0258624		
31.21		0.0258472		
31.22		0.0258321		
31.23		0.025817		
31.24		0.0258019		
31.25		0.0257868		
31.26		0.0257717		
31.27		0.0257567		
31.28		0.0257416		
31.29		0.0257265		
31.3		0.0257115		
31.31		0.0256965		
31.32		0.0256814		
31.33		0.0256664		
31.34		0.0256514		
31.35		0.0256364		
31.36		0.0256214		
31.37		0.0256064		
31.38		0.0255914		
31.39		0.0255764		
31.4		0.0255614		
31.41		0.0255464		
31.42		0.0255315		
31.43		0.0255165		
31.44		0.0255016		
31.45		0.0254866		
31.46		0.0254717		
31.47		0.0254567		
31.48		0.0254418		
31.49		0.0254268		
31.5		0.0254119		
31.51		0.025397		
31.52		0.0253821		
31.53		0.0253671		
31.54		0.0253522		
31.55		0.0253373		
31.56		0.0253224		
31.57		0.0253075		
31.58		0.0252926		
31.59		0.0252777		
31.6		0.0252628		
31.61		0.0252479		
31.62		0.025233		
31.63		0.0252181		
31.64		0.0252032		
31.65		0.0251883		
31.66		0.0251734		
31.67		0.0251585		
31.68		0.0251437		
31.69		0.0251288		
31.7		0.0251139		
31.71		0.025099		
31.72		0.0250841		
31.73		0.0250693		
31.74		0.0250544		
31.75		0.0250395		
31.76		0.0250246		
31.77		0.0250098		
31.78		0.0249949		
31.79		0.02498		
31.8		0.0249651		
31.81		0.0249503		
31.82		0.0249354		
31.83		0.0249205		
31.84		0.0249057		
31.85		0.0248908		
31.86		0.0248759		
31.87		0.0248611		
31.88		0.0248462		
31.89		0.0248313		
31.9		0.0248165		
31.91		0.0248016		
31.92		0.0247867		
31.93		0.0247719		
31.94		0.024757		
31.95		0.0247421		
31.96		0.0247273		
31.97		0.0247124		
31.98		0.0246976		
31.99		0.0246827		
32		0.0246678		
32.01		0.024653		
32.02		0.0246381		
32.03		0.0246233		
32.04		0.0246084		
32.05		0.0245935		
32.06		0.0245787		
32.07		0.0245638		
32.08		0.024549		
32.09		0.0245341		
32.1		0.0245193		
32.11		0.0245044		
32.12		0.0244896		
32.13		0.0244747		
32.14		0.0244598		
32.15		0.024445		
32.16		0.0244301		
32.17		0.0244153		
32.18		0.0244004		
32.19		0.0243856		
32.2		0.0243708		
32.21		0.0243559		
32.22		0.0243411		
32.23		0.0243262		
32.24		0.0243114		
32.25		0.0242965		
32.26		0.0242817		
32.27		0.0242669		
32.28		0.024252		
32.29		0.0242372		
32.3		0.0242223		
32.31		0.0242075		
32.32		0.0241927		
32.33		0.0241778		
32.34		0.024163		
32.35		0.0241482		
32.36		0.0241334		
32.37		0.0241185		
32.38		0.0241037		
32.39		0.0240889		
32.4		0.0240741		
32.41		0.0240593		
32.42		0.0240444		
32.43		0.0240296		
32.44		0.0240148		
32.45		0.024		
32.46		0.0239852		
32.47		0.0239704		
32.48		0.0239556		
32.49		0.0239408		
32.5		0.023926		
32.51		0.0239112		
32.52		0.0238964		
32.53		0.0238816		
32.54		0.0238668		
32.55		0.0238521		
32.56		0.0238373		
32.57		0.0238225		
32.58		0.0238077		
32.59		0.023793		
32.6		0.0237782		
32.61		0.0237634		
32.62		0.0237487		
32.63		0.0237339		
32.64		0.0237191		
32.65		0.0237044		
32.66		0.0236896		
32.67		0.0236749		
32.68		0.0236602		
32.69		0.0236454		
32.7		0.0236307		
32.71		0.023616		
32.72		0.0236012		
32.73		0.0235865		
32.74		0.0235718		
32.75		0.0235571		
32.76		0.0235424		
32.77		0.0235277		
32.78		0.023513		
32.79		0.0234983		
32.8		0.0234836		
32.81		0.0234689		
32.82		0.0234542		
32.83		0.0234395		
32.84		0.0234249		
32.85		0.0234102		
32.86		0.0233955		
32.87		0.0233809		
32.88		0.0233662		
32.89		0.0233516		
32.9		0.0233369		
32.91		0.0233223		
32.92		0.0233076		
32.93		0.023293		
32.94		0.0232784		
32.95		0.0232638		
32.96		0.0232491		
32.97		0.0232345		
32.98		0.0232199		
32.99		0.0232053		
33		0.0231907		
33.01		0.0231762		
33.02		0.0231616		
33.03		0.023147		
33.04		0.0231324		
33.05		0.0231179		
33.06		0.0231033		
33.07		0.0230888		
33.08		0.0230742		
33.09		0.0230597		
33.1		0.0230451		
33.11		0.0230306		
33.12		0.0230161		
33.13		0.0230016		
33.14		0.0229871		
33.15		0.0229726		
33.16		0.0229581		
33.17		0.0229436		
33.18		0.0229291		
33.19		0.0229146		
33.2		0.0229002		
33.21		0.0228857		
33.22		0.0228713		
33.23		0.0228568		
33.24		0.0228424		
33.25		0.0228279		
33.26		0.0228135		
33.27		0.0227991		
33.28		0.0227847		
33.29		0.0227703		
33.3		0.0227559		
33.31		0.0227415		
33.32		0.0227271		
33.33		0.0227127		
33.34		0.0226983		
33.35		0.022684		
33.36		0.0226696		
33.37		0.0226553		
33.38		0.0226409		
33.39		0.0226266		
33.4		0.0226123		
33.41		0.022598		
33.42		0.0225836		
33.43		0.0225693		
33.44		0.0225551		
33.45		0.0225408		
33.46		0.0225265		
33.47		0.0225122		
33.48		0.022498		
33.49		0.0224837		
33.5		0.0224695		
33.51		0.0224552		
33.52		0.022441		
33.53		0.0224268		
33.54		0.0224125		
33.55		0.0223983		
33.56		0.0223841		
33.57		0.02237		
33.58		0.0223558		
33.59		0.0223416		
33.6		0.0223274		
33.61		0.0223133		
33.62		0.0222991		
33.63		0.022285		
33.64		0.0222709		
33.65		0.0222567		
33.66		0.0222426		
33.67		0.0222285		
33.68		0.0222144		
33.69		0.0222003		
33.7		0.0221863		
33.71		0.0221722		
33.72		0.0221581		
33.73		0.0221441		
33.74		0.02213		
33.75		0.022116		
33.76		0.022102		
33.77		0.0220879		
33.78		0.0220739		
33.79		0.0220599		
33.8		0.0220459		
33.81		0.022032		
33.82		0.022018		
33.83		0.022004		
33.84		0.0219901		
33.85		0.0219761		
33.86		0.0219622		
33.87		0.0219483		
33.88		0.0219343		
33.89		0.0219204		
33.9		0.0219065		
33.91		0.0218926		
33.92		0.0218788		
33.93		0.0218649		
33.94		0.021851		
33.95		0.0218372		
33.96		0.0218233		
33.97		0.0218095		
33.98		0.0217957		
33.99		0.0217818		
34		0.021768		
34.01		0.0217542		
34.02		0.0217405		
34.03		0.0217267		
34.04		0.0217129		
34.05		0.0216991		
34.06		0.0216854		
34.07		0.0216717		
34.08		0.0216579		
34.09		0.0216442		
34.1		0.0216305		
34.11		0.0216168		
34.12		0.0216031		
34.13		0.0215894		
34.14		0.0215757		
34.15		0.0215621		
34.16		0.0215484		
34.17		0.0215348		
34.18		0.0215211		
34.19		0.0215075		
34.2		0.0214939		
34.21		0.0214803		
34.22		0.0214667		
34.23		0.0214531		
34.24		0.0214395		
34.25		0.021426		
34.26		0.0214124		
34.27		0.0213989		
34.28		0.0213853		
34.29		0.0213718		
34.3		0.0213583		
34.31		0.0213448		
34.32		0.0213313		
34.33		0.0213178		
34.34		0.0213043		
34.35		0.0212908		
34.36		0.0212774		
34.37		0.0212639		
34.38		0.0212505		
34.39		0.0212371		
34.4		0.0212237		
34.41		0.0212102		
34.42		0.0211969		
34.43		0.0211835		
34.44		0.0211701		
34.45		0.0211567		
34.46		0.0211434		
34.47		0.02113		
34.48		0.0211167		
34.49		0.0211033		
34.5		0.02109		
34.51		0.0210767		
34.52		0.0210634		
34.53		0.0210501		
34.54		0.0210369		
34.55		0.0210236		
34.56		0.0210103		
34.57		0.0209971		
34.58		0.0209838		
34.59		0.0209706		
34.6		0.0209574		
34.61		0.0209442		
34.62		0.020931		
34.63		0.0209178		
34.64		0.0209046		
34.65		0.0208915		
34.66		0.0208783		
34.67		0.0208652		
34.68		0.020852		
34.69		0.0208389		
34.7		0.0208258		
34.71		0.0208127		
34.72		0.0207996		
34.73		0.0207865		
34.74		0.0207734		
34.75		0.0207604		
34.76		0.0207473		
34.77		0.0207343		
34.78		0.0207212		
34.79		0.0207082		
34.8		0.0206952		
34.81		0.0206822		
34.82		0.0206692		
34.83		0.0206562		
34.84		0.0206432		
34.85		0.0206303		
34.86		0.0206173		
34.87		0.0206044		
34.88		0.0205914		
34.89		0.0205785		
34.9		0.0205656		
34.91		0.0205527		
34.92		0.0205398		
34.93		0.0205269		
34.94		0.020514		
34.95		0.0205012		
34.96		0.0204883		
34.97		0.0204755		
34.98		0.0204627		
34.99		0.0204498		
35		0.020437		
35.01		0.0204242		
35.02		0.0204114		
35.03		0.0203986		
35.04		0.0203859		
35.05		0.0203731		
35.06		0.0203604		
35.07		0.0203476		
35.08		0.0203349		
35.09		0.0203222		
35.1		0.0203095		
35.11		0.0202968		
35.12		0.0202841		
35.13		0.0202714		
35.14		0.0202587		
35.15		0.0202461		
35.16		0.0202334		
35.17		0.0202208		
35.18		0.0202082		
35.19		0.0201955		
35.2		0.0201829		
35.21		0.0201703		
35.22		0.0201577		
35.23		0.0201452		
35.24		0.0201326		
35.25		0.02012		
35.26		0.0201075		
35.27		0.020095		
35.28		0.0200824		
35.29		0.0200699		
35.3		0.0200574		
35.31		0.0200449		
35.32		0.0200324		
35.33		0.02002		
35.34		0.0200075		
35.35		0.019995		
35.36		0.0199826		
35.37		0.0199701		
35.38		0.0199577		
35.39		0.0199453		
35.4		0.0199329		
35.41		0.0199205		
35.42		0.0199081		
35.43		0.0198957		
35.44		0.0198834		
35.45		0.019871		
35.46		0.0198587		
35.47		0.0198463		
35.48		0.019834		
35.49		0.0198217		
35.5		0.0198094		
35.51		0.0197971		
35.52		0.0197848		
35.53		0.0197725		
35.54		0.0197603		
35.55		0.019748		
35.56		0.0197358		
35.57		0.0197235		
35.58		0.0197113		
35.59		0.0196991		
35.6		0.0196869		
35.61		0.0196747		
35.62		0.0196625		
35.63		0.0196503		
35.64		0.0196382		
35.65		0.019626		
35.66		0.0196139		
35.67		0.0196017		
35.68		0.0195896		
35.69		0.0195775		
35.7		0.0195654		
35.71		0.0195533		
35.72		0.0195412		
35.73		0.0195291		
35.74		0.0195171		
35.75		0.019505		
35.76		0.019493		
35.77		0.0194809		
35.78		0.0194689		
35.79		0.0194569		
35.8		0.0194449		
35.81		0.0194329		
35.82		0.0194209		
35.83		0.0194089		
35.84		0.019397		
35.85		0.019385		
35.86		0.0193731		
35.87		0.0193611		
35.88		0.0193492		
35.89		0.0193373		
35.9		0.0193254		
35.91		0.0193135		
35.92		0.0193016		
35.93		0.0192897		
35.94		0.0192778		
35.95		0.019266		
35.96		0.0192541		
35.97		0.0192423		
35.98		0.0192305		
35.99		0.0192186		
36		0.0192068		
36.01		0.019195		
36.02		0.0191832		
36.03		0.0191715		
36.04		0.0191597		
36.05		0.0191479		
36.06		0.0191362		
36.07		0.0191244		
36.08		0.0191127		
36.09		0.019101		
36.1		0.0190893		
36.11		0.0190776		
36.12		0.0190659		
36.13		0.0190542		
36.14		0.0190425		
36.15		0.0190308		
36.16		0.0190192		
36.17		0.0190075		
36.18		0.0189959		
36.19		0.0189843		
36.2		0.0189727		
36.21		0.0189611		
36.22		0.0189495		
36.23		0.0189379		
36.24		0.0189263		
36.25		0.0189147		
36.26		0.0189032		
36.27		0.0188916		
36.28		0.0188801		
36.29		0.0188686		
36.3		0.018857		
36.31		0.0188455		
36.32		0.018834		
36.33		0.0188225		
36.34		0.018811		
36.35		0.0187996		
36.36		0.0187881		
36.37		0.0187767		
36.38		0.0187652		
36.39		0.0187538		
36.4		0.0187424		
36.41		0.0187309		
36.42		0.0187195		
36.43		0.0187081		
36.44		0.0186968		
36.45		0.0186854		
36.46		0.018674		
36.47		0.0186626		
36.48		0.0186513		
36.49		0.01864		
36.5		0.0186286		
36.51		0.0186173		
36.52		0.018606		
36.53		0.0185947		
36.54		0.0185834		
36.55		0.0185721		
36.56		0.0185608		
36.57		0.0185496		
36.58		0.0185383		
36.59		0.0185271		
36.6		0.0185158		
36.61		0.0185046		
36.62		0.0184934		
36.63		0.0184822		
36.64		0.018471		
36.65		0.0184598		
36.66		0.0184486		
36.67		0.0184374		
36.68		0.0184263		
36.69		0.0184151		
36.7		0.018404		
36.71		0.0183928		
36.72		0.0183817		
36.73		0.0183706		
36.74		0.0183595		
36.75		0.0183484		
36.76		0.0183373		
36.77		0.0183262		
36.78		0.0183152		
36.79		0.0183041		
36.8		0.018293		
36.81		0.018282		
36.82		0.018271		
36.83		0.0182599		
36.84		0.0182489		
36.85		0.0182379		
36.86		0.0182269		
36.87		0.0182159		
36.88		0.018205		
36.89		0.018194		
36.9		0.018183		
36.91		0.0181721		
36.92		0.0181611		
36.93		0.0181502		
36.94		0.0181393		
36.95		0.0181284		
36.96		0.0181175		
36.97		0.0181066		
36.98		0.0180957		
36.99		0.0180848		
37		0.0180739		
37.01		0.0180631		
37.02		0.0180522		
37.03		0.0180414		
37.04		0.0180305		
37.05		0.0180197		
37.06		0.0180089		
37.07		0.0179981		
37.08		0.0179873		
37.09		0.0179765		
37.1		0.0179657		
37.11		0.0179549		
37.12		0.0179442		
37.13		0.0179334		
37.14		0.0179227		
37.15		0.0179119		
37.16		0.0179012		
37.17		0.0178905		
37.18		0.0178798		
37.19		0.0178691		
37.2		0.0178584		
37.21		0.0178477		
37.22		0.0178371		
37.23		0.0178264		
37.24		0.0178157		
37.25		0.0178051		
37.26		0.0177944		
37.27		0.0177838		
37.28		0.0177732		
37.29		0.0177626		
37.3		0.017752		
37.31		0.0177414		
37.32		0.0177308		
37.33		0.0177202		
37.34		0.0177097		
37.35		0.0176991		
37.36		0.0176885		
37.37		0.017678		
37.38		0.0176675		
37.39		0.017657		
37.4		0.0176464		
37.41		0.0176359		
37.42		0.0176254		
37.43		0.0176149		
37.44		0.0176045		
37.45		0.017594		
37.46		0.0175835		
37.47		0.0175731		
37.48		0.0175626		
37.49		0.0175522		
37.5		0.0175418		
37.51		0.0175313		
37.52		0.0175209		
37.53		0.0175105		
37.54		0.0175001		
37.55		0.0174897		
37.56		0.0174794		
37.57		0.017469		
37.58		0.0174586		
37.59		0.0174483		
37.6		0.0174379		
37.61		0.0174276		
37.62		0.0174173		
37.63		0.017407		
37.64		0.0173967		
37.65		0.0173864		
37.66		0.0173761		
37.67		0.0173658		
37.68		0.0173555		
37.69		0.0173453		
37.7		0.017335		
37.71		0.0173247		
37.72		0.0173145		
37.73		0.0173043		
37.74		0.017294		
37.75		0.0172838		
37.76		0.0172736		
37.77		0.0172634		
37.78		0.0172532		
37.79		0.0172431		
37.8		0.0172329		
37.81		0.0172227		
37.82		0.0172126		
37.83		0.0172024		
37.84		0.0171923		
37.85		0.0171821		
37.86		0.017172		
37.87		0.0171619		
37.88		0.0171518		
37.89		0.0171417		
37.9		0.0171316		
37.91		0.0171215		
37.92		0.0171115		
37.93		0.0171014		
37.94		0.0170913		
37.95		0.0170813		
37.96		0.0170712		
37.97		0.0170612		
37.98		0.0170512		
37.99		0.0170412		
38		0.0170312		
38.01		0.0170212		
38.02		0.0170112		
38.03		0.0170012		
38.04		0.0169912		
38.05		0.0169813		
38.06		0.0169713		
38.07		0.0169614		
38.08		0.0169514		
38.09		0.0169415		
38.1		0.0169316		
38.11		0.0169216		
38.12		0.0169117		
38.13		0.0169018		
38.14		0.0168919		
38.15		0.0168821		
38.16		0.0168722		
38.17		0.0168623		
38.18		0.0168525		
38.19		0.0168426		
38.2		0.0168328		
38.21		0.0168229		
38.22		0.0168131		
38.23		0.0168033		
38.24		0.0167935		
38.25		0.0167837		
38.26		0.0167739		
38.27		0.0167641		
38.28		0.0167543		
38.29		0.0167445		
38.3		0.0167348		
38.31		0.016725		
38.32		0.0167153		
38.33		0.0167055		
38.34		0.0166958		
38.35		0.0166861		
38.36		0.0166764		
38.37		0.0166667		
38.38		0.016657		
38.39		0.0166473		
38.4		0.0166376		
38.41		0.0166279		
38.42		0.0166182		
38.43		0.0166086		
38.44		0.0165989		
38.45		0.0165893		
38.46		0.0165796		
38.47		0.01657		
38.48		0.0165604		
38.49		0.0165508		
38.5		0.0165412		
38.51		0.0165316		
38.52		0.016522		
38.53		0.0165124		
38.54		0.0165028		
38.55		0.0164933		
38.56		0.0164837		
38.57		0.0164742		
38.58		0.0164646		
38.59		0.0164551		
38.6		0.0164456		
38.61		0.0164361		
38.62		0.0164265		
38.63		0.016417		
38.64		0.0164075		
38.65		0.0163981		
38.66		0.0163886		
38.67		0.0163791		
38.68		0.0163696		
38.69		0.0163602		
38.7		0.0163507		
38.71		0.0163413		
38.72		0.0163319		
38.73		0.0163224		
38.74		0.016313		
38.75		0.0163036		
38.76		0.0162942		
38.77		0.0162848		
38.78		0.0162754		
38.79		0.016266		
38.8		0.0162567		
38.81		0.0162473		
38.82		0.016238		
38.83		0.0162286		
38.84		0.0162193		
38.85		0.0162099		
38.86		0.0162006		
38.87		0.0161913		
38.88		0.016182		
38.89		0.0161727		
38.9		0.0161634		
38.91		0.0161541		
38.92		0.0161448		
38.93		0.0161355		
38.94		0.0161263		
38.95		0.016117		
38.96		0.0161078		
38.97		0.0160985		
38.98		0.0160893		
38.99		0.0160801		
39		0.0160708		
39.01		0.0160616		
39.02		0.0160524		
39.03		0.0160432		
39.04		0.016034		
39.05		0.0160248		
39.06		0.0160157		
39.07		0.0160065		
39.08		0.0159973		
39.09		0.0159882		
39.1		0.015979		
39.11		0.0159699		
39.12		0.0159608		
39.13		0.0159516		
39.14		0.0159425		
39.15		0.0159334		
39.16		0.0159243		
39.17		0.0159152		
39.18		0.0159061		
39.19		0.0158971		
39.2		0.015888		
39.21		0.0158789		
39.22		0.0158699		
39.23		0.0158608		
39.24		0.0158518		
39.25		0.0158427		
39.26		0.0158337		
39.27		0.0158247		
39.28		0.0158157		
39.29		0.0158067		
39.3		0.0157977		
39.31		0.0157887		
39.32		0.0157797		
39.33		0.0157707		
39.34		0.0157617		
39.35		0.0157528		
39.36		0.0157438		
39.37		0.0157349		
39.38		0.0157259		
39.39		0.015717		
39.4		0.0157081		
39.41		0.0156992		
39.42		0.0156902		
39.43		0.0156813		
39.44		0.0156724		
39.45		0.0156635		
39.46		0.0156547		
39.47		0.0156458		
39.48		0.0156369		
39.49		0.0156281		
39.5		0.0156192		
39.51		0.0156104		
39.52		0.0156015		
39.53		0.0155927		
39.54		0.0155839		
39.55		0.015575		
39.56		0.0155662		
39.57		0.0155574		
39.58		0.0155486		
39.59		0.0155398		
39.6		0.015531		
39.61		0.0155223		
39.62		0.0155135		
39.63		0.0155047		
39.64		0.015496		
39.65		0.0154872		
39.66		0.0154785		
39.67		0.0154698		
39.68		0.015461		
39.69		0.0154523		
39.7		0.0154436		
39.71		0.0154349		
39.72		0.0154262		
39.73		0.0154175		
39.74		0.0154088		
39.75		0.0154001		
39.76		0.0153915		
39.77		0.0153828		
39.78		0.0153741		
39.79		0.0153655		
39.8		0.0153568		
39.81		0.0153482		
39.82		0.0153396		
39.83		0.0153309		
39.84		0.0153223		
39.85		0.0153137		
39.86		0.0153051		
39.87		0.0152965		
39.88		0.0152879		
39.89		0.0152794		
39.9		0.0152708		
39.91		0.0152622		
39.92		0.0152536		
39.93		0.0152451		
39.94		0.0152365		
39.95		0.015228		
39.96		0.0152195		
39.97		0.0152109		
39.98		0.0152024		
39.99		0.0151939		
40		0.0151854		
40.01		0.0151769		
40.02		0.0151684		
40.03		0.0151599		
40.04		0.0151514		
40.05		0.015143		
40.06		0.0151345		
40.07		0.015126		
40.08		0.0151176		
40.09		0.0151091		
40.1		0.0151007		
40.11		0.0150923		
40.12		0.0150838		
40.13		0.0150754		
40.14		0.015067		
40.15		0.0150586		
40.16		0.0150502		
40.17		0.0150418		
40.18		0.0150334		
40.19		0.0150251		
40.2		0.0150167		
40.21		0.0150083		
40.22		0.015		
40.23		0.0149916		
40.24		0.0149833		
40.25		0.0149749		
40.26		0.0149666		
40.27		0.0149583		
40.28		0.0149499		
40.29		0.0149416		
40.3		0.0149333		
40.31		0.014925		
40.32		0.0149167		
40.33		0.0149084		
40.34		0.0149002		
40.35		0.0148919		
40.36		0.0148836		
40.37		0.0148754		
40.38		0.0148671		
40.39		0.0148589		
40.4		0.0148506		
40.41		0.0148424		
40.42		0.0148342		
40.43		0.0148259		
40.44		0.0148177		
40.45		0.0148095		
40.46		0.0148013		
40.47		0.0147931		
40.48		0.0147849		
40.49		0.0147768		
40.5		0.0147686		
40.51		0.0147604		
40.52		0.0147523		
40.53		0.0147441		
40.54		0.0147359		
40.55		0.0147278		
40.56		0.0147197		
40.57		0.0147115		
40.58		0.0147034		
40.59		0.0146953		
40.6		0.0146872		
40.61		0.0146791		
40.62		0.014671		
40.63		0.0146629		
40.64		0.0146548		
40.65		0.0146467		
40.66		0.0146387		
40.67		0.0146306		
40.68		0.0146225		
40.69		0.0146145		
40.7		0.0146064		
40.71		0.0145984		
40.72		0.0145903		
40.73		0.0145823		
40.74		0.0145743		
40.75		0.0145663		
40.76		0.0145583		
40.77		0.0145503		
40.78		0.0145423		
40.79		0.0145343		
40.8		0.0145263		
40.81		0.0145183		
40.82		0.0145104		
40.83		0.0145024		
40.84		0.0144944		
40.85		0.0144865		
40.86		0.0144785		
40.87		0.0144706		
40.88		0.0144627		
40.89		0.0144547		
40.9		0.0144468		
40.91		0.0144389		
40.92		0.014431		
40.93		0.0144231		
40.94		0.0144152		
40.95		0.0144073		
40.96		0.0143994		
40.97		0.0143915		
40.98		0.0143837		
40.99		0.0143758		
41		0.0143679		
41.01		0.0143601		
41.02		0.0143522		
41.03		0.0143444		
41.04		0.0143366		
41.05		0.0143287		
41.06		0.0143209		
41.07		0.0143131		
41.08		0.0143053		
41.09		0.0142975		
41.1		0.0142897		
41.11		0.0142819		
41.12		0.0142741		
41.13		0.0142663		
41.14		0.0142585		
41.15		0.0142508		
41.16		0.014243		
41.17		0.0142353		
41.18		0.0142275		
41.19		0.0142198		
41.2		0.014212		
41.21		0.0142043		
41.22		0.0141966		
41.23		0.0141888		
41.24		0.0141811		
41.25		0.0141734		
41.26		0.0141657		
41.27		0.014158		
41.28		0.0141503		
41.29		0.0141427		
41.3		0.014135		
41.31		0.0141273		
41.32		0.0141196		
41.33		0.014112		
41.34		0.0141043		
41.35		0.0140967		
41.36		0.014089		
41.37		0.0140814		
41.38		0.0140738		
41.39		0.0140661		
41.4		0.0140585		
41.41		0.0140509		
41.42		0.0140433		
41.43		0.0140357		
41.44		0.0140281		
41.45		0.0140205		
41.46		0.0140129		
41.47		0.0140054		
41.48		0.0139978		
41.49		0.0139902		
41.5		0.0139827		
41.51		0.0139751		
41.52		0.0139676		
41.53		0.01396		
41.54		0.0139525		
41.55		0.013945		
41.56		0.0139374		
41.57		0.0139299		
41.58		0.0139224		
41.59		0.0139149		
41.6		0.0139074		
41.61		0.0138999		
41.62		0.0138924		
41.63		0.0138849		
41.64		0.0138775		
41.65		0.01387		
41.66		0.0138625		
41.67		0.0138551		
41.68		0.0138476		
41.69		0.0138402		
41.7		0.0138327		
41.71		0.0138253		
41.72		0.0138178		
41.73		0.0138104		
41.74		0.013803		
41.75		0.0137956		
41.76		0.0137882		
41.77		0.0137808		
41.78		0.0137734		
41.79		0.013766		
41.8		0.0137586		
41.81		0.0137512		
41.82		0.0137438		
41.83		0.0137365		
41.84		0.0137291		
41.85		0.0137218		
41.86		0.0137144		
41.87		0.0137071		
41.88		0.0136997		
41.89		0.0136924		
41.9		0.0136851		
41.91		0.0136777		
41.92		0.0136704		
41.93		0.0136631		
41.94		0.0136558		
41.95		0.0136485		
41.96		0.0136412		
41.97		0.0136339		
41.98		0.0136266		
41.99		0.0136193		
42		0.0136121		
42.01		0.0136048		
42.02		0.0135975		
42.03		0.0135903		
42.04		0.013583		
42.05		0.0135758		
42.06		0.0135686		
42.07		0.0135613		
42.08		0.0135541		
42.09		0.0135469		
42.1		0.0135396		
42.11		0.0135324		
42.12		0.0135252		
42.13		0.013518		
42.14		0.0135108		
42.15		0.0135036		
42.16		0.0134965		
42.17		0.0134893		
42.18		0.0134821		
42.19		0.0134749		
42.2		0.0134678		
42.21		0.0134606		
42.22		0.0134535		
42.23		0.0134463		
42.24		0.0134392		
42.25		0.0134321		
42.26		0.0134249		
42.27		0.0134178		
42.28		0.0134107		
42.29		0.0134036		
42.3		0.0133965		
42.31		0.0133894		
42.32		0.0133823		
42.33		0.0133752		
42.34		0.0133681		
42.35		0.013361		
42.36		0.0133539		
42.37		0.0133469		
42.38		0.0133398		
42.39		0.0133327		
42.4		0.0133257		
42.41		0.0133186		
42.42		0.0133116		
42.43		0.0133046		
42.44		0.0132975		
42.45		0.0132905		
42.46		0.0132835		
42.47		0.0132765		
42.48		0.0132694		
42.49		0.0132624		
42.5		0.0132554		
42.51		0.0132484		
42.52		0.0132415		
42.53		0.0132345		
42.54		0.0132275		
42.55		0.0132205		
42.56		0.0132135		
42.57		0.0132066		
42.58		0.0131996		
42.59		0.0131927		
42.6		0.0131857		
42.61		0.0131788		
42.62		0.0131718		
42.63		0.0131649		
42.64		0.013158		
42.65		0.0131511		
42.66		0.0131442		
42.67		0.0131372		
42.68		0.0131303		
42.69		0.0131234		
42.7		0.0131165		
42.71		0.0131097		
42.72		0.0131028		
42.73		0.0130959		
42.74		0.013089		
42.75		0.0130821		
42.76		0.0130753		
42.77		0.0130684		
42.78		0.0130616		
42.79		0.0130547		
42.8		0.0130479		
42.81		0.013041		
42.82		0.0130342		
42.83		0.0130274		
42.84		0.0130206		
42.85		0.0130137		
42.86		0.0130069		
42.87		0.0130001		
42.88		0.0129933		
42.89		0.0129865		
42.9		0.0129797		
42.91		0.012973		
42.92		0.0129662		
42.93		0.0129594		
42.94		0.0129526		
42.95		0.0129459		
42.96		0.0129391		
42.97		0.0129323		
42.98		0.0129256		
42.99		0.0129188		
43		0.0129121		
43.01		0.0129054		
43.02		0.0128986		
43.03		0.0128919		
43.04		0.0128852		
43.05		0.0128785		
43.06		0.0128718		
43.07		0.0128651		
43.08		0.0128584		
43.09		0.0128517		
43.1		0.012845		
43.11		0.0128383		
43.12		0.0128316		
43.13		0.0128249		
43.14		0.0128183		
43.15		0.0128116		
43.16		0.0128049		
43.17		0.0127983		
43.18		0.0127916		
43.19		0.012785		
43.2		0.0127784		
43.21		0.0127717		
43.22		0.0127651		
43.23		0.0127585		
43.24		0.0127518		
43.25		0.0127452		
43.26		0.0127386		
43.27		0.012732		
43.28		0.0127254		
43.29		0.0127188		
43.3		0.0127122		
43.31		0.0127056		
43.32		0.0126991		
43.33		0.0126925		
43.34		0.0126859		
43.35		0.0126794		
43.36		0.0126728		
43.37		0.0126662		
43.38		0.0126597		
43.39		0.0126531		
43.4		0.0126466		
43.41		0.0126401		
43.42		0.0126335		
43.43		0.012627		
43.44		0.0126205		
43.45		0.012614		
43.46		0.0126075		
43.47		0.0126009		
43.48		0.0125944		
43.49		0.0125879		
43.5		0.0125815		
43.51		0.012575		
43.52		0.0125685		
43.53		0.012562		
43.54		0.0125555		
43.55		0.0125491		
43.56		0.0125426		
43.57		0.0125361		
43.58		0.0125297		
43.59		0.0125232		
43.6		0.0125168		
43.61		0.0125104		
43.62		0.0125039		
43.63		0.0124975		
43.64		0.0124911		
43.65		0.0124846		
43.66		0.0124782		
43.67		0.0124718		
43.68		0.0124654		
43.69		0.012459		
43.7		0.0124526		
43.71		0.0124462		
43.72		0.0124398		
43.73		0.0124334		
43.74		0.0124271		
43.75		0.0124207		
43.76		0.0124143		
43.77		0.012408		
43.78		0.0124016		
43.79		0.0123953		
43.8		0.0123889		
43.81		0.0123826		
43.82		0.0123762		
43.83		0.0123699		
43.84		0.0123635		
43.85		0.0123572		
43.86		0.0123509		
43.87		0.0123446		
43.88		0.0123383		
43.89		0.012332		
43.9		0.0123257		
43.91		0.0123194		
43.92		0.0123131		
43.93		0.0123068		
43.94		0.0123005		
43.95		0.0122942		
43.96		0.0122879		
43.97		0.0122817		
43.98		0.0122754		
43.99		0.0122691		
44		0.0122629		
44.01		0.0122566		
44.02		0.0122504		
44.03		0.0122441		
44.04		0.0122379		
44.05		0.0122317		
44.06		0.0122254		
44.07		0.0122192		
44.08		0.012213		
44.09		0.0122068		
44.1		0.0122006		
44.11		0.0121944		
44.12		0.0121882		
44.13		0.012182		
44.14		0.0121758		
44.15		0.0121696		
44.16		0.0121634		
44.17		0.0121572		
44.18		0.0121511		
44.19		0.0121449		
44.2		0.0121387		
44.21		0.0121326		
44.22		0.0121264		
44.23		0.0121203		
44.24		0.0121141		
44.25		0.012108		
44.26		0.0121018		
44.27		0.0120957		
44.28		0.0120896		
44.29		0.0120834		
44.3		0.0120773		
44.31		0.0120712		
44.32		0.0120651		
44.33		0.012059		
44.34		0.0120529		
44.35		0.0120468		
44.36		0.0120407		
44.37		0.0120346		
44.38		0.0120285		
44.39		0.0120224		
44.4		0.0120164		
44.41		0.0120103		
44.42		0.0120042		
44.43		0.0119982		
44.44		0.0119921		
44.45		0.011986		
44.46		0.01198		
44.47		0.011974		
44.48		0.0119679		
44.49		0.0119619		
44.5		0.0119558		
44.51		0.0119498		
44.52		0.0119438		
44.53		0.0119378		
44.54		0.0119318		
44.55		0.0119258		
44.56		0.0119198		
44.57		0.0119138		
44.58		0.0119078		
44.59		0.0119018		
44.6		0.0118958		
44.61		0.0118898		
44.62		0.0118838		
44.63		0.0118778		
44.64		0.0118719		
44.65		0.0118659		
44.66		0.0118599		
44.67		0.011854		
44.68		0.011848		
44.69		0.0118421		
44.7		0.0118361		
44.71		0.0118302		
44.72		0.0118243		
44.73		0.0118183		
44.74		0.0118124		
44.75		0.0118065		
44.76		0.0118006		
44.77		0.0117946		
44.78		0.0117887		
44.79		0.0117828		
44.8		0.0117769		
44.81		0.011771		
44.82		0.0117651		
44.83		0.0117593		
44.84		0.0117534		
44.85		0.0117475		
44.86		0.0117416		
44.87		0.0117357		
44.88		0.0117299		
44.89		0.011724		
44.9		0.0117182		
44.91		0.0117123		
44.92		0.0117065		
44.93		0.0117006		
44.94		0.0116948		
44.95		0.0116889		
44.96		0.0116831		
44.97		0.0116773		
44.98		0.0116714		
44.99		0.0116656		
45		0.0116598		
45.01		0.011654		
45.02		0.0116482		
45.03		0.0116424		
45.04		0.0116366		
45.05		0.0116308		
45.06		0.011625		
45.07		0.0116192		
45.08		0.0116134		
45.09		0.0116076		
45.1		0.0116019		
45.11		0.0115961		
45.12		0.0115903		
45.13		0.0115846		
45.14		0.0115788		
45.15		0.0115731		
45.16		0.0115673		
45.17		0.0115616		
45.18		0.0115558		
45.19		0.0115501		
45.2		0.0115443		
45.21		0.0115386		
45.22		0.0115329		
45.23		0.0115272		
45.24		0.0115215		
45.25		0.0115157		
45.26		0.01151		
45.27		0.0115043		
45.28		0.0114986		
45.29		0.0114929		
45.3		0.0114872		
45.31		0.0114816		
45.32		0.0114759		
45.33		0.0114702		
45.34		0.0114645		
45.35		0.0114588		
45.36		0.0114532		
45.37		0.0114475		
45.38		0.0114419		
45.39		0.0114362		
45.4		0.0114305		
45.41		0.0114249		
45.42		0.0114193		
45.43		0.0114136		
45.44		0.011408		
45.45		0.0114023		
45.46		0.0113967		
45.47		0.0113911		
45.48		0.0113855		
45.49		0.0113799		
45.5		0.0113742		
45.51		0.0113686		
45.52		0.011363		
45.53		0.0113574		
45.54		0.0113518		
45.55		0.0113463		
45.56		0.0113407		
45.57		0.0113351		
45.58		0.0113295		
45.59		0.0113239		
45.6		0.0113184		
45.61		0.0113128		
45.62		0.0113072		
45.63		0.0113017		
45.64		0.0112961		
45.65		0.0112906		
45.66		0.011285		
45.67		0.0112795		
45.68		0.0112739		
45.69		0.0112684		
45.7		0.0112629		
45.71		0.0112573		
45.72		0.0112518		
45.73		0.0112463		
45.74		0.0112408		
45.75		0.0112353		
45.76		0.0112297		
45.77		0.0112242		
45.78		0.0112187		
45.79		0.0112132		
45.8		0.0112078		
45.81		0.0112023		
45.82		0.0111968		
45.83		0.0111913		
45.84		0.0111858		
45.85		0.0111804		
45.86		0.0111749		
45.87		0.0111694		
45.88		0.011164		
45.89		0.0111585		
45.9		0.011153		
45.91		0.0111476		
45.92		0.0111421		
45.93		0.0111367		
45.94		0.0111313		
45.95		0.0111258		
45.96		0.0111204		
45.97		0.011115		
45.98		0.0111095		
45.99		0.0111041		
46		0.0110987		
46.01		0.0110933		
46.02		0.0110879		
46.03		0.0110825		
46.04		0.0110771		
46.05		0.0110717		
46.06		0.0110663		
46.07		0.0110609		
46.08		0.0110555		
46.09		0.0110501		
46.1		0.0110448		
46.11		0.0110394		
46.12		0.011034		
46.13		0.0110287		
46.14		0.0110233		
46.15		0.0110179		
46.16		0.0110126		
46.17		0.0110072		
46.18		0.0110019		
46.19		0.0109965		
46.2		0.0109912		
46.21		0.0109859		
46.22		0.0109805		
46.23		0.0109752		
46.24		0.0109699		
46.25		0.0109646		
46.26		0.0109592		
46.27		0.0109539		
46.28		0.0109486		
46.29		0.0109433		
46.3		0.010938		
46.31		0.0109327		
46.32		0.0109274		
46.33		0.0109221		
46.34		0.0109168		
46.35		0.0109116		
46.36		0.0109063		
46.37		0.010901		
46.38		0.0108957		
46.39		0.0108905		
46.4		0.0108852		
46.41		0.0108799		
46.42		0.0108747		
46.43		0.0108694		
46.44		0.0108642		
46.45		0.0108589		
46.46		0.0108537		
46.47		0.0108484		
46.48		0.0108432		
46.49		0.010838		
46.5		0.0108327		
46.51		0.0108275		
46.52		0.0108223		
46.53		0.0108171		
46.54		0.0108119		
46.55		0.0108067		
46.56		0.0108015		
46.57		0.0107962		
46.58		0.0107911		
46.59		0.0107859		
46.6		0.0107807		
46.61		0.0107755		
46.62		0.0107703		
46.63		0.0107651		
46.64		0.0107599		
46.65		0.0107548		
46.66		0.0107496		
46.67		0.0107444		
46.68		0.0107393		
46.69		0.0107341		
46.7		0.0107289		
46.71		0.0107238		
46.72		0.0107186		
46.73		0.0107135		
46.74		0.0107084		
46.75		0.0107032		
46.76		0.0106981		
46.77		0.010693		
46.78		0.0106878		
46.79		0.0106827		
46.8		0.0106776		
46.81		0.0106725		
46.82		0.0106674		
46.83		0.0106622		
46.84		0.0106571		
46.85		0.010652		
46.86		0.0106469		
46.87		0.0106418		
46.88		0.0106367		
46.89		0.0106317		
46.9		0.0106266		
46.91		0.0106215		
46.92		0.0106164		
46.93		0.0106113		
46.94		0.0106063		
46.95		0.0106012		
46.96		0.0105961		
46.97		0.0105911		
46.98		0.010586		
46.99		0.010581		
47		0.0105759		
47.01		0.0105709		
47.02		0.0105658		
47.03		0.0105608		
47.04		0.0105558		
47.05		0.0105507		
47.06		0.0105457		
47.07		0.0105407		
47.08		0.0105356		
47.09		0.0105306		
47.1		0.0105256		
47.11		0.0105206		
47.12		0.0105156		
47.13		0.0105106		
47.14		0.0105056		
47.15		0.0105006		
47.16		0.0104956		
47.17		0.0104906		
47.18		0.0104856		
47.19		0.0104806		
47.2		0.0104757		
47.21		0.0104707		
47.22		0.0104657		
47.23		0.0104607		
47.24		0.0104558		
47.25		0.0104508		
47.26		0.0104458		
47.27		0.0104409		
47.28		0.0104359		
47.29		0.010431		
47.3		0.010426		
47.31		0.0104211		
47.32		0.0104162		
47.33		0.0104112		
47.34		0.0104063		
47.35		0.0104014		
47.36		0.0103964		
47.37		0.0103915		
47.38		0.0103866		
47.39		0.0103817		
47.4		0.0103768		
47.41		0.0103719		
47.42		0.010367		
47.43		0.0103621		
47.44		0.0103572		
47.45		0.0103523		
47.46		0.0103474		
47.47		0.0103425		
47.48		0.0103376		
47.49		0.0103327		
47.5		0.0103278		
47.51		0.010323		
47.52		0.0103181		
47.53		0.0103132		
47.54		0.0103084		
47.55		0.0103035		
47.56		0.0102986		
47.57		0.0102938		
47.58		0.0102889		
47.59		0.0102841		
47.6		0.0102792		
47.61		0.0102744		
47.62		0.0102695		
47.63		0.0102647		
47.64		0.0102599		
47.65		0.0102551		
47.66		0.0102502		
47.67		0.0102454		
47.68		0.0102406		
47.69		0.0102358		
47.7		0.010231		
47.71		0.0102261		
47.72		0.0102213		
47.73		0.0102165		
47.74		0.0102117		
47.75		0.0102069		
47.76		0.0102022		
47.77		0.0101974		
47.78		0.0101926		
47.79		0.0101878		
47.8		0.010183		
47.81		0.0101782		
47.82		0.0101735		
47.83		0.0101687		
47.84		0.0101639		
47.85		0.0101592		
47.86		0.0101544		
47.87		0.0101496		
47.88		0.0101449		
47.89		0.0101401		
47.9		0.0101354		
47.91		0.0101306		
47.92		0.0101259		
47.93		0.0101212		
47.94		0.0101164		
47.95		0.0101117		
47.96		0.010107		
47.97		0.0101023		
47.98		0.0100975		
47.99		0.0100928		
48		0.0100881		
48.01		0.0100834		
48.02		0.0100787		
48.03		0.010074		
48.04		0.0100693		
48.05		0.0100646		
48.06		0.0100599		
48.07		0.0100552		
48.08		0.0100505		
48.09		0.0100458		
48.1		0.0100411		
48.11		0.0100364		
48.12		0.0100318		
48.13		0.0100271		
48.14		0.0100224		
48.15		0.0100178		
48.16		0.0100131		
48.17		0.0100084		
48.18		0.0100038		
48.19		0.00999911		
48.2		0.00999446		
48.21		0.00998981		
48.22		0.00998517		
48.23		0.00998053		
48.24		0.00997589		
48.25		0.00997125		
48.26		0.00996662		
48.27		0.00996199		
48.28		0.00995736		
48.29		0.00995274		
48.3		0.00994812		
48.31		0.0099435		
48.32		0.00993889		
48.33		0.00993427		
48.34		0.00992967		
48.35		0.00992506		
48.36		0.00992046		
48.37		0.00991586		
48.38		0.00991126		
48.39		0.00990667		
48.4		0.00990208		
48.41		0.0098975		
48.42		0.00989291		
48.43		0.00988833		
48.44		0.00988376		
48.45		0.00987918		
48.46		0.00987461		
48.47		0.00987004		
48.48		0.00986548		
48.49		0.00986092		
48.5		0.00985636		
48.51		0.0098518		
48.52		0.00984725		
48.53		0.0098427		
48.54		0.00983815		
48.55		0.00983361		
48.56		0.00982907		
48.57		0.00982453		
48.58		0.00982		
48.59		0.00981547		
48.6		0.00981094		
48.61		0.00980641		
48.62		0.00980189		
48.63		0.00979737		
48.64		0.00979286		
48.65		0.00978834		
48.66		0.00978383		
48.67		0.00977932		
48.68		0.00977482		
48.69		0.00977032		
48.7		0.00976582		
48.71		0.00976133		
48.72		0.00975683		
48.73		0.00975235		
48.74		0.00974786		
48.75		0.00974338		
48.76		0.0097389		
48.77		0.00973442		
48.78		0.00972995		
48.79		0.00972547		
48.8		0.00972101		
48.81		0.00971654		
48.82		0.00971208		
48.83		0.00970762		
48.84		0.00970316		
48.85		0.00969871		
48.86		0.00969426		
48.87		0.00968981		
48.88		0.00968537		
48.89		0.00968093		
48.9		0.00967649		
48.91		0.00967205		
48.92		0.00966762		
48.93		0.00966319		
48.94		0.00965876		
48.95		0.00965434		
48.96		0.00964992		
48.97		0.0096455		
48.98		0.00964109		
48.99		0.00963668		
49		0.00963227		
49.01		0.00962786		
49.02		0.00962346		
49.03		0.00961906		
49.04		0.00961466		
49.05		0.00961027		
49.06		0.00960587		
49.07		0.00960149		
49.08		0.0095971		
49.09		0.00959272		
49.1		0.00958834		
49.11		0.00958396		
49.12		0.00957959		
49.13		0.00957522		
49.14		0.00957085		
49.15		0.00956648		
49.16		0.00956212		
49.17		0.00955776		
49.18		0.0095534		
49.19		0.00954905		
49.2		0.0095447		
49.21		0.00954035		
49.22		0.00953601		
49.23		0.00953166		
49.24		0.00952732		
49.25		0.00952299		
49.26		0.00951865		
49.27		0.00951432		
49.28		0.00950999		
49.29		0.00950567		
49.3		0.00950135		
49.31		0.00949703		
49.32		0.00949271		
49.33		0.0094884		
49.34		0.00948409		
49.35		0.00947978		
49.36		0.00947547		
49.37		0.00947117		
49.38		0.00946687		
49.39		0.00946258		
49.4		0.00945828		
49.41		0.00945399		
49.42		0.0094497		
49.43		0.00944542		
49.44		0.00944113		
49.45		0.00943685		
49.46		0.00943258		
49.47		0.0094283		
49.48		0.00942403		
49.49		0.00941976		
49.5		0.0094155		
49.51		0.00941124		
49.52		0.00940698		
49.53		0.00940272		
49.54		0.00939846		
49.55		0.00939421		
49.56		0.00938996		
49.57		0.00938572		
49.58		0.00938147		
49.59		0.00937723		
49.6		0.009373		
49.61		0.00936876		
49.62		0.00936453		
49.63		0.0093603		
49.64		0.00935607		
49.65		0.00935185		
49.66		0.00934763		
49.67		0.00934341		
49.68		0.0093392		
49.69		0.00933498		
49.7		0.00933077		
49.71		0.00932657		
49.72		0.00932236		
49.73		0.00931816		
49.74		0.00931396		
49.75		0.00930976		
49.76		0.00930557		
49.77		0.00930138		
49.78		0.00929719		
49.79		0.00929301		
49.8		0.00928882		
49.81		0.00928464		
49.82		0.00928047		
49.83		0.00927629		
49.84		0.00927212		
49.85		0.00926795		
49.86		0.00926379		
49.87		0.00925962		
49.88		0.00925546		
49.89		0.0092513		
49.9		0.00924715		
49.91		0.009243		
49.92		0.00923885		
49.93		0.0092347		
49.94		0.00923056		
49.95		0.00922641		
49.96		0.00922227		
49.97		0.00921814		
49.98		0.009214		
49.99		0.00920987		
50		0.00920575		
