tau [fm]		pi [fm^-4]
0.25		342.767
0.26		327.793		
0.27		313.936		
0.28		301.076		
0.29		289.106		
0.3		277.939		
0.31		267.495		
0.32		257.706		
0.33		248.512		
0.34		239.861		
0.35		231.705		
0.36		224.005		
0.37		216.722		
0.38		209.824		
0.39		203.281		
0.4		197.067		
0.41		191.158		
0.42		185.532		
0.43		180.17		
0.44		175.053		
0.45		170.166		
0.46		165.494		
0.47		161.023		
0.48		156.74		
0.49		152.635		
0.5		148.696		
0.51		144.915		
0.52		141.281		
0.53		137.788		
0.54		134.426		
0.55		131.19		
0.56		128.072		
0.57		125.066		
0.58		122.167		
0.59		119.369		
0.6		116.667		
0.61		114.057		
0.62		111.534		
0.63		109.095		
0.64		106.734		
0.65		104.449		
0.66		102.237		
0.67		100.093		
0.68		98.016		
0.69		96.0019		
0.7		94.0484		
0.71		92.153		
0.72		90.3132		
0.73		88.5269		
0.74		86.7918		
0.75		85.1059		
0.76		83.4674		
0.77		81.8744		
0.78		80.3251		
0.79		78.818		
0.8		77.3514		
0.81		75.9239		
0.82		74.534		
0.83		73.1804		
0.84		71.8618		
0.85		70.577		
0.86		69.3249		
0.87		68.1042		
0.88		66.9139		
0.89		65.753		
0.9		64.6206		
0.91		63.5156		
0.92		62.4372		
0.93		61.3845		
0.94		60.3568		
0.95		59.3531		
0.96		58.3729		
0.97		57.4152		
0.98		56.4795		
0.99		55.565		
1		54.6712		
1.01		53.7974		
1.02		52.943		
1.03		52.1074		
1.04		51.2901		
1.05		50.4906		
1.06		49.7083		
1.07		48.9428		
1.08		48.1936		
1.09		47.4602		
1.1		46.7422		
1.11		46.0391		
1.12		45.3506		
1.13		44.6762		
1.14		44.0157		
1.15		43.3685		
1.16		42.7344		
1.17		42.113		
1.18		41.5039		
1.19		40.907		
1.2		40.3217		
1.21		39.7479		
1.22		39.1853		
1.23		38.6335		
1.24		38.0923		
1.25		37.5614		
1.26		37.0406		
1.27		36.5297		
1.28		36.0283		
1.29		35.5363		
1.3		35.0534		
1.31		34.5794		
1.32		34.1141		
1.33		33.6573		
1.34		33.2088		
1.35		32.7683		
1.36		32.3358		
1.37		31.911		
1.38		31.4938		
1.39		31.0839		
1.4		30.6813		
1.41		30.2857		
1.42		29.8969		
1.43		29.515		
1.44		29.1395		
1.45		28.7706		
1.46		28.4079		
1.47		28.0514		
1.48		27.7009		
1.49		27.3563		
1.5		27.0174		
1.51		26.6843		
1.52		26.3566		
1.53		26.0343		
1.54		25.7174		
1.55		25.4056		
1.56		25.0989		
1.57		24.7972		
1.58		24.5003		
1.59		24.2082		
1.6		23.9208		
1.61		23.638		
1.62		23.3596		
1.63		23.0856		
1.64		22.816		
1.65		22.5505		
1.66		22.2892		
1.67		22.032		
1.68		21.7787		
1.69		21.5293		
1.7		21.2837		
1.71		21.0419		
1.72		20.8038		
1.73		20.5692		
1.74		20.3382		
1.75		20.1107		
1.76		19.8866		
1.77		19.6658		
1.78		19.4483		
1.79		19.234		
1.8		19.0228		
1.81		18.8148		
1.82		18.6098		
1.83		18.4077		
1.84		18.2086		
1.85		18.0124		
1.86		17.819		
1.87		17.6284		
1.88		17.4405		
1.89		17.2552		
1.9		17.0726		
1.91		16.8926		
1.92		16.7151		
1.93		16.5401		
1.94		16.3675		
1.95		16.1973		
1.96		16.0295		
1.97		15.864		
1.98		15.7008		
1.99		15.5399		
2		15.3811		
2.01		15.2245		
2.02		15.07		
2.03		14.9176		
2.04		14.7673		
2.05		14.619		
2.06		14.4727		
2.07		14.3283		
2.08		14.1859		
2.09		14.0453		
2.1		13.9066		
2.11		13.7697		
2.12		13.6346		
2.13		13.5013		
2.14		13.3698		
2.15		13.2399		
2.16		13.1117		
2.17		12.9852		
2.18		12.8603		
2.19		12.737		
2.2		12.6153		
2.21		12.4951		
2.22		12.3765		
2.23		12.2594		
2.24		12.1437		
2.25		12.0295		
2.26		11.9168		
2.27		11.8054		
2.28		11.6954		
2.29		11.5868		
2.3		11.4796		
2.31		11.3737		
2.32		11.269		
2.33		11.1657		
2.34		11.0636		
2.35		10.9628		
2.36		10.8632		
2.37		10.7648		
2.38		10.6677		
2.39		10.5716		
2.4		10.4768		
2.41		10.383		
2.42		10.2904		
2.43		10.1989		
2.44		10.1085		
2.45		10.0192		
2.46		9.93089		
2.47		9.84364		
2.48		9.75742		
2.49		9.67221		
2.5		9.588		
2.51		9.50477		
2.52		9.4225		
2.53		9.34119		
2.54		9.26082		
2.55		9.18138		
2.56		9.10285		
2.57		9.02521		
2.58		8.94847		
2.59		8.8726		
2.6		8.79759		
2.61		8.72343		
2.62		8.65011		
2.63		8.57762		
2.64		8.50594		
2.65		8.43507		
2.66		8.36498		
2.67		8.29568		
2.68		8.22715		
2.69		8.15938		
2.7		8.09236		
2.71		8.02608		
2.72		7.96053		
2.73		7.89569		
2.74		7.83157		
2.75		7.76815		
2.76		7.70541		
2.77		7.64336		
2.78		7.58198		
2.79		7.52127		
2.8		7.4612		
2.81		7.40179		
2.82		7.343		
2.83		7.28485		
2.84		7.22732		
2.85		7.1704		
2.86		7.11408		
2.87		7.05836		
2.88		7.00323		
2.89		6.94868		
2.9		6.8947		
2.91		6.84128		
2.92		6.78842		
2.93		6.73612		
2.94		6.68436		
2.95		6.63313		
2.96		6.58244		
2.97		6.53226		
2.98		6.48261		
2.99		6.43346		
3		6.38482		
3.01		6.33667		
3.02		6.28902		
3.03		6.24184		
3.04		6.19515		
3.05		6.14893		
3.06		6.10318		
3.07		6.05788		
3.08		6.01304		
3.09		5.96865		
3.1		5.92471		
3.11		5.8812		
3.12		5.83812		
3.13		5.79547		
3.14		5.75325		
3.15		5.71144		
3.16		5.67004		
3.17		5.62905		
3.18		5.58846		
3.19		5.54827		
3.2		5.50847		
3.21		5.46906		
3.22		5.43003		
3.23		5.39137		
3.24		5.3531		
3.25		5.31519		
3.26		5.27764		
3.27		5.24046		
3.28		5.20363		
3.29		5.16715		
3.3		5.13103		
3.31		5.09524		
3.32		5.05979		
3.33		5.02468		
3.34		4.98991		
3.35		4.95545		
3.36		4.92133		
3.37		4.88752		
3.38		4.85403		
3.39		4.82085		
3.4		4.78798		
3.41		4.75542		
3.42		4.72315		
3.43		4.69119		
3.44		4.65952		
3.45		4.62814		
3.46		4.59706		
3.47		4.56625		
3.48		4.53573		
3.49		4.50549		
3.5		4.47552		
3.51		4.44582		
3.52		4.41639		
3.53		4.38723		
3.54		4.35834		
3.55		4.3297		
3.56		4.30132		
3.57		4.27319		
3.58		4.24532		
3.59		4.21769		
3.6		4.19031		
3.61		4.16318		
3.62		4.13628		
3.63		4.10963		
3.64		4.0832		
3.65		4.05701		
3.66		4.03106		
3.67		4.00532		
3.68		3.97982		
3.69		3.95453		
3.7		3.92947		
3.71		3.90462		
3.72		3.87999		
3.73		3.85558		
3.74		3.83137		
3.75		3.80737		
3.76		3.78358		
3.77		3.76		
3.78		3.73661		
3.79		3.71343		
3.8		3.69044		
3.81		3.66765		
3.82		3.64505		
3.83		3.62264		
3.84		3.60043		
3.85		3.5784		
3.86		3.55655		
3.87		3.53489		
3.88		3.51341		
3.89		3.49211		
3.9		3.47099		
3.91		3.45005		
3.92		3.42927		
3.93		3.40868		
3.94		3.38825		
3.95		3.36799		
3.96		3.34789		
3.97		3.32797		
3.98		3.3082		
3.99		3.2886		
4		3.26916		
4.01		3.24988		
4.02		3.23075		
4.03		3.21178		
4.04		3.19296		
4.05		3.1743		
4.06		3.15578		
4.07		3.13742		
4.08		3.1192		
4.09		3.10113		
4.1		3.0832		
4.11		3.06542		
4.12		3.04778		
4.13		3.03028		
4.14		3.01292		
4.15		2.9957		
4.16		2.97861		
4.17		2.96166		
4.18		2.94484		
4.19		2.92815		
4.2		2.91159		
4.21		2.89517		
4.22		2.87887		
4.23		2.8627		
4.24		2.84665		
4.25		2.83073		
4.26		2.81494		
4.27		2.79926		
4.28		2.78371		
4.29		2.76828		
4.3		2.75296		
4.31		2.73776		
4.32		2.72268		
4.33		2.70772		
4.34		2.69287		
4.35		2.67813		
4.36		2.6635		
4.37		2.64899		
4.38		2.63458		
4.39		2.62029		
4.4		2.6061		
4.41		2.59202		
4.42		2.57804		
4.43		2.56417		
4.44		2.5504		
4.45		2.53674		
4.46		2.52318		
4.47		2.50971		
4.48		2.49635		
4.49		2.48309		
4.5		2.46992		
4.51		2.45686		
4.52		2.44389		
4.53		2.43101		
4.54		2.41823		
4.55		2.40554		
4.56		2.39295		
4.57		2.38044		
4.58		2.36803		
4.59		2.35571		
4.6		2.34348		
4.61		2.33133		
4.62		2.31928		
4.63		2.30731		
4.64		2.29542		
4.65		2.28363		
4.66		2.27191		
4.67		2.26029		
4.68		2.24874		
4.69		2.23728		
4.7		2.22589		
4.71		2.21459		
4.72		2.20337		
4.73		2.19223		
4.74		2.18117		
4.75		2.17018		
4.76		2.15927		
4.77		2.14844		
4.78		2.13769		
4.79		2.12701		
4.8		2.1164		
4.81		2.10587		
4.82		2.09541		
4.83		2.08503		
4.84		2.07472		
4.85		2.06447		
4.86		2.0543		
4.87		2.0442		
4.88		2.03417		
4.89		2.02421		
4.9		2.01431		
4.91		2.00449		
4.92		1.99473		
4.93		1.98503		
4.94		1.97541		
4.95		1.96584		
4.96		1.95635		
4.97		1.94692		
4.98		1.93755		
4.99		1.92824		
5		1.919		
5.01		1.90982		
5.02		1.9007		
5.03		1.89164		
5.04		1.88264		
5.05		1.87371		
5.06		1.86483		
5.07		1.85601		
5.08		1.84725		
5.09		1.83855		
5.1		1.8299		
5.11		1.82131		
5.12		1.81278		
5.13		1.80431		
5.14		1.79589		
5.15		1.78752		
5.16		1.77921		
5.17		1.77096		
5.18		1.76275		
5.19		1.75461		
5.2		1.74651		
5.21		1.73847		
5.22		1.73048		
5.23		1.72254		
5.24		1.71465		
5.25		1.70681		
5.26		1.69902		
5.27		1.69129		
5.28		1.6836		
5.29		1.67596		
5.3		1.66837		
5.31		1.66083		
5.32		1.65334		
5.33		1.64589		
5.34		1.63849		
5.35		1.63114		
5.36		1.62384		
5.37		1.61658		
5.38		1.60936		
5.39		1.60219		
5.4		1.59507		
5.41		1.58799		
5.42		1.58096		
5.43		1.57397		
5.44		1.56702		
5.45		1.56011		
5.46		1.55325		
5.47		1.54643		
5.48		1.53966		
5.49		1.53292		
5.5		1.52623		
5.51		1.51958		
5.52		1.51297		
5.53		1.5064		
5.54		1.49986		
5.55		1.49337		
5.56		1.48692		
5.57		1.48051		
5.58		1.47414		
5.59		1.4678		
5.6		1.46151		
5.61		1.45525		
5.62		1.44903		
5.63		1.44285		
5.64		1.4367		
5.65		1.4306		
5.66		1.42452		
5.67		1.41849		
5.68		1.41249		
5.69		1.40653		
5.7		1.4006		
5.71		1.3947		
5.72		1.38885		
5.73		1.38302		
5.74		1.37724		
5.75		1.37148		
5.76		1.36576		
5.77		1.36007		
5.78		1.35442		
5.79		1.3488		
5.8		1.34321		
5.81		1.33766		
5.82		1.33214		
5.83		1.32665		
5.84		1.32119		
5.85		1.31576		
5.86		1.31037		
5.87		1.305		
5.88		1.29967		
5.89		1.29437		
5.9		1.2891		
5.91		1.28386		
5.92		1.27865		
5.93		1.27347		
5.94		1.26832		
5.95		1.26319		
5.96		1.2581		
5.97		1.25304		
5.98		1.248		
5.99		1.243		
6		1.23802		
6.01		1.23307		
6.02		1.22815		
6.03		1.22325		
6.04		1.21839		
6.05		1.21355		
6.06		1.20874		
6.07		1.20395		
6.08		1.19919		
6.09		1.19446		
6.1		1.18976		
6.11		1.18508		
6.12		1.18043		
6.13		1.1758		
6.14		1.1712		
6.15		1.16662		
6.16		1.16207		
6.17		1.15755		
6.18		1.15305		
6.19		1.14857		
6.2		1.14412		
6.21		1.13969		
6.22		1.13529		
6.23		1.13091		
6.24		1.12656		
6.25		1.12223		
6.26		1.11792		
6.27		1.11364		
6.28		1.10938		
6.29		1.10514		
6.3		1.10092		
6.31		1.09673		
6.32		1.09256		
6.33		1.08842		
6.34		1.08429		
6.35		1.08019		
6.36		1.07611		
6.37		1.07205		
6.38		1.06801		
6.39		1.064		
6.4		1.06		
6.41		1.05603		
6.42		1.05208		
6.43		1.04815		
6.44		1.04424		
6.45		1.04035		
6.46		1.03648		
6.47		1.03263		
6.48		1.0288		
6.49		1.025		
6.5		1.02121		
6.51		1.01744		
6.52		1.01369		
6.53		1.00996		
6.54		1.00625		
6.55		1.00256		
6.56		0.998892		
6.57		0.99524		
6.58		0.991607		
6.59		0.987993		
6.6		0.984397		
6.61		0.98082		
6.62		0.977262		
6.63		0.973721		
6.64		0.970199		
6.65		0.966695		
6.66		0.963209		
6.67		0.959741		
6.68		0.95629		
6.69		0.952857		
6.7		0.949441		
6.71		0.946043		
6.72		0.942662		
6.73		0.939298		
6.74		0.935951		
6.75		0.932622		
6.76		0.929308		
6.77		0.926012		
6.78		0.922732		
6.79		0.919469		
6.8		0.916222		
6.81		0.912991		
6.82		0.909776		
6.83		0.906578		
6.84		0.903395		
6.85		0.900229		
6.86		0.897078		
6.87		0.893942		
6.88		0.890822		
6.89		0.887718		
6.9		0.884629		
6.91		0.881555		
6.92		0.878496		
6.93		0.875453		
6.94		0.872424		
6.95		0.86941		
6.96		0.866411		
6.97		0.863427		
6.98		0.860457		
6.99		0.857502		
7		0.854561		
7.01		0.851635		
7.02		0.848722		
7.03		0.845824		
7.04		0.84294		
7.05		0.84007		
7.06		0.837213		
7.07		0.834371		
7.08		0.831542		
7.09		0.828727		
7.1		0.825925		
7.11		0.823137		
7.12		0.820362		
7.13		0.8176		
7.14		0.814852		
7.15		0.812116		
7.16		0.809394		
7.17		0.806685		
7.18		0.803988		
7.19		0.801304		
7.2		0.798633		
7.21		0.795975		
7.22		0.793329		
7.23		0.790696		
7.24		0.788075		
7.25		0.785466		
7.26		0.78287		
7.27		0.780286		
7.28		0.777714		
7.29		0.775154		
7.3		0.772606		
7.31		0.77007		
7.32		0.767545		
7.33		0.765033		
7.34		0.762532		
7.35		0.760043		
7.36		0.757565		
7.37		0.755098		
7.38		0.752644		
7.39		0.7502		
7.4		0.747768		
7.41		0.745346		
7.42		0.742937		
7.43		0.740538		
7.44		0.73815		
7.45		0.735773		
7.46		0.733407		
7.47		0.731051		
7.48		0.728707		
7.49		0.726373		
7.5		0.724049		
7.51		0.721737		
7.52		0.719434		
7.53		0.717143		
7.54		0.714861		
7.55		0.71259		
7.56		0.710329		
7.57		0.708078		
7.58		0.705838		
7.59		0.703607		
7.6		0.701387		
7.61		0.699176		
7.62		0.696975		
7.63		0.694785		
7.64		0.692604		
7.65		0.690432		
7.66		0.68827		
7.67		0.686118		
7.68		0.683976		
7.69		0.681843		
7.7		0.679719		
7.71		0.677605		
7.72		0.6755		
7.73		0.673405		
7.74		0.671319		
7.75		0.669241		
7.76		0.667173		
7.77		0.665115		
7.78		0.663065		
7.79		0.661024		
7.8		0.658992		
7.81		0.656969		
7.82		0.654954		
7.83		0.652949		
7.84		0.650952		
7.85		0.648964		
7.86		0.646984		
7.87		0.645013		
7.88		0.643051		
7.89		0.641097		
7.9		0.639152		
7.91		0.637214		
7.92		0.635286		
7.93		0.633365		
7.94		0.631453		
7.95		0.629549		
7.96		0.627653		
7.97		0.625765		
7.98		0.623886		
7.99		0.622014		
8		0.62015		
8.01		0.618294		
8.02		0.616447		
8.03		0.614607		
8.04		0.612774		
8.05		0.61095		
8.06		0.609133		
8.07		0.607324		
8.08		0.605523		
8.09		0.603729		
8.1		0.601942		
8.11		0.600164		
8.12		0.598392		
8.13		0.596628		
8.14		0.594872		
8.15		0.593123		
8.16		0.591381		
8.17		0.589646		
8.18		0.587919		
8.19		0.586199		
8.2		0.584486		
8.21		0.58278		
8.22		0.581081		
8.23		0.579389		
8.24		0.577704		
8.25		0.576027		
8.26		0.574356		
8.27		0.572692		
8.28		0.571034		
8.29		0.569384		
8.3		0.567741		
8.31		0.566104		
8.32		0.564474		
8.33		0.56285		
8.34		0.561233		
8.35		0.559623		
8.36		0.558019		
8.37		0.556422		
8.38		0.554832		
8.39		0.553247		
8.4		0.55167		
8.41		0.550098		
8.42		0.548533		
8.43		0.546975		
8.44		0.545422		
8.45		0.543876		
8.46		0.542336		
8.47		0.540802		
8.48		0.539275		
8.49		0.537753		
8.5		0.536238		
8.51		0.534729		
8.52		0.533226		
8.53		0.531729		
8.54		0.530237		
8.55		0.528752		
8.56		0.527273		
8.57		0.525799		
8.58		0.524332		
8.59		0.52287		
8.6		0.521414		
8.61		0.519963		
8.62		0.518519		
8.63		0.51708		
8.64		0.515647		
8.65		0.514219		
8.66		0.512798		
8.67		0.511381		
8.68		0.509971		
8.69		0.508565		
8.7		0.507166		
8.71		0.505771		
8.72		0.504383		
8.73		0.502999		
8.74		0.501621		
8.75		0.500249		
8.76		0.498881		
8.77		0.497519		
8.78		0.496163		
8.79		0.494811		
8.8		0.493465		
8.81		0.492124		
8.82		0.490788		
8.83		0.489458		
8.84		0.488132		
8.85		0.486812		
8.86		0.485496		
8.87		0.484186		
8.88		0.482881		
8.89		0.481581		
8.9		0.480285		
8.91		0.478995		
8.92		0.47771		
8.93		0.476429		
8.94		0.475153		
8.95		0.473883		
8.96		0.472617		
8.97		0.471356		
8.98		0.470099		
8.99		0.468848		
9		0.467601		
9.01		0.466359		
9.02		0.465121		
9.03		0.463888		
9.04		0.46266		
9.05		0.461437		
9.06		0.460218		
9.07		0.459003		
9.08		0.457794		
9.09		0.456588		
9.1		0.455388		
9.11		0.454191		
9.12		0.453		
9.13		0.451812		
9.14		0.450629		
9.15		0.449451		
9.16		0.448277		
9.17		0.447107		
9.18		0.445941		
9.19		0.44478		
9.2		0.443624		
9.21		0.442471		
9.22		0.441323		
9.23		0.440179		
9.24		0.439039		
9.25		0.437903		
9.26		0.436772		
9.27		0.435644		
9.28		0.434521		
9.29		0.433402		
9.3		0.432287		
9.31		0.431176		
9.32		0.430069		
9.33		0.428967		
9.34		0.427868		
9.35		0.426773		
9.36		0.425682		
9.37		0.424596		
9.38		0.423513		
9.39		0.422434		
9.4		0.421359		
9.41		0.420288		
9.42		0.41922		
9.43		0.418157		
9.44		0.417097		
9.45		0.416041		
9.46		0.414989		
9.47		0.413941		
9.48		0.412897		
9.49		0.411856		
9.5		0.410819		
9.51		0.409786		
9.52		0.408756		
9.53		0.407731		
9.54		0.406708		
9.55		0.40569		
9.56		0.404675		
9.57		0.403663		
9.58		0.402656		
9.59		0.401652		
9.6		0.400651		
9.61		0.399654		
9.62		0.39866		
9.63		0.39767		
9.64		0.396684		
9.65		0.395701		
9.66		0.394721		
9.67		0.393745		
9.68		0.392772		
9.69		0.391803		
9.7		0.390837		
9.71		0.389875		
9.72		0.388916		
9.73		0.38796		
9.74		0.387007		
9.75		0.386058		
9.76		0.385112		
9.77		0.38417		
9.78		0.383231		
9.79		0.382295		
9.8		0.381362		
9.81		0.380433		
9.82		0.379506		
9.83		0.378583		
9.84		0.377663		
9.85		0.376747		
9.86		0.375833		
9.87		0.374923		
9.88		0.374016		
9.89		0.373111		
9.9		0.37221		
9.91		0.371313		
9.92		0.370418		
9.93		0.369526		
9.94		0.368637		
9.95		0.367752		
9.96		0.366869		
9.97		0.365989		
9.98		0.365113		
9.99		0.364239		
10		0.363368		
10.01		0.362501		
10.02		0.361636		
10.03		0.360774		
10.04		0.359915		
10.05		0.359059		
10.06		0.358206		
10.07		0.357356		
10.08		0.356508		
10.09		0.355664		
10.1		0.354822		
10.11		0.353983		
10.12		0.353147		
10.13		0.352314		
10.14		0.351484		
10.15		0.350656		
10.16		0.349831		
10.17		0.349009		
10.18		0.34819		
10.19		0.347373		
10.2		0.346559		
10.21		0.345748		
10.22		0.34494		
10.23		0.344134		
10.24		0.343331		
10.25		0.342531		
10.26		0.341733		
10.27		0.340938		
10.28		0.340145		
10.29		0.339355		
10.3		0.338568		
10.31		0.337783		
10.32		0.337001		
10.33		0.336222		
10.34		0.335445		
10.35		0.33467		
10.36		0.333898		
10.37		0.333129		
10.38		0.332362		
10.39		0.331598		
10.4		0.330836		
10.41		0.330077		
10.42		0.32932		
10.43		0.328566		
10.44		0.327814		
10.45		0.327064		
10.46		0.326317		
10.47		0.325573		
10.48		0.32483		
10.49		0.324091		
10.5		0.323353		
10.51		0.322618		
10.52		0.321886		
10.53		0.321155		
10.54		0.320428		
10.55		0.319702		
10.56		0.318979		
10.57		0.318258		
10.58		0.317539		
10.59		0.316823		
10.6		0.316109		
10.61		0.315397		
10.62		0.314688		
10.63		0.313981		
10.64		0.313276		
10.65		0.312573		
10.66		0.311873		
10.67		0.311175		
10.68		0.310479		
10.69		0.309785		
10.7		0.309094		
10.71		0.308405		
10.72		0.307717		
10.73		0.307033		
10.74		0.30635		
10.75		0.305669		
10.76		0.304991		
10.77		0.304314		
10.78		0.30364		
10.79		0.302968		
10.8		0.302298		
10.81		0.30163		
10.82		0.300965		
10.83		0.300301		
10.84		0.299639		
10.85		0.29898		
10.86		0.298322		
10.87		0.297667		
10.88		0.297014		
10.89		0.296363		
10.9		0.295713		
10.91		0.295066		
10.92		0.294421		
10.93		0.293778		
10.94		0.293136		
10.95		0.292497		
10.96		0.29186		
10.97		0.291225		
10.98		0.290591		
10.99		0.28996		
11		0.289331		
11.01		0.288703		
11.02		0.288078		
11.03		0.287454		
11.04		0.286833		
11.05		0.286213		
11.06		0.285595		
11.07		0.284979		
11.08		0.284365		
11.09		0.283753		
11.1		0.283143		
11.11		0.282534		
11.12		0.281928		
11.13		0.281323		
11.14		0.28072		
11.15		0.280119		
11.16		0.27952		
11.17		0.278922		
11.18		0.278327		
11.19		0.277733		
11.2		0.277141		
11.21		0.276551		
11.22		0.275963		
11.23		0.275376		
11.24		0.274791		
11.25		0.274208		
11.26		0.273627		
11.27		0.273048		
11.28		0.27247		
11.29		0.271894		
11.3		0.271319		
11.31		0.270747		
11.32		0.270176		
11.33		0.269607		
11.34		0.269039		
11.35		0.268474		
11.36		0.26791		
11.37		0.267347		
11.38		0.266787		
11.39		0.266228		
11.4		0.26567		
11.41		0.265115		
11.42		0.26456		
11.43		0.264008		
11.44		0.263457		
11.45		0.262908		
11.46		0.262361		
11.47		0.261815		
11.48		0.261271		
11.49		0.260728		
11.5		0.260187		
11.51		0.259648		
11.52		0.25911		
11.53		0.258574		
11.54		0.258039		
11.55		0.257506		
11.56		0.256974		
11.57		0.256444		
11.58		0.255916		
11.59		0.255389		
11.6		0.254864		
11.61		0.25434		
11.62		0.253818		
11.63		0.253297		
11.64		0.252778		
11.65		0.25226		
11.66		0.251744		
11.67		0.251229		
11.68		0.250716		
11.69		0.250204		
11.7		0.249694		
11.71		0.249185		
11.72		0.248678		
11.73		0.248172		
11.74		0.247668		
11.75		0.247165		
11.76		0.246664		
11.77		0.246164		
11.78		0.245665		
11.79		0.245168		
11.8		0.244673		
11.81		0.244179		
11.82		0.243686		
11.83		0.243194		
11.84		0.242704		
11.85		0.242216		
11.86		0.241729		
11.87		0.241243		
11.88		0.240759		
11.89		0.240276		
11.9		0.239794		
11.91		0.239314		
11.92		0.238835		
11.93		0.238357		
11.94		0.237881		
11.95		0.237406		
11.96		0.236933		
11.97		0.236461		
11.98		0.23599		
11.99		0.235521		
12		0.235053		
12.01		0.234586		
12.02		0.23412		
12.03		0.233656		
12.04		0.233193		
12.05		0.232732		
12.06		0.232272		
12.07		0.231813		
12.08		0.231355		
12.09		0.230899		
12.1		0.230444		
12.11		0.22999		
12.12		0.229537		
12.13		0.229086		
12.14		0.228636		
12.15		0.228187		
12.16		0.22774		
12.17		0.227294		
12.18		0.226849		
12.19		0.226405		
12.2		0.225962		
12.21		0.225521		
12.22		0.225081		
12.23		0.224642		
12.24		0.224205		
12.25		0.223768		
12.26		0.223333		
12.27		0.222899		
12.28		0.222466		
12.29		0.222035		
12.3		0.221604		
12.31		0.221175		
12.32		0.220747		
12.33		0.22032		
12.34		0.219895		
12.35		0.21947		
12.36		0.219047		
12.37		0.218625		
12.38		0.218204		
12.39		0.217784		
12.4		0.217365		
12.41		0.216948		
12.42		0.216531		
12.43		0.216116		
12.44		0.215702		
12.45		0.215289		
12.46		0.214877		
12.47		0.214466		
12.48		0.214056		
12.49		0.213648		
12.5		0.213241		
12.51		0.212834		
12.52		0.212429		
12.53		0.212025		
12.54		0.211622		
12.55		0.21122		
12.56		0.210819		
12.57		0.210419		
12.58		0.210021		
12.59		0.209623		
12.6		0.209227		
12.61		0.208831		
12.62		0.208437		
12.63		0.208043		
12.64		0.207651		
12.65		0.20726		
12.66		0.20687		
12.67		0.206481		
12.68		0.206092		
12.69		0.205705		
12.7		0.205319		
12.71		0.204934		
12.72		0.20455		
12.73		0.204168		
12.74		0.203786		
12.75		0.203405		
12.76		0.203025		
12.77		0.202646		
12.78		0.202268		
12.79		0.201891		
12.8		0.201515		
12.81		0.201141		
12.82		0.200767		
12.83		0.200394		
12.84		0.200022		
12.85		0.199651		
12.86		0.199281		
12.87		0.198912		
12.88		0.198544		
12.89		0.198177		
12.9		0.197811		
12.91		0.197446		
12.92		0.197082		
12.93		0.196719		
12.94		0.196357		
12.95		0.195995		
12.96		0.195635		
12.97		0.195276		
12.98		0.194917		
12.99		0.19456		
13		0.194203		
13.01		0.193848		
13.02		0.193493		
13.03		0.193139		
13.04		0.192786		
13.05		0.192434		
13.06		0.192083		
13.07		0.191733		
13.08		0.191384		
13.09		0.191036		
13.1		0.190688		
13.11		0.190342		
13.12		0.189996		
13.13		0.189652		
13.14		0.189308		
13.15		0.188965		
13.16		0.188623		
13.17		0.188282		
13.18		0.187941		
13.19		0.187602		
13.2		0.187263		
13.21		0.186926		
13.22		0.186589		
13.23		0.186253		
13.24		0.185918		
13.25		0.185584		
13.26		0.185251		
13.27		0.184918		
13.28		0.184586		
13.29		0.184256		
13.3		0.183926		
13.31		0.183597		
13.32		0.183268		
13.33		0.182941		
13.34		0.182614		
13.35		0.182288		
13.36		0.181964		
13.37		0.181639		
13.38		0.181316		
13.39		0.180994		
13.4		0.180672		
13.41		0.180351		
13.42		0.180031		
13.43		0.179712		
13.44		0.179393		
13.45		0.179076		
13.46		0.178759		
13.47		0.178443		
13.48		0.178128		
13.49		0.177813		
13.5		0.1775		
13.51		0.177187		
13.52		0.176875		
13.53		0.176564		
13.54		0.176253		
13.55		0.175943		
13.56		0.175635		
13.57		0.175326		
13.58		0.175019		
13.59		0.174712		
13.6		0.174406		
13.61		0.174101		
13.62		0.173797		
13.63		0.173493		
13.64		0.173191		
13.65		0.172889		
13.66		0.172587		
13.67		0.172287		
13.68		0.171987		
13.69		0.171688		
13.7		0.171389		
13.71		0.171092		
13.72		0.170795		
13.73		0.170499		
13.74		0.170203		
13.75		0.169909		
13.76		0.169615		
13.77		0.169322		
13.78		0.169029		
13.79		0.168737		
13.8		0.168446		
13.81		0.168156		
13.82		0.167866		
13.83		0.167577		
13.84		0.167289		
13.85		0.167002		
13.86		0.166715		
13.87		0.166429		
13.88		0.166143		
13.89		0.165859		
13.9		0.165575		
13.91		0.165291		
13.92		0.165009		
13.93		0.164727		
13.94		0.164446		
13.95		0.164165		
13.96		0.163885		
13.97		0.163606		
13.98		0.163327		
13.99		0.16305		
14		0.162772		
14.01		0.162496		
14.02		0.16222		
14.03		0.161945		
14.04		0.16167		
14.05		0.161397		
14.06		0.161123		
14.07		0.160851		
14.08		0.160579		
14.09		0.160308		
14.1		0.160037		
14.11		0.159767		
14.12		0.159498		
14.13		0.15923		
14.14		0.158962		
14.15		0.158694		
14.16		0.158428		
14.17		0.158162		
14.18		0.157896		
14.19		0.157631		
14.2		0.157367		
14.21		0.157104		
14.22		0.156841		
14.23		0.156579		
14.24		0.156317		
14.25		0.156056		
14.26		0.155796		
14.27		0.155536		
14.28		0.155277		
14.29		0.155018		
14.3		0.15476		
14.31		0.154503		
14.32		0.154246		
14.33		0.15399		
14.34		0.153735		
14.35		0.15348		
14.36		0.153226		
14.37		0.152972		
14.38		0.152719		
14.39		0.152467		
14.4		0.152215		
14.41		0.151963		
14.42		0.151713		
14.43		0.151463		
14.44		0.151213		
14.45		0.150964		
14.46		0.150716		
14.47		0.150468		
14.48		0.150221		
14.49		0.149974		
14.5		0.149728		
14.51		0.149483		
14.52		0.149238		
14.53		0.148994		
14.54		0.14875		
14.55		0.148507		
14.56		0.148264		
14.57		0.148022		
14.58		0.147781		
14.59		0.14754		
14.6		0.147299		
14.61		0.14706		
14.62		0.14682		
14.63		0.146582		
14.64		0.146344		
14.65		0.146106		
14.66		0.145869		
14.67		0.145633		
14.68		0.145397		
14.69		0.145161		
14.7		0.144926		
14.71		0.144692		
14.72		0.144458		
14.73		0.144225		
14.74		0.143992		
14.75		0.14376		
14.76		0.143529		
14.77		0.143298		
14.78		0.143067		
14.79		0.142837		
14.8		0.142608		
14.81		0.142379		
14.82		0.14215		
14.83		0.141922		
14.84		0.141695		
14.85		0.141468		
14.86		0.141242		
14.87		0.141016		
14.88		0.14079		
14.89		0.140566		
14.9		0.140341		
14.91		0.140117		
14.92		0.139894		
14.93		0.139671		
14.94		0.139449		
14.95		0.139227		
14.96		0.139006		
14.97		0.138785		
14.98		0.138565		
14.99		0.138345		
15		0.138126		
15.01		0.137907		
15.02		0.137689		
15.03		0.137471		
15.04		0.137254		
15.05		0.137037		
15.06		0.136821		
15.07		0.136605		
15.08		0.13639		
15.09		0.136175		
15.1		0.13596		
15.11		0.135746		
15.12		0.135533		
15.13		0.13532		
15.14		0.135108		
15.15		0.134896		
15.16		0.134684		
15.17		0.134473		
15.18		0.134263		
15.19		0.134052		
15.2		0.133843		
15.21		0.133634		
15.22		0.133425		
15.23		0.133217		
15.24		0.133009		
15.25		0.132802		
15.26		0.132595		
15.27		0.132388		
15.28		0.132182		
15.29		0.131977		
15.3		0.131772		
15.31		0.131567		
15.32		0.131363		
15.33		0.13116		
15.34		0.130956		
15.35		0.130754		
15.36		0.130551		
15.37		0.13035		
15.38		0.130148		
15.39		0.129947		
15.4		0.129747		
15.41		0.129547		
15.42		0.129347		
15.43		0.129148		
15.44		0.128949		
15.45		0.128751		
15.46		0.128553		
15.47		0.128355		
15.48		0.128158		
15.49		0.127962		
15.5		0.127765		
15.51		0.12757		
15.52		0.127374		
15.53		0.127179		
15.54		0.126985		
15.55		0.126791		
15.56		0.126597		
15.57		0.126404		
15.58		0.126211		
15.59		0.126019		
15.6		0.125827		
15.61		0.125636		
15.62		0.125444		
15.63		0.125254		
15.64		0.125063		
15.65		0.124874		
15.66		0.124684		
15.67		0.124495		
15.68		0.124306		
15.69		0.124118		
15.7		0.12393		
15.71		0.123743		
15.72		0.123556		
15.73		0.123369		
15.74		0.123183		
15.75		0.122997		
15.76		0.122812		
15.77		0.122627		
15.78		0.122442		
15.79		0.122258		
15.8		0.122074		
15.81		0.121891		
15.82		0.121708		
15.83		0.121525		
15.84		0.121343		
15.85		0.121161		
15.86		0.12098		
15.87		0.120798		
15.88		0.120618		
15.89		0.120437		
15.9		0.120258		
15.91		0.120078		
15.92		0.119899		
15.93		0.11972		
15.94		0.119542		
15.95		0.119364		
15.96		0.119186		
15.97		0.119009		
15.98		0.118832		
15.99		0.118655		
16		0.118479		
16.01		0.118303		
16.02		0.118128		
16.03		0.117953		
16.04		0.117778		
16.05		0.117604		
16.06		0.11743		
16.07		0.117257		
16.08		0.117083		
16.09		0.116911		
16.1		0.116738		
16.11		0.116566		
16.12		0.116394		
16.13		0.116223		
16.14		0.116052		
16.15		0.115881		
16.16		0.115711		
16.17		0.115541		
16.18		0.115371		
16.19		0.115202		
16.2		0.115033		
16.21		0.114865		
16.22		0.114697		
16.23		0.114529		
16.24		0.114361		
16.25		0.114194		
16.26		0.114027		
16.27		0.113861		
16.28		0.113695		
16.29		0.113529		
16.3		0.113364		
16.31		0.113199		
16.32		0.113034		
16.33		0.11287		
16.34		0.112706		
16.35		0.112542		
16.36		0.112379		
16.37		0.112216		
16.38		0.112053		
16.39		0.111891		
16.4		0.111729		
16.41		0.111567		
16.42		0.111406		
16.43		0.111245		
16.44		0.111084		
16.45		0.110924		
16.46		0.110764		
16.47		0.110604		
16.48		0.110445		
16.49		0.110286		
16.5		0.110127		
16.51		0.109969		
16.52		0.109811		
16.53		0.109653		
16.54		0.109495		
16.55		0.109338		
16.56		0.109182		
16.57		0.109025		
16.58		0.108869		
16.59		0.108713		
16.6		0.108558		
16.61		0.108403		
16.62		0.108248		
16.63		0.108093		
16.64		0.107939		
16.65		0.107785		
16.66		0.107632		
16.67		0.107478		
16.68		0.107325		
16.69		0.107173		
16.7		0.10702		
16.71		0.106868		
16.72		0.106717		
16.73		0.106565		
16.74		0.106414		
16.75		0.106263		
16.76		0.106113		
16.77		0.105963		
16.78		0.105813		
16.79		0.105663		
16.8		0.105514		
16.81		0.105365		
16.82		0.105216		
16.83		0.105068		
16.84		0.10492		
16.85		0.104772		
16.86		0.104624		
16.87		0.104477		
16.88		0.10433		
16.89		0.104184		
16.9		0.104037		
16.91		0.103891		
16.92		0.103746		
16.93		0.1036		
16.94		0.103455		
16.95		0.10331		
16.96		0.103166		
16.97		0.103021		
16.98		0.102877		
16.99		0.102734		
17		0.10259		
17.01		0.102447		
17.02		0.102304		
17.03		0.102162		
17.04		0.102019		
17.05		0.101877		
17.06		0.101736		
17.07		0.101594		
17.08		0.101453		
17.09		0.101312		
17.1		0.101171		
17.11		0.101031		
17.12		0.100891		
17.13		0.100751		
17.14		0.100612		
17.15		0.100473		
17.16		0.100334		
17.17		0.100195		
17.18		0.100057		
17.19		0.0999185		
17.2		0.0997806		
17.21		0.099643		
17.22		0.0995057		
17.23		0.0993687		
17.24		0.0992319		
17.25		0.0990954		
17.26		0.0989592		
17.27		0.0988232		
17.28		0.0986875		
17.29		0.098552		
17.3		0.0984169		
17.31		0.098282		
17.32		0.0981473		
17.33		0.0980129		
17.34		0.0978788		
17.35		0.097745		
17.36		0.0976114		
17.37		0.097478		
17.38		0.0973449		
17.39		0.0972121		
17.4		0.0970796		
17.41		0.0969472		
17.42		0.0968152		
17.43		0.0966834		
17.44		0.0965519		
17.45		0.0964206		
17.46		0.0962896		
17.47		0.0961588		
17.48		0.0960283		
17.49		0.095898		
17.5		0.095768		
17.51		0.0956382		
17.52		0.0955087		
17.53		0.0953794		
17.54		0.0952504		
17.55		0.0951217		
17.56		0.0949931		
17.57		0.0948649		
17.58		0.0947368		
17.59		0.0946091		
17.6		0.0944815		
17.61		0.0943542		
17.62		0.0942272		
17.63		0.0941004		
17.64		0.0939738		
17.65		0.0938475		
17.66		0.0937215		
17.67		0.0935956		
17.68		0.09347		
17.69		0.0933447		
17.7		0.0932196		
17.71		0.0930947		
17.72		0.0929701		
17.73		0.0928457		
17.74		0.0927215		
17.75		0.0925976		
17.76		0.0924739		
17.77		0.0923504		
17.78		0.0922272		
17.79		0.0921042		
17.8		0.0919815		
17.81		0.091859		
17.82		0.0917367		
17.83		0.0916146		
17.84		0.0914928		
17.85		0.0913712		
17.86		0.0912499		
17.87		0.0911287		
17.88		0.0910078		
17.89		0.0908872		
17.9		0.0907667		
17.91		0.0906465		
17.92		0.0905265		
17.93		0.0904067		
17.94		0.0902872		
17.95		0.0901679		
17.96		0.0900488		
17.97		0.0899299		
17.98		0.0898113		
17.99		0.0896929		
18		0.0895747		
18.01		0.0894567		
18.02		0.0893389		
18.03		0.0892214		
18.04		0.0891041		
18.05		0.088987		
18.06		0.0888701		
18.07		0.0887534		
18.08		0.088637		
18.09		0.0885208		
18.1		0.0884048		
18.11		0.088289		
18.12		0.0881734		
18.13		0.0880581		
18.14		0.0879429		
18.15		0.087828		
18.16		0.0877133		
18.17		0.0875988		
18.18		0.0874845		
18.19		0.0873704		
18.2		0.0872565		
18.21		0.0871429		
18.22		0.0870294		
18.23		0.0869162		
18.24		0.0868032		
18.25		0.0866904		
18.26		0.0865778		
18.27		0.0864654		
18.28		0.0863532		
18.29		0.0862412		
18.3		0.0861294		
18.31		0.0860179		
18.32		0.0859065		
18.33		0.0857953		
18.34		0.0856844		
18.35		0.0855736		
18.36		0.0854631		
18.37		0.0853527		
18.38		0.0852426		
18.39		0.0851327		
18.4		0.0850229		
18.41		0.0849134		
18.42		0.0848041		
18.43		0.0846949		
18.44		0.084586		
18.45		0.0844773		
18.46		0.0843687		
18.47		0.0842604		
18.48		0.0841522		
18.49		0.0840443		
18.5		0.0839366		
18.51		0.083829		
18.52		0.0837217		
18.53		0.0836145		
18.54		0.0835075		
18.55		0.0834008		
18.56		0.0832942		
18.57		0.0831878		
18.58		0.0830816		
18.59		0.0829756		
18.6		0.0828698		
18.61		0.0827642		
18.62		0.0826588		
18.63		0.0825536		
18.64		0.0824485		
18.65		0.0823437		
18.66		0.082239		
18.67		0.0821346		
18.68		0.0820303		
18.69		0.0819262		
18.7		0.0818223		
18.71		0.0817186		
18.72		0.0816151		
18.73		0.0815117		
18.74		0.0814086		
18.75		0.0813056		
18.76		0.0812028		
18.77		0.0811002		
18.78		0.0809978		
18.79		0.0808956		
18.8		0.0807935		
18.81		0.0806916		
18.82		0.08059		
18.83		0.0804885		
18.84		0.0803871		
18.85		0.080286		
18.86		0.080185		
18.87		0.0800843		
18.88		0.0799837		
18.89		0.0798832		
18.9		0.079783		
18.91		0.0796829		
18.92		0.0795831		
18.93		0.0794834		
18.94		0.0793838		
18.95		0.0792845		
18.96		0.0791853		
18.97		0.0790863		
18.98		0.0789875		
18.99		0.0788889		
19		0.0787904		
19.01		0.0786921		
19.02		0.078594		
19.03		0.078496		
19.04		0.0783983		
19.05		0.0783007		
19.06		0.0782032		
19.07		0.078106		
19.08		0.0780089		
19.09		0.077912		
19.1		0.0778152		
19.11		0.0777187		
19.12		0.0776223		
19.13		0.077526		
19.14		0.07743		
19.15		0.0773341		
19.16		0.0772384		
19.17		0.0771428		
19.18		0.0770474		
19.19		0.0769522		
19.2		0.0768572		
19.21		0.0767623		
19.22		0.0766676		
19.23		0.076573		
19.24		0.0764786		
19.25		0.0763844		
19.26		0.0762903		
19.27		0.0761964		
19.28		0.0761027		
19.29		0.0760092		
19.3		0.0759158		
19.31		0.0758225		
19.32		0.0757294		
19.33		0.0756365		
19.34		0.0755438		
19.35		0.0754512		
19.36		0.0753588		
19.37		0.0752665		
19.38		0.0751744		
19.39		0.0750824		
19.4		0.0749907		
19.41		0.074899		
19.42		0.0748076		
19.43		0.0747162		
19.44		0.0746251		
19.45		0.0745341		
19.46		0.0744433		
19.47		0.0743526		
19.48		0.0742621		
19.49		0.0741717		
19.5		0.0740815		
19.51		0.0739914		
19.52		0.0739015		
19.53		0.0738118		
19.54		0.0737222		
19.55		0.0736328		
19.56		0.0735435		
19.57		0.0734543		
19.58		0.0733654		
19.59		0.0732765		
19.6		0.0731879		
19.61		0.0730994		
19.62		0.073011		
19.63		0.0729228		
19.64		0.0728347		
19.65		0.0727468		
19.66		0.0726591		
19.67		0.0725714		
19.68		0.072484		
19.69		0.0723967		
19.7		0.0723095		
19.71		0.0722225		
19.72		0.0721356		
19.73		0.0720489		
19.74		0.0719623		
19.75		0.0718759		
19.76		0.0717897		
19.77		0.0717035		
19.78		0.0716175		
19.79		0.0715317		
19.8		0.071446		
19.81		0.0713605		
19.82		0.0712751		
19.83		0.0711898		
19.84		0.0711047		
19.85		0.0710198		
19.86		0.0709349		
19.87		0.0708503		
19.88		0.0707657		
19.89		0.0706813		
19.9		0.0705971		
19.91		0.070513		
19.92		0.070429		
19.93		0.0703452		
19.94		0.0702615		
19.95		0.070178		
19.96		0.0700946		
19.97		0.0700113		
19.98		0.0699282		
19.99		0.0698453		
20		0.0697624		
20.01		0.0696797		
20.02		0.0695972		
20.03		0.0695147		
20.04		0.0694325		
20.05		0.0693503		
20.06		0.0692683		
20.07		0.0691864		
20.08		0.0691047		
20.09		0.0690231		
20.1		0.0689417		
20.11		0.0688603		
20.12		0.0687792		
20.13		0.0686981		
20.14		0.0686172		
20.15		0.0685364		
20.16		0.0684558		
20.17		0.0683753		
20.18		0.0682949		
20.19		0.0682146		
20.2		0.0681345		
20.21		0.0680546		
20.22		0.0679747		
20.23		0.067895		
20.24		0.0678154		
20.25		0.067736		
20.26		0.0676567		
20.27		0.0675775		
20.28		0.0674984		
20.29		0.0674195		
20.3		0.0673407		
20.31		0.0672621		
20.32		0.0671835		
20.33		0.0671051		
20.34		0.0670269		
20.35		0.0669487		
20.36		0.0668707		
20.37		0.0667928		
20.38		0.0667151		
20.39		0.0666375		
20.4		0.06656		
20.41		0.0664826		
20.42		0.0664054		
20.43		0.0663282		
20.44		0.0662513		
20.45		0.0661744		
20.46		0.0660977		
20.47		0.0660211		
20.48		0.0659446		
20.49		0.0658682		
20.5		0.065792		
20.51		0.0657159		
20.52		0.0656399		
20.53		0.065564		
20.54		0.0654883		
20.55		0.0654127		
20.56		0.0653372		
20.57		0.0652618		
20.58		0.0651866		
20.59		0.0651115		
20.6		0.0650365		
20.61		0.0649616		
20.62		0.0648869		
20.63		0.0648122		
20.64		0.0647377		
20.65		0.0646633		
20.66		0.0645891		
20.67		0.0645149		
20.68		0.0644409		
20.69		0.064367		
20.7		0.0642932		
20.71		0.0642195		
20.72		0.064146		
20.73		0.0640726		
20.74		0.0639993		
20.75		0.0639261		
20.76		0.063853		
20.77		0.06378		
20.78		0.0637072		
20.79		0.0636345		
20.8		0.0635619		
20.81		0.0634894		
20.82		0.063417		
20.83		0.0633448		
20.84		0.0632727		
20.85		0.0632006		
20.86		0.0631287		
20.87		0.063057		
20.88		0.0629853		
20.89		0.0629137		
20.9		0.0628423		
20.91		0.062771		
20.92		0.0626998		
20.93		0.0626287		
20.94		0.0625577		
20.95		0.0624868		
20.96		0.0624161		
20.97		0.0623454		
20.98		0.0622749		
20.99		0.0622045		
21		0.0621342		
21.01		0.062064		
21.02		0.0619939		
21.03		0.0619239		
21.04		0.0618541		
21.05		0.0617843		
21.06		0.0617147		
21.07		0.0616452		
21.08		0.0615758		
21.09		0.0615065		
21.1		0.0614373		
21.11		0.0613682		
21.12		0.0612992		
21.13		0.0612304		
21.14		0.0611616		
21.15		0.061093		
21.16		0.0610245		
21.17		0.060956		
21.18		0.0608877		
21.19		0.0608195		
21.2		0.0607514		
21.21		0.0606834		
21.22		0.0606155		
21.23		0.0605478		
21.24		0.0604801		
21.25		0.0604125		
21.26		0.0603451		
21.27		0.0602777		
21.28		0.0602105		
21.29		0.0601433		
21.3		0.0600763		
21.31		0.0600094		
21.32		0.0599425		
21.33		0.0598758		
21.34		0.0598092		
21.35		0.0597427		
21.36		0.0596763		
21.37		0.05961		
21.38		0.0595438		
21.39		0.0594777		
21.4		0.0594117		
21.41		0.0593459		
21.42		0.0592801		
21.43		0.0592144		
21.44		0.0591488		
21.45		0.0590833		
21.46		0.059018		
21.47		0.0589527		
21.48		0.0588875		
21.49		0.0588225		
21.5		0.0587575		
21.51		0.0586927		
21.52		0.0586279		
21.53		0.0585632		
21.54		0.0584987		
21.55		0.0584342		
21.56		0.0583699		
21.57		0.0583056		
21.58		0.0582414		
21.59		0.0581774		
21.6		0.0581134		
21.61		0.0580496		
21.62		0.0579858		
21.63		0.0579221		
21.64		0.0578586		
21.65		0.0577951		
21.66		0.0577317		
21.67		0.0576685		
21.68		0.0576053		
21.69		0.0575422		
21.7		0.0574793		
21.71		0.0574164		
21.72		0.0573536		
21.73		0.0572909		
21.74		0.0572283		
21.75		0.0571658		
21.76		0.0571034		
21.77		0.0570411		
21.78		0.0569789		
21.79		0.0569168		
21.8		0.0568548		
21.81		0.0567929		
21.82		0.0567311		
21.83		0.0566693		
21.84		0.0566077		
21.85		0.0565462		
21.86		0.0564847		
21.87		0.0564234		
21.88		0.0563621		
21.89		0.056301		
21.9		0.0562399		
21.91		0.0561789		
21.92		0.056118		
21.93		0.0560573		
21.94		0.0559966		
21.95		0.055936		
21.96		0.0558754		
21.97		0.055815		
21.98		0.0557547		
21.99		0.0556945		
22		0.0556343		
22.01		0.0555743		
22.02		0.0555143		
22.03		0.0554544		
22.04		0.0553947		
22.05		0.055335		
22.06		0.0552754		
22.07		0.0552159		
22.08		0.0551565		
22.09		0.0550971		
22.1		0.0550379		
22.11		0.0549788		
22.12		0.0549197		
22.13		0.0548607		
22.14		0.0548019		
22.15		0.0547431		
22.16		0.0546844		
22.17		0.0546258		
22.18		0.0545673		
22.19		0.0545088		
22.2		0.0544505		
22.21		0.0543922		
22.22		0.0543341		
22.23		0.054276		
22.24		0.054218		
22.25		0.0541601		
22.26		0.0541023		
22.27		0.0540446		
22.28		0.0539869		
22.29		0.0539294		
22.3		0.0538719		
22.31		0.0538145		
22.32		0.0537572		
22.33		0.0537		
22.34		0.0536429		
22.35		0.0535859		
22.36		0.0535289		
22.37		0.0534721		
22.38		0.0534153		
22.39		0.0533586		
22.4		0.053302		
22.41		0.0532455		
22.42		0.0531891		
22.43		0.0531327		
22.44		0.0530765		
22.45		0.0530203		
22.46		0.0529642		
22.47		0.0529082		
22.48		0.0528522		
22.49		0.0527964		
22.5		0.0527406		
22.51		0.052685		
22.52		0.0526294		
22.53		0.0525739		
22.54		0.0525185		
22.55		0.0524631		
22.56		0.0524079		
22.57		0.0523527		
22.58		0.0522976		
22.59		0.0522426		
22.6		0.0521877		
22.61		0.0521328		
22.62		0.0520781		
22.63		0.0520234		
22.64		0.0519688		
22.65		0.0519143		
22.66		0.0518598		
22.67		0.0518055		
22.68		0.0517512		
22.69		0.051697		
22.7		0.0516429		
22.71		0.0515889		
22.72		0.0515349		
22.73		0.0514811		
22.74		0.0514273		
22.75		0.0513736		
22.76		0.05132		
22.77		0.0512664		
22.78		0.0512129		
22.79		0.0511596		
22.8		0.0511063		
22.81		0.051053		
22.82		0.0509999		
22.83		0.0509468		
22.84		0.0508938		
22.85		0.0508409		
22.86		0.0507881		
22.87		0.0507353		
22.88		0.0506826		
22.89		0.05063		
22.9		0.0505775		
22.91		0.0505251		
22.92		0.0504727		
22.93		0.0504204		
22.94		0.0503682		
22.95		0.0503161		
22.96		0.050264		
22.97		0.0502121		
22.98		0.0501602		
22.99		0.0501083		
23		0.0500566		
23.01		0.0500049		
23.02		0.0499533		
23.03		0.0499018		
23.04		0.0498504		
23.05		0.049799		
23.06		0.0497477		
23.07		0.0496965		
23.08		0.0496454		
23.09		0.0495943		
23.1		0.0495433		
23.11		0.0494924		
23.12		0.0494416		
23.13		0.0493908		
23.14		0.0493401		
23.15		0.0492895		
23.16		0.049239		
23.17		0.0491885		
23.18		0.0491381		
23.19		0.0490878		
23.2		0.0490375		
23.21		0.0489874		
23.22		0.0489373		
23.23		0.0488872		
23.24		0.0488373		
23.25		0.0487874		
23.26		0.0487376		
23.27		0.0486879		
23.28		0.0486382		
23.29		0.0485887		
23.3		0.0485391		
23.31		0.0484897		
23.32		0.0484403		
23.33		0.048391		
23.34		0.0483418		
23.35		0.0482927		
23.36		0.0482436		
23.37		0.0481946		
23.38		0.0481456		
23.39		0.0480968		
23.4		0.048048		
23.41		0.0479993		
23.42		0.0479506		
23.43		0.047902		
23.44		0.0478535		
23.45		0.0478051		
23.46		0.0477567		
23.47		0.0477084		
23.48		0.0476602		
23.49		0.047612		
23.5		0.047564		
23.51		0.0475159		
23.52		0.047468		
23.53		0.0474201		
23.54		0.0473723		
23.55		0.0473246		
23.56		0.0472769		
23.57		0.0472293		
23.58		0.0471818		
23.59		0.0471343		
23.6		0.0470869		
23.61		0.0470396		
23.62		0.0469923		
23.63		0.0469451		
23.64		0.046898		
23.65		0.0468509		
23.66		0.046804		
23.67		0.046757		
23.68		0.0467102		
23.69		0.0466634		
23.7		0.0466167		
23.71		0.04657		
23.72		0.0465235		
23.73		0.046477		
23.74		0.0464305		
23.75		0.0463841		
23.76		0.0463378		
23.77		0.0462916		
23.78		0.0462454		
23.79		0.0461993		
23.8		0.0461532		
23.81		0.0461072		
23.82		0.0460613		
23.83		0.0460155		
23.84		0.0459697		
23.85		0.045924		
23.86		0.0458783		
23.87		0.0458327		
23.88		0.0457872		
23.89		0.0457418		
23.9		0.0456964		
23.91		0.045651		
23.92		0.0456058		
23.93		0.0455606		
23.94		0.0455154		
23.95		0.0454704		
23.96		0.0454254		
23.97		0.0453804		
23.98		0.0453356		
23.99		0.0452907		
24		0.045246		
24.01		0.0452013		
24.02		0.0451567		
24.03		0.0451121		
24.04		0.0450676		
24.05		0.0450232		
24.06		0.0449788		
24.07		0.0449345		
24.08		0.0448903		
24.09		0.0448461		
24.1		0.044802		
24.11		0.044758		
24.12		0.044714		
24.13		0.04467		
24.14		0.0446262		
24.15		0.0445824		
24.16		0.0445386		
24.17		0.0444949		
24.18		0.0444513		
24.19		0.0444078		
24.2		0.0443643		
24.21		0.0443208		
24.22		0.0442775		
24.23		0.0442342		
24.24		0.0441909		
24.25		0.0441477		
24.26		0.0441046		
24.27		0.0440615		
24.28		0.0440185		
24.29		0.0439756		
24.3		0.0439327		
24.31		0.0438899		
24.32		0.0438471		
24.33		0.0438044		
24.34		0.0437617		
24.35		0.0437192		
24.36		0.0436766		
24.37		0.0436342		
24.38		0.0435918		
24.39		0.0435494		
24.4		0.0435071		
24.41		0.0434649		
24.42		0.0434227		
24.43		0.0433806		
24.44		0.0433386		
24.45		0.0432966		
24.46		0.0432547		
24.47		0.0432128		
24.48		0.043171		
24.49		0.0431292		
24.5		0.0430875		
24.51		0.0430459		
24.52		0.0430043		
24.53		0.0429628		
24.54		0.0429213		
24.55		0.0428799		
24.56		0.0428386		
24.57		0.0427973		
24.58		0.042756		
24.59		0.0427148		
24.6		0.0426737		
24.61		0.0426327		
24.62		0.0425917		
24.63		0.0425507		
24.64		0.0425098		
24.65		0.042469		
24.66		0.0424282		
24.67		0.0423875		
24.68		0.0423468		
24.69		0.0423062		
24.7		0.0422657		
24.71		0.0422252		
24.72		0.0421847		
24.73		0.0421443		
24.74		0.042104		
24.75		0.0420637		
24.76		0.0420235		
24.77		0.0419834		
24.78		0.0419433		
24.79		0.0419032		
24.8		0.0418632		
24.81		0.0418233		
24.82		0.0417834		
24.83		0.0417436		
24.84		0.0417038		
24.85		0.0416641		
24.86		0.0416244		
24.87		0.0415848		
24.88		0.0415452		
24.89		0.0415057		
24.9		0.0414663		
24.91		0.0414269		
24.92		0.0413876		
24.93		0.0413483		
24.94		0.041309		
24.95		0.0412699		
24.96		0.0412307		
24.97		0.0411917		
24.98		0.0411527		
24.99		0.0411137		
25		0.0410748		
25.01		0.0410359		
25.02		0.0409971		
25.03		0.0409584		
25.04		0.0409197		
25.05		0.040881		
25.06		0.0408424		
25.07		0.0408039		
25.08		0.0407654		
25.09		0.040727		
25.1		0.0406886		
25.11		0.0406503		
25.12		0.040612		
25.13		0.0405738		
25.14		0.0405356		
25.15		0.0404975		
25.16		0.0404594		
25.17		0.0404214		
25.18		0.0403835		
25.19		0.0403455		
25.2		0.0403077		
25.21		0.0402699		
25.22		0.0402321		
25.23		0.0401944		
25.24		0.0401568		
25.25		0.0401191		
25.26		0.0400816		
25.27		0.0400441		
25.28		0.0400066		
25.29		0.0399692		
25.3		0.0399319		
25.31		0.0398946		
25.32		0.0398573		
25.33		0.0398201		
25.34		0.039783		
25.35		0.0397459		
25.36		0.0397089		
25.37		0.0396719		
25.38		0.0396349		
25.39		0.039598		
25.4		0.0395612		
25.41		0.0395244		
25.42		0.0394876		
25.43		0.0394509		
25.44		0.0394143		
25.45		0.0393777		
25.46		0.0393411		
25.47		0.0393046		
25.48		0.0392682		
25.49		0.0392318		
25.5		0.0391954		
25.51		0.0391591		
25.52		0.0391228		
25.53		0.0390866		
25.54		0.0390505		
25.55		0.0390144		
25.56		0.0389783		
25.57		0.0389423		
25.58		0.0389063		
25.59		0.0388704		
25.6		0.0388345		
25.61		0.0387987		
25.62		0.0387629		
25.63		0.0387272		
25.64		0.0386915		
25.65		0.0386559		
25.66		0.0386203		
25.67		0.0385848		
25.68		0.0385493		
25.69		0.0385139		
25.7		0.0384785		
25.71		0.0384431		
25.72		0.0384078		
25.73		0.0383726		
25.74		0.0383374		
25.75		0.0383022		
25.76		0.0382671		
25.77		0.038232		
25.78		0.038197		
25.79		0.038162		
25.8		0.0381271		
25.81		0.0380922		
25.82		0.0380574		
25.83		0.0380226		
25.84		0.0379879		
25.85		0.0379532		
25.86		0.0379185		
25.87		0.0378839		
25.88		0.0378494		
25.89		0.0378149		
25.9		0.0377804		
25.91		0.037746		
25.92		0.0377116		
25.93		0.0376773		
25.94		0.037643		
25.95		0.0376088		
25.96		0.0375746		
25.97		0.0375404		
25.98		0.0375063		
25.99		0.0374723		
26		0.0374383		
26.01		0.0374043		
26.02		0.0373704		
26.03		0.0373365		
26.04		0.0373027		
26.05		0.0372689		
26.06		0.0372351		
26.07		0.0372014		
26.08		0.0371678		
26.09		0.0371342		
26.1		0.0371006		
26.11		0.0370671		
26.12		0.0370336		
26.13		0.0370002		
26.14		0.0369668		
26.15		0.0369334		
26.16		0.0369001		
26.17		0.0368669		
26.18		0.0368337		
26.19		0.0368005		
26.2		0.0367674		
26.21		0.0367343		
26.22		0.0367012		
26.23		0.0366682		
26.24		0.0366353		
26.25		0.0366024		
26.26		0.0365695		
26.27		0.0365367		
26.28		0.0365039		
26.29		0.0364711		
26.3		0.0364384		
26.31		0.0364058		
26.32		0.0363732		
26.33		0.0363406		
26.34		0.0363081		
26.35		0.0362756		
26.36		0.0362431		
26.37		0.0362107		
26.38		0.0361784		
26.39		0.0361461		
26.4		0.0361138		
26.41		0.0360815		
26.42		0.0360494		
26.43		0.0360172		
26.44		0.0359851		
26.45		0.035953		
26.46		0.035921		
26.47		0.035889		
26.48		0.0358571		
26.49		0.0358252		
26.5		0.0357933		
26.51		0.0357615		
26.52		0.0357297		
26.53		0.035698		
26.54		0.0356663		
26.55		0.0356346		
26.56		0.035603		
26.57		0.0355714		
26.58		0.0355399		
26.59		0.0355084		
26.6		0.035477		
26.61		0.0354456		
26.62		0.0354142		
26.63		0.0353829		
26.64		0.0353516		
26.65		0.0353203		
26.66		0.0352891		
26.67		0.035258		
26.68		0.0352268		
26.69		0.0351957		
26.7		0.0351647		
26.71		0.0351337		
26.72		0.0351027		
26.73		0.0350718		
26.74		0.0350409		
26.75		0.03501		
26.76		0.0349792		
26.77		0.0349485		
26.78		0.0349177		
26.79		0.034887		
26.8		0.0348564		
26.81		0.0348258		
26.82		0.0347952		
26.83		0.0347647		
26.84		0.0347342		
26.85		0.0347037		
26.86		0.0346733		
26.87		0.0346429		
26.88		0.0346126		
26.89		0.0345823		
26.9		0.034552		
26.91		0.0345218		
26.92		0.0344916		
26.93		0.0344615		
26.94		0.0344313		
26.95		0.0344013		
26.96		0.0343712		
26.97		0.0343413		
26.98		0.0343113		
26.99		0.0342814		
27		0.0342515		
27.01		0.0342217		
27.02		0.0341919		
27.03		0.0341621		
27.04		0.0341324		
27.05		0.0341027		
27.06		0.034073		
27.07		0.0340434		
27.08		0.0340138		
27.09		0.0339843		
27.1		0.0339548		
27.11		0.0339253		
27.12		0.0338959		
27.13		0.0338665		
27.14		0.0338371		
27.15		0.0338078		
27.16		0.0337785		
27.17		0.0337493		
27.18		0.0337201		
27.19		0.0336909		
27.2		0.0336618		
27.21		0.0336327		
27.22		0.0336036		
27.23		0.0335746		
27.24		0.0335456		
27.25		0.0335167		
27.26		0.0334878		
27.27		0.0334589		
27.28		0.03343		
27.29		0.0334012		
27.3		0.0333725		
27.31		0.0333437		
27.32		0.033315		
27.33		0.0332864		
27.34		0.0332578		
27.35		0.0332292		
27.36		0.0332006		
27.37		0.0331721		
27.38		0.0331436		
27.39		0.0331152		
27.4		0.0330868		
27.41		0.0330584		
27.42		0.0330301		
27.43		0.0330018		
27.44		0.0329735		
27.45		0.0329453		
27.46		0.0329171		
27.47		0.0328889		
27.48		0.0328608		
27.49		0.0328327		
27.5		0.0328046		
27.51		0.0327766		
27.52		0.0327486		
27.53		0.0327207		
27.54		0.0326928		
27.55		0.0326649		
27.56		0.032637		
27.57		0.0326092		
27.58		0.0325814		
27.59		0.0325537		
27.6		0.032526		
27.61		0.0324983		
27.62		0.0324707		
27.63		0.0324431		
27.64		0.0324155		
27.65		0.032388		
27.66		0.0323605		
27.67		0.032333		
27.68		0.0323056		
27.69		0.0322782		
27.7		0.0322508		
27.71		0.0322235		
27.72		0.0321962		
27.73		0.0321689		
27.74		0.0321417		
27.75		0.0321145		
27.76		0.0320873		
27.77		0.0320602		
27.78		0.0320331		
27.79		0.032006		
27.8		0.031979		
27.81		0.031952		
27.82		0.031925		
27.83		0.0318981		
27.84		0.0318712		
27.85		0.0318443		
27.86		0.0318175		
27.87		0.0317907		
27.88		0.0317639		
27.89		0.0317372		
27.9		0.0317105		
27.91		0.0316838		
27.92		0.0316572		
27.93		0.0316306		
27.94		0.031604		
27.95		0.0315775		
27.96		0.031551		
27.97		0.0315245		
27.98		0.0314981		
27.99		0.0314717		
28		0.0314453		
28.01		0.031419		
28.02		0.0313927		
28.03		0.0313664		
28.04		0.0313402		
28.05		0.0313139		
28.06		0.0312878		
28.07		0.0312616		
28.08		0.0312355		
28.09		0.0312094		
28.1		0.0311834		
28.11		0.0311573		
28.12		0.0311314		
28.13		0.0311054		
28.14		0.0310795		
28.15		0.0310536		
28.16		0.0310277		
28.17		0.0310019		
28.18		0.0309761		
28.19		0.0309503		
28.2		0.0309246		
28.21		0.0308989		
28.22		0.0308732		
28.23		0.0308476		
28.24		0.030822		
28.25		0.0307964		
28.26		0.0307708		
28.27		0.0307453		
28.28		0.0307198		
28.29		0.0306944		
28.3		0.0306689		
28.31		0.0306435		
28.32		0.0306182		
28.33		0.0305928		
28.34		0.0305675		
28.35		0.0305423		
28.36		0.030517		
28.37		0.0304918		
28.38		0.0304666		
28.39		0.0304415		
28.4		0.0304164		
28.41		0.0303913		
28.42		0.0303662		
28.43		0.0303412		
28.44		0.0303162		
28.45		0.0302912		
28.46		0.0302663		
28.47		0.0302414		
28.48		0.0302165		
28.49		0.0301917		
28.5		0.0301668		
28.51		0.0301421		
28.52		0.0301173		
28.53		0.0300926		
28.54		0.0300679		
28.55		0.0300432		
28.56		0.0300186		
28.57		0.029994		
28.58		0.0299694		
28.59		0.0299448		
28.6		0.0299203		
28.61		0.0298958		
28.62		0.0298713		
28.63		0.0298469		
28.64		0.0298225		
28.65		0.0297981		
28.66		0.0297738		
28.67		0.0297495		
28.68		0.0297252		
28.69		0.0297009		
28.7		0.0296767		
28.71		0.0296525		
28.72		0.0296283		
28.73		0.0296042		
28.74		0.0295801		
28.75		0.029556		
28.76		0.0295319		
28.77		0.0295079		
28.78		0.0294839		
28.79		0.0294599		
28.8		0.029436		
28.81		0.0294121		
28.82		0.0293882		
28.83		0.0293643		
28.84		0.0293405		
28.85		0.0293167		
28.86		0.0292929		
28.87		0.0292692		
28.88		0.0292455		
28.89		0.0292218		
28.9		0.0291982		
28.91		0.0291745		
28.92		0.0291509		
28.93		0.0291274		
28.94		0.0291038		
28.95		0.0290803		
28.96		0.0290568		
28.97		0.0290334		
28.98		0.02901		
28.99		0.0289866		
29		0.0289632		
29.01		0.0289399		
29.02		0.0289166		
29.03		0.0288933		
29.04		0.02887		
29.05		0.0288468		
29.06		0.0288236		
29.07		0.0288005		
29.08		0.0287774		
29.09		0.0287543		
29.1		0.0287312		
29.11		0.0287082		
29.12		0.0286851		
29.13		0.0286622		
29.14		0.0286392		
29.15		0.0286163		
29.16		0.0285934		
29.17		0.0285706		
29.18		0.0285478		
29.19		0.028525		
29.2		0.0285022		
29.21		0.0284795		
29.22		0.0284568		
29.23		0.0284341		
29.24		0.0284114		
29.25		0.0283888		
29.26		0.0283663		
29.27		0.0283437		
29.28		0.0283212		
29.29		0.0282987		
29.3		0.0282762		
29.31		0.0282538		
29.32		0.0282314		
29.33		0.028209		
29.34		0.0281867		
29.35		0.0281644		
29.36		0.0281421		
29.37		0.0281199		
29.38		0.0280977		
29.39		0.0280755		
29.4		0.0280533		
29.41		0.0280312		
29.42		0.0280091		
29.43		0.0279871		
29.44		0.027965		
29.45		0.027943		
29.46		0.0279211		
29.47		0.0278991		
29.48		0.0278772		
29.49		0.0278553		
29.5		0.0278335		
29.51		0.0278117		
29.52		0.0277899		
29.53		0.0277681		
29.54		0.0277464		
29.55		0.0277247		
29.56		0.027703		
29.57		0.0276814		
29.58		0.0276598		
29.59		0.0276382		
29.6		0.0276167		
29.61		0.0275952		
29.62		0.0275737		
29.63		0.0275522		
29.64		0.0275308		
29.65		0.0275094		
29.66		0.027488		
29.67		0.0274667		
29.68		0.0274454		
29.69		0.0274241		
29.7		0.0274029		
29.71		0.0273816		
29.72		0.0273605		
29.73		0.0273393		
29.74		0.0273182		
29.75		0.0272971		
29.76		0.027276		
29.77		0.027255		
29.78		0.027234		
29.79		0.027213		
29.8		0.027192		
29.81		0.0271711		
29.82		0.0271502		
29.83		0.0271294		
29.84		0.0271085		
29.85		0.0270877		
29.86		0.027067		
29.87		0.0270462		
29.88		0.0270255		
29.89		0.0270048		
29.9		0.0269842		
29.91		0.0269635		
29.92		0.0269429		
29.93		0.0269224		
29.94		0.0269018		
29.95		0.0268813		
29.96		0.0268608		
29.97		0.0268404		
29.98		0.0268199		
29.99		0.0267995		
30		0.0267792		
30.01		0.0267588		
30.02		0.0267385		
30.03		0.0267182		
30.04		0.026698		
30.05		0.0266777		
30.06		0.0266575		
30.07		0.0266374		
30.08		0.0266172		
30.09		0.0265971		
30.1		0.026577		
30.11		0.0265569		
30.12		0.0265369		
30.13		0.0265169		
30.14		0.0264969		
30.15		0.026477		
30.16		0.0264571		
30.17		0.0264372		
30.18		0.0264173		
30.19		0.0263975		
30.2		0.0263776		
30.21		0.0263579		
30.22		0.0263381		
30.23		0.0263184		
30.24		0.0262987		
30.25		0.026279		
30.26		0.0262593		
30.27		0.0262397		
30.28		0.0262201		
30.29		0.0262006		
30.3		0.026181		
30.31		0.0261615		
30.32		0.026142		
30.33		0.0261226		
30.34		0.0261031		
30.35		0.0260837		
30.36		0.0260643		
30.37		0.026045		
30.38		0.0260256		
30.39		0.0260063		
30.4		0.0259871		
30.41		0.0259678		
30.42		0.0259486		
30.43		0.0259294		
30.44		0.0259102		
30.45		0.0258911		
30.46		0.025872		
30.47		0.0258529		
30.48		0.0258338		
30.49		0.0258148		
30.5		0.0257958		
30.51		0.0257768		
30.52		0.0257578		
30.53		0.0257389		
30.54		0.02572		
30.55		0.0257011		
30.56		0.0256822		
30.57		0.0256634		
30.58		0.0256446		
30.59		0.0256258		
30.6		0.025607		
30.61		0.0255883		
30.62		0.0255696		
30.63		0.0255509		
30.64		0.0255322		
30.65		0.0255136		
30.66		0.025495		
30.67		0.0254764		
30.68		0.0254579		
30.69		0.0254393		
30.7		0.0254208		
30.71		0.0254023		
30.72		0.0253839		
30.73		0.0253654		
30.74		0.025347		
30.75		0.0253287		
30.76		0.0253103		
30.77		0.025292		
30.78		0.0252736		
30.79		0.0252554		
30.8		0.0252371		
30.81		0.0252189		
30.82		0.0252006		
30.83		0.0251824		
30.84		0.0251643		
30.85		0.0251461		
30.86		0.025128		
30.87		0.0251099		
30.88		0.0250919		
30.89		0.0250738		
30.9		0.0250558		
30.91		0.0250378		
30.92		0.0250198		
30.93		0.0250019		
30.94		0.0249839		
30.95		0.024966		
30.96		0.0249481		
30.97		0.0249303		
30.98		0.0249124		
30.99		0.0248946		
31		0.0248768		
31.01		0.0248591		
31.02		0.0248413		
31.03		0.0248236		
31.04		0.0248059		
31.05		0.0247882		
31.06		0.0247706		
31.07		0.024753		
31.08		0.0247354		
31.09		0.0247178		
31.1		0.0247002		
31.11		0.0246827		
31.12		0.0246652		
31.13		0.0246477		
31.14		0.0246302		
31.15		0.0246128		
31.16		0.0245954		
31.17		0.024578		
31.18		0.0245606		
31.19		0.0245432		
31.2		0.0245259		
31.21		0.0245086		
31.22		0.0244913		
31.23		0.024474		
31.24		0.0244568		
31.25		0.0244396		
31.26		0.0244224		
31.27		0.0244052		
31.28		0.024388		
31.29		0.0243709		
31.3		0.0243538		
31.31		0.0243367		
31.32		0.0243196		
31.33		0.0243026		
31.34		0.0242856		
31.35		0.0242686		
31.36		0.0242516		
31.37		0.0242346		
31.38		0.0242177		
31.39		0.0242008		
31.4		0.0241839		
31.41		0.024167		
31.42		0.0241502		
31.43		0.0241333		
31.44		0.0241165		
31.45		0.0240997		
31.46		0.024083		
31.47		0.0240662		
31.48		0.0240495		
31.49		0.0240328		
31.5		0.0240161		
31.51		0.0239994		
31.52		0.0239828		
31.53		0.0239662		
31.54		0.0239496		
31.55		0.023933		
31.56		0.0239165		
31.57		0.0238999		
31.58		0.0238834		
31.59		0.0238669		
31.6		0.0238504		
31.61		0.023834		
31.62		0.0238176		
31.63		0.0238011		
31.64		0.0237847		
31.65		0.0237684		
31.66		0.023752		
31.67		0.0237357		
31.68		0.0237194		
31.69		0.0237031		
31.7		0.0236868		
31.71		0.0236706		
31.72		0.0236543		
31.73		0.0236381		
31.74		0.023622		
31.75		0.0236058		
31.76		0.0235896		
31.77		0.0235735		
31.78		0.0235574		
31.79		0.0235413		
31.8		0.0235252		
31.81		0.0235092		
31.82		0.0234932		
31.83		0.0234771		
31.84		0.0234612		
31.85		0.0234452		
31.86		0.0234292		
31.87		0.0234133		
31.88		0.0233974		
31.89		0.0233815		
31.9		0.0233656		
31.91		0.0233498		
31.92		0.0233339		
31.93		0.0233181		
31.94		0.0233023		
31.95		0.0232866		
31.96		0.0232708		
31.97		0.0232551		
31.98		0.0232393		
31.99		0.0232236		
32		0.023208		
32.01		0.0231923		
32.02		0.0231767		
32.03		0.023161		
32.04		0.0231454		
32.05		0.0231298		
32.06		0.0231143		
32.07		0.0230987		
32.08		0.0230832		
32.09		0.0230677		
32.1		0.0230522		
32.11		0.0230367		
32.12		0.0230213		
32.13		0.0230058		
32.14		0.0229904		
32.15		0.022975		
32.16		0.0229596		
32.17		0.0229443		
32.18		0.0229289		
32.19		0.0229136		
32.2		0.0228983		
32.21		0.022883		
32.22		0.0228677		
32.23		0.0228525		
32.24		0.0228372		
32.25		0.022822		
32.26		0.0228068		
32.27		0.0227916		
32.28		0.0227765		
32.29		0.0227613		
32.3		0.0227462		
32.31		0.0227311		
32.32		0.022716		
32.33		0.0227009		
32.34		0.0226859		
32.35		0.0226709		
32.36		0.0226558		
32.37		0.0226408		
32.38		0.0226259		
32.39		0.0226109		
32.4		0.0225959		
32.41		0.022581		
32.42		0.0225661		
32.43		0.0225512		
32.44		0.0225363		
32.45		0.0225215		
32.46		0.0225066		
32.47		0.0224918		
32.48		0.022477		
32.49		0.0224622		
32.5		0.0224474		
32.51		0.0224327		
32.52		0.0224179		
32.53		0.0224032		
32.54		0.0223885		
32.55		0.0223738		
32.56		0.0223591		
32.57		0.0223445		
32.58		0.0223299		
32.59		0.0223152		
32.6		0.0223006		
32.61		0.022286		
32.62		0.0222715		
32.63		0.0222569		
32.64		0.0222424		
32.65		0.0222279		
32.66		0.0222134		
32.67		0.0221989		
32.68		0.0221844		
32.69		0.02217		
32.7		0.0221555		
32.71		0.0221411		
32.72		0.0221267		
32.73		0.0221123		
32.74		0.022098		
32.75		0.0220836		
32.76		0.0220693		
32.77		0.0220549		
32.78		0.0220406		
32.79		0.0220264		
32.8		0.0220121		
32.81		0.0219978		
32.82		0.0219836		
32.83		0.0219694		
32.84		0.0219552		
32.85		0.021941		
32.86		0.0219268		
32.87		0.0219126		
32.88		0.0218985		
32.89		0.0218844		
32.9		0.0218703		
32.91		0.0218562		
32.92		0.0218421		
32.93		0.021828		
32.94		0.021814		
32.95		0.0218		
32.96		0.0217859		
32.97		0.0217719		
32.98		0.021758		
32.99		0.021744		
33		0.02173		
33.01		0.0217161		
33.02		0.0217022		
33.03		0.0216883		
33.04		0.0216744		
33.05		0.0216605		
33.06		0.0216467		
33.07		0.0216328		
33.08		0.021619		
33.09		0.0216052		
33.1		0.0215914		
33.11		0.0215776		
33.12		0.0215638		
33.13		0.0215501		
33.14		0.0215363		
33.15		0.0215226		
33.16		0.0215089		
33.17		0.0214952		
33.18		0.0214815		
33.19		0.0214679		
33.2		0.0214542		
33.21		0.0214406		
33.22		0.021427		
33.23		0.0214134		
33.24		0.0213998		
33.25		0.0213862		
33.26		0.0213727		
33.27		0.0213591		
33.28		0.0213456		
33.29		0.0213321		
33.3		0.0213186		
33.31		0.0213051		
33.32		0.0212917		
33.33		0.0212782		
33.34		0.0212648		
33.35		0.0212514		
33.36		0.0212379		
33.37		0.0212245		
33.38		0.0212112		
33.39		0.0211978		
33.4		0.0211845		
33.41		0.0211711		
33.42		0.0211578		
33.43		0.0211445		
33.44		0.0211312		
33.45		0.0211179		
33.46		0.0211047		
33.47		0.0210914		
33.48		0.0210782		
33.49		0.0210649		
33.5		0.0210517		
33.51		0.0210385		
33.52		0.0210254		
33.53		0.0210122		
33.54		0.020999		
33.55		0.0209859		
33.56		0.0209728		
33.57		0.0209597		
33.58		0.0209466		
33.59		0.0209335		
33.6		0.0209204		
33.61		0.0209074		
33.62		0.0208943		
33.63		0.0208813		
33.64		0.0208683		
33.65		0.0208553		
33.66		0.0208423		
33.67		0.0208293		
33.68		0.0208164		
33.69		0.0208034		
33.7		0.0207905		
33.71		0.0207776		
33.72		0.0207647		
33.73		0.0207518		
33.74		0.0207389		
33.75		0.0207261		
33.76		0.0207132		
33.77		0.0207004		
33.78		0.0206876		
33.79		0.0206747		
33.8		0.0206619		
33.81		0.0206492		
33.82		0.0206364		
33.83		0.0206236		
33.84		0.0206109		
33.85		0.0205982		
33.86		0.0205854		
33.87		0.0205727		
33.88		0.0205601		
33.89		0.0205474		
33.9		0.0205347		
33.91		0.0205221		
33.92		0.0205094		
33.93		0.0204968		
33.94		0.0204842		
33.95		0.0204716		
33.96		0.020459		
33.97		0.0204464		
33.98		0.0204339		
33.99		0.0204213		
34		0.0204088		
34.01		0.0203963		
34.02		0.0203838		
34.03		0.0203713		
34.04		0.0203588		
34.05		0.0203463		
34.06		0.0203338		
34.07		0.0203214		
34.08		0.020309		
34.09		0.0202965		
34.1		0.0202841		
34.11		0.0202717		
34.12		0.0202594		
34.13		0.020247		
34.14		0.0202346		
34.15		0.0202223		
34.16		0.0202099		
34.17		0.0201976		
34.18		0.0201853		
34.19		0.020173		
34.2		0.0201607		
34.21		0.0201485		
34.22		0.0201362		
34.23		0.0201239		
34.24		0.0201117		
34.25		0.0200995		
34.26		0.0200873		
34.27		0.0200751		
34.28		0.0200629		
34.29		0.0200507		
34.3		0.0200386		
34.31		0.0200264		
34.32		0.0200143		
34.33		0.0200021		
34.34		0.01999		
34.35		0.0199779		
34.36		0.0199658		
34.37		0.0199537		
34.38		0.0199417		
34.39		0.0199296		
34.4		0.0199176		
34.41		0.0199055		
34.42		0.0198935		
34.43		0.0198815		
34.44		0.0198695		
34.45		0.0198575		
34.46		0.0198456		
34.47		0.0198336		
34.48		0.0198217		
34.49		0.0198097		
34.5		0.0197978		
34.51		0.0197859		
34.52		0.019774		
34.53		0.0197621		
34.54		0.0197502		
34.55		0.0197383		
34.56		0.0197265		
34.57		0.0197146		
34.58		0.0197028		
34.59		0.019691		
34.6		0.0196791		
34.61		0.0196673		
34.62		0.0196556		
34.63		0.0196438		
34.64		0.019632		
34.65		0.0196202		
34.66		0.0196085		
34.67		0.0195968		
34.68		0.019585		
34.69		0.0195733		
34.7		0.0195616		
34.71		0.0195499		
34.72		0.0195383		
34.73		0.0195266		
34.74		0.0195149		
34.75		0.0195033		
34.76		0.0194917		
34.77		0.01948		
34.78		0.0194684		
34.79		0.0194568		
34.8		0.0194452		
34.81		0.0194337		
34.82		0.0194221		
34.83		0.0194105		
34.84		0.019399		
34.85		0.0193874		
34.86		0.0193759		
34.87		0.0193644		
34.88		0.0193529		
34.89		0.0193414		
34.9		0.0193299		
34.91		0.0193184		
34.92		0.019307		
34.93		0.0192955		
34.94		0.0192841		
34.95		0.0192727		
34.96		0.0192612		
34.97		0.0192498		
34.98		0.0192384		
34.99		0.019227		
35		0.0192157		
35.01		0.0192043		
35.02		0.0191929		
35.03		0.0191816		
35.04		0.0191703		
35.05		0.0191589		
35.06		0.0191476		
35.07		0.0191363		
35.08		0.019125		
35.09		0.0191137		
35.1		0.0191025		
35.11		0.0190912		
35.12		0.0190799		
35.13		0.0190687		
35.14		0.0190575		
35.15		0.0190462		
35.16		0.019035		
35.17		0.0190238		
35.18		0.0190126		
35.19		0.0190015		
35.2		0.0189903		
35.21		0.0189791		
35.22		0.018968		
35.23		0.0189568		
35.24		0.0189457		
35.25		0.0189346		
35.26		0.0189235		
35.27		0.0189123		
35.28		0.0189013		
35.29		0.0188902		
35.3		0.0188791		
35.31		0.018868		
35.32		0.018857		
35.33		0.0188459		
35.34		0.0188349		
35.35		0.0188239		
35.36		0.0188129		
35.37		0.0188019		
35.38		0.0187909		
35.39		0.0187799		
35.4		0.0187689		
35.41		0.0187579		
35.42		0.018747		
35.43		0.018736		
35.44		0.0187251		
35.45		0.0187142		
35.46		0.0187033		
35.47		0.0186923		
35.48		0.0186814		
35.49		0.0186706		
35.5		0.0186597		
35.51		0.0186488		
35.52		0.0186379		
35.53		0.0186271		
35.54		0.0186163		
35.55		0.0186054		
35.56		0.0185946		
35.57		0.0185838		
35.58		0.018573		
35.59		0.0185622		
35.6		0.0185514		
35.61		0.0185406		
35.62		0.0185299		
35.63		0.0185191		
35.64		0.0185083		
35.65		0.0184976		
35.66		0.0184869		
35.67		0.0184762		
35.68		0.0184654		
35.69		0.0184547		
35.7		0.018444		
35.71		0.0184334		
35.72		0.0184227		
35.73		0.018412		
35.74		0.0184014		
35.75		0.0183907		
35.76		0.0183801		
35.77		0.0183694		
35.78		0.0183588		
35.79		0.0183482		
35.8		0.0183376		
35.81		0.018327		
35.82		0.0183164		
35.83		0.0183058		
35.84		0.0182953		
35.85		0.0182847		
35.86		0.0182742		
35.87		0.0182636		
35.88		0.0182531		
35.89		0.0182426		
35.9		0.0182321		
35.91		0.0182216		
35.92		0.0182111		
35.93		0.0182006		
35.94		0.0181901		
35.95		0.0181796		
35.96		0.0181692		
35.97		0.0181587		
35.98		0.0181483		
35.99		0.0181378		
36		0.0181274		
36.01		0.018117		
36.02		0.0181066		
36.03		0.0180962		
36.04		0.0180858		
36.05		0.0180754		
36.06		0.018065		
36.07		0.0180546		
36.08		0.0180443		
36.09		0.0180339		
36.1		0.0180236		
36.11		0.0180133		
36.12		0.0180029		
36.13		0.0179926		
36.14		0.0179823		
36.15		0.017972		
36.16		0.0179617		
36.17		0.0179514		
36.18		0.0179412		
36.19		0.0179309		
36.2		0.0179206		
36.21		0.0179104		
36.22		0.0179001		
36.23		0.0178899		
36.24		0.0178797		
36.25		0.0178695		
36.26		0.0178593		
36.27		0.0178491		
36.28		0.0178389		
36.29		0.0178287		
36.3		0.0178185		
36.31		0.0178083		
36.32		0.0177982		
36.33		0.017788		
36.34		0.0177779		
36.35		0.0177678		
36.36		0.0177576		
36.37		0.0177475		
36.38		0.0177374		
36.39		0.0177273		
36.4		0.0177172		
36.41		0.0177071		
36.42		0.017697		
36.43		0.017687		
36.44		0.0176769		
36.45		0.0176669		
36.46		0.0176568		
36.47		0.0176468		
36.48		0.0176367		
36.49		0.0176267		
36.5		0.0176167		
36.51		0.0176067		
36.52		0.0175967		
36.53		0.0175867		
36.54		0.0175767		
36.55		0.0175668		
36.56		0.0175568		
36.57		0.0175468		
36.58		0.0175369		
36.59		0.0175269		
36.6		0.017517		
36.61		0.0175071		
36.62		0.0174972		
36.63		0.0174872		
36.64		0.0174773		
36.65		0.0174674		
36.66		0.0174576		
36.67		0.0174477		
36.68		0.0174378		
36.69		0.0174279		
36.7		0.0174181		
36.71		0.0174082		
36.72		0.0173984		
36.73		0.0173885		
36.74		0.0173787		
36.75		0.0173689		
36.76		0.0173591		
36.77		0.0173493		
36.78		0.0173395		
36.79		0.0173297		
36.8		0.0173199		
36.81		0.0173101		
36.82		0.0173004		
36.83		0.0172906		
36.84		0.0172809		
36.85		0.0172711		
36.86		0.0172614		
36.87		0.0172516		
36.88		0.0172419		
36.89		0.0172322		
36.9		0.0172225		
36.91		0.0172128		
36.92		0.0172031		
36.93		0.0171934		
36.94		0.0171837		
36.95		0.0171741		
36.96		0.0171644		
36.97		0.0171548		
36.98		0.0171451		
36.99		0.0171355		
37		0.0171258		
37.01		0.0171162		
37.02		0.0171066		
37.03		0.017097		
37.04		0.0170874		
37.05		0.0170778		
37.06		0.0170682		
37.07		0.0170586		
37.08		0.017049		
37.09		0.0170395		
37.1		0.0170299		
37.11		0.0170203		
37.12		0.0170108		
37.13		0.0170013		
37.14		0.0169917		
37.15		0.0169822		
37.16		0.0169727		
37.17		0.0169632		
37.18		0.0169537		
37.19		0.0169442		
37.2		0.0169347		
37.21		0.0169252		
37.22		0.0169157		
37.23		0.0169062		
37.24		0.0168968		
37.25		0.0168873		
37.26		0.0168779		
37.27		0.0168684		
37.28		0.016859		
37.29		0.0168496		
37.3		0.0168402		
37.31		0.0168307		
37.32		0.0168213		
37.33		0.0168119		
37.34		0.0168026		
37.35		0.0167932		
37.36		0.0167838		
37.37		0.0167744		
37.38		0.0167651		
37.39		0.0167557		
37.4		0.0167463		
37.41		0.016737		
37.42		0.0167277		
37.43		0.0167183		
37.44		0.016709		
37.45		0.0166997		
37.46		0.0166904		
37.47		0.0166811		
37.48		0.0166718		
37.49		0.0166625		
37.5		0.0166532		
37.51		0.016644		
37.52		0.0166347		
37.53		0.0166254		
37.54		0.0166162		
37.55		0.0166069		
37.56		0.0165977		
37.57		0.0165884		
37.58		0.0165792		
37.59		0.01657		
37.6		0.0165608		
37.61		0.0165516		
37.62		0.0165424		
37.63		0.0165332		
37.64		0.016524		
37.65		0.0165148		
37.66		0.0165056		
37.67		0.0164965		
37.68		0.0164873		
37.69		0.0164782		
37.7		0.016469		
37.71		0.0164599		
37.72		0.0164507		
37.73		0.0164416		
37.74		0.0164325		
37.75		0.0164234		
37.76		0.0164143		
37.77		0.0164052		
37.78		0.0163961		
37.79		0.016387		
37.8		0.0163779		
37.81		0.0163688		
37.82		0.0163598		
37.83		0.0163507		
37.84		0.0163416		
37.85		0.0163326		
37.86		0.0163235		
37.87		0.0163145		
37.88		0.0163055		
37.89		0.0162965		
37.9		0.0162874		
37.91		0.0162784		
37.92		0.0162694		
37.93		0.0162604		
37.94		0.0162514		
37.95		0.0162425		
37.96		0.0162335		
37.97		0.0162245		
37.98		0.0162155		
37.99		0.0162066		
38		0.0161976		
38.01		0.0161887		
38.02		0.0161797		
38.03		0.0161708		
38.04		0.0161619		
38.05		0.016153		
38.06		0.016144		
38.07		0.0161351		
38.08		0.0161262		
38.09		0.0161173		
38.1		0.0161085		
38.11		0.0160996		
38.12		0.0160907		
38.13		0.0160818		
38.14		0.016073		
38.15		0.0160641		
38.16		0.0160553		
38.17		0.0160464		
38.18		0.0160376		
38.19		0.0160287		
38.2		0.0160199		
38.21		0.0160111		
38.22		0.0160023		
38.23		0.0159935		
38.24		0.0159847		
38.25		0.0159759		
38.26		0.0159671		
38.27		0.0159583		
38.28		0.0159495		
38.29		0.0159408		
38.3		0.015932		
38.31		0.0159232		
38.32		0.0159145		
38.33		0.0159057		
38.34		0.015897		
38.35		0.0158883		
38.36		0.0158795		
38.37		0.0158708		
38.38		0.0158621		
38.39		0.0158534		
38.4		0.0158447		
38.41		0.015836		
38.42		0.0158273		
38.43		0.0158186		
38.44		0.0158099		
38.45		0.0158013		
38.46		0.0157926		
38.47		0.0157839		
38.48		0.0157753		
38.49		0.0157666		
38.5		0.015758		
38.51		0.0157494		
38.52		0.0157407		
38.53		0.0157321		
38.54		0.0157235		
38.55		0.0157149		
38.56		0.0157063		
38.57		0.0156977		
38.58		0.0156891		
38.59		0.0156805		
38.6		0.0156719		
38.61		0.0156633		
38.62		0.0156548		
38.63		0.0156462		
38.64		0.0156376		
38.65		0.0156291		
38.66		0.0156205		
38.67		0.015612		
38.68		0.0156035		
38.69		0.0155949		
38.7		0.0155864		
38.71		0.0155779		
38.72		0.0155694		
38.73		0.0155609		
38.74		0.0155524		
38.75		0.0155439		
38.76		0.0155354		
38.77		0.0155269		
38.78		0.0155184		
38.79		0.01551		
38.8		0.0155015		
38.81		0.015493		
38.82		0.0154846		
38.83		0.0154761		
38.84		0.0154677		
38.85		0.0154593		
38.86		0.0154508		
38.87		0.0154424		
38.88		0.015434		
38.89		0.0154256		
38.9		0.0154172		
38.91		0.0154088		
38.92		0.0154004		
38.93		0.015392		
38.94		0.0153836		
38.95		0.0153752		
38.96		0.0153669		
38.97		0.0153585		
38.98		0.0153501		
38.99		0.0153418		
39		0.0153334		
39.01		0.0153251		
39.02		0.0153168		
39.03		0.0153084		
39.04		0.0153001		
39.05		0.0152918		
39.06		0.0152835		
39.07		0.0152752		
39.08		0.0152669		
39.09		0.0152586		
39.1		0.0152503		
39.11		0.015242		
39.12		0.0152337		
39.13		0.0152254		
39.14		0.0152172		
39.15		0.0152089		
39.16		0.0152006		
39.17		0.0151924		
39.18		0.0151841		
39.19		0.0151759		
39.2		0.0151677		
39.21		0.0151594		
39.22		0.0151512		
39.23		0.015143		
39.24		0.0151348		
39.25		0.0151266		
39.26		0.0151184		
39.27		0.0151102		
39.28		0.015102		
39.29		0.0150938		
39.3		0.0150856		
39.31		0.0150775		
39.32		0.0150693		
39.33		0.0150611		
39.34		0.015053		
39.35		0.0150448		
39.36		0.0150367		
39.37		0.0150286		
39.38		0.0150204		
39.39		0.0150123		
39.4		0.0150042		
39.41		0.0149961		
39.42		0.0149879		
39.43		0.0149798		
39.44		0.0149717		
39.45		0.0149636		
39.46		0.0149556		
39.47		0.0149475		
39.48		0.0149394		
39.49		0.0149313		
39.5		0.0149233		
39.51		0.0149152		
39.52		0.0149071		
39.53		0.0148991		
39.54		0.014891		
39.55		0.014883		
39.56		0.014875		
39.57		0.0148669		
39.58		0.0148589		
39.59		0.0148509		
39.6		0.0148429		
39.61		0.0148349		
39.62		0.0148269		
39.63		0.0148189		
39.64		0.0148109		
39.65		0.0148029		
39.66		0.0147949		
39.67		0.0147869		
39.68		0.014779		
39.69		0.014771		
39.7		0.0147631		
39.71		0.0147551		
39.72		0.0147472		
39.73		0.0147392		
39.74		0.0147313		
39.75		0.0147234		
39.76		0.0147154		
39.77		0.0147075		
39.78		0.0146996		
39.79		0.0146917		
39.8		0.0146838		
39.81		0.0146759		
39.82		0.014668		
39.83		0.0146601		
39.84		0.0146522		
39.85		0.0146443		
39.86		0.0146365		
39.87		0.0146286		
39.88		0.0146207		
39.89		0.0146129		
39.9		0.014605		
39.91		0.0145972		
39.92		0.0145894		
39.93		0.0145815		
39.94		0.0145737		
39.95		0.0145659		
39.96		0.014558		
39.97		0.0145502		
39.98		0.0145424		
39.99		0.0145346		
40		0.0145268		
40.01		0.014519		
40.02		0.0145112		
40.03		0.0145035		
40.04		0.0144957		
40.05		0.0144879		
40.06		0.0144802		
40.07		0.0144724		
40.08		0.0144646		
40.09		0.0144569		
40.1		0.0144491		
40.11		0.0144414		
40.12		0.0144337		
40.13		0.0144259		
40.14		0.0144182		
40.15		0.0144105		
40.16		0.0144028		
40.17		0.0143951		
40.18		0.0143874		
40.19		0.0143797		
40.2		0.014372		
40.21		0.0143643		
40.22		0.0143566		
40.23		0.0143489		
40.24		0.0143413		
40.25		0.0143336		
40.26		0.0143259		
40.27		0.0143183		
40.28		0.0143106		
40.29		0.014303		
40.3		0.0142954		
40.31		0.0142877		
40.32		0.0142801		
40.33		0.0142725		
40.34		0.0142648		
40.35		0.0142572		
40.36		0.0142496		
40.37		0.014242		
40.38		0.0142344		
40.39		0.0142268		
40.4		0.0142192		
40.41		0.0142117		
40.42		0.0142041		
40.43		0.0141965		
40.44		0.0141889		
40.45		0.0141814		
40.46		0.0141738		
40.47		0.0141663		
40.48		0.0141587		
40.49		0.0141512		
40.5		0.0141436		
40.51		0.0141361		
40.52		0.0141286		
40.53		0.0141211		
40.54		0.0141135		
40.55		0.014106		
40.56		0.0140985		
40.57		0.014091		
40.58		0.0140835		
40.59		0.014076		
40.6		0.0140686		
40.61		0.0140611		
40.62		0.0140536		
40.63		0.0140461		
40.64		0.0140387		
40.65		0.0140312		
40.66		0.0140237		
40.67		0.0140163		
40.68		0.0140088		
40.69		0.0140014		
40.7		0.013994		
40.71		0.0139865		
40.72		0.0139791		
40.73		0.0139717		
40.74		0.0139643		
40.75		0.0139569		
40.76		0.0139495		
40.77		0.0139421		
40.78		0.0139347		
40.79		0.0139273		
40.8		0.0139199		
40.81		0.0139125		
40.82		0.0139051		
40.83		0.0138978		
40.84		0.0138904		
40.85		0.013883		
40.86		0.0138757		
40.87		0.0138683		
40.88		0.013861		
40.89		0.0138537		
40.9		0.0138463		
40.91		0.013839		
40.92		0.0138317		
40.93		0.0138243		
40.94		0.013817		
40.95		0.0138097		
40.96		0.0138024		
40.97		0.0137951		
40.98		0.0137878		
40.99		0.0137805		
41		0.0137732		
41.01		0.013766		
41.02		0.0137587		
41.03		0.0137514		
41.04		0.0137442		
41.05		0.0137369		
41.06		0.0137296		
41.07		0.0137224		
41.08		0.0137151		
41.09		0.0137079		
41.1		0.0137007		
41.11		0.0136934		
41.12		0.0136862		
41.13		0.013679		
41.14		0.0136718		
41.15		0.0136646		
41.16		0.0136573		
41.17		0.0136501		
41.18		0.013643		
41.19		0.0136358		
41.2		0.0136286		
41.21		0.0136214		
41.22		0.0136142		
41.23		0.013607		
41.24		0.0135999		
41.25		0.0135927		
41.26		0.0135856		
41.27		0.0135784		
41.28		0.0135713		
41.29		0.0135641		
41.3		0.013557		
41.31		0.0135498		
41.32		0.0135427		
41.33		0.0135356		
41.34		0.0135285		
41.35		0.0135214		
41.36		0.0135142		
41.37		0.0135071		
41.38		0.0135		
41.39		0.0134929		
41.4		0.0134859		
41.41		0.0134788		
41.42		0.0134717		
41.43		0.0134646		
41.44		0.0134575		
41.45		0.0134505		
41.46		0.0134434		
41.47		0.0134364		
41.48		0.0134293		
41.49		0.0134223		
41.5		0.0134152		
41.51		0.0134082		
41.52		0.0134011		
41.53		0.0133941		
41.54		0.0133871		
41.55		0.0133801		
41.56		0.0133731		
41.57		0.0133661		
41.58		0.0133591		
41.59		0.0133521		
41.6		0.0133451		
41.61		0.0133381		
41.62		0.0133311		
41.63		0.0133241		
41.64		0.0133171		
41.65		0.0133102		
41.66		0.0133032		
41.67		0.0132962		
41.68		0.0132893		
41.69		0.0132823		
41.7		0.0132754		
41.71		0.0132684		
41.72		0.0132615		
41.73		0.0132546		
41.74		0.0132476		
41.75		0.0132407		
41.76		0.0132338		
41.77		0.0132269		
41.78		0.01322		
41.79		0.0132131		
41.8		0.0132062		
41.81		0.0131993		
41.82		0.0131924		
41.83		0.0131855		
41.84		0.0131786		
41.85		0.0131718		
41.86		0.0131649		
41.87		0.013158		
41.88		0.0131512		
41.89		0.0131443		
41.9		0.0131374		
41.91		0.0131306		
41.92		0.0131238		
41.93		0.0131169		
41.94		0.0131101		
41.95		0.0131033		
41.96		0.0130964		
41.97		0.0130896		
41.98		0.0130828		
41.99		0.013076		
42		0.0130692		
42.01		0.0130624		
42.02		0.0130556		
42.03		0.0130488		
42.04		0.013042		
42.05		0.0130352		
42.06		0.0130284		
42.07		0.0130217		
42.08		0.0130149		
42.09		0.0130081		
42.1		0.0130014		
42.11		0.0129946		
42.12		0.0129879		
42.13		0.0129811		
42.14		0.0129744		
42.15		0.0129677		
42.16		0.0129609		
42.17		0.0129542		
42.18		0.0129475		
42.19		0.0129408		
42.2		0.012934		
42.21		0.0129273		
42.22		0.0129206		
42.23		0.0129139		
42.24		0.0129072		
42.25		0.0129005		
42.26		0.0128939		
42.27		0.0128872		
42.28		0.0128805		
42.29		0.0128738		
42.3		0.0128672		
42.31		0.0128605		
42.32		0.0128538		
42.33		0.0128472		
42.34		0.0128405		
42.35		0.0128339		
42.36		0.0128272		
42.37		0.0128206		
42.38		0.012814		
42.39		0.0128074		
42.4		0.0128007		
42.41		0.0127941		
42.42		0.0127875		
42.43		0.0127809		
42.44		0.0127743		
42.45		0.0127677		
42.46		0.0127611		
42.47		0.0127545		
42.48		0.0127479		
42.49		0.0127413		
42.5		0.0127348		
42.51		0.0127282		
42.52		0.0127216		
42.53		0.0127151		
42.54		0.0127085		
42.55		0.0127019		
42.56		0.0126954		
42.57		0.0126888		
42.58		0.0126823		
42.59		0.0126758		
42.6		0.0126692		
42.61		0.0126627		
42.62		0.0126562		
42.63		0.0126497		
42.64		0.0126432		
42.65		0.0126366		
42.66		0.0126301		
42.67		0.0126236		
42.68		0.0126171		
42.69		0.0126106		
42.7		0.0126042		
42.71		0.0125977		
42.72		0.0125912		
42.73		0.0125847		
42.74		0.0125783		
42.75		0.0125718		
42.76		0.0125653		
42.77		0.0125589		
42.78		0.0125524		
42.79		0.012546		
42.8		0.0125395		
42.81		0.0125331		
42.82		0.0125267		
42.83		0.0125202		
42.84		0.0125138		
42.85		0.0125074		
42.86		0.012501		
42.87		0.0124946		
42.88		0.0124881		
42.89		0.0124817		
42.9		0.0124753		
42.91		0.0124689		
42.92		0.0124626		
42.93		0.0124562		
42.94		0.0124498		
42.95		0.0124434		
42.96		0.012437		
42.97		0.0124307		
42.98		0.0124243		
42.99		0.0124179		
43		0.0124116		
43.01		0.0124052		
43.02		0.0123989		
43.03		0.0123926		
43.04		0.0123862		
43.05		0.0123799		
43.06		0.0123736		
43.07		0.0123672		
43.08		0.0123609		
43.09		0.0123546		
43.1		0.0123483		
43.11		0.012342		
43.12		0.0123357		
43.13		0.0123294		
43.14		0.0123231		
43.15		0.0123168		
43.16		0.0123105		
43.17		0.0123042		
43.18		0.0122979		
43.19		0.0122917		
43.2		0.0122854		
43.21		0.0122791		
43.22		0.0122729		
43.23		0.0122666		
43.24		0.0122604		
43.25		0.0122541		
43.26		0.0122479		
43.27		0.0122416		
43.28		0.0122354		
43.29		0.0122292		
43.3		0.0122229		
43.31		0.0122167		
43.32		0.0122105		
43.33		0.0122043		
43.34		0.0121981		
43.35		0.0121919		
43.36		0.0121857		
43.37		0.0121795		
43.38		0.0121733		
43.39		0.0121671		
43.4		0.0121609		
43.41		0.0121547		
43.42		0.0121486		
43.43		0.0121424		
43.44		0.0121362		
43.45		0.0121301		
43.46		0.0121239		
43.47		0.0121178		
43.48		0.0121116		
43.49		0.0121055		
43.5		0.0120993		
43.51		0.0120932		
43.52		0.0120871		
43.53		0.0120809		
43.54		0.0120748		
43.55		0.0120687		
43.56		0.0120626		
43.57		0.0120565		
43.58		0.0120504		
43.59		0.0120442		
43.6		0.0120382		
43.61		0.0120321		
43.62		0.012026		
43.63		0.0120199		
43.64		0.0120138		
43.65		0.0120077		
43.66		0.0120016		
43.67		0.0119956		
43.68		0.0119895		
43.69		0.0119835		
43.7		0.0119774		
43.71		0.0119713		
43.72		0.0119653		
43.73		0.0119592		
43.74		0.0119532		
43.75		0.0119472		
43.76		0.0119411		
43.77		0.0119351		
43.78		0.0119291		
43.79		0.0119231		
43.8		0.0119171		
43.81		0.011911		
43.82		0.011905		
43.83		0.011899		
43.84		0.011893		
43.85		0.011887		
43.86		0.011881		
43.87		0.0118751		
43.88		0.0118691		
43.89		0.0118631		
43.9		0.0118571		
43.91		0.0118512		
43.92		0.0118452		
43.93		0.0118392		
43.94		0.0118333		
43.95		0.0118273		
43.96		0.0118214		
43.97		0.0118154		
43.98		0.0118095		
43.99		0.0118035		
44		0.0117976		
44.01		0.0117917		
44.02		0.0117858		
44.03		0.0117798		
44.04		0.0117739		
44.05		0.011768		
44.06		0.0117621		
44.07		0.0117562		
44.08		0.0117503		
44.09		0.0117444		
44.1		0.0117385		
44.11		0.0117326		
44.12		0.0117267		
44.13		0.0117208		
44.14		0.011715		
44.15		0.0117091		
44.16		0.0117032		
44.17		0.0116974		
44.18		0.0116915		
44.19		0.0116856		
44.2		0.0116798		
44.21		0.0116739		
44.22		0.0116681		
44.23		0.0116623		
44.24		0.0116564		
44.25		0.0116506		
44.26		0.0116448		
44.27		0.0116389		
44.28		0.0116331		
44.29		0.0116273		
44.3		0.0116215		
44.31		0.0116157		
44.32		0.0116099		
44.33		0.0116041		
44.34		0.0115983		
44.35		0.0115925		
44.36		0.0115867		
44.37		0.0115809		
44.38		0.0115751		
44.39		0.0115694		
44.4		0.0115636		
44.41		0.0115578		
44.42		0.0115521		
44.43		0.0115463		
44.44		0.0115405		
44.45		0.0115348		
44.46		0.011529		
44.47		0.0115233		
44.48		0.0115175		
44.49		0.0115118		
44.5		0.0115061		
44.51		0.0115003		
44.52		0.0114946		
44.53		0.0114889		
44.54		0.0114832		
44.55		0.0114775		
44.56		0.0114718		
44.57		0.0114661		
44.58		0.0114604		
44.59		0.0114547		
44.6		0.011449		
44.61		0.0114433		
44.62		0.0114376		
44.63		0.0114319		
44.64		0.0114262		
44.65		0.0114206		
44.66		0.0114149		
44.67		0.0114092		
44.68		0.0114036		
44.69		0.0113979		
44.7		0.0113922		
44.71		0.0113866		
44.72		0.0113809		
44.73		0.0113753		
44.74		0.0113697		
44.75		0.011364		
44.76		0.0113584		
44.77		0.0113528		
44.78		0.0113471		
44.79		0.0113415		
44.8		0.0113359		
44.81		0.0113303		
44.82		0.0113247		
44.83		0.0113191		
44.84		0.0113135		
44.85		0.0113079		
44.86		0.0113023		
44.87		0.0112967		
44.88		0.0112911		
44.89		0.0112855		
44.9		0.01128		
44.91		0.0112744		
44.92		0.0112688		
44.93		0.0112632		
44.94		0.0112577		
44.95		0.0112521		
44.96		0.0112466		
44.97		0.011241		
44.98		0.0112355		
44.99		0.0112299		
45		0.0112244		
45.01		0.0112188		
45.02		0.0112133		
45.03		0.0112078		
45.04		0.0112023		
45.05		0.0111967		
45.06		0.0111912		
45.07		0.0111857		
45.08		0.0111802		
45.09		0.0111747		
45.1		0.0111692		
45.11		0.0111637		
45.12		0.0111582		
45.13		0.0111527		
45.14		0.0111472		
45.15		0.0111417		
45.16		0.0111363		
45.17		0.0111308		
45.18		0.0111253		
45.19		0.0111198		
45.2		0.0111144		
45.21		0.0111089		
45.22		0.0111035		
45.23		0.011098		
45.24		0.0110926		
45.25		0.0110871		
45.26		0.0110817		
45.27		0.0110762		
45.28		0.0110708		
45.29		0.0110654		
45.3		0.0110599		
45.31		0.0110545		
45.32		0.0110491		
45.33		0.0110437		
45.34		0.0110383		
45.35		0.0110329		
45.36		0.0110275		
45.37		0.0110221		
45.38		0.0110167		
45.39		0.0110113		
45.4		0.0110059		
45.41		0.0110005		
45.42		0.0109951		
45.43		0.0109897		
45.44		0.0109844		
45.45		0.010979		
45.46		0.0109736		
45.47		0.0109683		
45.48		0.0109629		
45.49		0.0109575		
45.5		0.0109522		
45.51		0.0109468		
45.52		0.0109415		
45.53		0.0109361		
45.54		0.0109308		
45.55		0.0109255		
45.56		0.0109201		
45.57		0.0109148		
45.58		0.0109095		
45.59		0.0109042		
45.6		0.0108988		
45.61		0.0108935		
45.62		0.0108882		
45.63		0.0108829		
45.64		0.0108776		
45.65		0.0108723		
45.66		0.010867		
45.67		0.0108617		
45.68		0.0108564		
45.69		0.0108512		
45.7		0.0108459		
45.71		0.0108406		
45.72		0.0108353		
45.73		0.0108301		
45.74		0.0108248		
45.75		0.0108195		
45.76		0.0108143		
45.77		0.010809		
45.78		0.0108038		
45.79		0.0107985		
45.8		0.0107933		
45.81		0.010788		
45.82		0.0107828		
45.83		0.0107776		
45.84		0.0107723		
45.85		0.0107671		
45.86		0.0107619		
45.87		0.0107567		
45.88		0.0107514		
45.89		0.0107462		
45.9		0.010741		
45.91		0.0107358		
45.92		0.0107306		
45.93		0.0107254		
45.94		0.0107202		
45.95		0.010715		
45.96		0.0107098		
45.97		0.0107047		
45.98		0.0106995		
45.99		0.0106943		
46		0.0106891		
46.01		0.010684		
46.02		0.0106788		
46.03		0.0106736		
46.04		0.0106685		
46.05		0.0106633		
46.06		0.0106582		
46.07		0.010653		
46.08		0.0106479		
46.09		0.0106427		
46.1		0.0106376		
46.11		0.0106324		
46.12		0.0106273		
46.13		0.0106222		
46.14		0.0106171		
46.15		0.0106119		
46.16		0.0106068		
46.17		0.0106017		
46.18		0.0105966		
46.19		0.0105915		
46.2		0.0105864		
46.21		0.0105813		
46.22		0.0105762		
46.23		0.0105711		
46.24		0.010566		
46.25		0.0105609		
46.26		0.0105558		
46.27		0.0105508		
46.28		0.0105457		
46.29		0.0105406		
46.3		0.0105355		
46.31		0.0105305		
46.32		0.0105254		
46.33		0.0105203		
46.34		0.0105153		
46.35		0.0105102		
46.36		0.0105052		
46.37		0.0105001		
46.38		0.0104951		
46.39		0.0104901		
46.4		0.010485		
46.41		0.01048		
46.42		0.010475		
46.43		0.0104699		
46.44		0.0104649		
46.45		0.0104599		
46.46		0.0104549		
46.47		0.0104499		
46.48		0.0104449		
46.49		0.0104399		
46.5		0.0104349		
46.51		0.0104299		
46.52		0.0104249		
46.53		0.0104199		
46.54		0.0104149		
46.55		0.0104099		
46.56		0.0104049		
46.57		0.0103999		
46.58		0.010395		
46.59		0.01039		
46.6		0.010385		
46.61		0.0103801		
46.62		0.0103751		
46.63		0.0103702		
46.64		0.0103652		
46.65		0.0103603		
46.66		0.0103553		
46.67		0.0103504		
46.68		0.0103454		
46.69		0.0103405		
46.7		0.0103355		
46.71		0.0103306		
46.72		0.0103257		
46.73		0.0103208		
46.74		0.0103158		
46.75		0.0103109		
46.76		0.010306		
46.77		0.0103011		
46.78		0.0102962		
46.79		0.0102913		
46.8		0.0102864		
46.81		0.0102815		
46.82		0.0102766		
46.83		0.0102717		
46.84		0.0102668		
46.85		0.0102619		
46.86		0.0102571		
46.87		0.0102522		
46.88		0.0102473		
46.89		0.0102424		
46.9		0.0102376		
46.91		0.0102327		
46.92		0.0102278		
46.93		0.010223		
46.94		0.0102181		
46.95		0.0102133		
46.96		0.0102084		
46.97		0.0102036		
46.98		0.0101987		
46.99		0.0101939		
47		0.0101891		
47.01		0.0101842		
47.02		0.0101794		
47.03		0.0101746		
47.04		0.0101698		
47.05		0.0101649		
47.06		0.0101601		
47.07		0.0101553		
47.08		0.0101505		
47.09		0.0101457		
47.1		0.0101409		
47.11		0.0101361		
47.12		0.0101313		
47.13		0.0101265		
47.14		0.0101217		
47.15		0.0101169		
47.16		0.0101122		
47.17		0.0101074		
47.18		0.0101026		
47.19		0.0100978		
47.2		0.0100931		
47.21		0.0100883		
47.22		0.0100835		
47.23		0.0100788		
47.24		0.010074		
47.25		0.0100692		
47.26		0.0100645		
47.27		0.0100597		
47.28		0.010055		
47.29		0.0100503		
47.3		0.0100455		
47.31		0.0100408		
47.32		0.0100361		
47.33		0.0100313		
47.34		0.0100266		
47.35		0.0100219		
47.36		0.0100172		
47.37		0.0100124		
47.38		0.0100077		
47.39		0.010003		
47.4		0.00999831		
47.41		0.00999361		
47.42		0.00998891		
47.43		0.00998421		
47.44		0.00997952		
47.45		0.00997483		
47.46		0.00997014		
47.47		0.00996545		
47.48		0.00996077		
47.49		0.00995609		
47.5		0.00995142		
47.51		0.00994675		
47.52		0.00994208		
47.53		0.00993741		
47.54		0.00993275		
47.55		0.00992809		
47.56		0.00992343		
47.57		0.00991878		
47.58		0.00991413		
47.59		0.00990948		
47.6		0.00990484		
47.61		0.0099002		
47.62		0.00989556		
47.63		0.00989092		
47.64		0.00988629		
47.65		0.00988166		
47.66		0.00987704		
47.67		0.00987241		
47.68		0.00986779		
47.69		0.00986318		
47.7		0.00985856		
47.71		0.00985395		
47.72		0.00984935		
47.73		0.00984474		
47.74		0.00984014		
47.75		0.00983554		
47.76		0.00983095		
47.77		0.00982636		
47.78		0.00982177		
47.79		0.00981718		
47.8		0.0098126		
47.81		0.00980802		
47.82		0.00980345		
47.83		0.00979887		
47.84		0.0097943		
47.85		0.00978973		
47.86		0.00978517		
47.87		0.00978061		
47.88		0.00977605		
47.89		0.0097715		
47.9		0.00976694		
47.91		0.00976239		
47.92		0.00975785		
47.93		0.0097533		
47.94		0.00974876		
47.95		0.00974423		
47.96		0.00973969		
47.97		0.00973516		
47.98		0.00973063		
47.99		0.00972611		
48		0.00972159		
48.01		0.00971707		
48.02		0.00971255		
48.03		0.00970804		
48.04		0.00970353		
48.05		0.00969902		
48.06		0.00969452		
48.07		0.00969002		
48.08		0.00968552		
48.09		0.00968103		
48.1		0.00967653		
48.11		0.00967204		
48.12		0.00966756		
48.13		0.00966307		
48.14		0.00965859		
48.15		0.00965412		
48.16		0.00964964		
48.17		0.00964517		
48.18		0.0096407		
48.19		0.00963624		
48.2		0.00963178		
48.21		0.00962732		
48.22		0.00962286		
48.23		0.00961841		
48.24		0.00961396		
48.25		0.00960951		
48.26		0.00960506		
48.27		0.00960062		
48.28		0.00959618		
48.29		0.00959175		
48.3		0.00958732		
48.31		0.00958289		
48.32		0.00957846		
48.33		0.00957403		
48.34		0.00956961		
48.35		0.0095652		
48.36		0.00956078		
48.37		0.00955637		
48.38		0.00955196		
48.39		0.00954755		
48.4		0.00954315		
48.41		0.00953875		
48.42		0.00953435		
48.43		0.00952995		
48.44		0.00952556		
48.45		0.00952117		
48.46		0.00951679		
48.47		0.0095124		
48.48		0.00950802		
48.49		0.00950365		
48.5		0.00949927		
48.51		0.0094949		
48.52		0.00949053		
48.53		0.00948616		
48.54		0.0094818		
48.55		0.00947744		
48.56		0.00947308		
48.57		0.00946873		
48.58		0.00946438		
48.59		0.00946003		
48.6		0.00945568		
48.61		0.00945134		
48.62		0.009447		
48.63		0.00944266		
48.64		0.00943833		
48.65		0.009434		
48.66		0.00942967		
48.67		0.00942534		
48.68		0.00942102		
48.69		0.0094167		
48.7		0.00941238		
48.71		0.00940807		
48.72		0.00940376		
48.73		0.00939945		
48.74		0.00939514		
48.75		0.00939084		
48.76		0.00938654		
48.77		0.00938224		
48.78		0.00937794		
48.79		0.00937365		
48.8		0.00936936		
48.81		0.00936508		
48.82		0.00936079		
48.83		0.00935651		
48.84		0.00935224		
48.85		0.00934796		
48.86		0.00934369		
48.87		0.00933942		
48.88		0.00933515		
48.89		0.00933089		
48.9		0.00932663		
48.91		0.00932237		
48.92		0.00931811		
48.93		0.00931386		
48.94		0.00930961		
48.95		0.00930536		
48.96		0.00930112		
48.97		0.00929688		
48.98		0.00929264		
48.99		0.0092884		
49		0.00928417		
49.01		0.00927994		
49.02		0.00927571		
49.03		0.00927149		
49.04		0.00926727		
49.05		0.00926305		
49.06		0.00925883		
49.07		0.00925462		
49.08		0.00925041		
49.09		0.0092462		
49.1		0.00924199		
49.11		0.00923779		
49.12		0.00923359		
49.13		0.00922939		
49.14		0.0092252		
49.15		0.00922101		
49.16		0.00921682		
49.17		0.00921263		
49.18		0.00920845		
49.19		0.00920427		
49.2		0.00920009		
49.21		0.00919591		
49.22		0.00919174		
49.23		0.00918757		
49.24		0.0091834		
49.25		0.00917924		
49.26		0.00917508		
49.27		0.00917092		
49.28		0.00916676		
49.29		0.00916261		
49.3		0.00915846		
49.31		0.00915431		
49.32		0.00915016		
49.33		0.00914602		
49.34		0.00914188		
49.35		0.00913774		
49.36		0.00913361		
49.37		0.00912947		
49.38		0.00912534		
49.39		0.00912122		
49.4		0.00911709		
49.41		0.00911297		
49.42		0.00910885		
49.43		0.00910474		
49.44		0.00910062		
49.45		0.00909651		
49.46		0.00909241		
49.47		0.0090883		
49.48		0.0090842		
49.49		0.0090801		
49.5		0.009076		
49.51		0.00907191		
49.52		0.00906781		
49.53		0.00906372		
49.54		0.00905964		
49.55		0.00905555		
49.56		0.00905147		
49.57		0.00904739		
49.58		0.00904332		
49.59		0.00903924		
49.6		0.00903517		
49.61		0.0090311		
49.62		0.00902704		
49.63		0.00902298		
49.64		0.00901892		
49.65		0.00901486		
49.66		0.0090108		
49.67		0.00900675		
49.68		0.0090027		
49.69		0.00899865		
49.7		0.00899461		
49.71		0.00899057		
49.72		0.00898653		
49.73		0.00898249		
49.74		0.00897846		
49.75		0.00897443		
49.76		0.0089704		
49.77		0.00896637		
49.78		0.00896235		
49.79		0.00895833		
49.8		0.00895431		
49.81		0.00895029		
49.82		0.00894628		
49.83		0.00894227		
49.84		0.00893826		
49.85		0.00893425		
49.86		0.00893025		
49.87		0.00892625		
49.88		0.00892225		
49.89		0.00891826		
49.9		0.00891427		
49.91		0.00891028		
49.92		0.00890629		
49.93		0.0089023		
49.94		0.00889832		
49.95		0.00889434		
49.96		0.00889036		
49.97		0.00888639		
49.98		0.00888242		
49.99		0.00887845		
50		0.00887448		
