tau [fm]		pi/p
0.25		0
0.26		0.04053		
0.27		0.0738622		
0.28		0.101295		
0.29		0.123848		
0.3		0.142345		
0.31		0.157461		
0.32		0.169745		
0.33		0.179654		
0.34		0.187562		
0.35		0.193784		
0.36		0.19858		
0.37		0.202169		
0.38		0.204736		
0.39		0.206436		
0.4		0.207401		
0.41		0.207742		
0.42		0.207555		
0.43		0.20692		
0.44		0.205907		
0.45		0.204575		
0.46		0.202975		
0.47		0.201151		
0.48		0.19914		
0.49		0.196975		
0.5		0.194683		
0.51		0.192289		
0.52		0.189813		
0.53		0.187274		
0.54		0.184687		
0.55		0.182065		
0.56		0.17942		
0.57		0.176761		
0.58		0.174098		
0.59		0.171437		
0.6		0.168785		
0.61		0.166148		
0.62		0.163529		
0.63		0.160934		
0.64		0.158364		
0.65		0.155824		
0.66		0.153315		
0.67		0.150839		
0.68		0.148397		
0.69		0.145992		
0.7		0.143624		
0.71		0.141294		
0.72		0.139002		
0.73		0.136749		
0.74		0.134534		
0.75		0.132359		
0.76		0.130223		
0.77		0.128126		
0.78		0.126068		
0.79		0.124048		
0.8		0.122066		
0.81		0.120122		
0.82		0.118215		
0.83		0.116345		
0.84		0.114512		
0.85		0.112714		
0.86		0.110951		
0.87		0.109222		
0.88		0.107528		
0.89		0.105867		
0.9		0.104239		
0.91		0.102643		
0.92		0.101078		
0.93		0.0995445		
0.94		0.0980411		
0.95		0.0965673		
0.96		0.0951227		
0.97		0.0937064		
0.98		0.092318		
0.99		0.0909569		
1		0.0896224		
1.01		0.0883141		
1.02		0.0870312		
1.03		0.0857733		
1.04		0.0845398		
1.05		0.0833303		
1.06		0.082144		
1.07		0.0809806		
1.08		0.0798396		
1.09		0.0787203		
1.1		0.0776224		
1.11		0.0765454		
1.12		0.0754887		
1.13		0.074452		
1.14		0.0734348		
1.15		0.0724367		
1.16		0.0714572		
1.17		0.0704959		
1.18		0.0695524		
1.19		0.0686263		
1.2		0.0677173		
1.21		0.0668249		
1.22		0.0659488		
1.23		0.0650886		
1.24		0.064244		
1.25		0.0634145		
1.26		0.0626		
1.27		0.0618		
1.28		0.0610143		
1.29		0.0602425		
1.3		0.0594843		
1.31		0.0587395		
1.32		0.0580077		
1.33		0.0572886		
1.34		0.056582		
1.35		0.0558877		
1.36		0.0552053		
1.37		0.0545346		
1.38		0.0538753		
1.39		0.0532272		
1.4		0.0525901		
1.41		0.0519637		
1.42		0.0513479		
1.43		0.0507423		
1.44		0.0501468		
1.45		0.0495612		
1.46		0.0489852		
1.47		0.0484187		
1.48		0.0478614		
1.49		0.0473132		
1.5		0.0467739		
1.51		0.0462433		
1.52		0.0457212		
1.53		0.0452075		
1.54		0.044702		
1.55		0.0442045		
1.56		0.0437148		
1.57		0.0432329		
1.58		0.0427585		
1.59		0.0422915		
1.6		0.0418318		
1.61		0.0413791		
1.62		0.0409335		
1.63		0.0404947		
1.64		0.0400626		
1.65		0.039637		
1.66		0.0392179		
1.67		0.0388052		
1.68		0.0383986		
1.69		0.0379981		
1.7		0.0376036		
1.71		0.0372149		
1.72		0.036832		
1.73		0.0364547		
1.74		0.036083		
1.75		0.0357166		
1.76		0.0353556		
1.77		0.0349998		
1.78		0.0346492		
1.79		0.0343036		
1.8		0.0339629		
1.81		0.0336271		
1.82		0.033296		
1.83		0.0329696		
1.84		0.0326479		
1.85		0.0323306		
1.86		0.0320177		
1.87		0.0317092		
1.88		0.031405		
1.89		0.031105		
1.9		0.0308091		
1.91		0.0305172		
1.92		0.0302293		
1.93		0.0299454		
1.94		0.0296653		
1.95		0.0293889		
1.96		0.0291163		
1.97		0.0288473		
1.98		0.0285819		
1.99		0.02832		
2		0.0280615		
2.01		0.0278065		
2.02		0.0275548		
2.03		0.0273064		
2.04		0.0270613		
2.05		0.0268193		
2.06		0.0265804		
2.07		0.0263447		
2.08		0.0261119		
2.09		0.0258821		
2.1		0.0256552		
2.11		0.0254313		
2.12		0.0252101		
2.13		0.0249917		
2.14		0.0247761		
2.15		0.0245632		
2.16		0.0243529		
2.17		0.0241452		
2.18		0.0239401		
2.19		0.0237375		
2.2		0.0235374		
2.21		0.0233397		
2.22		0.0231444		
2.23		0.0229516		
2.24		0.022761		
2.25		0.0225728		
2.26		0.0223868		
2.27		0.022203		
2.28		0.0220214		
2.29		0.021842		
2.3		0.0216647		
2.31		0.0214895		
2.32		0.0213163		
2.33		0.0211452		
2.34		0.020976		
2.35		0.0208089		
2.36		0.0206437		
2.37		0.0204803		
2.38		0.0203189		
2.39		0.0201593		
2.4		0.0200016		
2.41		0.0198456		
2.42		0.0196914		
2.43		0.019539		
2.44		0.0193882		
2.45		0.0192392		
2.46		0.0190918		
2.47		0.0189461		
2.48		0.018802		
2.49		0.0186595		
2.5		0.0185186		
2.51		0.0183792		
2.52		0.0182413		
2.53		0.018105		
2.54		0.0179701		
2.55		0.0178367		
2.56		0.0177048		
2.57		0.0175743		
2.58		0.0174452		
2.59		0.0173174		
2.6		0.0171911		
2.61		0.017066		
2.62		0.0169424		
2.63		0.01682		
2.64		0.0166989		
2.65		0.0165791		
2.66		0.0164605		
2.67		0.0163432		
2.68		0.0162271		
2.69		0.0161122		
2.7		0.0159985		
2.71		0.015886		
2.72		0.0157746		
2.73		0.0156644		
2.74		0.0155553		
2.75		0.0154473		
2.76		0.0153404		
2.77		0.0152346		
2.78		0.0151298		
2.79		0.0150261		
2.8		0.0149235		
2.81		0.0148219		
2.82		0.0147213		
2.83		0.0146217		
2.84		0.014523		
2.85		0.0144254		
2.86		0.0143287		
2.87		0.014233		
2.88		0.0141382		
2.89		0.0140443		
2.9		0.0139514		
2.91		0.0138593		
2.92		0.0137682		
2.93		0.0136779		
2.94		0.0135885		
2.95		0.0134999		
2.96		0.0134122		
2.97		0.0133253		
2.98		0.0132393		
2.99		0.013154		
3		0.0130696		
3.01		0.012986		
3.02		0.0129031		
3.03		0.012821		
3.04		0.0127397		
3.05		0.0126592		
3.06		0.0125794		
3.07		0.0125003		
3.08		0.012422		
3.09		0.0123444		
3.1		0.0122675		
3.11		0.0121913		
3.12		0.0121158		
3.13		0.012041		
3.14		0.0119669		
3.15		0.0118934		
3.16		0.0118206		
3.17		0.0117485		
3.18		0.011677		
3.19		0.0116061		
3.2		0.0115359		
3.21		0.0114663		
3.22		0.0113973		
3.23		0.0113289		
3.24		0.0112612		
3.25		0.011194		
3.26		0.0111274		
3.27		0.0110614		
3.28		0.010996		
3.29		0.0109312		
3.3		0.0108669		
3.31		0.0108031		
3.32		0.0107399		
3.33		0.0106773		
3.34		0.0106152		
3.35		0.0105536		
3.36		0.0104926		
3.37		0.0104321		
3.38		0.0103721		
3.39		0.0103126		
3.4		0.0102536		
3.41		0.0101951		
3.42		0.0101371		
3.43		0.0100795		
3.44		0.0100225		
3.45		0.00996594		
3.46		0.00990985		
3.47		0.00985422		
3.48		0.00979905		
3.49		0.00974434		
3.5		0.00969008		
3.51		0.00963626		
3.52		0.00958289		
3.53		0.00952995		
3.54		0.00947744		
3.55		0.00942536		
3.56		0.0093737		
3.57		0.00932245		
3.58		0.00927162		
3.59		0.0092212		
3.6		0.00917119		
3.61		0.00912157		
3.62		0.00907235		
3.63		0.00902353		
3.64		0.00897509		
3.65		0.00892703		
3.66		0.00887936		
3.67		0.00883206		
3.68		0.00878513		
3.69		0.00873857		
3.7		0.00869237		
3.71		0.00864654		
3.72		0.00860106		
3.73		0.00855593		
3.74		0.00851116		
3.75		0.00846673		
3.76		0.00842264		
3.77		0.00837889		
3.78		0.00833548		
3.79		0.0082924		
3.8		0.00824965		
3.81		0.00820722		
3.82		0.00816512		
3.83		0.00812334		
3.84		0.00808187		
3.85		0.00804071		
3.86		0.00799987		
3.87		0.00795933		
3.88		0.00791909		
3.89		0.00787916		
3.9		0.00783952		
3.91		0.00780018		
3.92		0.00776113		
3.93		0.00772237		
3.94		0.00768389		
3.95		0.0076457		
3.96		0.00760779		
3.97		0.00757015		
3.98		0.00753279		
3.99		0.00749571		
4		0.00745889		
4.01		0.00742234		
4.02		0.00738606		
4.03		0.00735004		
4.04		0.00731428		
4.05		0.00727877		
4.06		0.00724353		
4.07		0.00720853		
4.08		0.00717378		
4.09		0.00713928		
4.1		0.00710503		
4.11		0.00707102		
4.12		0.00703725		
4.13		0.00700372		
4.14		0.00697043		
4.15		0.00693736		
4.16		0.00690454		
4.17		0.00687194		
4.18		0.00683957		
4.19		0.00680742		
4.2		0.0067755		
4.21		0.0067438		
4.22		0.00671232		
4.23		0.00668106		
4.24		0.00665001		
4.25		0.00661918		
4.26		0.00658856		
4.27		0.00655814		
4.28		0.00652794		
4.29		0.00649794		
4.3		0.00646815		
4.31		0.00643855		
4.32		0.00640916		
4.33		0.00637997		
4.34		0.00635097		
4.35		0.00632217		
4.36		0.00629356		
4.37		0.00626515		
4.38		0.00623692		
4.39		0.00620888		
4.4		0.00618103		
4.41		0.00615337		
4.42		0.00612588		
4.43		0.00609858		
4.44		0.00607146		
4.45		0.00604452		
4.46		0.00601776		
4.47		0.00599117		
4.48		0.00596475		
4.49		0.00593851		
4.5		0.00591244		
4.51		0.00588653		
4.52		0.0058608		
4.53		0.00583523		
4.54		0.00580983		
4.55		0.00578459		
4.56		0.00575952		
4.57		0.0057346		
4.58		0.00570985		
4.59		0.00568525		
4.6		0.00566081		
4.61		0.00563653		
4.62		0.0056124		
4.63		0.00558842		
4.64		0.00556459		
4.65		0.00554092		
4.66		0.00551739		
4.67		0.00549402		
4.68		0.00547079		
4.69		0.0054477		
4.7		0.00542476		
4.71		0.00540197		
4.72		0.00537931		
4.73		0.0053568		
4.74		0.00533442		
4.75		0.00531218		
4.76		0.00529009		
4.77		0.00526812		
4.78		0.0052463		
4.79		0.0052246		
4.8		0.00520304		
4.81		0.00518161		
4.82		0.00516032		
4.83		0.00513915		
4.84		0.00511811		
4.85		0.0050972		
4.86		0.00507641		
4.87		0.00505576		
4.88		0.00503522		
4.89		0.00501481		
4.9		0.00499452		
4.91		0.00497436		
4.92		0.00495431		
4.93		0.00493438		
4.94		0.00491458		
4.95		0.00489489		
4.96		0.00487532		
4.97		0.00485586		
4.98		0.00483652		
4.99		0.00481729		
5		0.00479818		
5.01		0.00477918		
5.02		0.00476029		
5.03		0.00474151		
5.04		0.00472284		
5.05		0.00470428		
5.06		0.00468583		
5.07		0.00466749		
5.08		0.00464925		
5.09		0.00463112		
5.1		0.00461309		
5.11		0.00459517		
5.12		0.00457735		
5.13		0.00455963		
5.14		0.00454201		
5.15		0.0045245		
5.16		0.00450709		
5.17		0.00448977		
5.18		0.00447255		
5.19		0.00445544		
5.2		0.00443841		
5.21		0.00442149		
5.22		0.00440466		
5.23		0.00438793		
5.24		0.00437129		
5.25		0.00435474		
5.26		0.00433829		
5.27		0.00432193		
5.28		0.00430566		
5.29		0.00428948		
5.3		0.00427339		
5.31		0.00425739		
5.32		0.00424148		
5.33		0.00422566		
5.34		0.00420993		
5.35		0.00419428		
5.36		0.00417872		
5.37		0.00416324		
5.38		0.00414785		
5.39		0.00413255		
5.4		0.00411732		
5.41		0.00410218		
5.42		0.00408713		
5.43		0.00407215		
5.44		0.00405726		
5.45		0.00404245		
5.46		0.00402772		
5.47		0.00401306		
5.48		0.00399849		
5.49		0.003984		
5.5		0.00396958		
5.51		0.00395524		
5.52		0.00394098		
5.53		0.00392679		
5.54		0.00391268		
5.55		0.00389864		
5.56		0.00388468		
5.57		0.0038708		
5.58		0.00385699		
5.59		0.00384325		
5.6		0.00382958		
5.61		0.00381598		
5.62		0.00380246		
5.63		0.00378901		
5.64		0.00377563		
5.65		0.00376232		
5.66		0.00374907		
5.67		0.0037359		
5.68		0.0037228		
5.69		0.00370976		
5.7		0.00369679		
5.71		0.00368389		
5.72		0.00367106		
5.73		0.00365829		
5.74		0.00364559		
5.75		0.00363295		
5.76		0.00362038		
5.77		0.00360788		
5.78		0.00359543		
5.79		0.00358305		
5.8		0.00357074		
5.81		0.00355849		
5.82		0.0035463		
5.83		0.00353417		
5.84		0.0035221		
5.85		0.00351009		
5.86		0.00349815		
5.87		0.00348626		
5.88		0.00347444		
5.89		0.00346267		
5.9		0.00345097		
5.91		0.00343932		
5.92		0.00342773		
5.93		0.0034162		
5.94		0.00340473		
5.95		0.00339331		
5.96		0.00338195		
5.97		0.00337065		
5.98		0.0033594		
5.99		0.00334821		
6		0.00333707		
6.01		0.00332599		
6.02		0.00331496		
6.03		0.00330399		
6.04		0.00329307		
6.05		0.00328221		
6.06		0.0032714		
6.07		0.00326064		
6.08		0.00324993		
6.09		0.00323928		
6.1		0.00322867		
6.11		0.00321812		
6.12		0.00320762		
6.13		0.00319717		
6.14		0.00318678		
6.15		0.00317643		
6.16		0.00316613		
6.17		0.00315588		
6.18		0.00314568		
6.19		0.00313553		
6.2		0.00312543		
6.21		0.00311537		
6.22		0.00310537		
6.23		0.00309541		
6.24		0.0030855		
6.25		0.00307563		
6.26		0.00306582		
6.27		0.00305605		
6.28		0.00304632		
6.29		0.00303664		
6.3		0.00302701		
6.31		0.00301742		
6.32		0.00300788		
6.33		0.00299838		
6.34		0.00298893		
6.35		0.00297952		
6.36		0.00297016		
6.37		0.00296084		
6.38		0.00295156		
6.39		0.00294232		
6.4		0.00293313		
6.41		0.00292398		
6.42		0.00291487		
6.43		0.00290581		
6.44		0.00289679		
6.45		0.0028878		
6.46		0.00287886		
6.47		0.00286996		
6.48		0.00286111		
6.49		0.00285229		
6.5		0.00284351		
6.51		0.00283477		
6.52		0.00282608		
6.53		0.00281742		
6.54		0.0028088		
6.55		0.00280022		
6.56		0.00279168		
6.57		0.00278318		
6.58		0.00277471		
6.59		0.00276629		
6.6		0.0027579		
6.61		0.00274955		
6.62		0.00274124		
6.63		0.00273296		
6.64		0.00272472		
6.65		0.00271652		
6.66		0.00270836		
6.67		0.00270023		
6.68		0.00269214		
6.69		0.00268408		
6.7		0.00267606		
6.71		0.00266808		
6.72		0.00266013		
6.73		0.00265221		
6.74		0.00264433		
6.75		0.00263649		
6.76		0.00262868		
6.77		0.0026209		
6.78		0.00261316		
6.79		0.00260545		
6.8		0.00259778		
6.81		0.00259014		
6.82		0.00258253		
6.83		0.00257496		
6.84		0.00256741		
6.85		0.0025599		
6.86		0.00255243		
6.87		0.00254499		
6.88		0.00253757		
6.89		0.00253019		
6.9		0.00252285		
6.91		0.00251553		
6.92		0.00250825		
6.93		0.00250099		
6.94		0.00249377		
6.95		0.00248658		
6.96		0.00247942		
6.97		0.00247229		
6.98		0.00246519		
6.99		0.00245812		
7		0.00245108		
7.01		0.00244407		
7.02		0.00243709		
7.03		0.00243014		
7.04		0.00242322		
7.05		0.00241633		
7.06		0.00240946		
7.07		0.00240263		
7.08		0.00239582		
7.09		0.00238905		
7.1		0.0023823		
7.11		0.00237558		
7.12		0.00236889		
7.13		0.00236222		
7.14		0.00235559		
7.15		0.00234898		
7.16		0.0023424		
7.17		0.00233584		
7.18		0.00232932		
7.19		0.00232282		
7.2		0.00231634		
7.21		0.0023099		
7.22		0.00230348		
7.23		0.00229708		
7.24		0.00229072		
7.25		0.00228438		
7.26		0.00227806		
7.27		0.00227177		
7.28		0.00226551		
7.29		0.00225927		
7.3		0.00225306		
7.31		0.00224687		
7.32		0.00224071		
7.33		0.00223457		
7.34		0.00222846		
7.35		0.00222238		
7.36		0.00221631		
7.37		0.00221027		
7.38		0.00220426		
7.39		0.00219827		
7.4		0.00219231		
7.41		0.00218636		
7.42		0.00218045		
7.43		0.00217455		
7.44		0.00216868		
7.45		0.00216283		
7.46		0.00215701		
7.47		0.00215121		
7.48		0.00214543		
7.49		0.00213968		
7.5		0.00213395		
7.51		0.00212824		
7.52		0.00212255		
7.53		0.00211689		
7.54		0.00211125		
7.55		0.00210563		
7.56		0.00210003		
7.57		0.00209445		
7.58		0.0020889		
7.59		0.00208337		
7.6		0.00207786		
7.61		0.00207237		
7.62		0.0020669		
7.63		0.00206146		
7.64		0.00205603		
7.65		0.00205063		
7.66		0.00204525		
7.67		0.00203989		
7.68		0.00203455		
7.69		0.00202923		
7.7		0.00202393		
7.71		0.00201865		
7.72		0.00201339		
7.73		0.00200815		
7.74		0.00200293		
7.75		0.00199773		
7.76		0.00199256		
7.77		0.0019874		
7.78		0.00198226		
7.79		0.00197714		
7.8		0.00197204		
7.81		0.00196696		
7.82		0.0019619		
7.83		0.00195686		
7.84		0.00195183		
7.85		0.00194683		
7.86		0.00194184		
7.87		0.00193688		
7.88		0.00193193		
7.89		0.001927		
7.9		0.00192209		
7.91		0.0019172		
7.92		0.00191233		
7.93		0.00190747		
7.94		0.00190264		
7.95		0.00189782		
7.96		0.00189302		
7.97		0.00188823		
7.98		0.00188347		
7.99		0.00187872		
8		0.00187399		
8.01		0.00186928		
8.02		0.00186459		
8.03		0.00185991		
8.04		0.00185525		
8.05		0.00185061		
8.06		0.00184598		
8.07		0.00184137		
8.08		0.00183678		
8.09		0.0018322		
8.1		0.00182765		
8.11		0.0018231		
8.12		0.00181858		
8.13		0.00181407		
8.14		0.00180958		
8.15		0.0018051		
8.16		0.00180065		
8.17		0.0017962		
8.18		0.00179178		
8.19		0.00178736		
8.2		0.00178297		
8.21		0.00177859		
8.22		0.00177423		
8.23		0.00176988		
8.24		0.00176555		
8.25		0.00176123		
8.26		0.00175693		
8.27		0.00175265		
8.28		0.00174838		
8.29		0.00174412		
8.3		0.00173988		
8.31		0.00173566		
8.32		0.00173145		
8.33		0.00172726		
8.34		0.00172308		
8.35		0.00171891		
8.36		0.00171476		
8.37		0.00171063		
8.38		0.00170651		
8.39		0.0017024		
8.4		0.00169831		
8.41		0.00169423		
8.42		0.00169017		
8.43		0.00168612		
8.44		0.00168209		
8.45		0.00167807		
8.46		0.00167406		
8.47		0.00167007		
8.48		0.00166609		
8.49		0.00166213		
8.5		0.00165818		
8.51		0.00165424		
8.52		0.00165032		
8.53		0.00164641		
8.54		0.00164252		
8.55		0.00163863		
8.56		0.00163476		
8.57		0.00163091		
8.58		0.00162707		
8.59		0.00162324		
8.6		0.00161942		
8.61		0.00161562		
8.62		0.00161183		
8.63		0.00160805		
8.64		0.00160429		
8.65		0.00160054		
8.66		0.0015968		
8.67		0.00159308		
8.68		0.00158937		
8.69		0.00158567		
8.7		0.00158198		
8.71		0.0015783		
8.72		0.00157464		
8.73		0.00157099		
8.74		0.00156735		
8.75		0.00156373		
8.76		0.00156012		
8.77		0.00155651		
8.78		0.00155293		
8.79		0.00154935		
8.8		0.00154578		
8.81		0.00154223		
8.82		0.00153869		
8.83		0.00153516		
8.84		0.00153164		
8.85		0.00152814		
8.86		0.00152465		
8.87		0.00152116		
8.88		0.00151769		
8.89		0.00151423		
8.9		0.00151079		
8.91		0.00150735		
8.92		0.00150392		
8.93		0.00150051		
8.94		0.00149711		
8.95		0.00149372		
8.96		0.00149034		
8.97		0.00148697		
8.98		0.00148361		
8.99		0.00148026		
9		0.00147693		
9.01		0.0014736		
9.02		0.00147029		
9.03		0.00146699		
9.04		0.00146369		
9.05		0.00146041		
9.06		0.00145714		
9.07		0.00145388		
9.08		0.00145063		
9.09		0.00144739		
9.1		0.00144416		
9.11		0.00144094		
9.12		0.00143773		
9.13		0.00143453		
9.14		0.00143135		
9.15		0.00142817		
9.16		0.001425		
9.17		0.00142184		
9.18		0.0014187		
9.19		0.00141556		
9.2		0.00141243		
9.21		0.00140932		
9.22		0.00140621		
9.23		0.00140311		
9.24		0.00140002		
9.25		0.00139695		
9.26		0.00139388		
9.27		0.00139082		
9.28		0.00138777		
9.29		0.00138473		
9.3		0.0013817		
9.31		0.00137868		
9.32		0.00137567		
9.33		0.00137267		
9.34		0.00136968		
9.35		0.0013667		
9.36		0.00136372		
9.37		0.00136076		
9.38		0.0013578		
9.39		0.00135486		
9.4		0.00135192		
9.41		0.001349		
9.42		0.00134608		
9.43		0.00134317		
9.44		0.00134027		
9.45		0.00133738		
9.46		0.0013345		
9.47		0.00133162		
9.48		0.00132876		
9.49		0.0013259		
9.5		0.00132306		
9.51		0.00132022		
9.52		0.00131739		
9.53		0.00131457		
9.54		0.00131175		
9.55		0.00130895		
9.56		0.00130616		
9.57		0.00130337		
9.58		0.00130059		
9.59		0.00129782		
9.6		0.00129506		
9.61		0.00129231		
9.62		0.00128956		
9.63		0.00128683		
9.64		0.0012841		
9.65		0.00128138		
9.66		0.00127866		
9.67		0.00127596		
9.68		0.00127327		
9.69		0.00127058		
9.7		0.0012679		
9.71		0.00126523		
9.72		0.00126256		
9.73		0.00125991		
9.74		0.00125726		
9.75		0.00125462		
9.76		0.00125199		
9.77		0.00124936		
9.78		0.00124675		
9.79		0.00124414		
9.8		0.00124154		
9.81		0.00123894		
9.82		0.00123636		
9.83		0.00123378		
9.84		0.00123121		
9.85		0.00122864		
9.86		0.00122609		
9.87		0.00122354		
9.88		0.001221		
9.89		0.00121847		
9.9		0.00121594		
9.91		0.00121342		
9.92		0.00121091		
9.93		0.00120841		
9.94		0.00120591		
9.95		0.00120342		
9.96		0.00120094		
9.97		0.00119846		
9.98		0.00119599		
9.99		0.00119353		
10		0.00119108		
10.01		0.00118863		
10.02		0.00118619		
10.03		0.00118376		
10.04		0.00118133		
10.05		0.00117891		
10.06		0.0011765		
10.07		0.00117409		
10.08		0.00117169		
10.09		0.0011693		
10.1		0.00116692		
10.11		0.00116454		
10.12		0.00116216		
10.13		0.0011598		
10.14		0.00115744		
10.15		0.00115509		
10.16		0.00115274		
10.17		0.0011504		
10.18		0.00114807		
10.19		0.00114575		
10.2		0.00114343		
10.21		0.00114111		
10.22		0.00113881		
10.23		0.00113651		
10.24		0.00113421		
10.25		0.00113193		
10.26		0.00112965		
10.27		0.00112737		
10.28		0.0011251		
10.29		0.00112284		
10.3		0.00112059		
10.31		0.00111834		
10.32		0.00111609		
10.33		0.00111385		
10.34		0.00111162		
10.35		0.0011094		
10.36		0.00110718		
10.37		0.00110497		
10.38		0.00110276		
10.39		0.00110056		
10.4		0.00109836		
10.41		0.00109617		
10.42		0.00109399		
10.43		0.00109181		
10.44		0.00108964		
10.45		0.00108747		
10.46		0.00108531		
10.47		0.00108316		
10.48		0.00108101		
10.49		0.00107887		
10.5		0.00107673		
10.51		0.0010746		
10.52		0.00107248		
10.53		0.00107036		
10.54		0.00106824		
10.55		0.00106613		
10.56		0.00106403		
10.57		0.00106193		
10.58		0.00105984		
10.59		0.00105775		
10.6		0.00105567		
10.61		0.0010536		
10.62		0.00105153		
10.63		0.00104946		
10.64		0.0010474		
10.65		0.00104535		
10.66		0.0010433		
10.67		0.00104125		
10.68		0.00103922		
10.69		0.00103718		
10.7		0.00103516		
10.71		0.00103313		
10.72		0.00103112		
10.73		0.0010291		
10.74		0.0010271		
10.75		0.0010251		
10.76		0.0010231		
10.77		0.00102111		
10.78		0.00101912		
10.79		0.00101714		
10.8		0.00101517		
10.81		0.00101319		
10.82		0.00101123		
10.83		0.00100927		
10.84		0.00100731		
10.85		0.00100536		
10.86		0.00100341		
10.87		0.00100147		
10.88		0.000999535		
10.89		0.000997603		
10.9		0.000995676		
10.91		0.000993754		
10.92		0.000991837		
10.93		0.000989925		
10.94		0.000988017		
10.95		0.000986114		
10.96		0.000984216		
10.97		0.000982322		
10.98		0.000980434		
10.99		0.00097855		
11		0.00097667		
11.01		0.000974795		
11.02		0.000972925		
11.03		0.000971059		
11.04		0.000969198		
11.05		0.000967342		
11.06		0.00096549		
11.07		0.000963642		
11.08		0.000961799		
11.09		0.00095996		
11.1		0.000958126		
11.11		0.000956297		
11.12		0.000954472		
11.13		0.000952651		
11.14		0.000950834		
11.15		0.000949022		
11.16		0.000947215		
11.17		0.000945411		
11.18		0.000943612		
11.19		0.000941817		
11.2		0.000940027		
11.21		0.000938241		
11.22		0.000936459		
11.23		0.000934681		
11.24		0.000932908		
11.25		0.000931138		
11.26		0.000929373		
11.27		0.000927612		
11.28		0.000925855		
11.29		0.000924103		
11.3		0.000922354		
11.31		0.00092061		
11.32		0.000918869		
11.33		0.000917133		
11.34		0.0009154		
11.35		0.000913672		
11.36		0.000911948		
11.37		0.000910228		
11.38		0.000908511		
11.39		0.000906799		
11.4		0.00090509		
11.41		0.000903386		
11.42		0.000901685		
11.43		0.000899989		
11.44		0.000898296		
11.45		0.000896607		
11.46		0.000894922		
11.47		0.000893241		
11.48		0.000891563		
11.49		0.00088989		
11.5		0.00088822		
11.51		0.000886554		
11.52		0.000884892		
11.53		0.000883233		
11.54		0.000881578		
11.55		0.000879927		
11.56		0.00087828		
11.57		0.000876636		
11.58		0.000874995		
11.59		0.000873358		
11.6		0.000871725		
11.61		0.000870096		
11.62		0.000868471		
11.63		0.00086685		
11.64		0.000865233		
11.65		0.00086362		
11.66		0.000862011		
11.67		0.000860407		
11.68		0.000858807		
11.69		0.000857211		
11.7		0.00085562		
11.71		0.000854033		
11.72		0.000852451		
11.73		0.000850873		
11.74		0.0008493		
11.75		0.000847731		
11.76		0.000846167		
11.77		0.000844607		
11.78		0.000843052		
11.79		0.000841502		
11.8		0.000839956		
11.81		0.000838416		
11.82		0.000836879		
11.83		0.000835348		
11.84		0.000833821		
11.85		0.000832299		
11.86		0.000830782		
11.87		0.000829269		
11.88		0.000827761		
11.89		0.000826258		
11.9		0.000824759		
11.91		0.000823265		
11.92		0.000821776		
11.93		0.000820292		
11.94		0.000818812		
11.95		0.000817337		
11.96		0.000815866		
11.97		0.0008144		
11.98		0.000812939		
11.99		0.000811483		
12		0.000810031		
12.01		0.000808584		
12.02		0.000807141		
12.03		0.000805703		
12.04		0.00080427		
12.05		0.000802841		
12.06		0.000801416		
12.07		0.000799996		
12.08		0.000798581		
12.09		0.00079717		
12.1		0.000795764		
12.11		0.000794362		
12.12		0.000792965		
12.13		0.000791572		
12.14		0.000790183		
12.15		0.000788799		
12.16		0.000787419		
12.17		0.000786044		
12.18		0.000784673		
12.19		0.000783306		
12.2		0.000781944		
12.21		0.000780586		
12.22		0.000779232		
12.23		0.000777882		
12.24		0.000776537		
12.25		0.000775196		
12.26		0.000773859		
12.27		0.000772526		
12.28		0.000771198		
12.29		0.000769874		
12.3		0.000768553		
12.31		0.000767237		
12.32		0.000765925		
12.33		0.000764617		
12.34		0.000763313		
12.35		0.000762013		
12.36		0.000760717		
12.37		0.000759426		
12.38		0.000758138		
12.39		0.000756854		
12.4		0.000755574		
12.41		0.000754298		
12.42		0.000753026		
12.43		0.000751757		
12.44		0.000750493		
12.45		0.000749233		
12.46		0.000747976		
12.47		0.000746723		
12.48		0.000745474		
12.49		0.000744229		
12.5		0.000742987		
12.51		0.000741749		
12.52		0.000740515		
12.53		0.000739285		
12.54		0.000738058		
12.55		0.000736835		
12.56		0.000735616		
12.57		0.0007344		
12.58		0.000733188		
12.59		0.000731979		
12.6		0.000730775		
12.61		0.000729573		
12.62		0.000728375		
12.63		0.000727181		
12.64		0.00072599		
12.65		0.000724803		
12.66		0.000723619		
12.67		0.000722439		
12.68		0.000721262		
12.69		0.000720089		
12.7		0.000718919		
12.71		0.000717752		
12.72		0.000716589		
12.73		0.000715429		
12.74		0.000714273		
12.75		0.00071312		
12.76		0.00071197		
12.77		0.000710824		
12.78		0.000709681		
12.79		0.000708541		
12.8		0.000707404		
12.81		0.000706271		
12.82		0.00070514		
12.83		0.000704014		
12.84		0.00070289		
12.85		0.000701769		
12.86		0.000700652		
12.87		0.000699538		
12.88		0.000698427		
12.89		0.000697319		
12.9		0.000696214		
12.91		0.000695112		
12.92		0.000694013		
12.93		0.000692918		
12.94		0.000691825		
12.95		0.000690736		
12.96		0.00068965		
12.97		0.000688566		
12.98		0.000687486		
12.99		0.000686408		
13		0.000685334		
13.01		0.000684262		
13.02		0.000683194		
13.03		0.000682128		
13.04		0.000681066		
13.05		0.000680006		
13.06		0.000678949		
13.07		0.000677895		
13.08		0.000676844		
13.09		0.000675796		
13.1		0.00067475		
13.11		0.000673708		
13.12		0.000672668		
13.13		0.000671631		
13.14		0.000670597		
13.15		0.000669566		
13.16		0.000668537		
13.17		0.000667512		
13.18		0.000666488		
13.19		0.000665468		
13.2		0.000664451		
13.21		0.000663436		
13.22		0.000662424		
13.23		0.000661414		
13.24		0.000660407		
13.25		0.000659403		
13.26		0.000658402		
13.27		0.000657403		
13.28		0.000656407		
13.29		0.000655413		
13.3		0.000654422		
13.31		0.000653434		
13.32		0.000652448		
13.33		0.000651465		
13.34		0.000650484		
13.35		0.000649506		
13.36		0.000648531		
13.37		0.000647558		
13.38		0.000646587		
13.39		0.000645619		
13.4		0.000644654		
13.41		0.000643691		
13.42		0.000642731		
13.43		0.000641773		
13.44		0.000640817		
13.45		0.000639864		
13.46		0.000638913		
13.47		0.000637965		
13.48		0.000637019		
13.49		0.000636076		
13.5		0.000635135		
13.51		0.000634197		
13.52		0.00063326		
13.53		0.000632327		
13.54		0.000631395		
13.55		0.000630466		
13.56		0.000629539		
13.57		0.000628615		
13.58		0.000627693		
13.59		0.000626773		
13.6		0.000625856		
13.61		0.000624941		
13.62		0.000624028		
13.63		0.000623117		
13.64		0.000622209		
13.65		0.000621303		
13.66		0.000620399		
13.67		0.000619498		
13.68		0.000618598		
13.69		0.000617701		
13.7		0.000616806		
13.71		0.000615914		
13.72		0.000615023		
13.73		0.000614135		
13.74		0.000613249		
13.75		0.000612365		
13.76		0.000611483		
13.77		0.000610604		
13.78		0.000609726		
13.79		0.000608851		
13.8		0.000607978		
13.81		0.000607107		
13.82		0.000606238		
13.83		0.000605371		
13.84		0.000604507		
13.85		0.000603644		
13.86		0.000602784		
13.87		0.000601925		
13.88		0.000601069		
13.89		0.000600214		
13.9		0.000599362		
13.91		0.000598512		
13.92		0.000597664		
13.93		0.000596818		
13.94		0.000595974		
13.95		0.000595132		
13.96		0.000594292		
13.97		0.000593454		
13.98		0.000592617		
13.99		0.000591783		
14		0.000590951		
14.01		0.000590121		
14.02		0.000589293		
14.03		0.000588467		
14.04		0.000587642		
14.05		0.00058682		
14.06		0.000586		
14.07		0.000585181		
14.08		0.000584365		
14.09		0.00058355		
14.1		0.000582737		
14.11		0.000581927		
14.12		0.000581118		
14.13		0.000580311		
14.14		0.000579505		
14.15		0.000578702		
14.16		0.000577901		
14.17		0.000577101		
14.18		0.000576304		
14.19		0.000575508		
14.2		0.000574714		
14.21		0.000573921		
14.22		0.000573131		
14.23		0.000572343		
14.24		0.000571556		
14.25		0.000570771		
14.26		0.000569988		
14.27		0.000569207		
14.28		0.000568427		
14.29		0.000567649		
14.3		0.000566873		
14.31		0.000566099		
14.32		0.000565327		
14.33		0.000564556		
14.34		0.000563787		
14.35		0.00056302		
14.36		0.000562254		
14.37		0.000561491		
14.38		0.000560729		
14.39		0.000559968		
14.4		0.00055921		
14.41		0.000558453		
14.42		0.000557698		
14.43		0.000556944		
14.44		0.000556193		
14.45		0.000555443		
14.46		0.000554694		
14.47		0.000553947		
14.48		0.000553202		
14.49		0.000552459		
14.5		0.000551717		
14.51		0.000550977		
14.52		0.000550239		
14.53		0.000549502		
14.54		0.000548767		
14.55		0.000548033		
14.56		0.000547301		
14.57		0.000546571		
14.58		0.000545842		
14.59		0.000545115		
14.6		0.00054439		
14.61		0.000543666		
14.62		0.000542944		
14.63		0.000542223		
14.64		0.000541504		
14.65		0.000540786		
14.66		0.00054007		
14.67		0.000539357		
14.68		0.000538646		
14.69		0.000537937		
14.7		0.000537233		
14.71		0.000536532		
14.72		0.000535834		
14.73		0.000535142		
14.74		0.000534453		
14.75		0.000533769		
14.76		0.000533091		
14.77		0.000532417		
14.78		0.000531748		
14.79		0.000531084		
14.8		0.000530426		
14.81		0.000529773		
14.82		0.000529125		
14.83		0.000528483		
14.84		0.000527846		
14.85		0.000527214		
14.86		0.000526587		
14.87		0.000525966		
14.88		0.000525349		
14.89		0.000524738		
14.9		0.000524131		
14.91		0.00052353		
14.92		0.000522933		
14.93		0.00052234		
14.94		0.000521752		
14.95		0.000521168		
14.96		0.000520589		
14.97		0.000520013		
14.98		0.000519442		
14.99		0.000518874		
15		0.00051831		
15.01		0.000517749		
15.02		0.000517191		
15.03		0.000516637		
15.04		0.000516086		
15.05		0.000515538		
15.06		0.000514993		
15.07		0.00051445		
15.08		0.00051391		
15.09		0.000513373		
15.1		0.000512838		
15.11		0.000512305		
15.12		0.000511774		
15.13		0.000511246		
15.14		0.000510719		
15.15		0.000510194		
15.16		0.000509672		
15.17		0.00050915		
15.18		0.000508631		
15.19		0.000508113		
15.2		0.000507596		
15.21		0.000507081		
15.22		0.000506567		
15.23		0.000506054		
15.24		0.000505543		
15.25		0.000505033		
15.26		0.000504523		
15.27		0.000504015		
15.28		0.000503508		
15.29		0.000503002		
15.3		0.000502497		
15.31		0.000501992		
15.32		0.000501488		
15.33		0.000500986		
15.34		0.000500484		
15.35		0.000499982		
15.36		0.000499482		
15.37		0.000498982		
15.38		0.000498482		
15.39		0.000497983		
15.4		0.000497485		
15.41		0.000496988		
15.42		0.00049649		
15.43		0.000495994		
15.44		0.000495498		
15.45		0.000495002		
15.46		0.000494507		
15.47		0.000494013		
15.48		0.000493518		
15.49		0.000493025		
15.5		0.000492531		
15.51		0.000492038		
15.52		0.000491546		
15.53		0.000491053		
15.54		0.000490562		
15.55		0.00049007		
15.56		0.000489579		
15.57		0.000489088		
15.58		0.000488598		
15.59		0.000488108		
15.6		0.000487618		
15.61		0.000487129		
15.62		0.00048664		
15.63		0.000486151		
15.64		0.000485663		
15.65		0.000485174		
15.66		0.000484687		
15.67		0.000484199		
15.68		0.000483712		
15.69		0.000483225		
15.7		0.000482738		
15.71		0.000482252		
15.72		0.000481766		
15.73		0.00048128		
15.74		0.000480795		
15.75		0.00048031		
15.76		0.000479825		
15.77		0.00047934		
15.78		0.000478856		
15.79		0.000478372		
15.8		0.000477888		
15.81		0.000477405		
15.82		0.000476921		
15.83		0.000476438		
15.84		0.000475956		
15.85		0.000475474		
15.86		0.000474991		
15.87		0.00047451		
15.88		0.000474028		
15.89		0.000473547		
15.9		0.000473066		
15.91		0.000472585		
15.92		0.000472105		
15.93		0.000471625		
15.94		0.000471145		
15.95		0.000470666		
15.96		0.000470187		
15.97		0.000469708		
15.98		0.000469229		
15.99		0.000468751		
16		0.000468273		
16.01		0.000467795		
16.02		0.000467318		
16.03		0.000466841		
16.04		0.000466364		
16.05		0.000465887		
16.06		0.000465411		
16.07		0.000464935		
16.08		0.000464459		
16.09		0.000463984		
16.1		0.000463509		
16.11		0.000463034		
16.12		0.00046256		
16.13		0.000462086		
16.14		0.000461612		
16.15		0.000461139		
16.16		0.000460665		
16.17		0.000460193		
16.18		0.00045972		
16.19		0.000459248		
16.2		0.000458776		
16.21		0.000458304		
16.22		0.000457833		
16.23		0.000457362		
16.24		0.000456892		
16.25		0.000456421		
16.26		0.000455952		
16.27		0.000455482		
16.28		0.000455013		
16.29		0.000454544		
16.3		0.000454075		
16.31		0.000453607		
16.32		0.000453139		
16.33		0.000452671		
16.34		0.000452204		
16.35		0.000451737		
16.36		0.000451271		
16.37		0.000450805		
16.38		0.000450339		
16.39		0.000449873		
16.4		0.000449408		
16.41		0.000448943		
16.42		0.000448479		
16.43		0.000448015		
16.44		0.000447551		
16.45		0.000447088		
16.46		0.000446625		
16.47		0.000446162		
16.48		0.0004457		
16.49		0.000445238		
16.5		0.000444777		
16.51		0.000444316		
16.52		0.000443855		
16.53		0.000443394		
16.54		0.000442934		
16.55		0.000442475		
16.56		0.000442015		
16.57		0.000441557		
16.58		0.000441098		
16.59		0.00044064		
16.6		0.000440182		
16.61		0.000439725		
16.62		0.000439268		
16.63		0.000438811		
16.64		0.000438355		
16.65		0.000437899		
16.66		0.000437444		
16.67		0.000436989		
16.68		0.000436534		
16.69		0.00043608		
16.7		0.000435626		
16.71		0.000435173		
16.72		0.00043472		
16.73		0.000434267		
16.74		0.000433815		
16.75		0.000433363		
16.76		0.000432911		
16.77		0.00043246		
16.78		0.00043201		
16.79		0.00043156		
16.8		0.00043111		
16.81		0.00043066		
16.82		0.000430211		
16.83		0.000429763		
16.84		0.000429315		
16.85		0.000428867		
16.86		0.00042842		
16.87		0.000427973		
16.88		0.000427526		
16.89		0.00042708		
16.9		0.000426635		
16.91		0.000426189		
16.92		0.000425745		
16.93		0.0004253		
16.94		0.000424856		
16.95		0.000424413		
16.96		0.00042397		
16.97		0.000423527		
16.98		0.000423085		
16.99		0.000422643		
17		0.000422202		
17.01		0.000421761		
17.02		0.00042132		
17.03		0.00042088		
17.04		0.000420441		
17.05		0.000420001		
17.06		0.000419563		
17.07		0.000419124		
17.08		0.000418687		
17.09		0.000418249		
17.1		0.000417812		
17.11		0.000417376		
17.12		0.00041694		
17.13		0.000416504		
17.14		0.000416069		
17.15		0.000415634		
17.16		0.0004152		
17.17		0.000414766		
17.18		0.000414332		
17.19		0.0004139		
17.2		0.000413467		
17.21		0.000413035		
17.22		0.000412603		
17.23		0.000412172		
17.24		0.000411742		
17.25		0.000411311		
17.26		0.000410882		
17.27		0.000410452		
17.28		0.000410023		
17.29		0.000409595		
17.3		0.000409167		
17.31		0.00040874		
17.32		0.000408313		
17.33		0.000407886		
17.34		0.00040746		
17.35		0.000407034		
17.36		0.000406609		
17.37		0.000406184		
17.38		0.00040576		
17.39		0.000405336		
17.4		0.000404913		
17.41		0.00040449		
17.42		0.000404068		
17.43		0.000403646		
17.44		0.000403225		
17.45		0.000402804		
17.46		0.000402383		
17.47		0.000401963		
17.48		0.000401543		
17.49		0.000401124		
17.5		0.000400706		
17.51		0.000400287		
17.52		0.00039987		
17.53		0.000399453		
17.54		0.000399036		
17.55		0.00039862		
17.56		0.000398204		
17.57		0.000397788		
17.58		0.000397374		
17.59		0.000396959		
17.6		0.000396545		
17.61		0.000396132		
17.62		0.000395719		
17.63		0.000395306		
17.64		0.000394894		
17.65		0.000394483		
17.66		0.000394072		
17.67		0.000393661		
17.68		0.000393251		
17.69		0.000392842		
17.7		0.000392432		
17.71		0.000392024		
17.72		0.000391616		
17.73		0.000391208		
17.74		0.000390801		
17.75		0.000390394		
17.76		0.000389988		
17.77		0.000389582		
17.78		0.000389177		
17.79		0.000388772		
17.8		0.000388367		
17.81		0.000387964		
17.82		0.00038756		
17.83		0.000387157		
17.84		0.000386755		
17.85		0.000386353		
17.86		0.000385952		
17.87		0.000385551		
17.88		0.00038515		
17.89		0.00038475		
17.9		0.000384351		
17.91		0.000383952		
17.92		0.000383553		
17.93		0.000383155		
17.94		0.000382757		
17.95		0.00038236		
17.96		0.000381964		
17.97		0.000381567		
17.98		0.000381172		
17.99		0.000380777		
18		0.000380382		
18.01		0.000379988		
18.02		0.000379594		
18.03		0.000379201		
18.04		0.000378808		
18.05		0.000378416		
18.06		0.000378024		
18.07		0.000377633		
18.08		0.000377242		
18.09		0.000376852		
18.1		0.000376462		
18.11		0.000376072		
18.12		0.000375683		
18.13		0.000375295		
18.14		0.000374907		
18.15		0.00037452		
18.16		0.000374133		
18.17		0.000373746		
18.18		0.00037336		
18.19		0.000372975		
18.2		0.00037259		
18.21		0.000372205		
18.22		0.000371821		
18.23		0.000371438		
18.24		0.000371055		
18.25		0.000370672		
18.26		0.00037029		
18.27		0.000369908		
18.28		0.000369527		
18.29		0.000369147		
18.3		0.000368766		
18.31		0.000368387		
18.32		0.000368007		
18.33		0.000367629		
18.34		0.00036725		
18.35		0.000366873		
18.36		0.000366495		
18.37		0.000366119		
18.38		0.000365742		
18.39		0.000365366		
18.4		0.000364991		
18.41		0.000364616		
18.42		0.000364242		
18.43		0.000363868		
18.44		0.000363495		
18.45		0.000363122		
18.46		0.000362749		
18.47		0.000362377		
18.48		0.000362006		
18.49		0.000361635		
18.5		0.000361264		
18.51		0.000360894		
18.52		0.000360524		
18.53		0.000360155		
18.54		0.000359787		
18.55		0.000359418		
18.56		0.000359051		
18.57		0.000358683		
18.58		0.000358317		
18.59		0.00035795		
18.6		0.000357585		
18.61		0.000357219		
18.62		0.000356855		
18.63		0.00035649		
18.64		0.000356126		
18.65		0.000355763		
18.66		0.0003554		
18.67		0.000355038		
18.68		0.000354676		
18.69		0.000354314		
18.7		0.000353953		
18.71		0.000353592		
18.72		0.000353232		
18.73		0.000352873		
18.74		0.000352514		
18.75		0.000352155		
18.76		0.000351797		
18.77		0.000351439		
18.78		0.000351082		
18.79		0.000350725		
18.8		0.000350369		
18.81		0.000350013		
18.82		0.000349658		
18.83		0.000349303		
18.84		0.000348948		
18.85		0.000348594		
18.86		0.000348241		
18.87		0.000347888		
18.88		0.000347535		
18.89		0.000347183		
18.9		0.000346831		
18.91		0.00034648		
18.92		0.00034613		
18.93		0.000345779		
18.94		0.00034543		
18.95		0.00034508		
18.96		0.000344731		
18.97		0.000344383		
18.98		0.000344035		
18.99		0.000343688		
19		0.000343341		
19.01		0.000342994		
19.02		0.000342648		
19.03		0.000342303		
19.04		0.000341957		
19.05		0.000341613		
19.06		0.000341269		
19.07		0.000340925		
19.08		0.000340582		
19.09		0.000340239		
19.1		0.000339896		
19.11		0.000339554		
19.12		0.000339213		
19.13		0.000338872		
19.14		0.000338531		
19.15		0.000338191		
19.16		0.000337852		
19.17		0.000337512		
19.18		0.000337174		
19.19		0.000336835		
19.2		0.000336498		
19.21		0.00033616		
19.22		0.000335823		
19.23		0.000335487		
19.24		0.000335151		
19.25		0.000334815		
19.26		0.00033448		
19.27		0.000334146		
19.28		0.000333811		
19.29		0.000333478		
19.3		0.000333144		
19.31		0.000332812		
19.32		0.000332479		
19.33		0.000332147		
19.34		0.000331816		
19.35		0.000331485		
19.36		0.000331154		
19.37		0.000330824		
19.38		0.000330494		
19.39		0.000330165		
19.4		0.000329836		
19.41		0.000329508		
19.42		0.00032918		
19.43		0.000328852		
19.44		0.000328525		
19.45		0.000328199		
19.46		0.000327872		
19.47		0.000327547		
19.48		0.000327221		
19.49		0.000326897		
19.5		0.000326572		
19.51		0.000326248		
19.52		0.000325925		
19.53		0.000325601		
19.54		0.000325279		
19.55		0.000324957		
19.56		0.000324635		
19.57		0.000324313		
19.58		0.000323993		
19.59		0.000323672		
19.6		0.000323352		
19.61		0.000323032		
19.62		0.000322713		
19.63		0.000322395		
19.64		0.000322076		
19.65		0.000321758		
19.66		0.000321441		
19.67		0.000321124		
19.68		0.000320807		
19.69		0.000320491		
19.7		0.000320175		
19.71		0.00031986		
19.72		0.000319545		
19.73		0.000319231		
19.74		0.000318917		
19.75		0.000318603		
19.76		0.00031829		
19.77		0.000317977		
19.78		0.000317665		
19.79		0.000317353		
19.8		0.000317042		
19.81		0.000316731		
19.82		0.00031642		
19.83		0.00031611		
19.84		0.0003158		
19.85		0.000315491		
19.86		0.000315182		
19.87		0.000314873		
19.88		0.000314565		
19.89		0.000314257		
19.9		0.00031395		
19.91		0.000313643		
19.92		0.000313337		
19.93		0.000313031		
19.94		0.000312725		
19.95		0.00031242		
19.96		0.000312115		
19.97		0.000311811		
19.98		0.000311507		
19.99		0.000311204		
20		0.000310901		
