tau [fm]		PL/PT
0.25		0.001
0.26		0.00534844		
0.27		0.00954349		
0.28		0.0136014		
0.29		0.0175361		
0.3		0.02136		
0.31		0.0250837		
0.32		0.0287165		
0.33		0.0322669		
0.34		0.0357421		
0.35		0.0391488		
0.36		0.0424928		
0.37		0.0457795		
0.38		0.0490136		
0.39		0.0521995		
0.4		0.0553411		
0.41		0.0584418		
0.42		0.061505		
0.43		0.0645337		
0.44		0.0675305		
0.45		0.0704979		
0.46		0.0734382		
0.47		0.0763535		
0.48		0.0792457		
0.49		0.0821165		
0.5		0.0849677		
0.51		0.0878008		
0.52		0.090617		
0.53		0.0934177		
0.54		0.096204		
0.55		0.0989771		
0.56		0.101738		
0.57		0.104487		
0.58		0.107226		
0.59		0.109956		
0.6		0.112676		
0.61		0.115388		
0.62		0.118092		
0.63		0.120789		
0.64		0.123479		
0.65		0.126163		
0.66		0.128842		
0.67		0.131514		
0.68		0.134182		
0.69		0.136845		
0.7		0.139503		
0.71		0.142158		
0.72		0.144808		
0.73		0.147454		
0.74		0.150096		
0.75		0.152735		
0.76		0.15537		
0.77		0.158002		
0.78		0.160631		
0.79		0.163256		
0.8		0.165879		
0.81		0.168498		
0.82		0.171114		
0.83		0.173727		
0.84		0.176337		
0.85		0.178943		
0.86		0.181547		
0.87		0.184147		
0.88		0.186744		
0.89		0.189338		
0.9		0.191928		
0.91		0.194515		
0.92		0.197099		
0.93		0.199679		
0.94		0.202255		
0.95		0.204828		
0.96		0.207396		
0.97		0.209961		
0.98		0.212522		
0.99		0.215078		
1		0.21763		
1.01		0.220178		
1.02		0.222722		
1.03		0.225261		
1.04		0.227796		
1.05		0.230325		
1.06		0.23285		
1.07		0.23537		
1.08		0.237885		
1.09		0.240394		
1.1		0.242899		
1.11		0.245398		
1.12		0.247891		
1.13		0.250379		
1.14		0.252861		
1.15		0.255338		
1.16		0.257809		
1.17		0.260273		
1.18		0.262732		
1.19		0.265184		
1.2		0.267631		
1.21		0.270071		
1.22		0.272504		
1.23		0.274931		
1.24		0.277351		
1.25		0.279765		
1.26		0.282172		
1.27		0.284572		
1.28		0.286966		
1.29		0.289352		
1.3		0.291731		
1.31		0.294104		
1.32		0.296469		
1.33		0.298826		
1.34		0.301177		
1.35		0.30352		
1.36		0.305856		
1.37		0.308184		
1.38		0.310505		
1.39		0.312818		
1.4		0.315124		
1.41		0.317422		
1.42		0.319712		
1.43		0.321995		
1.44		0.32427		
1.45		0.326537		
1.46		0.328796		
1.47		0.331047		
1.48		0.33329		
1.49		0.335525		
1.5		0.337753		
1.51		0.339972		
1.52		0.342183		
1.53		0.344386		
1.54		0.346582		
1.55		0.348769		
1.56		0.350947		
1.57		0.353118		
1.58		0.355281		
1.59		0.357435		
1.6		0.359581		
1.61		0.361719		
1.62		0.363849		
1.63		0.36597		
1.64		0.368083		
1.65		0.370188		
1.66		0.372285		
1.67		0.374374		
1.68		0.376454		
1.69		0.378526		
1.7		0.380589		
1.71		0.382645		
1.72		0.384692		
1.73		0.386731		
1.74		0.388761		
1.75		0.390783		
1.76		0.392798		
1.77		0.394803		
1.78		0.396801		
1.79		0.39879		
1.8		0.400771		
1.81		0.402744		
1.82		0.404709		
1.83		0.406665		
1.84		0.408613		
1.85		0.410553		
1.86		0.412485		
1.87		0.414408		
1.88		0.416324		
1.89		0.418231		
1.9		0.420131		
1.91		0.422022		
1.92		0.423905		
1.93		0.42578		
1.94		0.427646		
1.95		0.429505		
1.96		0.431356		
1.97		0.433199		
1.98		0.435034		
1.99		0.43686		
2		0.438679		
2.01		0.44049		
2.02		0.442293		
2.03		0.444088		
2.04		0.445875		
2.05		0.447655		
2.06		0.449426		
2.07		0.45119		
2.08		0.452946		
2.09		0.454694		
2.1		0.456434		
2.11		0.458167		
2.12		0.459892		
2.13		0.461609		
2.14		0.463319		
2.15		0.465021		
2.16		0.466716		
2.17		0.468402		
2.18		0.470082		
2.19		0.471754		
2.2		0.473418		
2.21		0.475075		
2.22		0.476724		
2.23		0.478366		
2.24		0.48		
2.25		0.481627		
2.26		0.483247		
2.27		0.48486		
2.28		0.486465		
2.29		0.488063		
2.3		0.489653		
2.31		0.491237		
2.32		0.492813		
2.33		0.494382		
2.34		0.495944		
2.35		0.497499		
2.36		0.499047		
2.37		0.500587		
2.38		0.502121		
2.39		0.503647		
2.4		0.505167		
2.41		0.50668		
2.42		0.508186		
2.43		0.509685		
2.44		0.511177		
2.45		0.512662		
2.46		0.51414		
2.47		0.515612		
2.48		0.517077		
2.49		0.518535		
2.5		0.519987		
2.51		0.521431		
2.52		0.52287		
2.53		0.524301		
2.54		0.525726		
2.55		0.527144		
2.56		0.528556		
2.57		0.529962		
2.58		0.531361		
2.59		0.532753		
2.6		0.534139		
2.61		0.535519		
2.62		0.536892		
2.63		0.538259		
2.64		0.53962		
2.65		0.540974		
2.66		0.542323		
2.67		0.543664		
2.68		0.545		
2.69		0.54633		
2.7		0.547653		
2.71		0.548971		
2.72		0.550282		
2.73		0.551587		
2.74		0.552886		
2.75		0.55418		
2.76		0.555467		
2.77		0.556748		
2.78		0.558024		
2.79		0.559293		
2.8		0.560557		
2.81		0.561814		
2.82		0.563066		
2.83		0.564313		
2.84		0.565553		
2.85		0.566788		
2.86		0.568017		
2.87		0.56924		
2.88		0.570458		
2.89		0.57167		
2.9		0.572877		
2.91		0.574078		
2.92		0.575273		
2.93		0.576463		
2.94		0.577648		
2.95		0.578827		
2.96		0.58		
2.97		0.581168		
2.98		0.582331		
2.99		0.583489		
3		0.584641		
3.01		0.585788		
3.02		0.586929		
3.03		0.588066		
3.04		0.589197		
3.05		0.590323		
3.06		0.591443		
3.07		0.592559		
3.08		0.593669		
3.09		0.594775		
3.1		0.595875		
3.11		0.59697		
3.12		0.598061		
3.13		0.599146		
3.14		0.600226		
3.15		0.601302		
3.16		0.602372		
3.17		0.603437		
3.18		0.604498		
3.19		0.605554		
3.2		0.606605		
3.21		0.607651		
3.22		0.608693		
3.23		0.609729		
3.24		0.610761		
3.25		0.611789		
3.26		0.612811		
3.27		0.613829		
3.28		0.614843		
3.29		0.615851		
3.3		0.616855		
3.31		0.617855		
3.32		0.61885		
3.33		0.619841		
3.34		0.620827		
3.35		0.621808		
3.36		0.622785		
3.37		0.623758		
3.38		0.624727		
3.39		0.625691		
3.4		0.62665		
3.41		0.627605		
3.42		0.628556		
3.43		0.629503		
3.44		0.630446		
3.45		0.631384		
3.46		0.632318		
3.47		0.633248		
3.48		0.634173		
3.49		0.635095		
3.5		0.636012		
3.51		0.636925		
3.52		0.637834		
3.53		0.638739		
3.54		0.63964		
3.55		0.640537		
3.56		0.64143		
3.57		0.642319		
3.58		0.643204		
3.59		0.644086		
3.6		0.644963		
3.61		0.645836		
3.62		0.646706		
3.63		0.647571		
3.64		0.648433		
3.65		0.649291		
3.66		0.650145		
3.67		0.650995		
3.68		0.651842		
3.69		0.652685		
3.7		0.653524		
3.71		0.654359		
3.72		0.655191		
3.73		0.656019		
3.74		0.656843		
3.75		0.657664		
3.76		0.658481		
3.77		0.659295		
3.78		0.660105		
3.79		0.660911		
3.8		0.661714		
3.81		0.662514		
3.82		0.66331		
3.83		0.664102		
3.84		0.664891		
3.85		0.665677		
3.86		0.666459		
3.87		0.667238		
3.88		0.668014		
3.89		0.668786		
3.9		0.669554		
3.91		0.67032		
3.92		0.671082		
3.93		0.671841		
3.94		0.672596		
3.95		0.673348		
3.96		0.674097		
3.97		0.674843		
3.98		0.675586		
3.99		0.676325		
4		0.677061		
4.01		0.677794		
4.02		0.678524		
4.03		0.679251		
4.04		0.679975		
4.05		0.680695		
4.06		0.681413		
4.07		0.682127		
4.08		0.682839		
4.09		0.683547		
4.1		0.684253		
4.11		0.684955		
4.12		0.685654		
4.13		0.686351		
4.14		0.687044		
4.15		0.687735		
4.16		0.688423		
4.17		0.689108		
4.18		0.689789		
4.19		0.690469		
4.2		0.691145		
4.21		0.691818		
4.22		0.692489		
4.23		0.693156		
4.24		0.693821		
4.25		0.694483		
4.26		0.695143		
4.27		0.695799		
4.28		0.696453		
4.29		0.697104		
4.3		0.697753		
4.31		0.698399		
4.32		0.699042		
4.33		0.699682		
4.34		0.70032		
4.35		0.700955		
4.36		0.701588		
4.37		0.702218		
4.38		0.702845		
4.39		0.70347		
4.4		0.704092		
4.41		0.704712		
4.42		0.705329		
4.43		0.705943		
4.44		0.706555		
4.45		0.707165		
4.46		0.707772		
4.47		0.708377		
4.48		0.708979		
4.49		0.709579		
4.5		0.710176		
4.51		0.710771		
4.52		0.711363		
4.53		0.711953		
4.54		0.712541		
4.55		0.713126		
4.56		0.713709		
4.57		0.71429		
4.58		0.714868		
4.59		0.715444		
4.6		0.716018		
4.61		0.716589		
4.62		0.717158		
4.63		0.717725		
4.64		0.718289		
4.65		0.718852		
4.66		0.719412		
4.67		0.719969		
4.68		0.720525		
4.69		0.721078		
4.7		0.72163		
4.71		0.722179		
4.72		0.722726		
4.73		0.72327		
4.74		0.723813		
4.75		0.724353		
4.76		0.724892		
4.77		0.725428		
4.78		0.725962		
4.79		0.726494		
4.8		0.727024		
4.81		0.727552		
4.82		0.728077		
4.83		0.728601		
4.84		0.729123		
4.85		0.729642		
4.86		0.73016		
4.87		0.730676		
4.88		0.731189		
4.89		0.731701		
4.9		0.732211		
4.91		0.732719		
4.92		0.733224		
4.93		0.733728		
4.94		0.73423		
4.95		0.73473		
4.96		0.735228		
4.97		0.735724		
4.98		0.736219		
4.99		0.736711		
5		0.737202		
5.01		0.73769		
5.02		0.738177		
5.03		0.738662		
5.04		0.739145		
5.05		0.739626		
5.06		0.740106		
5.07		0.740584		
5.08		0.741059		
5.09		0.741533		
5.1		0.742006		
5.11		0.742476		
5.12		0.742945		
5.13		0.743412		
5.14		0.743877		
5.15		0.744341		
5.16		0.744803		
5.17		0.745263		
5.18		0.745721		
5.19		0.746178		
5.2		0.746633		
5.21		0.747086		
5.22		0.747538		
5.23		0.747988		
5.24		0.748436		
5.25		0.748882		
5.26		0.749327		
5.27		0.749771		
5.28		0.750213		
5.29		0.750653		
5.3		0.751091		
5.31		0.751528		
5.32		0.751963		
5.33		0.752397		
5.34		0.752829		
5.35		0.75326		
5.36		0.753689		
5.37		0.754116		
5.38		0.754542		
5.39		0.754967		
5.4		0.75539		
5.41		0.755811		
5.42		0.756231		
5.43		0.756649		
5.44		0.757066		
5.45		0.757481		
5.46		0.757895		
5.47		0.758307		
5.48		0.758718		
5.49		0.759128		
5.5		0.759536		
5.51		0.759942		
5.52		0.760347		
5.53		0.760751		
5.54		0.761153		
5.55		0.761554		
5.56		0.761953		
5.57		0.762351		
5.58		0.762748		
5.59		0.763143		
5.6		0.763537		
5.61		0.763929		
5.62		0.76432		
5.63		0.76471		
5.64		0.765098		
5.65		0.765485		
5.66		0.765871		
5.67		0.766255		
5.68		0.766638		
5.69		0.76702		
5.7		0.7674		
5.71		0.767779		
5.72		0.768156		
5.73		0.768533		
5.74		0.768908		
5.75		0.769282		
5.76		0.769654		
5.77		0.770025		
5.78		0.770395		
5.79		0.770764		
5.8		0.771132		
5.81		0.771498		
5.82		0.771863		
5.83		0.772226		
5.84		0.772589		
5.85		0.77295		
5.86		0.77331		
5.87		0.773669		
5.88		0.774027		
5.89		0.774383		
5.9		0.774738		
5.91		0.775092		
5.92		0.775445		
5.93		0.775797		
5.94		0.776147		
5.95		0.776496		
5.96		0.776845		
5.97		0.777191		
5.98		0.777537		
5.99		0.777882		
6		0.778225		
6.01		0.778568		
6.02		0.778909		
6.03		0.779249		
6.04		0.779588		
6.05		0.779926		
6.06		0.780263		
6.07		0.780599		
6.08		0.780933		
6.09		0.781267		
6.1		0.781599		
6.11		0.78193		
6.12		0.782261		
6.13		0.78259		
6.14		0.782918		
6.15		0.783245		
6.16		0.783571		
6.17		0.783896		
6.18		0.784219		
6.19		0.784542		
6.2		0.784864		
6.21		0.785185		
6.22		0.785504		
6.23		0.785823		
6.24		0.786141		
6.25		0.786457		
6.26		0.786773		
6.27		0.787088		
6.28		0.787401		
6.29		0.787714		
6.3		0.788025		
6.31		0.788336		
6.32		0.788646		
6.33		0.788954		
6.34		0.789262		
6.35		0.789569		
6.36		0.789874		
6.37		0.790179		
6.38		0.790483		
6.39		0.790786		
6.4		0.791088		
6.41		0.791389		
6.42		0.791689		
6.43		0.791988		
6.44		0.792286		
6.45		0.792583		
6.46		0.79288		
6.47		0.793175		
6.48		0.79347		
6.49		0.793763		
6.5		0.794056		
6.51		0.794347		
6.52		0.794638		
6.53		0.794928		
6.54		0.795217		
6.55		0.795506		
6.56		0.795793		
6.57		0.796079		
6.58		0.796365		
6.59		0.796649		
6.6		0.796933		
6.61		0.797216		
6.62		0.797498		
6.63		0.79778		
6.64		0.79806		
6.65		0.798339		
6.66		0.798618		
6.67		0.798896		
6.68		0.799173		
6.69		0.799449		
6.7		0.799724		
6.71		0.799999		
6.72		0.800273		
6.73		0.800545		
6.74		0.800818		
6.75		0.801089		
6.76		0.801359		
6.77		0.801629		
6.78		0.801898		
6.79		0.802166		
6.8		0.802433		
6.81		0.802699		
6.82		0.802965		
6.83		0.80323		
6.84		0.803494		
6.85		0.803757		
6.86		0.80402		
6.87		0.804281		
6.88		0.804542		
6.89		0.804803		
6.9		0.805062		
6.91		0.805321		
6.92		0.805579		
6.93		0.805836		
6.94		0.806092		
6.95		0.806348		
6.96		0.806603		
6.97		0.806857		
6.98		0.807111		
6.99		0.807364		
7		0.807616		
7.01		0.807867		
7.02		0.808118		
7.03		0.808367		
7.04		0.808617		
7.05		0.808865		
7.06		0.809113		
7.07		0.80936		
7.08		0.809606		
7.09		0.809852		
7.1		0.810096		
7.11		0.810341		
7.12		0.810584		
7.13		0.810827		
7.14		0.811069		
7.15		0.811311		
7.16		0.811551		
7.17		0.811791		
7.18		0.812031		
7.19		0.81227		
7.2		0.812508		
7.21		0.812745		
7.22		0.812982		
7.23		0.813218		
7.24		0.813453		
7.25		0.813688		
7.26		0.813922		
7.27		0.814156		
7.28		0.814388		
7.29		0.814621		
7.3		0.814852		
7.31		0.815083		
7.32		0.815313		
7.33		0.815543		
7.34		0.815772		
7.35		0.816		
7.36		0.816228		
7.37		0.816455		
7.38		0.816681		
7.39		0.816907		
7.4		0.817132		
7.41		0.817357		
7.42		0.817581		
7.43		0.817804		
7.44		0.818027		
7.45		0.818249		
7.46		0.818471		
7.47		0.818692		
7.48		0.818912		
7.49		0.819132		
7.5		0.819351		
7.51		0.81957		
7.52		0.819788		
7.53		0.820005		
7.54		0.820222		
7.55		0.820438		
7.56		0.820654		
7.57		0.820869		
7.58		0.821084		
7.59		0.821298		
7.6		0.821511		
7.61		0.821724		
7.62		0.821936		
7.63		0.822148		
7.64		0.822359		
7.65		0.822569		
7.66		0.822779		
7.67		0.822989		
7.68		0.823198		
7.69		0.823406		
7.7		0.823614		
7.71		0.823821		
7.72		0.824028		
7.73		0.824234		
7.74		0.82444		
7.75		0.824645		
7.76		0.824849		
7.77		0.825053		
7.78		0.825257		
7.79		0.82546		
7.8		0.825662		
7.81		0.825864		
7.82		0.826065		
7.83		0.826266		
7.84		0.826467		
7.85		0.826666		
7.86		0.826866		
7.87		0.827065		
7.88		0.827263		
7.89		0.827461		
7.9		0.827658		
7.91		0.827855		
7.92		0.828051		
7.93		0.828247		
7.94		0.828442		
7.95		0.828637		
7.96		0.828831		
7.97		0.829025		
7.98		0.829218		
7.99		0.829411		
8		0.829603		
8.01		0.829795		
8.02		0.829986		
8.03		0.830177		
8.04		0.830368		
8.05		0.830558		
8.06		0.830747		
8.07		0.830936		
8.08		0.831124		
8.09		0.831312		
8.1		0.8315		
8.11		0.831687		
8.12		0.831874		
8.13		0.83206		
8.14		0.832245		
8.15		0.832431		
8.16		0.832615		
8.17		0.8328		
8.18		0.832983		
8.19		0.833167		
8.2		0.83335		
8.21		0.833532		
8.22		0.833714		
8.23		0.833896		
8.24		0.834077		
8.25		0.834258		
8.26		0.834438		
8.27		0.834618		
8.28		0.834797		
8.29		0.834976		
8.3		0.835154		
8.31		0.835333		
8.32		0.83551		
8.33		0.835687		
8.34		0.835864		
8.35		0.83604		
8.36		0.836216		
8.37		0.836392		
8.38		0.836567		
8.39		0.836742		
8.4		0.836916		
8.41		0.83709		
8.42		0.837263		
8.43		0.837436		
8.44		0.837608		
8.45		0.837781		
8.46		0.837952		
8.47		0.838124		
8.48		0.838294		
8.49		0.838465		
8.5		0.838635		
8.51		0.838805		
8.52		0.838974		
8.53		0.839143		
8.54		0.839311		
8.55		0.839479		
8.56		0.839647		
8.57		0.839814		
8.58		0.839981		
8.59		0.840148		
8.6		0.840314		
8.61		0.84048		
8.62		0.840645		
8.63		0.84081		
8.64		0.840974		
8.65		0.841139		
8.66		0.841302		
8.67		0.841466		
8.68		0.841629		
8.69		0.841792		
8.7		0.841954		
8.71		0.842116		
8.72		0.842277		
8.73		0.842438		
8.74		0.842599		
8.75		0.84276		
8.76		0.84292		
8.77		0.843079		
8.78		0.843238		
8.79		0.843397		
8.8		0.843556		
8.81		0.843714		
8.82		0.843872		
8.83		0.844029		
8.84		0.844187		
8.85		0.844343		
8.86		0.8445		
8.87		0.844656		
8.88		0.844811		
8.89		0.844967		
8.9		0.845122		
8.91		0.845276		
8.92		0.845431		
8.93		0.845585		
8.94		0.845738		
8.95		0.845891		
8.96		0.846044		
8.97		0.846197		
8.98		0.846349		
8.99		0.846501		
9		0.846652		
9.01		0.846804		
9.02		0.846954		
9.03		0.847105		
9.04		0.847255		
9.05		0.847405		
9.06		0.847554		
9.07		0.847704		
9.08		0.847852		
9.09		0.848001		
9.1		0.848149		
9.11		0.848297		
9.12		0.848444		
9.13		0.848592		
9.14		0.848738		
9.15		0.848885		
9.16		0.849031		
9.17		0.849177		
9.18		0.849323		
9.19		0.849468		
9.2		0.849613		
9.21		0.849758		
9.22		0.849902		
9.23		0.850046		
9.24		0.85019		
9.25		0.850333		
9.26		0.850476		
9.27		0.850619		
9.28		0.850761		
9.29		0.850903		
9.3		0.851045		
9.31		0.851186		
9.32		0.851328		
9.33		0.851469		
9.34		0.851609		
9.35		0.851749		
9.36		0.851889		
9.37		0.852029		
9.38		0.852168		
9.39		0.852308		
9.4		0.852446		
9.41		0.852585		
9.42		0.852723		
9.43		0.852861		
9.44		0.852998		
9.45		0.853136		
9.46		0.853273		
9.47		0.85341		
9.48		0.853546		
9.49		0.853682		
9.5		0.853818		
9.51		0.853954		
9.52		0.854089		
9.53		0.854224		
9.54		0.854358		
9.55		0.854493		
9.56		0.854627		
9.57		0.854761		
9.58		0.854894		
9.59		0.855028		
9.6		0.855161		
9.61		0.855293		
9.62		0.855426		
9.63		0.855558		
9.64		0.85569		
9.65		0.855822		
9.66		0.855953		
9.67		0.856084		
9.68		0.856215		
9.69		0.856345		
9.7		0.856476		
9.71		0.856606		
9.72		0.856735		
9.73		0.856865		
9.74		0.856994		
9.75		0.857123		
9.76		0.857252		
9.77		0.85738		
9.78		0.857508		
9.79		0.857636		
9.8		0.857764		
9.81		0.857891		
9.82		0.858018		
9.83		0.858145		
9.84		0.858271		
9.85		0.858398		
9.86		0.858524		
9.87		0.85865		
9.88		0.858775		
9.89		0.8589		
9.9		0.859025		
9.91		0.85915		
9.92		0.859275		
9.93		0.859399		
9.94		0.859523		
9.95		0.859647		
9.96		0.85977		
9.97		0.859893		
9.98		0.860016		
9.99		0.860139		
10		0.860262		
10.01		0.860384		
10.02		0.860506		
10.03		0.860628		
10.04		0.860749		
10.05		0.860871		
10.06		0.860992		
10.07		0.861113		
10.08		0.861233		
10.09		0.861353		
10.1		0.861474		
10.11		0.861593		
10.12		0.861713		
10.13		0.861832		
10.14		0.861952		
10.15		0.86207		
10.16		0.862189		
10.17		0.862308		
10.18		0.862426		
10.19		0.862544		
10.2		0.862661		
10.21		0.862779		
10.22		0.862896		
10.23		0.863013		
10.24		0.86313		
10.25		0.863247		
10.26		0.863363		
10.27		0.863479		
10.28		0.863595		
10.29		0.863711		
10.3		0.863826		
10.31		0.863941		
10.32		0.864056		
10.33		0.864171		
10.34		0.864286		
10.35		0.8644		
10.36		0.864514		
10.37		0.864628		
10.38		0.864742		
10.39		0.864855		
10.4		0.864969		
10.41		0.865082		
10.42		0.865194		
10.43		0.865307		
10.44		0.865419		
10.45		0.865531		
10.46		0.865643		
10.47		0.865755		
10.48		0.865867		
10.49		0.865978		
10.5		0.866089		
10.51		0.8662		
10.52		0.866311		
10.53		0.866421		
10.54		0.866531		
10.55		0.866641		
10.56		0.866751		
10.57		0.866861		
10.58		0.86697		
10.59		0.867079		
10.6		0.867188		
10.61		0.867297		
10.62		0.867406		
10.63		0.867514		
10.64		0.867622		
10.65		0.86773		
10.66		0.867838		
10.67		0.867946		
10.68		0.868053		
10.69		0.86816		
10.7		0.868267		
10.71		0.868374		
10.72		0.86848		
10.73		0.868587		
10.74		0.868693		
10.75		0.868799		
10.76		0.868905		
10.77		0.86901		
10.78		0.869116		
10.79		0.869221		
10.8		0.869326		
10.81		0.869431		
10.82		0.869535		
10.83		0.86964		
10.84		0.869744		
10.85		0.869848		
10.86		0.869952		
10.87		0.870055		
10.88		0.870159		
10.89		0.870262		
10.9		0.870365		
10.91		0.870468		
10.92		0.870571		
10.93		0.870673		
10.94		0.870776		
10.95		0.870878		
10.96		0.87098		
10.97		0.871081		
10.98		0.871183		
10.99		0.871284		
11		0.871386		
11.01		0.871487		
11.02		0.871587		
11.03		0.871688		
11.04		0.871789		
11.05		0.871889		
11.06		0.871989		
11.07		0.872089		
11.08		0.872189		
11.09		0.872288		
11.1		0.872388		
11.11		0.872487		
11.12		0.872586		
11.13		0.872685		
11.14		0.872783		
11.15		0.872882		
11.16		0.87298		
11.17		0.873078		
11.18		0.873176		
11.19		0.873274		
11.2		0.873372		
11.21		0.873469		
11.22		0.873567		
11.23		0.873664		
11.24		0.873761		
11.25		0.873857		
11.26		0.873954		
11.27		0.87405		
11.28		0.874147		
11.29		0.874243		
11.3		0.874339		
11.31		0.874434		
11.32		0.87453		
11.33		0.874625		
11.34		0.874721		
11.35		0.874816		
11.36		0.874911		
11.37		0.875005		
11.38		0.8751		
11.39		0.875194		
11.4		0.875289		
11.41		0.875383		
11.42		0.875477		
11.43		0.87557		
11.44		0.875664		
11.45		0.875757		
11.46		0.875851		
11.47		0.875944		
11.48		0.876037		
11.49		0.87613		
11.5		0.876222		
11.51		0.876315		
11.52		0.876407		
11.53		0.876499		
11.54		0.876591		
11.55		0.876683		
11.56		0.876775		
11.57		0.876866		
11.58		0.876957		
11.59		0.877049		
11.6		0.87714		
11.61		0.877231		
11.62		0.877321		
11.63		0.877412		
11.64		0.877502		
11.65		0.877593		
11.66		0.877683		
11.67		0.877773		
11.68		0.877862		
11.69		0.877952		
11.7		0.878042		
11.71		0.878131		
11.72		0.87822		
11.73		0.878309		
11.74		0.878398		
11.75		0.878487		
11.76		0.878575		
11.77		0.878664		
11.78		0.878752		
11.79		0.87884		
11.8		0.878928		
11.81		0.879016		
11.82		0.879104		
11.83		0.879191		
11.84		0.879279		
11.85		0.879366		
11.86		0.879453		
11.87		0.87954		
11.88		0.879627		
11.89		0.879714		
11.9		0.8798		
11.91		0.879887		
11.92		0.879973		
11.93		0.880059		
11.94		0.880145		
11.95		0.880231		
11.96		0.880316		
11.97		0.880402		
11.98		0.880487		
11.99		0.880573		
12		0.880658		
12.01		0.880743		
12.02		0.880828		
12.03		0.880912		
12.04		0.880997		
12.05		0.881081		
12.06		0.881165		
12.07		0.88125		
12.08		0.881334		
12.09		0.881417		
12.1		0.881501		
12.11		0.881585		
12.12		0.881668		
12.13		0.881752		
12.14		0.881835		
12.15		0.881918		
12.16		0.882001		
12.17		0.882083		
12.18		0.882166		
12.19		0.882249		
12.2		0.882331		
12.21		0.882413		
12.22		0.882495		
12.23		0.882577		
12.24		0.882659		
12.25		0.882741		
12.26		0.882822		
12.27		0.882904		
12.28		0.882985		
12.29		0.883066		
12.3		0.883147		
12.31		0.883228		
12.32		0.883309		
12.33		0.88339		
12.34		0.88347		
12.35		0.883551		
12.36		0.883631		
12.37		0.883711		
12.38		0.883791		
12.39		0.883871		
12.4		0.883951		
12.41		0.88403		
12.42		0.88411		
12.43		0.884189		
12.44		0.884269		
12.45		0.884348		
12.46		0.884427		
12.47		0.884506		
12.48		0.884584		
12.49		0.884663		
12.5		0.884742		
12.51		0.88482		
12.52		0.884898		
12.53		0.884976		
12.54		0.885054		
12.55		0.885132		
12.56		0.88521		
12.57		0.885288		
12.58		0.885365		
12.59		0.885443		
12.6		0.88552		
12.61		0.885597		
12.62		0.885674		
12.63		0.885751		
12.64		0.885828		
12.65		0.885904		
12.66		0.885981		
12.67		0.886057		
12.68		0.886134		
12.69		0.88621		
12.7		0.886286		
12.71		0.886362		
12.72		0.886438		
12.73		0.886514		
12.74		0.886589		
12.75		0.886665		
12.76		0.88674		
12.77		0.886815		
12.78		0.886891		
12.79		0.886966		
12.8		0.887041		
12.81		0.887115		
12.82		0.88719		
12.83		0.887265		
12.84		0.887339		
12.85		0.887413		
12.86		0.887488		
12.87		0.887562		
12.88		0.887636		
12.89		0.88771		
12.9		0.887784		
12.91		0.887857		
12.92		0.887931		
12.93		0.888004		
12.94		0.888078		
12.95		0.888151		
12.96		0.888224		
12.97		0.888297		
12.98		0.88837		
12.99		0.888443		
13		0.888515		
13.01		0.888588		
13.02		0.88866		
13.03		0.888733		
13.04		0.888805		
13.05		0.888877		
13.06		0.888949		
13.07		0.889021		
13.08		0.889093		
13.09		0.889164		
13.1		0.889236		
13.11		0.889307		
13.12		0.889379		
13.13		0.88945		
13.14		0.889521		
13.15		0.889592		
13.16		0.889663		
13.17		0.889734		
13.18		0.889805		
13.19		0.889876		
13.2		0.889946		
13.21		0.890016		
13.22		0.890087		
13.23		0.890157		
13.24		0.890227		
13.25		0.890297		
13.26		0.890367		
13.27		0.890437		
13.28		0.890507		
13.29		0.890576		
13.3		0.890646		
13.31		0.890715		
13.32		0.890784		
13.33		0.890853		
13.34		0.890923		
13.35		0.890992		
13.36		0.89106		
13.37		0.891129		
13.38		0.891198		
13.39		0.891266		
13.4		0.891335		
13.41		0.891403		
13.42		0.891472		
13.43		0.89154		
13.44		0.891608		
13.45		0.891676		
13.46		0.891744		
13.47		0.891812		
13.48		0.891879		
13.49		0.891947		
13.5		0.892014		
13.51		0.892082		
13.52		0.892149		
13.53		0.892216		
13.54		0.892283		
13.55		0.89235		
13.56		0.892417		
13.57		0.892484		
13.58		0.892551		
13.59		0.892617		
13.6		0.892684		
13.61		0.89275		
13.62		0.892817		
13.63		0.892883		
13.64		0.892949		
13.65		0.893015		
13.66		0.893081		
13.67		0.893147		
13.68		0.893213		
13.69		0.893278		
13.7		0.893344		
13.71		0.893409		
13.72		0.893475		
13.73		0.89354		
13.74		0.893605		
13.75		0.89367		
13.76		0.893735		
13.77		0.8938		
13.78		0.893865		
13.79		0.89393		
13.8		0.893995		
13.81		0.894059		
13.82		0.894124		
13.83		0.894188		
13.84		0.894252		
13.85		0.894317		
13.86		0.894381		
13.87		0.894445		
13.88		0.894509		
13.89		0.894572		
13.9		0.894636		
13.91		0.8947		
13.92		0.894763		
13.93		0.894827		
13.94		0.89489		
13.95		0.894954		
13.96		0.895017		
13.97		0.89508		
13.98		0.895143		
13.99		0.895206		
14		0.895269		
14.01		0.895332		
14.02		0.895394		
14.03		0.895457		
14.04		0.895519		
14.05		0.895582		
14.06		0.895644		
14.07		0.895706		
14.08		0.895769		
14.09		0.895831		
14.1		0.895893		
14.11		0.895955		
14.12		0.896016		
14.13		0.896078		
14.14		0.89614		
14.15		0.896201		
14.16		0.896263		
14.17		0.896324		
14.18		0.896386		
14.19		0.896447		
14.2		0.896508		
14.21		0.896569		
14.22		0.89663		
14.23		0.896691		
14.24		0.896752		
14.25		0.896813		
14.26		0.896873		
14.27		0.896934		
14.28		0.896994		
14.29		0.897055		
14.3		0.897115		
14.31		0.897175		
14.32		0.897236		
14.33		0.897296		
14.34		0.897356		
14.35		0.897416		
14.36		0.897475		
14.37		0.897535		
14.38		0.897595		
14.39		0.897654		
14.4		0.897714		
14.41		0.897773		
14.42		0.897833		
14.43		0.897892		
14.44		0.897951		
14.45		0.89801		
14.46		0.898069		
14.47		0.898128		
14.48		0.898187		
14.49		0.898246		
14.5		0.898305		
14.51		0.898364		
14.52		0.898422		
14.53		0.898481		
14.54		0.898539		
14.55		0.898597		
14.56		0.898656		
14.57		0.898714		
14.58		0.898772		
14.59		0.89883		
14.6		0.898888		
14.61		0.898946		
14.62		0.899004		
14.63		0.899061		
14.64		0.899119		
14.65		0.899177		
14.66		0.899234		
14.67		0.899291		
14.68		0.899349		
14.69		0.899406		
14.7		0.899463		
14.71		0.89952		
14.72		0.899577		
14.73		0.899634		
14.74		0.899691		
14.75		0.899748		
14.76		0.899805		
14.77		0.899862		
14.78		0.899918		
14.79		0.899975		
14.8		0.900031		
14.81		0.900087		
14.82		0.900144		
14.83		0.9002		
14.84		0.900256		
14.85		0.900312		
14.86		0.900368		
14.87		0.900424		
14.88		0.90048		
14.89		0.900536		
14.9		0.900592		
14.91		0.900647		
14.92		0.900703		
14.93		0.900758		
14.94		0.900814		
14.95		0.900869		
14.96		0.900924		
14.97		0.90098		
14.98		0.901035		
14.99		0.90109		
15		0.901145		
15.01		0.9012		
15.02		0.901255		
15.03		0.90131		
15.04		0.901364		
15.05		0.901419		
15.06		0.901473		
15.07		0.901528		
15.08		0.901582		
15.09		0.901637		
15.1		0.901691		
15.11		0.901745		
15.12		0.9018		
15.13		0.901854		
15.14		0.901908		
15.15		0.901962		
15.16		0.902016		
15.17		0.902069		
15.18		0.902123		
15.19		0.902177		
15.2		0.90223		
15.21		0.902284		
15.22		0.902338		
15.23		0.902391		
15.24		0.902444		
15.25		0.902498		
15.26		0.902551		
15.27		0.902604		
15.28		0.902657		
15.29		0.90271		
15.3		0.902763		
15.31		0.902816		
15.32		0.902869		
15.33		0.902921		
15.34		0.902974		
15.35		0.903027		
15.36		0.903079		
15.37		0.903132		
15.38		0.903184		
15.39		0.903237		
15.4		0.903289		
15.41		0.903341		
15.42		0.903393		
15.43		0.903445		
15.44		0.903497		
15.45		0.903549		
15.46		0.903601		
15.47		0.903653		
15.48		0.903705		
15.49		0.903757		
15.5		0.903808		
15.51		0.90386		
15.52		0.903911		
15.53		0.903963		
15.54		0.904014		
15.55		0.904066		
15.56		0.904117		
15.57		0.904168		
15.58		0.904219		
15.59		0.90427		
15.6		0.904321		
15.61		0.904372		
15.62		0.904423		
15.63		0.904474		
15.64		0.904525		
15.65		0.904576		
15.66		0.904626		
15.67		0.904677		
15.68		0.904727		
15.69		0.904778		
15.7		0.904828		
15.71		0.904879		
15.72		0.904929		
15.73		0.904979		
15.74		0.905029		
15.75		0.905079		
15.76		0.905129		
15.77		0.905179		
15.78		0.905229		
15.79		0.905279		
15.8		0.905329		
15.81		0.905379		
15.82		0.905428		
15.83		0.905478		
15.84		0.905527		
15.85		0.905577		
15.86		0.905626		
15.87		0.905676		
15.88		0.905725		
15.89		0.905774		
15.9		0.905823		
15.91		0.905873		
15.92		0.905922		
15.93		0.905971		
15.94		0.90602		
15.95		0.906069		
15.96		0.906117		
15.97		0.906166		
15.98		0.906215		
15.99		0.906264		
16		0.906312		
16.01		0.906361		
16.02		0.906409		
16.03		0.906458		
16.04		0.906506		
16.05		0.906554		
16.06		0.906603		
16.07		0.906651		
16.08		0.906699		
16.09		0.906747		
16.1		0.906795		
16.11		0.906843		
16.12		0.906891		
16.13		0.906939		
16.14		0.906987		
16.15		0.907035		
16.16		0.907082		
16.17		0.90713		
16.18		0.907177		
16.19		0.907225		
16.2		0.907272		
16.21		0.90732		
16.22		0.907367		
16.23		0.907415		
16.24		0.907462		
16.25		0.907509		
16.26		0.907556		
16.27		0.907603		
16.28		0.90765		
16.29		0.907697		
16.3		0.907744		
16.31		0.907791		
16.32		0.907838		
16.33		0.907885		
16.34		0.907931		
16.35		0.907978		
16.36		0.908025		
16.37		0.908071		
16.38		0.908118		
16.39		0.908164		
16.4		0.90821		
16.41		0.908257		
16.42		0.908303		
16.43		0.908349		
16.44		0.908395		
16.45		0.908442		
16.46		0.908488		
16.47		0.908534		
16.48		0.90858		
16.49		0.908625		
16.5		0.908671		
16.51		0.908717		
16.52		0.908763		
16.53		0.908809		
16.54		0.908854		
16.55		0.9089		
16.56		0.908945		
16.57		0.908991		
16.58		0.909036		
16.59		0.909082		
16.6		0.909127		
16.61		0.909172		
16.62		0.909217		
16.63		0.909263		
16.64		0.909308		
16.65		0.909353		
16.66		0.909398		
16.67		0.909443		
16.68		0.909488		
16.69		0.909533		
16.7		0.909577		
16.71		0.909622		
16.72		0.909667		
16.73		0.909712		
16.74		0.909756		
16.75		0.909801		
16.76		0.909845		
16.77		0.90989		
16.78		0.909934		
16.79		0.909978		
16.8		0.910023		
16.81		0.910067		
16.82		0.910111		
16.83		0.910155		
16.84		0.9102		
16.85		0.910244		
16.86		0.910288		
16.87		0.910332		
16.88		0.910375		
16.89		0.910419		
16.9		0.910463		
16.91		0.910507		
16.92		0.910551		
16.93		0.910594		
16.94		0.910638		
16.95		0.910682		
16.96		0.910725		
16.97		0.910769		
16.98		0.910812		
16.99		0.910855		
17		0.910899		
17.01		0.910942		
17.02		0.910985		
17.03		0.911028		
17.04		0.911072		
17.05		0.911115		
17.06		0.911158		
17.07		0.911201		
17.08		0.911244		
17.09		0.911286		
17.1		0.911329		
17.11		0.911372		
17.12		0.911415		
17.13		0.911458		
17.14		0.9115		
17.15		0.911543		
17.16		0.911585		
17.17		0.911628		
17.18		0.911671		
17.19		0.911713		
17.2		0.911755		
17.21		0.911798		
17.22		0.91184		
17.23		0.911882		
17.24		0.911924		
17.25		0.911967		
17.26		0.912009		
17.27		0.912051		
17.28		0.912093		
17.29		0.912135		
17.3		0.912177		
17.31		0.912219		
17.32		0.91226		
17.33		0.912302		
17.34		0.912344		
17.35		0.912386		
17.36		0.912427		
17.37		0.912469		
17.38		0.91251		
17.39		0.912552		
17.4		0.912593		
17.41		0.912635		
17.42		0.912676		
17.43		0.912718		
17.44		0.912759		
17.45		0.9128		
17.46		0.912841		
17.47		0.912883		
17.48		0.912924		
17.49		0.912965		
17.5		0.913006		
17.51		0.913047		
17.52		0.913088		
17.53		0.913129		
17.54		0.913169		
17.55		0.91321		
17.56		0.913251		
17.57		0.913292		
17.58		0.913332		
17.59		0.913373		
17.6		0.913414		
17.61		0.913454		
17.62		0.913495		
17.63		0.913535		
17.64		0.913576		
17.65		0.913616		
17.66		0.913656		
17.67		0.913697		
17.68		0.913737		
17.69		0.913777		
17.7		0.913817		
17.71		0.913857		
17.72		0.913897		
17.73		0.913937		
17.74		0.913977		
17.75		0.914017		
17.76		0.914057		
17.77		0.914097		
17.78		0.914137		
17.79		0.914177		
17.8		0.914217		
17.81		0.914256		
17.82		0.914296		
17.83		0.914335		
17.84		0.914375		
17.85		0.914415		
17.86		0.914454		
17.87		0.914494		
17.88		0.914533		
17.89		0.914572		
17.9		0.914612		
17.91		0.914651		
17.92		0.91469		
17.93		0.914729		
17.94		0.914769		
17.95		0.914808		
17.96		0.914847		
17.97		0.914886		
17.98		0.914925		
17.99		0.914964		
18		0.915003		
18.01		0.915042		
18.02		0.91508		
18.03		0.915119		
18.04		0.915158		
18.05		0.915197		
18.06		0.915235		
18.07		0.915274		
18.08		0.915313		
18.09		0.915351		
18.1		0.91539		
18.11		0.915428		
18.12		0.915467		
18.13		0.915505		
18.14		0.915543		
18.15		0.915582		
18.16		0.91562		
18.17		0.915658		
18.18		0.915696		
18.19		0.915735		
18.2		0.915773		
18.21		0.915811		
18.22		0.915849		
18.23		0.915887		
18.24		0.915925		
18.25		0.915963		
18.26		0.916001		
18.27		0.916038		
18.28		0.916076		
18.29		0.916114		
18.3		0.916152		
18.31		0.916189		
18.32		0.916227		
18.33		0.916265		
18.34		0.916302		
18.35		0.91634		
18.36		0.916377		
18.37		0.916415		
18.38		0.916452		
18.39		0.91649		
18.4		0.916527		
18.41		0.916564		
18.42		0.916602		
18.43		0.916639		
18.44		0.916676		
18.45		0.916713		
18.46		0.91675		
18.47		0.916787		
18.48		0.916825		
18.49		0.916862		
18.5		0.916899		
18.51		0.916935		
18.52		0.916972		
18.53		0.917009		
18.54		0.917046		
18.55		0.917083		
18.56		0.91712		
18.57		0.917156		
18.58		0.917193		
18.59		0.91723		
18.6		0.917266		
18.61		0.917303		
18.62		0.917339		
18.63		0.917376		
18.64		0.917412		
18.65		0.917449		
18.66		0.917485		
18.67		0.917522		
18.68		0.917558		
18.69		0.917594		
18.7		0.91763		
18.71		0.917667		
18.72		0.917703		
18.73		0.917739		
18.74		0.917775		
18.75		0.917811		
18.76		0.917847		
18.77		0.917883		
18.78		0.917919		
18.79		0.917955		
18.8		0.917991		
18.81		0.918027		
18.82		0.918063		
18.83		0.918098		
18.84		0.918134		
18.85		0.91817		
18.86		0.918205		
18.87		0.918241		
18.88		0.918277		
18.89		0.918312		
18.9		0.918348		
18.91		0.918383		
18.92		0.918419		
18.93		0.918454		
18.94		0.91849		
18.95		0.918525		
18.96		0.91856		
18.97		0.918596		
18.98		0.918631		
18.99		0.918666		
19		0.918701		
19.01		0.918736		
19.02		0.918772		
19.03		0.918807		
19.04		0.918842		
19.05		0.918877		
19.06		0.918912		
19.07		0.918947		
19.08		0.918982		
19.09		0.919016		
19.1		0.919051		
19.11		0.919086		
19.12		0.919121		
19.13		0.919156		
19.14		0.91919		
19.15		0.919225		
19.16		0.91926		
19.17		0.919294		
19.18		0.919329		
19.19		0.919363		
19.2		0.919398		
19.21		0.919432		
19.22		0.919467		
19.23		0.919501		
19.24		0.919536		
19.25		0.91957		
19.26		0.919604		
19.27		0.919639		
19.28		0.919673		
19.29		0.919707		
19.3		0.919741		
19.31		0.919775		
19.32		0.91981		
19.33		0.919844		
19.34		0.919878		
19.35		0.919912		
19.36		0.919946		
19.37		0.91998		
19.38		0.920014		
19.39		0.920047		
19.4		0.920081		
19.41		0.920115		
19.42		0.920149		
19.43		0.920183		
19.44		0.920216		
19.45		0.92025		
19.46		0.920284		
19.47		0.920317		
19.48		0.920351		
19.49		0.920385		
19.5		0.920418		
19.51		0.920452		
19.52		0.920485		
19.53		0.920519		
19.54		0.920552		
19.55		0.920585		
19.56		0.920619		
19.57		0.920652		
19.58		0.920685		
19.59		0.920719		
19.6		0.920752		
19.61		0.920785		
19.62		0.920818		
19.63		0.920851		
19.64		0.920884		
19.65		0.920917		
19.66		0.92095		
19.67		0.920983		
19.68		0.921016		
19.69		0.921049		
19.7		0.921082		
19.71		0.921115		
19.72		0.921148		
19.73		0.921181		
19.74		0.921214		
19.75		0.921246		
19.76		0.921279		
19.77		0.921312		
19.78		0.921344		
19.79		0.921377		
19.8		0.92141		
19.81		0.921442		
19.82		0.921475		
19.83		0.921507		
19.84		0.92154		
19.85		0.921572		
19.86		0.921605		
19.87		0.921637		
19.88		0.921669		
19.89		0.921702		
19.9		0.921734		
19.91		0.921766		
19.92		0.921799		
19.93		0.921831		
19.94		0.921863		
19.95		0.921895		
19.96		0.921927		
19.97		0.921959		
19.98		0.921991		
19.99		0.922024		
20		0.922056		
20.01		0.922088		
20.02		0.922119		
20.03		0.922151		
20.04		0.922183		
20.05		0.922215		
20.06		0.922247		
20.07		0.922279		
20.08		0.922311		
20.09		0.922342		
20.1		0.922374		
20.11		0.922406		
20.12		0.922437		
20.13		0.922469		
20.14		0.922501		
20.15		0.922532		
20.16		0.922564		
20.17		0.922595		
20.18		0.922627		
20.19		0.922658		
20.2		0.92269		
20.21		0.922721		
20.22		0.922752		
20.23		0.922784		
20.24		0.922815		
20.25		0.922846		
20.26		0.922878		
20.27		0.922909		
20.28		0.92294		
20.29		0.922971		
20.3		0.923002		
20.31		0.923033		
20.32		0.923064		
20.33		0.923096		
20.34		0.923127		
20.35		0.923158		
20.36		0.923189		
20.37		0.923219		
20.38		0.92325		
20.39		0.923281		
20.4		0.923312		
20.41		0.923343		
20.42		0.923374		
20.43		0.923405		
20.44		0.923435		
20.45		0.923466		
20.46		0.923497		
20.47		0.923527		
20.48		0.923558		
20.49		0.923589		
20.5		0.923619		
20.51		0.92365		
20.52		0.92368		
20.53		0.923711		
20.54		0.923741		
20.55		0.923772		
20.56		0.923802		
20.57		0.923833		
20.58		0.923863		
20.59		0.923893		
20.6		0.923924		
20.61		0.923954		
20.62		0.923984		
20.63		0.924014		
20.64		0.924045		
20.65		0.924075		
20.66		0.924105		
20.67		0.924135		
20.68		0.924165		
20.69		0.924195		
20.7		0.924225		
20.71		0.924255		
20.72		0.924285		
20.73		0.924315		
20.74		0.924345		
20.75		0.924375		
20.76		0.924405		
20.77		0.924435		
20.78		0.924465		
20.79		0.924495		
20.8		0.924524		
20.81		0.924554		
20.82		0.924584		
20.83		0.924614		
20.84		0.924643		
20.85		0.924673		
20.86		0.924702		
20.87		0.924732		
20.88		0.924762		
20.89		0.924791		
20.9		0.924821		
20.91		0.92485		
20.92		0.92488		
20.93		0.924909		
20.94		0.924939		
20.95		0.924968		
20.96		0.924997		
20.97		0.925027		
20.98		0.925056		
20.99		0.925085		
21		0.925115		
21.01		0.925144		
21.02		0.925173		
21.03		0.925202		
21.04		0.925231		
21.05		0.925261		
21.06		0.92529		
21.07		0.925319		
21.08		0.925348		
21.09		0.925377		
21.1		0.925406		
21.11		0.925435		
21.12		0.925464		
21.13		0.925493		
21.14		0.925522		
21.15		0.925551		
21.16		0.925579		
21.17		0.925608		
21.18		0.925637		
21.19		0.925666		
21.2		0.925695		
21.21		0.925723		
21.22		0.925752		
21.23		0.925781		
21.24		0.925809		
21.25		0.925838		
21.26		0.925867		
21.27		0.925895		
21.28		0.925924		
21.29		0.925952		
21.3		0.925981		
21.31		0.926009		
21.32		0.926038		
21.33		0.926066		
21.34		0.926095		
21.35		0.926123		
21.36		0.926152		
21.37		0.92618		
21.38		0.926208		
21.39		0.926237		
21.4		0.926265		
21.41		0.926293		
21.42		0.926321		
21.43		0.926349		
21.44		0.926378		
21.45		0.926406		
21.46		0.926434		
21.47		0.926462		
21.48		0.92649		
21.49		0.926518		
21.5		0.926546		
21.51		0.926574		
21.52		0.926602		
21.53		0.92663		
21.54		0.926658		
21.55		0.926686		
21.56		0.926714		
21.57		0.926742		
21.58		0.92677		
21.59		0.926798		
21.6		0.926825		
21.61		0.926853		
21.62		0.926881		
21.63		0.926909		
21.64		0.926936		
21.65		0.926964		
21.66		0.926992		
21.67		0.927019		
21.68		0.927047		
21.69		0.927075		
21.7		0.927102		
21.71		0.92713		
21.72		0.927157		
21.73		0.927185		
21.74		0.927212		
21.75		0.92724		
21.76		0.927267		
21.77		0.927294		
21.78		0.927322		
21.79		0.927349		
21.8		0.927377		
21.81		0.927404		
21.82		0.927431		
21.83		0.927458		
21.84		0.927486		
21.85		0.927513		
21.86		0.92754		
21.87		0.927567		
21.88		0.927594		
21.89		0.927622		
21.9		0.927649		
21.91		0.927676		
21.92		0.927703		
21.93		0.92773		
21.94		0.927757		
21.95		0.927784		
21.96		0.927811		
21.97		0.927838		
21.98		0.927865		
21.99		0.927892		
22		0.927919		
22.01		0.927945		
22.02		0.927972		
22.03		0.927999		
22.04		0.928026		
22.05		0.928053		
22.06		0.92808		
22.07		0.928106		
22.08		0.928133		
22.09		0.92816		
22.1		0.928186		
22.11		0.928213		
22.12		0.92824		
22.13		0.928266		
22.14		0.928293		
22.15		0.92832		
22.16		0.928346		
22.17		0.928373		
22.18		0.928399		
22.19		0.928426		
22.2		0.928452		
22.21		0.928479		
22.22		0.928505		
22.23		0.928532		
22.24		0.928558		
22.25		0.928585		
22.26		0.928611		
22.27		0.928638		
22.28		0.928664		
22.29		0.92869		
22.3		0.928717		
22.31		0.928743		
22.32		0.928769		
22.33		0.928795		
22.34		0.928822		
22.35		0.928848		
22.36		0.928874		
22.37		0.9289		
22.38		0.928927		
22.39		0.928953		
22.4		0.928979		
22.41		0.929005		
22.42		0.929031		
22.43		0.929057		
22.44		0.929083		
22.45		0.929109		
22.46		0.929135		
22.47		0.929161		
22.48		0.929187		
22.49		0.929213		
22.5		0.929239		
22.51		0.929265		
22.52		0.929291		
22.53		0.929317		
22.54		0.929343		
22.55		0.929369		
22.56		0.929395		
22.57		0.929421		
22.58		0.929446		
22.59		0.929472		
22.6		0.929498		
22.61		0.929524		
22.62		0.929549		
22.63		0.929575		
22.64		0.929601		
22.65		0.929627		
22.66		0.929652		
22.67		0.929678		
22.68		0.929703		
22.69		0.929729		
22.7		0.929755		
22.71		0.92978		
22.72		0.929806		
22.73		0.929831		
22.74		0.929857		
22.75		0.929882		
22.76		0.929908		
22.77		0.929933		
22.78		0.929959		
22.79		0.929984		
22.8		0.93001		
22.81		0.930035		
22.82		0.93006		
22.83		0.930086		
22.84		0.930111		
22.85		0.930136		
22.86		0.930162		
22.87		0.930187		
22.88		0.930212		
22.89		0.930238		
22.9		0.930263		
22.91		0.930288		
22.92		0.930313		
22.93		0.930338		
22.94		0.930364		
22.95		0.930389		
22.96		0.930414		
22.97		0.930439		
22.98		0.930464		
22.99		0.930489		
23		0.930514		
23.01		0.930539		
23.02		0.930564		
23.03		0.930589		
23.04		0.930614		
23.05		0.930639		
23.06		0.930664		
23.07		0.930689		
23.08		0.930714		
23.09		0.930739		
23.1		0.930764		
23.11		0.930789		
23.12		0.930813		
23.13		0.930838		
23.14		0.930863		
23.15		0.930888		
23.16		0.930913		
23.17		0.930937		
23.18		0.930962		
23.19		0.930987		
23.2		0.931012		
23.21		0.931036		
23.22		0.931061		
23.23		0.931086		
23.24		0.93111		
23.25		0.931135		
23.26		0.931159		
23.27		0.931184		
23.28		0.931209		
23.29		0.931233		
23.3		0.931258		
23.31		0.931282		
23.32		0.931307		
23.33		0.931331		
23.34		0.931356		
23.35		0.93138		
23.36		0.931404		
23.37		0.931429		
23.38		0.931453		
23.39		0.931478		
23.4		0.931502		
23.41		0.931526		
23.42		0.931551		
23.43		0.931575		
23.44		0.931599		
23.45		0.931624		
23.46		0.931648		
23.47		0.931672		
23.48		0.931696		
23.49		0.93172		
23.5		0.931745		
23.51		0.931769		
23.52		0.931793		
23.53		0.931817		
23.54		0.931841		
23.55		0.931865		
23.56		0.931889		
23.57		0.931914		
23.58		0.931938		
23.59		0.931962		
23.6		0.931986		
23.61		0.93201		
23.62		0.932034		
23.63		0.932058		
23.64		0.932082		
23.65		0.932106		
23.66		0.932129		
23.67		0.932153		
23.68		0.932177		
23.69		0.932201		
23.7		0.932225		
23.71		0.932249		
23.72		0.932273		
23.73		0.932296		
23.74		0.93232		
23.75		0.932344		
23.76		0.932368		
23.77		0.932391		
23.78		0.932415		
23.79		0.932439		
23.8		0.932463		
23.81		0.932486		
23.82		0.93251		
23.83		0.932534		
23.84		0.932557		
23.85		0.932581		
23.86		0.932604		
23.87		0.932628		
23.88		0.932652		
23.89		0.932675		
23.9		0.932699		
23.91		0.932722		
23.92		0.932746		
23.93		0.932769		
23.94		0.932793		
23.95		0.932816		
23.96		0.932839		
23.97		0.932863		
23.98		0.932886		
23.99		0.93291		
24		0.932933		
24.01		0.932956		
24.02		0.93298		
24.03		0.933003		
24.04		0.933026		
24.05		0.93305		
24.06		0.933073		
24.07		0.933096		
24.08		0.933119		
24.09		0.933143		
24.1		0.933166		
24.11		0.933189		
24.12		0.933212		
24.13		0.933235		
24.14		0.933259		
24.15		0.933282		
24.16		0.933305		
24.17		0.933328		
24.18		0.933351		
24.19		0.933374		
24.2		0.933397		
24.21		0.93342		
24.22		0.933443		
24.23		0.933466		
24.24		0.933489		
24.25		0.933512		
24.26		0.933535		
24.27		0.933558		
24.28		0.933581		
24.29		0.933604		
24.3		0.933627		
24.31		0.93365		
24.32		0.933672		
24.33		0.933695		
24.34		0.933718		
24.35		0.933741		
24.36		0.933764		
24.37		0.933787		
24.38		0.933809		
24.39		0.933832		
24.4		0.933855		
24.41		0.933878		
24.42		0.9339		
24.43		0.933923		
24.44		0.933946		
24.45		0.933968		
24.46		0.933991		
24.47		0.934014		
24.48		0.934036		
24.49		0.934059		
24.5		0.934081		
24.51		0.934104		
24.52		0.934127		
24.53		0.934149		
24.54		0.934172		
24.55		0.934194		
24.56		0.934217		
24.57		0.934239		
24.58		0.934262		
24.59		0.934284		
24.6		0.934307		
24.61		0.934329		
24.62		0.934351		
24.63		0.934374		
24.64		0.934396		
24.65		0.934419		
24.66		0.934441		
24.67		0.934463		
24.68		0.934486		
24.69		0.934508		
24.7		0.93453		
24.71		0.934552		
24.72		0.934575		
24.73		0.934597		
24.74		0.934619		
24.75		0.934641		
24.76		0.934664		
24.77		0.934686		
24.78		0.934708		
24.79		0.93473		
24.8		0.934752		
24.81		0.934774		
24.82		0.934796		
24.83		0.934819		
24.84		0.934841		
24.85		0.934863		
24.86		0.934885		
24.87		0.934907		
24.88		0.934929		
24.89		0.934951		
24.9		0.934973		
24.91		0.934995		
24.92		0.935017		
24.93		0.935039		
24.94		0.935061		
24.95		0.935083		
24.96		0.935105		
24.97		0.935127		
24.98		0.935148		
24.99		0.93517		
25		0.935192		
25.01		0.935214		
25.02		0.935236		
25.03		0.935258		
25.04		0.935279		
25.05		0.935301		
25.06		0.935323		
25.07		0.935345		
25.08		0.935366		
25.09		0.935388		
25.1		0.93541		
25.11		0.935432		
25.12		0.935453		
25.13		0.935475		
25.14		0.935497		
25.15		0.935518		
25.16		0.93554		
25.17		0.935562		
25.18		0.935583		
25.19		0.935605		
25.2		0.935626		
25.21		0.935648		
25.22		0.935669		
25.23		0.935691		
25.24		0.935712		
25.25		0.935734		
25.26		0.935755		
25.27		0.935777		
25.28		0.935798		
25.29		0.93582		
25.3		0.935841		
25.31		0.935863		
25.32		0.935884		
25.33		0.935906		
25.34		0.935927		
25.35		0.935948		
25.36		0.93597		
25.37		0.935991		
25.38		0.936012		
25.39		0.936034		
25.4		0.936055		
25.41		0.936076		
25.42		0.936097		
25.43		0.936119		
25.44		0.93614		
25.45		0.936161		
25.46		0.936182		
25.47		0.936204		
25.48		0.936225		
25.49		0.936246		
25.5		0.936267		
25.51		0.936288		
25.52		0.936309		
25.53		0.936331		
25.54		0.936352		
25.55		0.936373		
25.56		0.936394		
25.57		0.936415		
25.58		0.936436		
25.59		0.936457		
25.6		0.936478		
25.61		0.936499		
25.62		0.93652		
25.63		0.936541		
25.64		0.936562		
25.65		0.936583		
25.66		0.936604		
25.67		0.936625		
25.68		0.936646		
25.69		0.936667		
25.7		0.936688		
25.71		0.936709		
25.72		0.936729		
25.73		0.93675		
25.74		0.936771		
25.75		0.936792		
25.76		0.936813		
25.77		0.936834		
25.78		0.936854		
25.79		0.936875		
25.8		0.936896		
25.81		0.936917		
25.82		0.936937		
25.83		0.936958		
25.84		0.936979		
25.85		0.937		
25.86		0.93702		
25.87		0.937041		
25.88		0.937062		
25.89		0.937082		
25.9		0.937103		
25.91		0.937124		
25.92		0.937144		
25.93		0.937165		
25.94		0.937185		
25.95		0.937206		
25.96		0.937227		
25.97		0.937247		
25.98		0.937268		
25.99		0.937288		
26		0.937309		
26.01		0.937329		
26.02		0.93735		
26.03		0.93737		
26.04		0.937391		
26.05		0.937411		
26.06		0.937431		
26.07		0.937452		
26.08		0.937472		
26.09		0.937493		
26.1		0.937513		
26.11		0.937533		
26.12		0.937554		
26.13		0.937574		
26.14		0.937594		
26.15		0.937615		
26.16		0.937635		
26.17		0.937655		
26.18		0.937676		
26.19		0.937696		
26.2		0.937716		
26.21		0.937736		
26.22		0.937757		
26.23		0.937777		
26.24		0.937797		
26.25		0.937817		
26.26		0.937838		
26.27		0.937858		
26.28		0.937878		
26.29		0.937898		
26.3		0.937918		
26.31		0.937938		
26.32		0.937958		
26.33		0.937978		
26.34		0.937999		
26.35		0.938019		
26.36		0.938039		
26.37		0.938059		
26.38		0.938079		
26.39		0.938099		
26.4		0.938119		
26.41		0.938139		
26.42		0.938159		
26.43		0.938179		
26.44		0.938199		
26.45		0.938219		
26.46		0.938239		
26.47		0.938259		
26.48		0.938278		
26.49		0.938298		
26.5		0.938318		
26.51		0.938338		
26.52		0.938358		
26.53		0.938378		
26.54		0.938398		
26.55		0.938418		
26.56		0.938437		
26.57		0.938457		
26.58		0.938477		
26.59		0.938497		
26.6		0.938517		
26.61		0.938536		
26.62		0.938556		
26.63		0.938576		
26.64		0.938596		
26.65		0.938615		
26.66		0.938635		
26.67		0.938655		
26.68		0.938674		
26.69		0.938694		
26.7		0.938714		
26.71		0.938733		
26.72		0.938753		
26.73		0.938773		
26.74		0.938792		
26.75		0.938812		
26.76		0.938831		
26.77		0.938851		
26.78		0.93887		
26.79		0.93889		
26.8		0.93891		
26.81		0.938929		
26.82		0.938949		
26.83		0.938968		
26.84		0.938988		
26.85		0.939007		
26.86		0.939027		
26.87		0.939046		
26.88		0.939065		
26.89		0.939085		
26.9		0.939104		
26.91		0.939124		
26.92		0.939143		
26.93		0.939162		
26.94		0.939182		
26.95		0.939201		
26.96		0.939221		
26.97		0.93924		
26.98		0.939259		
26.99		0.939279		
27		0.939298		
27.01		0.939317		
27.02		0.939336		
27.03		0.939356		
27.04		0.939375		
27.05		0.939394		
27.06		0.939413		
27.07		0.939433		
27.08		0.939452		
27.09		0.939471		
27.1		0.93949		
27.11		0.93951		
27.12		0.939529		
27.13		0.939548		
27.14		0.939567		
27.15		0.939586		
27.16		0.939605		
27.17		0.939624		
27.18		0.939643		
27.19		0.939663		
27.2		0.939682		
27.21		0.939701		
27.22		0.93972		
27.23		0.939739		
27.24		0.939758		
27.25		0.939777		
27.26		0.939796		
27.27		0.939815		
27.28		0.939834		
27.29		0.939853		
27.3		0.939872		
27.31		0.939891		
27.32		0.93991		
27.33		0.939929		
27.34		0.939948		
27.35		0.939967		
27.36		0.939985		
27.37		0.940004		
27.38		0.940023		
27.39		0.940042		
27.4		0.940061		
27.41		0.94008		
27.42		0.940099		
27.43		0.940118		
27.44		0.940136		
27.45		0.940155		
27.46		0.940174		
27.47		0.940193		
27.48		0.940212		
27.49		0.94023		
27.5		0.940249		
27.51		0.940268		
27.52		0.940286		
27.53		0.940305		
27.54		0.940324		
27.55		0.940343		
27.56		0.940361		
27.57		0.94038		
27.58		0.940399		
27.59		0.940417		
27.6		0.940436		
27.61		0.940455		
27.62		0.940473		
27.63		0.940492		
27.64		0.94051		
27.65		0.940529		
27.66		0.940548		
27.67		0.940566		
27.68		0.940585		
27.69		0.940603		
27.7		0.940622		
27.71		0.94064		
27.72		0.940659		
27.73		0.940677		
27.74		0.940696		
27.75		0.940714		
27.76		0.940733		
27.77		0.940751		
27.78		0.94077		
27.79		0.940788		
27.8		0.940807		
27.81		0.940825		
27.82		0.940843		
27.83		0.940862		
27.84		0.94088		
27.85		0.940899		
27.86		0.940917		
27.87		0.940935		
27.88		0.940954		
27.89		0.940972		
27.9		0.94099		
27.91		0.941009		
27.92		0.941027		
27.93		0.941045		
27.94		0.941064		
27.95		0.941082		
27.96		0.9411		
27.97		0.941118		
27.98		0.941137		
27.99		0.941155		
28		0.941173		
28.01		0.941191		
28.02		0.94121		
28.03		0.941228		
28.04		0.941246		
28.05		0.941264		
28.06		0.941282		
28.07		0.9413		
28.08		0.941319		
28.09		0.941337		
28.1		0.941355		
28.11		0.941373		
28.12		0.941391		
28.13		0.941409		
28.14		0.941427		
28.15		0.941445		
28.16		0.941463		
28.17		0.941481		
28.18		0.941499		
28.19		0.941518		
28.2		0.941536		
28.21		0.941554		
28.22		0.941572		
28.23		0.94159		
28.24		0.941608		
28.25		0.941626		
28.26		0.941643		
28.27		0.941661		
28.28		0.941679		
28.29		0.941697		
28.3		0.941715		
28.31		0.941733		
28.32		0.941751		
28.33		0.941769		
28.34		0.941787		
28.35		0.941805		
28.36		0.941823		
28.37		0.94184		
28.38		0.941858		
28.39		0.941876		
28.4		0.941894		
28.41		0.941912		
28.42		0.94193		
28.43		0.941947		
28.44		0.941965		
28.45		0.941983		
28.46		0.942001		
28.47		0.942018		
28.48		0.942036		
28.49		0.942054		
28.5		0.942072		
28.51		0.942089		
28.52		0.942107		
28.53		0.942125		
28.54		0.942142		
28.55		0.94216		
28.56		0.942178		
28.57		0.942195		
28.58		0.942213		
28.59		0.942231		
28.6		0.942248		
28.61		0.942266		
28.62		0.942284		
28.63		0.942301		
28.64		0.942319		
28.65		0.942336		
28.66		0.942354		
28.67		0.942371		
28.68		0.942389		
28.69		0.942407		
28.7		0.942424		
28.71		0.942442		
28.72		0.942459		
28.73		0.942477		
28.74		0.942494		
28.75		0.942512		
28.76		0.942529		
28.77		0.942547		
28.78		0.942564		
28.79		0.942581		
28.8		0.942599		
28.81		0.942616		
28.82		0.942634		
28.83		0.942651		
28.84		0.942669		
28.85		0.942686		
28.86		0.942703		
28.87		0.942721		
28.88		0.942738		
28.89		0.942756		
28.9		0.942773		
28.91		0.942791		
28.92		0.942808		
28.93		0.942826		
28.94		0.942843		
28.95		0.942861		
28.96		0.942879		
28.97		0.942896		
28.98		0.942914		
28.99		0.942932		
29		0.942949		
29.01		0.942967		
29.02		0.942985		
29.03		0.943002		
29.04		0.94302		
29.05		0.943038		
29.06		0.943056		
29.07		0.943073		
29.08		0.943091		
29.09		0.943109		
29.1		0.943127		
29.11		0.943145		
29.12		0.943162		
29.13		0.94318		
29.14		0.943198		
29.15		0.943216		
29.16		0.943234		
29.17		0.943252		
29.18		0.94327		
29.19		0.943288		
29.2		0.943305		
29.21		0.943323		
29.22		0.943341		
29.23		0.943359		
29.24		0.943377		
29.25		0.943395		
29.26		0.943413		
29.27		0.943431		
29.28		0.943449		
29.29		0.943467		
29.3		0.943485		
29.31		0.943503		
29.32		0.943521		
29.33		0.943539		
29.34		0.943557		
29.35		0.943575		
29.36		0.943593		
29.37		0.943611		
29.38		0.943629		
29.39		0.943647		
29.4		0.943665		
29.41		0.943683		
29.42		0.943702		
29.43		0.94372		
29.44		0.943738		
29.45		0.943756		
29.46		0.943774		
29.47		0.943792		
29.48		0.94381		
29.49		0.943828		
29.5		0.943846		
29.51		0.943864		
29.52		0.943882		
29.53		0.9439		
29.54		0.943918		
29.55		0.943937		
29.56		0.943955		
29.57		0.943973		
29.58		0.943991		
29.59		0.944009		
29.6		0.944027		
29.61		0.944045		
29.62		0.944063		
29.63		0.944081		
29.64		0.944099		
29.65		0.944117		
29.66		0.944135		
29.67		0.944153		
29.68		0.944172		
29.69		0.94419		
29.7		0.944208		
29.71		0.944226		
29.72		0.944244		
29.73		0.944262		
29.74		0.94428		
29.75		0.944298		
29.76		0.944316		
29.77		0.944334		
29.78		0.944352		
29.79		0.94437		
29.8		0.944388		
29.81		0.944406		
29.82		0.944424		
29.83		0.944442		
29.84		0.94446		
29.85		0.944478		
29.86		0.944496		
29.87		0.944514		
29.88		0.944532		
29.89		0.94455		
29.9		0.944568		
29.91		0.944586		
29.92		0.944604		
29.93		0.944622		
29.94		0.94464		
29.95		0.944658		
29.96		0.944676		
29.97		0.944694		
29.98		0.944712		
29.99		0.94473		
30		0.944748		
30.01		0.944766		
30.02		0.944784		
30.03		0.944802		
30.04		0.94482		
30.05		0.944838		
30.06		0.944856		
30.07		0.944874		
30.08		0.944892		
30.09		0.944909		
30.1		0.944927		
30.11		0.944945		
30.12		0.944963		
30.13		0.944981		
30.14		0.944999		
30.15		0.945017		
30.16		0.945034		
30.17		0.945052		
30.18		0.94507		
30.19		0.945088		
30.2		0.945106		
30.21		0.945124		
30.22		0.945141		
30.23		0.945159		
30.24		0.945177		
30.25		0.945195		
30.26		0.945213		
30.27		0.94523		
30.28		0.945248		
30.29		0.945266		
30.3		0.945284		
30.31		0.945301		
30.32		0.945319		
30.33		0.945337		
30.34		0.945355		
30.35		0.945372		
30.36		0.94539		
30.37		0.945408		
30.38		0.945425		
30.39		0.945443		
30.4		0.945461		
30.41		0.945479		
30.42		0.945496		
30.43		0.945514		
30.44		0.945532		
30.45		0.945549		
30.46		0.945567		
30.47		0.945584		
30.48		0.945602		
30.49		0.94562		
30.5		0.945637		
30.51		0.945655		
30.52		0.945672		
30.53		0.94569		
30.54		0.945708		
30.55		0.945725		
30.56		0.945743		
30.57		0.94576		
30.58		0.945778		
30.59		0.945795		
30.6		0.945813		
30.61		0.94583		
30.62		0.945848		
30.63		0.945866		
30.64		0.945883		
30.65		0.945901		
30.66		0.945918		
30.67		0.945935		
30.68		0.945953		
30.69		0.94597		
30.7		0.945988		
30.71		0.946005		
30.72		0.946023		
30.73		0.94604		
30.74		0.946058		
30.75		0.946075		
30.76		0.946092		
30.77		0.94611		
30.78		0.946127		
30.79		0.946145		
30.8		0.946162		
30.81		0.946179		
30.82		0.946197		
30.83		0.946214		
30.84		0.946231		
30.85		0.946249		
30.86		0.946266		
30.87		0.946283		
30.88		0.946301		
30.89		0.946318		
30.9		0.946335		
30.91		0.946353		
30.92		0.94637		
30.93		0.946387		
30.94		0.946404		
30.95		0.946422		
30.96		0.946439		
30.97		0.946456		
30.98		0.946473		
30.99		0.946491		
31		0.946508		
31.01		0.946525		
31.02		0.946542		
31.03		0.94656		
31.04		0.946577		
31.05		0.946594		
31.06		0.946611		
31.07		0.946628		
31.08		0.946645		
31.09		0.946663		
31.1		0.94668		
31.11		0.946697		
31.12		0.946714		
31.13		0.946731		
31.14		0.946748		
31.15		0.946765		
31.16		0.946782		
31.17		0.9468		
31.18		0.946817		
31.19		0.946834		
31.2		0.946851		
31.21		0.946868		
31.22		0.946885		
31.23		0.946902		
31.24		0.946919		
31.25		0.946936		
31.26		0.946953		
31.27		0.94697		
31.28		0.946987		
31.29		0.947004		
31.3		0.947021		
31.31		0.947038		
31.32		0.947055		
31.33		0.947072		
31.34		0.947089		
31.35		0.947106		
31.36		0.947123		
31.37		0.94714		
31.38		0.947157		
31.39		0.947174		
31.4		0.94719		
31.41		0.947207		
31.42		0.947224		
31.43		0.947241		
31.44		0.947258		
31.45		0.947275		
31.46		0.947292		
31.47		0.947309		
31.48		0.947325		
31.49		0.947342		
31.5		0.947359		
31.51		0.947376		
31.52		0.947393		
31.53		0.94741		
31.54		0.947426		
31.55		0.947443		
31.56		0.94746		
31.57		0.947477		
31.58		0.947493		
31.59		0.94751		
31.6		0.947527		
31.61		0.947544		
31.62		0.94756		
31.63		0.947577		
31.64		0.947594		
31.65		0.947611		
31.66		0.947627		
31.67		0.947644		
31.68		0.947661		
31.69		0.947677		
31.7		0.947694		
31.71		0.947711		
31.72		0.947727		
31.73		0.947744		
31.74		0.947761		
31.75		0.947777		
31.76		0.947794		
31.77		0.947811		
31.78		0.947827		
31.79		0.947844		
31.8		0.94786		
31.81		0.947877		
31.82		0.947894		
31.83		0.94791		
31.84		0.947927		
31.85		0.947943		
31.86		0.94796		
31.87		0.947976		
31.88		0.947993		
31.89		0.948009		
31.9		0.948026		
31.91		0.948042		
31.92		0.948059		
31.93		0.948075		
31.94		0.948092		
31.95		0.948108		
31.96		0.948125		
31.97		0.948141		
31.98		0.948158		
31.99		0.948174		
32		0.948191		
32.01		0.948207		
32.02		0.948223		
32.03		0.94824		
32.04		0.948256		
32.05		0.948273		
32.06		0.948289		
32.07		0.948305		
32.08		0.948322		
32.09		0.948338		
32.1		0.948355		
32.11		0.948371		
32.12		0.948387		
32.13		0.948404		
32.14		0.94842		
32.15		0.948436		
32.16		0.948453		
32.17		0.948469		
32.18		0.948485		
32.19		0.948501		
32.2		0.948518		
32.21		0.948534		
32.22		0.94855		
32.23		0.948567		
32.24		0.948583		
32.25		0.948599		
32.26		0.948615		
32.27		0.948631		
32.28		0.948648		
32.29		0.948664		
32.3		0.94868		
32.31		0.948696		
32.32		0.948712		
32.33		0.948729		
32.34		0.948745		
32.35		0.948761		
32.36		0.948777		
32.37		0.948793		
32.38		0.948809		
32.39		0.948826		
32.4		0.948842		
32.41		0.948858		
32.42		0.948874		
32.43		0.94889		
32.44		0.948906		
32.45		0.948922		
32.46		0.948938		
32.47		0.948954		
32.48		0.94897		
32.49		0.948986		
32.5		0.949002		
32.51		0.949018		
32.52		0.949034		
32.53		0.94905		
32.54		0.949066		
32.55		0.949082		
32.56		0.949098		
32.57		0.949114		
32.58		0.94913		
32.59		0.949146		
32.6		0.949162		
32.61		0.949178		
32.62		0.949194		
32.63		0.94921		
32.64		0.949226		
32.65		0.949242		
32.66		0.949258		
32.67		0.949274		
32.68		0.94929		
32.69		0.949306		
32.7		0.949321		
32.71		0.949337		
32.72		0.949353		
32.73		0.949369		
32.74		0.949385		
32.75		0.949401		
32.76		0.949417		
32.77		0.949432		
32.78		0.949448		
32.79		0.949464		
32.8		0.94948		
32.81		0.949496		
32.82		0.949511		
32.83		0.949527		
32.84		0.949543		
32.85		0.949559		
32.86		0.949574		
32.87		0.94959		
32.88		0.949606		
32.89		0.949621		
32.9		0.949637		
32.91		0.949653		
32.92		0.949669		
32.93		0.949684		
32.94		0.9497		
32.95		0.949716		
32.96		0.949731		
32.97		0.949747		
32.98		0.949763		
32.99		0.949778		
33		0.949794		
33.01		0.949809		
33.02		0.949825		
33.03		0.949841		
33.04		0.949856		
33.05		0.949872		
33.06		0.949887		
33.07		0.949903		
33.08		0.949919		
33.09		0.949934		
33.1		0.94995		
33.11		0.949965		
33.12		0.949981		
33.13		0.949996		
33.14		0.950012		
33.15		0.950027		
33.16		0.950043		
33.17		0.950058		
33.18		0.950074		
33.19		0.950089		
33.2		0.950105		
33.21		0.95012		
33.22		0.950135		
33.23		0.950151		
33.24		0.950166		
33.25		0.950182		
33.26		0.950197		
33.27		0.950212		
33.28		0.950228		
33.29		0.950243		
33.3		0.950259		
33.31		0.950274		
33.32		0.950289		
33.33		0.950305		
33.34		0.95032		
33.35		0.950335		
33.36		0.950351		
33.37		0.950366		
33.38		0.950381		
33.39		0.950397		
33.4		0.950412		
33.41		0.950427		
33.42		0.950442		
33.43		0.950458		
33.44		0.950473		
33.45		0.950488		
33.46		0.950503		
33.47		0.950519		
33.48		0.950534		
33.49		0.950549		
33.5		0.950564		
33.51		0.950579		
33.52		0.950595		
33.53		0.95061		
33.54		0.950625		
33.55		0.95064		
33.56		0.950655		
33.57		0.95067		
33.58		0.950686		
33.59		0.950701		
33.6		0.950716		
33.61		0.950731		
33.62		0.950746		
33.63		0.950761		
33.64		0.950776		
33.65		0.950791		
33.66		0.950806		
33.67		0.950821		
33.68		0.950836		
33.69		0.950851		
33.7		0.950866		
33.71		0.950881		
33.72		0.950896		
33.73		0.950911		
33.74		0.950926		
33.75		0.950941		
33.76		0.950956		
33.77		0.950971		
33.78		0.950986		
33.79		0.951001		
33.8		0.951016		
33.81		0.951031		
33.82		0.951046		
33.83		0.951061		
33.84		0.951076		
33.85		0.951091		
33.86		0.951106		
33.87		0.951121		
33.88		0.951135		
33.89		0.95115		
33.9		0.951165		
33.91		0.95118		
33.92		0.951195		
33.93		0.95121		
33.94		0.951224		
33.95		0.951239		
33.96		0.951254		
33.97		0.951269		
33.98		0.951284		
33.99		0.951298		
34		0.951313		
34.01		0.951328		
34.02		0.951343		
34.03		0.951357		
34.04		0.951372		
34.05		0.951387		
34.06		0.951402		
34.07		0.951416		
34.08		0.951431		
34.09		0.951446		
34.1		0.95146		
34.11		0.951475		
34.12		0.95149		
34.13		0.951504		
34.14		0.951519		
34.15		0.951534		
34.16		0.951548		
34.17		0.951563		
34.18		0.951577		
34.19		0.951592		
34.2		0.951607		
34.21		0.951621		
34.22		0.951636		
34.23		0.95165		
34.24		0.951665		
34.25		0.951679		
34.26		0.951694		
34.27		0.951708		
34.28		0.951723		
34.29		0.951737		
34.3		0.951752		
34.31		0.951766		
34.32		0.951781		
34.33		0.951795		
34.34		0.95181		
34.35		0.951824		
34.36		0.951839		
34.37		0.951853		
34.38		0.951868		
34.39		0.951882		
34.4		0.951896		
34.41		0.951911		
34.42		0.951925		
34.43		0.95194		
34.44		0.951954		
34.45		0.951968		
34.46		0.951983		
34.47		0.951997		
34.48		0.952011		
34.49		0.952026		
34.5		0.95204		
34.51		0.952054		
34.52		0.952069		
34.53		0.952083		
34.54		0.952097		
34.55		0.952111		
34.56		0.952126		
34.57		0.95214		
34.58		0.952154		
34.59		0.952168		
34.6		0.952183		
34.61		0.952197		
34.62		0.952211		
34.63		0.952225		
34.64		0.95224		
34.65		0.952254		
34.66		0.952268		
34.67		0.952282		
34.68		0.952296		
34.69		0.95231		
34.7		0.952325		
34.71		0.952339		
34.72		0.952353		
34.73		0.952367		
34.74		0.952381		
34.75		0.952395		
34.76		0.952409		
34.77		0.952423		
34.78		0.952437		
34.79		0.952451		
34.8		0.952465		
34.81		0.95248		
34.82		0.952494		
34.83		0.952508		
34.84		0.952522		
34.85		0.952536		
34.86		0.95255		
34.87		0.952564		
34.88		0.952578		
34.89		0.952592		
34.9		0.952606		
34.91		0.952619		
34.92		0.952633		
34.93		0.952647		
34.94		0.952661		
34.95		0.952675		
34.96		0.952689		
34.97		0.952703		
34.98		0.952717		
34.99		0.952731		
35		0.952745		
35.01		0.952759		
35.02		0.952772		
35.03		0.952786		
35.04		0.9528		
35.05		0.952814		
35.06		0.952828		
35.07		0.952842		
35.08		0.952855		
35.09		0.952869		
35.1		0.952883		
35.11		0.952897		
35.12		0.952911		
35.13		0.952924		
35.14		0.952938		
35.15		0.952952		
35.16		0.952966		
35.17		0.952979		
35.18		0.952993		
35.19		0.953007		
35.2		0.95302		
35.21		0.953034		
35.22		0.953048		
35.23		0.953061		
35.24		0.953075		
35.25		0.953089		
35.26		0.953102		
35.27		0.953116		
35.28		0.95313		
35.29		0.953143		
35.3		0.953157		
35.31		0.95317		
35.32		0.953184		
35.33		0.953198		
35.34		0.953211		
35.35		0.953225		
35.36		0.953238		
35.37		0.953252		
35.38		0.953265		
35.39		0.953279		
35.4		0.953293		
35.41		0.953306		
35.42		0.95332		
35.43		0.953333		
35.44		0.953347		
35.45		0.95336		
35.46		0.953373		
35.47		0.953387		
35.48		0.9534		
35.49		0.953414		
35.5		0.953427		
35.51		0.953441		
35.52		0.953454		
35.53		0.953468		
35.54		0.953481		
35.55		0.953494		
35.56		0.953508		
35.57		0.953521		
35.58		0.953534		
35.59		0.953548		
35.6		0.953561		
35.61		0.953575		
35.62		0.953588		
35.63		0.953601		
35.64		0.953614		
35.65		0.953628		
35.66		0.953641		
35.67		0.953654		
35.68		0.953668		
35.69		0.953681		
35.7		0.953694		
35.71		0.953707		
35.72		0.953721		
35.73		0.953734		
35.74		0.953747		
35.75		0.95376		
35.76		0.953774		
35.77		0.953787		
35.78		0.9538		
35.79		0.953813		
35.8		0.953826		
35.81		0.95384		
35.82		0.953853		
35.83		0.953866		
35.84		0.953879		
35.85		0.953892		
35.86		0.953905		
35.87		0.953918		
35.88		0.953932		
35.89		0.953945		
35.9		0.953958		
35.91		0.953971		
35.92		0.953984		
35.93		0.953997		
35.94		0.95401		
35.95		0.954023		
35.96		0.954036		
35.97		0.954049		
35.98		0.954062		
35.99		0.954075		
36		0.954088		
36.01		0.954101		
36.02		0.954114		
36.03		0.954127		
36.04		0.95414		
36.05		0.954153		
36.06		0.954166		
36.07		0.954179		
36.08		0.954192		
36.09		0.954205		
36.1		0.954218		
36.11		0.954231		
36.12		0.954244		
36.13		0.954257		
36.14		0.954269		
36.15		0.954282		
36.16		0.954295		
36.17		0.954308		
36.18		0.954321		
36.19		0.954334		
36.2		0.954347		
36.21		0.954359		
36.22		0.954372		
36.23		0.954385		
36.24		0.954398		
36.25		0.954411		
36.26		0.954423		
36.27		0.954436		
36.28		0.954449		
36.29		0.954462		
36.3		0.954475		
36.31		0.954487		
36.32		0.9545		
36.33		0.954513		
36.34		0.954525		
36.35		0.954538		
36.36		0.954551		
36.37		0.954564		
36.38		0.954576		
36.39		0.954589		
36.4		0.954602		
36.41		0.954614		
36.42		0.954627		
36.43		0.95464		
36.44		0.954652		
36.45		0.954665		
36.46		0.954678		
36.47		0.95469		
36.48		0.954703		
36.49		0.954715		
36.5		0.954728		
36.51		0.954741		
36.52		0.954753		
36.53		0.954766		
36.54		0.954778		
36.55		0.954791		
36.56		0.954803		
36.57		0.954816		
36.58		0.954828		
36.59		0.954841		
36.6		0.954853		
36.61		0.954866		
36.62		0.954878		
36.63		0.954891		
36.64		0.954903		
36.65		0.954916		
36.66		0.954928		
36.67		0.954941		
36.68		0.954953		
36.69		0.954966		
36.7		0.954978		
36.71		0.954991		
36.72		0.955003		
36.73		0.955015		
36.74		0.955028		
36.75		0.95504		
36.76		0.955053		
36.77		0.955065		
36.78		0.955077		
36.79		0.95509		
36.8		0.955102		
36.81		0.955114		
36.82		0.955127		
36.83		0.955139		
36.84		0.955151		
36.85		0.955164		
36.86		0.955176		
36.87		0.955188		
36.88		0.955201		
36.89		0.955213		
36.9		0.955225		
36.91		0.955237		
36.92		0.95525		
36.93		0.955262		
36.94		0.955274		
36.95		0.955286		
36.96		0.955299		
36.97		0.955311		
36.98		0.955323		
36.99		0.955335		
37		0.955348		
37.01		0.95536		
37.02		0.955372		
37.03		0.955384		
37.04		0.955396		
37.05		0.955408		
37.06		0.955421		
37.07		0.955433		
37.08		0.955445		
37.09		0.955457		
37.1		0.955469		
37.11		0.955481		
37.12		0.955493		
37.13		0.955505		
37.14		0.955517		
37.15		0.95553		
37.16		0.955542		
37.17		0.955554		
37.18		0.955566		
37.19		0.955578		
37.2		0.95559		
37.21		0.955602		
37.22		0.955614		
37.23		0.955626		
37.24		0.955638		
37.25		0.95565		
37.26		0.955662		
37.27		0.955674		
37.28		0.955686		
37.29		0.955698		
37.3		0.95571		
37.31		0.955722		
37.32		0.955734		
37.33		0.955746		
37.34		0.955758		
37.35		0.95577		
37.36		0.955782		
37.37		0.955794		
37.38		0.955805		
37.39		0.955817		
37.4		0.955829		
37.41		0.955841		
37.42		0.955853		
37.43		0.955865		
37.44		0.955877		
37.45		0.955889		
37.46		0.9559		
37.47		0.955912		
37.48		0.955924		
37.49		0.955936		
37.5		0.955948		
37.51		0.95596		
37.52		0.955971		
37.53		0.955983		
37.54		0.955995		
37.55		0.956007		
37.56		0.956019		
37.57		0.95603		
37.58		0.956042		
37.59		0.956054		
37.6		0.956066		
37.61		0.956077		
37.62		0.956089		
37.63		0.956101		
37.64		0.956113		
37.65		0.956124		
37.66		0.956136		
37.67		0.956148		
37.68		0.956159		
37.69		0.956171		
37.7		0.956183		
37.71		0.956194		
37.72		0.956206		
37.73		0.956218		
37.74		0.956229		
37.75		0.956241		
37.76		0.956253		
37.77		0.956264		
37.78		0.956276		
37.79		0.956288		
37.8		0.956299		
37.81		0.956311		
37.82		0.956322		
37.83		0.956334		
37.84		0.956346		
37.85		0.956357		
37.86		0.956369		
37.87		0.95638		
37.88		0.956392		
37.89		0.956403		
37.9		0.956415		
37.91		0.956426		
37.92		0.956438		
37.93		0.956449		
37.94		0.956461		
37.95		0.956472		
37.96		0.956484		
37.97		0.956495		
37.98		0.956507		
37.99		0.956518		
38		0.95653		
38.01		0.956541		
38.02		0.956553		
38.03		0.956564		
38.04		0.956576		
38.05		0.956587		
38.06		0.956599		
38.07		0.95661		
38.08		0.956621		
38.09		0.956633		
38.1		0.956644		
38.11		0.956656		
38.12		0.956667		
38.13		0.956678		
38.14		0.95669		
38.15		0.956701		
38.16		0.956712		
38.17		0.956724		
38.18		0.956735		
38.19		0.956747		
38.2		0.956758		
38.21		0.956769		
38.22		0.956781		
38.23		0.956792		
38.24		0.956803		
38.25		0.956814		
38.26		0.956826		
38.27		0.956837		
38.28		0.956848		
38.29		0.95686		
38.3		0.956871		
38.31		0.956882		
38.32		0.956893		
38.33		0.956905		
38.34		0.956916		
38.35		0.956927		
38.36		0.956938		
38.37		0.95695		
38.38		0.956961		
38.39		0.956972		
38.4		0.956983		
38.41		0.956994		
38.42		0.957006		
38.43		0.957017		
38.44		0.957028		
38.45		0.957039		
38.46		0.95705		
38.47		0.957061		
38.48		0.957073		
38.49		0.957084		
38.5		0.957095		
38.51		0.957106		
38.52		0.957117		
38.53		0.957128		
38.54		0.957139		
38.55		0.95715		
38.56		0.957162		
38.57		0.957173		
38.58		0.957184		
38.59		0.957195		
38.6		0.957206		
38.61		0.957217		
38.62		0.957228		
38.63		0.957239		
38.64		0.95725		
38.65		0.957261		
38.66		0.957272		
38.67		0.957283		
38.68		0.957294		
38.69		0.957305		
38.7		0.957316		
38.71		0.957327		
38.72		0.957338		
38.73		0.957349		
38.74		0.95736		
38.75		0.957371		
38.76		0.957382		
38.77		0.957393		
38.78		0.957404		
38.79		0.957415		
38.8		0.957426		
38.81		0.957437		
38.82		0.957448		
38.83		0.957459		
38.84		0.95747		
38.85		0.957481		
38.86		0.957492		
38.87		0.957503		
38.88		0.957513		
38.89		0.957524		
38.9		0.957535		
38.91		0.957546		
38.92		0.957557		
38.93		0.957568		
38.94		0.957579		
38.95		0.95759		
38.96		0.957601		
38.97		0.957611		
38.98		0.957622		
38.99		0.957633		
39		0.957644		
39.01		0.957655		
39.02		0.957666		
39.03		0.957676		
39.04		0.957687		
39.05		0.957698		
39.06		0.957709		
39.07		0.95772		
39.08		0.95773		
39.09		0.957741		
39.1		0.957752		
39.11		0.957763		
39.12		0.957773		
39.13		0.957784		
39.14		0.957795		
39.15		0.957806		
39.16		0.957816		
39.17		0.957827		
39.18		0.957838		
39.19		0.957849		
39.2		0.957859		
39.21		0.95787		
39.22		0.957881		
39.23		0.957891		
39.24		0.957902		
39.25		0.957913		
39.26		0.957923		
39.27		0.957934		
39.28		0.957945		
39.29		0.957955		
39.3		0.957966		
39.31		0.957977		
39.32		0.957987		
39.33		0.957998		
39.34		0.958009		
39.35		0.958019		
39.36		0.95803		
39.37		0.95804		
39.38		0.958051		
39.39		0.958062		
39.4		0.958072		
39.41		0.958083		
39.42		0.958093		
39.43		0.958104		
39.44		0.958115		
39.45		0.958125		
39.46		0.958136		
39.47		0.958146		
39.48		0.958157		
39.49		0.958167		
39.5		0.958178		
39.51		0.958188		
39.52		0.958199		
39.53		0.95821		
39.54		0.95822		
39.55		0.958231		
39.56		0.958241		
39.57		0.958252		
39.58		0.958262		
39.59		0.958273		
39.6		0.958283		
39.61		0.958294		
39.62		0.958304		
39.63		0.958314		
39.64		0.958325		
39.65		0.958335		
39.66		0.958346		
39.67		0.958356		
39.68		0.958367		
39.69		0.958377		
39.7		0.958388		
39.71		0.958398		
39.72		0.958408		
39.73		0.958419		
39.74		0.958429		
39.75		0.95844		
39.76		0.95845		
39.77		0.95846		
39.78		0.958471		
39.79		0.958481		
39.8		0.958492		
39.81		0.958502		
39.82		0.958512		
39.83		0.958523		
39.84		0.958533		
39.85		0.958543		
39.86		0.958554		
39.87		0.958564		
39.88		0.958574		
39.89		0.958585		
39.9		0.958595		
39.91		0.958605		
39.92		0.958616		
39.93		0.958626		
39.94		0.958636		
39.95		0.958647		
39.96		0.958657		
39.97		0.958667		
39.98		0.958678		
39.99		0.958688		
40		0.958698		
40.01		0.958708		
40.02		0.958719		
40.03		0.958729		
40.04		0.958739		
40.05		0.958749		
40.06		0.95876		
40.07		0.95877		
40.08		0.95878		
40.09		0.95879		
40.1		0.9588		
40.11		0.958811		
40.12		0.958821		
40.13		0.958831		
40.14		0.958841		
40.15		0.958852		
40.16		0.958862		
40.17		0.958872		
40.18		0.958882		
40.19		0.958892		
40.2		0.958902		
40.21		0.958913		
40.22		0.958923		
40.23		0.958933		
40.24		0.958943		
40.25		0.958953		
40.26		0.958963		
40.27		0.958973		
40.28		0.958984		
40.29		0.958994		
40.3		0.959004		
40.31		0.959014		
40.32		0.959024		
40.33		0.959034		
40.34		0.959044		
40.35		0.959054		
40.36		0.959064		
40.37		0.959074		
40.38		0.959085		
40.39		0.959095		
40.4		0.959105		
40.41		0.959115		
40.42		0.959125		
40.43		0.959135		
40.44		0.959145		
40.45		0.959155		
40.46		0.959165		
40.47		0.959175		
40.48		0.959185		
40.49		0.959195		
40.5		0.959205		
40.51		0.959215		
40.52		0.959225		
40.53		0.959235		
40.54		0.959245		
40.55		0.959255		
40.56		0.959265		
40.57		0.959275		
40.58		0.959285		
40.59		0.959295		
40.6		0.959305		
40.61		0.959315		
40.62		0.959325		
40.63		0.959335		
40.64		0.959345		
40.65		0.959355		
40.66		0.959365		
40.67		0.959375		
40.68		0.959385		
40.69		0.959395		
40.7		0.959404		
40.71		0.959414		
40.72		0.959424		
40.73		0.959434		
40.74		0.959444		
40.75		0.959454		
40.76		0.959464		
40.77		0.959474		
40.78		0.959484		
40.79		0.959494		
40.8		0.959503		
40.81		0.959513		
40.82		0.959523		
40.83		0.959533		
40.84		0.959543		
40.85		0.959553		
40.86		0.959563		
40.87		0.959572		
40.88		0.959582		
40.89		0.959592		
40.9		0.959602		
40.91		0.959612		
40.92		0.959622		
40.93		0.959631		
40.94		0.959641		
40.95		0.959651		
40.96		0.959661		
40.97		0.959671		
40.98		0.95968		
40.99		0.95969		
41		0.9597		
41.01		0.95971		
41.02		0.95972		
41.03		0.959729		
41.04		0.959739		
41.05		0.959749		
41.06		0.959759		
41.07		0.959768		
41.08		0.959778		
41.09		0.959788		
41.1		0.959798		
41.11		0.959807		
41.12		0.959817		
41.13		0.959827		
41.14		0.959836		
41.15		0.959846		
41.16		0.959856		
41.17		0.959866		
41.18		0.959875		
41.19		0.959885		
41.2		0.959895		
41.21		0.959904		
41.22		0.959914		
41.23		0.959924		
41.24		0.959933		
41.25		0.959943		
41.26		0.959953		
41.27		0.959962		
41.28		0.959972		
41.29		0.959982		
41.3		0.959991		
41.31		0.960001		
41.32		0.960011		
41.33		0.96002		
41.34		0.96003		
41.35		0.960039		
41.36		0.960049		
41.37		0.960059		
41.38		0.960068		
41.39		0.960078		
41.4		0.960088		
41.41		0.960097		
41.42		0.960107		
41.43		0.960116		
41.44		0.960126		
41.45		0.960135		
41.46		0.960145		
41.47		0.960155		
41.48		0.960164		
41.49		0.960174		
41.5		0.960183		
41.51		0.960193		
41.52		0.960202		
41.53		0.960212		
41.54		0.960221		
41.55		0.960231		
41.56		0.960241		
41.57		0.96025		
41.58		0.96026		
41.59		0.960269		
41.6		0.960279		
41.61		0.960288		
41.62		0.960298		
41.63		0.960307		
41.64		0.960317		
41.65		0.960326		
41.66		0.960336		
41.67		0.960345		
41.68		0.960355		
41.69		0.960364		
41.7		0.960374		
41.71		0.960383		
41.72		0.960392		
41.73		0.960402		
41.74		0.960411		
41.75		0.960421		
41.76		0.96043		
41.77		0.96044		
41.78		0.960449		
41.79		0.960459		
41.8		0.960468		
41.81		0.960477		
41.82		0.960487		
41.83		0.960496		
41.84		0.960506		
41.85		0.960515		
41.86		0.960525		
41.87		0.960534		
41.88		0.960543		
41.89		0.960553		
41.9		0.960562		
41.91		0.960572		
41.92		0.960581		
41.93		0.96059		
41.94		0.9606		
41.95		0.960609		
41.96		0.960618		
41.97		0.960628		
41.98		0.960637		
41.99		0.960646		
42		0.960656		
42.01		0.960665		
42.02		0.960674		
42.03		0.960684		
42.04		0.960693		
42.05		0.960702		
42.06		0.960712		
42.07		0.960721		
42.08		0.96073		
42.09		0.96074		
42.1		0.960749		
42.11		0.960758		
42.12		0.960768		
42.13		0.960777		
42.14		0.960786		
42.15		0.960795		
42.16		0.960805		
42.17		0.960814		
42.18		0.960823		
42.19		0.960833		
42.2		0.960842		
42.21		0.960851		
42.22		0.96086		
42.23		0.96087		
42.24		0.960879		
42.25		0.960888		
42.26		0.960897		
42.27		0.960907		
42.28		0.960916		
42.29		0.960925		
42.3		0.960934		
42.31		0.960943		
42.32		0.960953		
42.33		0.960962		
42.34		0.960971		
42.35		0.96098		
42.36		0.96099		
42.37		0.960999		
42.38		0.961008		
42.39		0.961017		
42.4		0.961026		
42.41		0.961035		
42.42		0.961045		
42.43		0.961054		
42.44		0.961063		
42.45		0.961072		
42.46		0.961081		
42.47		0.96109		
42.48		0.9611		
42.49		0.961109		
42.5		0.961118		
42.51		0.961127		
42.52		0.961136		
42.53		0.961145		
42.54		0.961154		
42.55		0.961164		
42.56		0.961173		
42.57		0.961182		
42.58		0.961191		
42.59		0.9612		
42.6		0.961209		
42.61		0.961218		
42.62		0.961227		
42.63		0.961236		
42.64		0.961246		
42.65		0.961255		
42.66		0.961264		
42.67		0.961273		
42.68		0.961282		
42.69		0.961291		
42.7		0.9613		
42.71		0.961309		
42.72		0.961318		
42.73		0.961327		
42.74		0.961336		
42.75		0.961345		
42.76		0.961354		
42.77		0.961363		
42.78		0.961372		
42.79		0.961381		
42.8		0.96139		
42.81		0.961399		
42.82		0.961408		
42.83		0.961417		
42.84		0.961427		
42.85		0.961436		
42.86		0.961445		
42.87		0.961454		
42.88		0.961463		
42.89		0.961472		
42.9		0.96148		
42.91		0.961489		
42.92		0.961498		
42.93		0.961507		
42.94		0.961516		
42.95		0.961525		
42.96		0.961534		
42.97		0.961543		
42.98		0.961552		
42.99		0.961561		
43		0.96157		
43.01		0.961579		
43.02		0.961588		
43.03		0.961597		
43.04		0.961606		
43.05		0.961615		
43.06		0.961624		
43.07		0.961633		
43.08		0.961642		
43.09		0.961651		
43.1		0.96166		
43.11		0.961668		
43.12		0.961677		
43.13		0.961686		
43.14		0.961695		
43.15		0.961704		
43.16		0.961713		
43.17		0.961722		
43.18		0.961731		
43.19		0.96174		
43.2		0.961748		
43.21		0.961757		
43.22		0.961766		
43.23		0.961775		
43.24		0.961784		
43.25		0.961793		
43.26		0.961802		
43.27		0.96181		
43.28		0.961819		
43.29		0.961828		
43.3		0.961837		
43.31		0.961846		
43.32		0.961855		
43.33		0.961864		
43.34		0.961872		
43.35		0.961881		
43.36		0.96189		
43.37		0.961899		
43.38		0.961908		
43.39		0.961916		
43.4		0.961925		
43.41		0.961934		
43.42		0.961943		
43.43		0.961952		
43.44		0.96196		
43.45		0.961969		
43.46		0.961978		
43.47		0.961987		
43.48		0.961996		
43.49		0.962004		
43.5		0.962013		
43.51		0.962022		
43.52		0.962031		
43.53		0.962039		
43.54		0.962048		
43.55		0.962057		
43.56		0.962066		
43.57		0.962074		
43.58		0.962083		
43.59		0.962092		
43.6		0.962101		
43.61		0.962109		
43.62		0.962118		
43.63		0.962127		
43.64		0.962135		
43.65		0.962144		
43.66		0.962153		
43.67		0.962162		
43.68		0.96217		
43.69		0.962179		
43.7		0.962188		
43.71		0.962196		
43.72		0.962205		
43.73		0.962214		
43.74		0.962222		
43.75		0.962231		
43.76		0.96224		
43.77		0.962248		
43.78		0.962257		
43.79		0.962266		
43.8		0.962274		
43.81		0.962283		
43.82		0.962292		
43.83		0.9623		
43.84		0.962309		
43.85		0.962318		
43.86		0.962326		
43.87		0.962335		
43.88		0.962344		
43.89		0.962352		
43.9		0.962361		
43.91		0.962369		
43.92		0.962378		
43.93		0.962387		
43.94		0.962395		
43.95		0.962404		
43.96		0.962413		
43.97		0.962421		
43.98		0.96243		
43.99		0.962438		
44		0.962447		
44.01		0.962456		
44.02		0.962464		
44.03		0.962473		
44.04		0.962481		
44.05		0.96249		
44.06		0.962498		
44.07		0.962507		
44.08		0.962516		
44.09		0.962524		
44.1		0.962533		
44.11		0.962541		
44.12		0.96255		
44.13		0.962558		
44.14		0.962567		
44.15		0.962575		
44.16		0.962584		
44.17		0.962592		
44.18		0.962601		
44.19		0.962609		
44.2		0.962618		
44.21		0.962627		
44.22		0.962635		
44.23		0.962644		
44.24		0.962652		
44.25		0.962661		
44.26		0.962669		
44.27		0.962678		
44.28		0.962686		
44.29		0.962695		
44.3		0.962703		
44.31		0.962712		
44.32		0.96272		
44.33		0.962728		
44.34		0.962737		
44.35		0.962745		
44.36		0.962754		
44.37		0.962762		
44.38		0.962771		
44.39		0.962779		
44.4		0.962788		
44.41		0.962796		
44.42		0.962805		
44.43		0.962813		
44.44		0.962821		
44.45		0.96283		
44.46		0.962838		
44.47		0.962847		
44.48		0.962855		
44.49		0.962864		
44.5		0.962872		
44.51		0.96288		
44.52		0.962889		
44.53		0.962897		
44.54		0.962906		
44.55		0.962914		
44.56		0.962923		
44.57		0.962931		
44.58		0.962939		
44.59		0.962948		
44.6		0.962956		
44.61		0.962964		
44.62		0.962973		
44.63		0.962981		
44.64		0.96299		
44.65		0.962998		
44.66		0.963006		
44.67		0.963015		
44.68		0.963023		
44.69		0.963031		
44.7		0.96304		
44.71		0.963048		
44.72		0.963056		
44.73		0.963065		
44.74		0.963073		
44.75		0.963081		
44.76		0.96309		
44.77		0.963098		
44.78		0.963106		
44.79		0.963115		
44.8		0.963123		
44.81		0.963131		
44.82		0.96314		
44.83		0.963148		
44.84		0.963156		
44.85		0.963165		
44.86		0.963173		
44.87		0.963181		
44.88		0.96319		
44.89		0.963198		
44.9		0.963206		
44.91		0.963214		
44.92		0.963223		
44.93		0.963231		
44.94		0.963239		
44.95		0.963248		
44.96		0.963256		
44.97		0.963264		
44.98		0.963272		
44.99		0.963281		
45		0.963289		
45.01		0.963297		
45.02		0.963305		
45.03		0.963314		
45.04		0.963322		
45.05		0.96333		
45.06		0.963338		
45.07		0.963346		
45.08		0.963355		
45.09		0.963363		
45.1		0.963371		
45.11		0.963379		
45.12		0.963388		
45.13		0.963396		
45.14		0.963404		
45.15		0.963412		
45.16		0.96342		
45.17		0.963429		
45.18		0.963437		
45.19		0.963445		
45.2		0.963453		
45.21		0.963461		
45.22		0.96347		
45.23		0.963478		
45.24		0.963486		
45.25		0.963494		
45.26		0.963502		
45.27		0.96351		
45.28		0.963519		
45.29		0.963527		
45.3		0.963535		
45.31		0.963543		
45.32		0.963551		
45.33		0.963559		
45.34		0.963568		
45.35		0.963576		
45.36		0.963584		
45.37		0.963592		
45.38		0.9636		
45.39		0.963608		
45.4		0.963616		
45.41		0.963624		
45.42		0.963633		
45.43		0.963641		
45.44		0.963649		
45.45		0.963657		
45.46		0.963665		
45.47		0.963673		
45.48		0.963681		
45.49		0.963689		
45.5		0.963697		
45.51		0.963706		
45.52		0.963714		
45.53		0.963722		
45.54		0.96373		
45.55		0.963738		
45.56		0.963746		
45.57		0.963754		
45.58		0.963762		
45.59		0.96377		
45.6		0.963778		
45.61		0.963786		
45.62		0.963794		
45.63		0.963802		
45.64		0.96381		
45.65		0.963818		
45.66		0.963827		
45.67		0.963835		
45.68		0.963843		
45.69		0.963851		
45.7		0.963859		
45.71		0.963867		
45.72		0.963875		
45.73		0.963883		
45.74		0.963891		
45.75		0.963899		
45.76		0.963907		
45.77		0.963915		
45.78		0.963923		
45.79		0.963931		
45.8		0.963939		
45.81		0.963947		
45.82		0.963955		
45.83		0.963963		
45.84		0.963971		
45.85		0.963979		
45.86		0.963987		
45.87		0.963995		
45.88		0.964003		
45.89		0.964011		
45.9		0.964019		
45.91		0.964027		
45.92		0.964035		
45.93		0.964043		
45.94		0.96405		
45.95		0.964058		
45.96		0.964066		
45.97		0.964074		
45.98		0.964082		
45.99		0.96409		
46		0.964098		
46.01		0.964106		
46.02		0.964114		
46.03		0.964122		
46.04		0.96413		
46.05		0.964138		
46.06		0.964146		
46.07		0.964154		
46.08		0.964162		
46.09		0.964169		
46.1		0.964177		
46.11		0.964185		
46.12		0.964193		
46.13		0.964201		
46.14		0.964209		
46.15		0.964217		
46.16		0.964225		
46.17		0.964233		
46.18		0.964241		
46.19		0.964248		
46.2		0.964256		
46.21		0.964264		
46.22		0.964272		
46.23		0.96428		
46.24		0.964288		
46.25		0.964296		
46.26		0.964304		
46.27		0.964311		
46.28		0.964319		
46.29		0.964327		
46.3		0.964335		
46.31		0.964343		
46.32		0.964351		
46.33		0.964358		
46.34		0.964366		
46.35		0.964374		
46.36		0.964382		
46.37		0.96439		
46.38		0.964398		
46.39		0.964405		
46.4		0.964413		
46.41		0.964421		
46.42		0.964429		
46.43		0.964437		
46.44		0.964444		
46.45		0.964452		
46.46		0.96446		
46.47		0.964468		
46.48		0.964476		
46.49		0.964483		
46.5		0.964491		
46.51		0.964499		
46.52		0.964507		
46.53		0.964515		
46.54		0.964522		
46.55		0.96453		
46.56		0.964538		
46.57		0.964546		
46.58		0.964553		
46.59		0.964561		
46.6		0.964569		
46.61		0.964577		
46.62		0.964584		
46.63		0.964592		
46.64		0.9646		
46.65		0.964608		
46.66		0.964615		
46.67		0.964623		
46.68		0.964631		
46.69		0.964639		
46.7		0.964646		
46.71		0.964654		
46.72		0.964662		
46.73		0.96467		
46.74		0.964677		
46.75		0.964685		
46.76		0.964693		
46.77		0.9647		
46.78		0.964708		
46.79		0.964716		
46.8		0.964724		
46.81		0.964731		
46.82		0.964739		
46.83		0.964747		
46.84		0.964754		
46.85		0.964762		
46.86		0.96477		
46.87		0.964777		
46.88		0.964785		
46.89		0.964793		
46.9		0.9648		
46.91		0.964808		
46.92		0.964816		
46.93		0.964823		
46.94		0.964831		
46.95		0.964839		
46.96		0.964846		
46.97		0.964854		
46.98		0.964862		
46.99		0.964869		
47		0.964877		
47.01		0.964885		
47.02		0.964892		
47.03		0.9649		
47.04		0.964907		
47.05		0.964915		
47.06		0.964923		
47.07		0.96493		
47.08		0.964938		
47.09		0.964946		
47.1		0.964953		
47.11		0.964961		
47.12		0.964968		
47.13		0.964976		
47.14		0.964984		
47.15		0.964991		
47.16		0.964999		
47.17		0.965006		
47.18		0.965014		
47.19		0.965022		
47.2		0.965029		
47.21		0.965037		
47.22		0.965044		
47.23		0.965052		
47.24		0.965059		
47.25		0.965067		
47.26		0.965075		
47.27		0.965082		
47.28		0.96509		
47.29		0.965097		
47.3		0.965105		
47.31		0.965112		
47.32		0.96512		
47.33		0.965127		
47.34		0.965135		
47.35		0.965143		
47.36		0.96515		
47.37		0.965158		
47.38		0.965165		
47.39		0.965173		
47.4		0.96518		
47.41		0.965188		
47.42		0.965195		
47.43		0.965203		
47.44		0.96521		
47.45		0.965218		
47.46		0.965225		
47.47		0.965233		
47.48		0.96524		
47.49		0.965248		
47.5		0.965255		
47.51		0.965263		
47.52		0.96527		
47.53		0.965278		
47.54		0.965285		
47.55		0.965293		
47.56		0.9653		
47.57		0.965308		
47.58		0.965315		
47.59		0.965323		
47.6		0.96533		
47.61		0.965338		
47.62		0.965345		
47.63		0.965353		
47.64		0.96536		
47.65		0.965368		
47.66		0.965375		
47.67		0.965382		
47.68		0.96539		
47.69		0.965397		
47.7		0.965405		
47.71		0.965412		
47.72		0.96542		
47.73		0.965427		
47.74		0.965435		
47.75		0.965442		
47.76		0.965449		
47.77		0.965457		
47.78		0.965464		
47.79		0.965472		
47.8		0.965479		
47.81		0.965486		
47.82		0.965494		
47.83		0.965501		
47.84		0.965509		
47.85		0.965516		
47.86		0.965523		
47.87		0.965531		
47.88		0.965538		
47.89		0.965546		
47.9		0.965553		
47.91		0.96556		
47.92		0.965568		
47.93		0.965575		
47.94		0.965583		
47.95		0.96559		
47.96		0.965597		
47.97		0.965605		
47.98		0.965612		
47.99		0.965619		
48		0.965627		
48.01		0.965634		
48.02		0.965642		
48.03		0.965649		
48.04		0.965656		
48.05		0.965664		
48.06		0.965671		
48.07		0.965678		
48.08		0.965686		
48.09		0.965693		
48.1		0.9657		
48.11		0.965708		
48.12		0.965715		
48.13		0.965722		
48.14		0.96573		
48.15		0.965737		
48.16		0.965744		
48.17		0.965752		
48.18		0.965759		
48.19		0.965766		
48.2		0.965773		
48.21		0.965781		
48.22		0.965788		
48.23		0.965795		
48.24		0.965803		
48.25		0.96581		
48.26		0.965817		
48.27		0.965825		
48.28		0.965832		
48.29		0.965839		
48.3		0.965846		
48.31		0.965854		
48.32		0.965861		
48.33		0.965868		
48.34		0.965875		
48.35		0.965883		
48.36		0.96589		
48.37		0.965897		
48.38		0.965904		
48.39		0.965912		
48.4		0.965919		
48.41		0.965926		
48.42		0.965933		
48.43		0.965941		
48.44		0.965948		
48.45		0.965955		
48.46		0.965962		
48.47		0.96597		
48.48		0.965977		
48.49		0.965984		
48.5		0.965991		
48.51		0.965999		
48.52		0.966006		
48.53		0.966013		
48.54		0.96602		
48.55		0.966027		
48.56		0.966035		
48.57		0.966042		
48.58		0.966049		
48.59		0.966056		
48.6		0.966063		
48.61		0.966071		
48.62		0.966078		
48.63		0.966085		
48.64		0.966092		
48.65		0.966099		
48.66		0.966107		
48.67		0.966114		
48.68		0.966121		
48.69		0.966128		
48.7		0.966135		
48.71		0.966143		
48.72		0.96615		
48.73		0.966157		
48.74		0.966164		
48.75		0.966171		
48.76		0.966178		
48.77		0.966185		
48.78		0.966193		
48.79		0.9662		
48.8		0.966207		
48.81		0.966214		
48.82		0.966221		
48.83		0.966228		
48.84		0.966235		
48.85		0.966243		
48.86		0.96625		
48.87		0.966257		
48.88		0.966264		
48.89		0.966271		
48.9		0.966278		
48.91		0.966285		
48.92		0.966292		
48.93		0.9663		
48.94		0.966307		
48.95		0.966314		
48.96		0.966321		
48.97		0.966328		
48.98		0.966335		
48.99		0.966342		
49		0.966349		
49.01		0.966356		
49.02		0.966364		
49.03		0.966371		
49.04		0.966378		
49.05		0.966385		
49.06		0.966392		
49.07		0.966399		
49.08		0.966406		
49.09		0.966413		
49.1		0.96642		
49.11		0.966427		
49.12		0.966434		
49.13		0.966441		
49.14		0.966448		
49.15		0.966455		
49.16		0.966462		
49.17		0.96647		
49.18		0.966477		
49.19		0.966484		
49.2		0.966491		
49.21		0.966498		
49.22		0.966505		
49.23		0.966512		
49.24		0.966519		
49.25		0.966526		
49.26		0.966533		
49.27		0.96654		
49.28		0.966547		
49.29		0.966554		
49.3		0.966561		
49.31		0.966568		
49.32		0.966575		
49.33		0.966582		
49.34		0.966589		
49.35		0.966596		
49.36		0.966603		
49.37		0.96661		
49.38		0.966617		
49.39		0.966624		
49.4		0.966631		
49.41		0.966638		
49.42		0.966645		
49.43		0.966652		
49.44		0.966659		
49.45		0.966666		
49.46		0.966673		
49.47		0.96668		
49.48		0.966687		
49.49		0.966694		
49.5		0.966701		
49.51		0.966708		
49.52		0.966715		
49.53		0.966722		
49.54		0.966729		
49.55		0.966736		
49.56		0.966743		
49.57		0.966749		
49.58		0.966756		
49.59		0.966763		
49.6		0.96677		
49.61		0.966777		
49.62		0.966784		
49.63		0.966791		
49.64		0.966798		
49.65		0.966805		
49.66		0.966812		
49.67		0.966819		
49.68		0.966826		
49.69		0.966833		
49.7		0.96684		
49.71		0.966847		
49.72		0.966853		
49.73		0.96686		
49.74		0.966867		
49.75		0.966874		
49.76		0.966881		
49.77		0.966888		
49.78		0.966895		
49.79		0.966902		
49.8		0.966909		
49.81		0.966916		
49.82		0.966922		
49.83		0.966929		
49.84		0.966936		
49.85		0.966943		
49.86		0.96695		
49.87		0.966957		
49.88		0.966964		
49.89		0.966971		
49.9		0.966977		
49.91		0.966984		
49.92		0.966991		
49.93		0.966998		
49.94		0.967005		
49.95		0.967012		
49.96		0.967019		
49.97		0.967025		
49.98		0.967032		
49.99		0.967039		
50		0.967046		
