tau [fm]		PL/PT
0.25		0.0810067
0.26		0.0995558		
0.27		0.116961		
0.28		0.133338		
0.29		0.14879		
0.3		0.163403		
0.31		0.177255		
0.32		0.190412		
0.33		0.202936		
0.34		0.214877		
0.35		0.226284		
0.36		0.237197		
0.37		0.247654		
0.38		0.257689		
0.39		0.267331		
0.4		0.276608		
0.41		0.285544		
0.42		0.294161		
0.43		0.302481		
0.44		0.31052		
0.45		0.318297		
0.46		0.325826		
0.47		0.333121		
0.48		0.340196		
0.49		0.347062		
0.5		0.353731		
0.51		0.360213		
0.52		0.366516		
0.53		0.37265		
0.54		0.378623		
0.55		0.384442		
0.56		0.390114		
0.57		0.395646		
0.58		0.401043		
0.59		0.406313		
0.6		0.411459		
0.61		0.416486		
0.62		0.421401		
0.63		0.426206		
0.64		0.430906		
0.65		0.435505		
0.66		0.440007		
0.67		0.444415		
0.68		0.448732		
0.69		0.452961		
0.7		0.457107		
0.71		0.46117		
0.72		0.465154		
0.73		0.469062		
0.74		0.472896		
0.75		0.476658		
0.76		0.48035		
0.77		0.483975		
0.78		0.487534		
0.79		0.49103		
0.8		0.494463		
0.81		0.497837		
0.82		0.501153		
0.83		0.504412		
0.84		0.507616		
0.85		0.510766		
0.86		0.513864		
0.87		0.516911		
0.88		0.519909		
0.89		0.522858		
0.9		0.525761		
0.91		0.528618		
0.92		0.53143		
0.93		0.534198		
0.94		0.536924		
0.95		0.539609		
0.96		0.542253		
0.97		0.544858		
0.98		0.547424		
0.99		0.549953		
1		0.552445		
1.01		0.554901		
1.02		0.557322		
1.03		0.559708		
1.04		0.562061		
1.05		0.564381		
1.06		0.566669		
1.07		0.568926		
1.08		0.571152		
1.09		0.573348		
1.1		0.575515		
1.11		0.577653		
1.12		0.579762		
1.13		0.581844		
1.14		0.583899		
1.15		0.585928		
1.16		0.587931		
1.17		0.589908		
1.18		0.59186		
1.19		0.593788		
1.2		0.595692		
1.21		0.597572		
1.22		0.59943		
1.23		0.601265		
1.24		0.603078		
1.25		0.604869		
1.26		0.606638		
1.27		0.608387		
1.28		0.610115		
1.29		0.611824		
1.3		0.613512		
1.31		0.615181		
1.32		0.616831		
1.33		0.618462		
1.34		0.620075		
1.35		0.62167		
1.36		0.623247		
1.37		0.624806		
1.38		0.626349		
1.39		0.627874		
1.4		0.629383		
1.41		0.630876		
1.42		0.632353		
1.43		0.633814		
1.44		0.635259		
1.45		0.63669		
1.46		0.638105		
1.47		0.639506		
1.48		0.640892		
1.49		0.642264		
1.5		0.643622		
1.51		0.644967		
1.52		0.646297		
1.53		0.647615		
1.54		0.648919		
1.55		0.65021		
1.56		0.651489		
1.57		0.652755		
1.58		0.654008		
1.59		0.65525		
1.6		0.65648		
1.61		0.657697		
1.62		0.658904		
1.63		0.660098		
1.64		0.661282		
1.65		0.662454		
1.66		0.663616		
1.67		0.664767		
1.68		0.665907		
1.69		0.667036		
1.7		0.668156		
1.71		0.669265		
1.72		0.670364		
1.73		0.671453		
1.74		0.672533		
1.75		0.673603		
1.76		0.674663		
1.77		0.675714		
1.78		0.676756		
1.79		0.677789		
1.8		0.678813		
1.81		0.679828		
1.82		0.680835		
1.83		0.681832		
1.84		0.682822		
1.85		0.683803		
1.86		0.684775		
1.87		0.68574		
1.88		0.686696		
1.89		0.687645		
1.9		0.688586		
1.91		0.689519		
1.92		0.690444		
1.93		0.691362		
1.94		0.692273		
1.95		0.693176		
1.96		0.694072		
1.97		0.69496		
1.98		0.695842		
1.99		0.696717		
2		0.697584		
2.01		0.698445		
2.02		0.6993		
2.03		0.700147		
2.04		0.700988		
2.05		0.701823		
2.06		0.702651		
2.07		0.703473		
2.08		0.704289		
2.09		0.705098		
2.1		0.705901		
2.11		0.706699		
2.12		0.70749		
2.13		0.708276		
2.14		0.709055		
2.15		0.709829		
2.16		0.710597		
2.17		0.71136		
2.18		0.712117		
2.19		0.712869		
2.2		0.713615		
2.21		0.714356		
2.22		0.715091		
2.23		0.715822		
2.24		0.716547		
2.25		0.717267		
2.26		0.717982		
2.27		0.718691		
2.28		0.719396		
2.29		0.720096		
2.3		0.720791		
2.31		0.721482		
2.32		0.722167		
2.33		0.722848		
2.34		0.723525		
2.35		0.724196		
2.36		0.724864		
2.37		0.725526		
2.38		0.726184		
2.39		0.726838		
2.4		0.727488		
2.41		0.728133		
2.42		0.728774		
2.43		0.72941		
2.44		0.730043		
2.45		0.730671		
2.46		0.731295		
2.47		0.731916		
2.48		0.732532		
2.49		0.733144		
2.5		0.733752		
2.51		0.734357		
2.52		0.734957		
2.53		0.735554		
2.54		0.736147		
2.55		0.736736		
2.56		0.737322		
2.57		0.737903		
2.58		0.738482		
2.59		0.739056		
2.6		0.739627		
2.61		0.740195		
2.62		0.740759		
2.63		0.74132		
2.64		0.741877		
2.65		0.742431		
2.66		0.742981		
2.67		0.743528		
2.68		0.744072		
2.69		0.744613		
2.7		0.74515		
2.71		0.745684		
2.72		0.746215		
2.73		0.746743		
2.74		0.747268		
2.75		0.747789		
2.76		0.748308		
2.77		0.748823		
2.78		0.749336		
2.79		0.749846		
2.8		0.750352		
2.81		0.750856		
2.82		0.751357		
2.83		0.751855		
2.84		0.75235		
2.85		0.752842		
2.86		0.753332		
2.87		0.753818		
2.88		0.754302		
2.89		0.754784		
2.9		0.755262		
2.91		0.755738		
2.92		0.756211		
2.93		0.756682		
2.94		0.75715		
2.95		0.757616		
2.96		0.758078		
2.97		0.758539		
2.98		0.758997		
2.99		0.759452		
3		0.759905		
3.01		0.760355		
3.02		0.760803		
3.03		0.761249		
3.04		0.761692		
3.05		0.762133		
3.06		0.762572		
3.07		0.763008		
3.08		0.763442		
3.09		0.763873		
3.1		0.764302		
3.11		0.764729		
3.12		0.765154		
3.13		0.765577		
3.14		0.765997		
3.15		0.766415		
3.16		0.766832		
3.17		0.767245		
3.18		0.767657		
3.19		0.768067		
3.2		0.768474		
3.21		0.76888		
3.22		0.769283		
3.23		0.769685		
3.24		0.770084		
3.25		0.770481		
3.26		0.770877		
3.27		0.77127		
3.28		0.771661		
3.29		0.772051		
3.3		0.772438		
3.31		0.772824		
3.32		0.773208		
3.33		0.773589		
3.34		0.773969		
3.35		0.774347		
3.36		0.774724		
3.37		0.775098		
3.38		0.77547		
3.39		0.775841		
3.4		0.77621		
3.41		0.776577		
3.42		0.776943		
3.43		0.777306		
3.44		0.777668		
3.45		0.778028		
3.46		0.778387		
3.47		0.778743		
3.48		0.779099		
3.49		0.779452		
3.5		0.779804		
3.51		0.780154		
3.52		0.780502		
3.53		0.780849		
3.54		0.781194		
3.55		0.781538		
3.56		0.78188		
3.57		0.78222		
3.58		0.782559		
3.59		0.782896		
3.6		0.783232		
3.61		0.783566		
3.62		0.783899		
3.63		0.78423		
3.64		0.784559		
3.65		0.784887		
3.66		0.785214		
3.67		0.785539		
3.68		0.785863		
3.69		0.786185		
3.7		0.786506		
3.71		0.786825		
3.72		0.787143		
3.73		0.78746		
3.74		0.787775		
3.75		0.788089		
3.76		0.788401		
3.77		0.788712		
3.78		0.789022		
3.79		0.78933		
3.8		0.789637		
3.81		0.789942		
3.82		0.790247		
3.83		0.79055		
3.84		0.790851		
3.85		0.791152		
3.86		0.791451		
3.87		0.791748		
3.88		0.792045		
3.89		0.79234		
3.9		0.792634		
3.91		0.792926		
3.92		0.793218		
3.93		0.793508		
3.94		0.793797		
3.95		0.794085		
3.96		0.794371		
3.97		0.794657		
3.98		0.794941		
3.99		0.795224		
4		0.795505		
4.01		0.795786		
4.02		0.796065		
4.03		0.796344		
4.04		0.796621		
4.05		0.796897		
4.06		0.797172		
4.07		0.797445		
4.08		0.797718		
4.09		0.797989		
4.1		0.79826		
4.11		0.798529		
4.12		0.798797		
4.13		0.799064		
4.14		0.79933		
4.15		0.799595		
4.16		0.799859		
4.17		0.800122		
4.18		0.800383		
4.19		0.800644		
4.2		0.800904		
4.21		0.801162		
4.22		0.80142		
4.23		0.801677		
4.24		0.801932		
4.25		0.802187		
4.26		0.80244		
4.27		0.802693		
4.28		0.802944		
4.29		0.803195		
4.3		0.803445		
4.31		0.803693		
4.32		0.803941		
4.33		0.804187		
4.34		0.804433		
4.35		0.804678		
4.36		0.804922		
4.37		0.805165		
4.38		0.805407		
4.39		0.805648		
4.4		0.805888		
4.41		0.806127		
4.42		0.806365		
4.43		0.806603		
4.44		0.806839		
4.45		0.807075		
4.46		0.807309		
4.47		0.807543		
4.48		0.807776		
4.49		0.808008		
4.5		0.808239		
4.51		0.80847		
4.52		0.808699		
4.53		0.808928		
4.54		0.809155		
4.55		0.809382		
4.56		0.809608		
4.57		0.809834		
4.58		0.810058		
4.59		0.810282		
4.6		0.810504		
4.61		0.810726		
4.62		0.810947		
4.63		0.811168		
4.64		0.811387		
4.65		0.811606		
4.66		0.811824		
4.67		0.812041		
4.68		0.812257		
4.69		0.812473		
4.7		0.812688		
4.71		0.812902		
4.72		0.813115		
4.73		0.813327		
4.74		0.813539		
4.75		0.81375		
4.76		0.81396		
4.77		0.81417		
4.78		0.814378		
4.79		0.814586		
4.8		0.814794		
4.81		0.815		
4.82		0.815206		
4.83		0.815411		
4.84		0.815615		
4.85		0.815819		
4.86		0.816022		
4.87		0.816224		
4.88		0.816425		
4.89		0.816626		
4.9		0.816826		
4.91		0.817026		
4.92		0.817225		
4.93		0.817423		
4.94		0.81762		
4.95		0.817817		
4.96		0.818013		
4.97		0.818208		
4.98		0.818403		
4.99		0.818596		
5		0.81879		
5.01		0.818982		
5.02		0.819174		
5.03		0.819366		
5.04		0.819557		
5.05		0.819747		
5.06		0.819936		
5.07		0.820125		
5.08		0.820313		
5.09		0.820501		
5.1		0.820687		
5.11		0.820874		
5.12		0.821059		
5.13		0.821244		
5.14		0.821429		
5.15		0.821613		
5.16		0.821796		
5.17		0.821978		
5.18		0.82216		
5.19		0.822342		
5.2		0.822523		
5.21		0.822703		
5.22		0.822882		
5.23		0.823061		
5.24		0.82324		
5.25		0.823418		
5.26		0.823595		
5.27		0.823772		
5.28		0.823948		
5.29		0.824123		
5.3		0.824298		
5.31		0.824473		
5.32		0.824647		
5.33		0.82482		
5.34		0.824993		
5.35		0.825165		
5.36		0.825337		
5.37		0.825508		
5.38		0.825678		
5.39		0.825848		
5.4		0.826018		
5.41		0.826187		
5.42		0.826355		
5.43		0.826523		
5.44		0.82669		
5.45		0.826857		
5.46		0.827023		
5.47		0.827189		
5.48		0.827354		
5.49		0.827519		
5.5		0.827683		
5.51		0.827847		
5.52		0.82801		
5.53		0.828173		
5.54		0.828335		
5.55		0.828497		
5.56		0.828658		
5.57		0.828818		
5.58		0.828979		
5.59		0.829138		
5.6		0.829297		
5.61		0.829456		
5.62		0.829614		
5.63		0.829772		
5.64		0.829929		
5.65		0.830086		
5.66		0.830242		
5.67		0.830398		
5.68		0.830554		
5.69		0.830708		
5.7		0.830863		
5.71		0.831017		
5.72		0.83117		
5.73		0.831323		
5.74		0.831476		
5.75		0.831628		
5.76		0.83178		
5.77		0.831931		
5.78		0.832081		
5.79		0.832232		
5.8		0.832382		
5.81		0.832531		
5.82		0.83268		
5.83		0.832828		
5.84		0.832976		
5.85		0.833124		
5.86		0.833271		
5.87		0.833418		
5.88		0.833564		
5.89		0.83371		
5.9		0.833856		
5.91		0.834001		
5.92		0.834145		
5.93		0.83429		
5.94		0.834433		
5.95		0.834577		
5.96		0.83472		
5.97		0.834862		
5.98		0.835004		
5.99		0.835146		
6		0.835287		
6.01		0.835428		
6.02		0.835569		
6.03		0.835709		
6.04		0.835848		
6.05		0.835988		
6.06		0.836126		
6.07		0.836265		
6.08		0.836403		
6.09		0.836541		
6.1		0.836678		
6.11		0.836815		
6.12		0.836951		
6.13		0.837088		
6.14		0.837223		
6.15		0.837359		
6.16		0.837494		
6.17		0.837628		
6.18		0.837762		
6.19		0.837896		
6.2		0.83803		
6.21		0.838163		
6.22		0.838295		
6.23		0.838428		
6.24		0.83856		
6.25		0.838691		
6.26		0.838823		
6.27		0.838954		
6.28		0.839084		
6.29		0.839214		
6.3		0.839344		
6.31		0.839473		
6.32		0.839603		
6.33		0.839731		
6.34		0.83986		
6.35		0.839988		
6.36		0.840115		
6.37		0.840243		
6.38		0.84037		
6.39		0.840496		
6.4		0.840622		
6.41		0.840748		
6.42		0.840874		
6.43		0.840999		
6.44		0.841124		
6.45		0.841249		
6.46		0.841373		
6.47		0.841497		
6.48		0.84162		
6.49		0.841744		
6.5		0.841867		
6.51		0.841989		
6.52		0.842111		
6.53		0.842233		
6.54		0.842355		
6.55		0.842476		
6.56		0.842597		
6.57		0.842718		
6.58		0.842838		
6.59		0.842958		
6.6		0.843078		
6.61		0.843197		
6.62		0.843316		
6.63		0.843435		
6.64		0.843553		
6.65		0.843671		
6.66		0.843789		
6.67		0.843906		
6.68		0.844023		
6.69		0.84414		
6.7		0.844257		
6.71		0.844373		
6.72		0.844489		
6.73		0.844605		
6.74		0.84472		
6.75		0.844835		
6.76		0.84495		
6.77		0.845064		
6.78		0.845178		
6.79		0.845292		
6.8		0.845406		
6.81		0.845519		
6.82		0.845632		
6.83		0.845744		
6.84		0.845857		
6.85		0.845969		
6.86		0.846081		
6.87		0.846192		
6.88		0.846303		
6.89		0.846414		
6.9		0.846525		
6.91		0.846635		
6.92		0.846746		
6.93		0.846855		
6.94		0.846965		
6.95		0.847074		
6.96		0.847183		
6.97		0.847292		
6.98		0.8474		
6.99		0.847508		
7		0.847616		
7.01		0.847724		
7.02		0.847831		
7.03		0.847938		
7.04		0.848045		
7.05		0.848152		
7.06		0.848258		
7.07		0.848364		
7.08		0.84847		
7.09		0.848575		
7.1		0.84868		
7.11		0.848785		
7.12		0.84889		
7.13		0.848994		
7.14		0.849098		
7.15		0.849202		
7.16		0.849306		
7.17		0.849409		
7.18		0.849512		
7.19		0.849615		
7.2		0.849718		
7.21		0.84982		
7.22		0.849922		
7.23		0.850024		
7.24		0.850126		
7.25		0.850227		
7.26		0.850328		
7.27		0.850429		
7.28		0.85053		
7.29		0.85063		
7.3		0.85073		
7.31		0.85083		
7.32		0.85093		
7.33		0.851029		
7.34		0.851128		
7.35		0.851227		
7.36		0.851326		
7.37		0.851424		
7.38		0.851523		
7.39		0.851621		
7.4		0.851718		
7.41		0.851816		
7.42		0.851913		
7.43		0.85201		
7.44		0.852107		
7.45		0.852203		
7.46		0.8523		
7.47		0.852396		
7.48		0.852492		
7.49		0.852587		
7.5		0.852683		
7.51		0.852778		
7.52		0.852873		
7.53		0.852967		
7.54		0.853062		
7.55		0.853156		
7.56		0.85325		
7.57		0.853344		
7.58		0.853438		
7.59		0.853531		
7.6		0.853624		
7.61		0.853717		
7.62		0.85381		
7.63		0.853902		
7.64		0.853994		
7.65		0.854086		
7.66		0.854178		
7.67		0.85427		
7.68		0.854361		
7.69		0.854452		
7.7		0.854543		
7.71		0.854634		
7.72		0.854725		
7.73		0.854815		
7.74		0.854905		
7.75		0.854995		
7.76		0.855085		
7.77		0.855174		
7.78		0.855263		
7.79		0.855353		
7.8		0.855441		
7.81		0.85553		
7.82		0.855618		
7.83		0.855707		
7.84		0.855795		
7.85		0.855883		
7.86		0.85597		
7.87		0.856058		
7.88		0.856145		
7.89		0.856232		
7.9		0.856319		
7.91		0.856405		
7.92		0.856492		
7.93		0.856578		
7.94		0.856664		
7.95		0.85675		
7.96		0.856835		
7.97		0.856921		
7.98		0.857006		
7.99		0.857091		
8		0.857176		
8.01		0.85726		
8.02		0.857345		
8.03		0.857429		
8.04		0.857513		
8.05		0.857597		
8.06		0.85768		
8.07		0.857764		
8.08		0.857847		
8.09		0.85793		
8.1		0.858013		
8.11		0.858096		
8.12		0.858178		
8.13		0.858261		
8.14		0.858343		
8.15		0.858425		
8.16		0.858506		
8.17		0.858588		
8.18		0.858669		
8.19		0.858751		
8.2		0.858832		
8.21		0.858912		
8.22		0.858993		
8.23		0.859074		
8.24		0.859154		
8.25		0.859234		
8.26		0.859314		
8.27		0.859394		
8.28		0.859473		
8.29		0.859552		
8.3		0.859632		
8.31		0.859711		
8.32		0.859789		
8.33		0.859868		
8.34		0.859947		
8.35		0.860025		
8.36		0.860103		
8.37		0.860181		
8.38		0.860259		
8.39		0.860336		
8.4		0.860414		
8.41		0.860491		
8.42		0.860568		
8.43		0.860645		
8.44		0.860721		
8.45		0.860798		
8.46		0.860874		
8.47		0.860951		
8.48		0.861027		
8.49		0.861102		
8.5		0.861178		
8.51		0.861254		
8.52		0.861329		
8.53		0.861404		
8.54		0.861479		
8.55		0.861554		
8.56		0.861628		
8.57		0.861703		
8.58		0.861777		
8.59		0.861851		
8.6		0.861925		
8.61		0.861999		
8.62		0.862073		
8.63		0.862146		
8.64		0.862219		
8.65		0.862293		
8.66		0.862366		
8.67		0.862438		
8.68		0.862511		
8.69		0.862583		
8.7		0.862656		
8.71		0.862728		
8.72		0.8628		
8.73		0.862872		
8.74		0.862943		
8.75		0.863015		
8.76		0.863086		
8.77		0.863157		
8.78		0.863228		
8.79		0.863299		
8.8		0.86337		
8.81		0.86344		
8.82		0.863511		
8.83		0.863581		
8.84		0.863651		
8.85		0.863721		
8.86		0.863791		
8.87		0.86386		
8.88		0.86393		
8.89		0.863999		
8.9		0.864068		
8.91		0.864137		
8.92		0.864206		
8.93		0.864274		
8.94		0.864343		
8.95		0.864411		
8.96		0.864479		
8.97		0.864547		
8.98		0.864615		
8.99		0.864683		
9		0.86475		
9.01		0.864818		
9.02		0.864885		
9.03		0.864952		
9.04		0.865019		
9.05		0.865086		
9.06		0.865152		
9.07		0.865219		
9.08		0.865285		
9.09		0.865351		
9.1		0.865417		
9.11		0.865483		
9.12		0.865549		
9.13		0.865614		
9.14		0.86568		
9.15		0.865745		
9.16		0.86581		
9.17		0.865875		
9.18		0.86594		
9.19		0.866004		
9.2		0.866069		
9.21		0.866133		
9.22		0.866197		
9.23		0.866261		
9.24		0.866325		
9.25		0.866389		
9.26		0.866453		
9.27		0.866516		
9.28		0.866579		
9.29		0.866643		
9.3		0.866706		
9.31		0.866768		
9.32		0.866831		
9.33		0.866894		
9.34		0.866956		
9.35		0.867018		
9.36		0.86708		
9.37		0.867142		
9.38		0.867204		
9.39		0.867266		
9.4		0.867327		
9.41		0.867389		
9.42		0.86745		
9.43		0.867511		
9.44		0.867572		
9.45		0.867633		
9.46		0.867694		
9.47		0.867754		
9.48		0.867815		
9.49		0.867875		
9.5		0.867935		
9.51		0.867995		
9.52		0.868055		
9.53		0.868114		
9.54		0.868174		
9.55		0.868233		
9.56		0.868292		
9.57		0.868352		
9.58		0.868411		
9.59		0.868469		
9.6		0.868528		
9.61		0.868587		
9.62		0.868645		
9.63		0.868703		
9.64		0.868761		
9.65		0.868819		
9.66		0.868877		
9.67		0.868935		
9.68		0.868992		
9.69		0.86905		
9.7		0.869107		
9.71		0.869164		
9.72		0.869221		
9.73		0.869278		
9.74		0.869335		
9.75		0.869391		
9.76		0.869447		
9.77		0.869504		
9.78		0.86956		
9.79		0.869616		
9.8		0.869672		
9.81		0.869727		
9.82		0.869783		
9.83		0.869838		
9.84		0.869894		
9.85		0.869949		
9.86		0.870004		
9.87		0.870059		
9.88		0.870114		
9.89		0.870168		
9.9		0.870223		
9.91		0.870277		
9.92		0.870331		
9.93		0.870385		
9.94		0.870439		
9.95		0.870493		
9.96		0.870547		
9.97		0.8706		
9.98		0.870653		
9.99		0.870707		
10		0.87076		
10.01		0.870813		
10.02		0.870865		
10.03		0.870918		
10.04		0.870971		
10.05		0.871023		
10.06		0.871075		
10.07		0.871127		
10.08		0.871179		
10.09		0.871231		
10.1		0.871283		
10.11		0.871335		
10.12		0.871386		
10.13		0.871437		
10.14		0.871489		
10.15		0.87154		
10.16		0.871591		
10.17		0.871641		
10.18		0.871692		
10.19		0.871742		
10.2		0.871793		
10.21		0.871843		
10.22		0.871893		
10.23		0.871943		
10.24		0.871993		
10.25		0.872043		
10.26		0.872092		
10.27		0.872141		
10.28		0.872191		
10.29		0.87224		
10.3		0.872289		
10.31		0.872338		
10.32		0.872386		
10.33		0.872435		
10.34		0.872484		
10.35		0.872532		
10.36		0.87258		
10.37		0.872628		
10.38		0.872676		
10.39		0.872724		
10.4		0.872771		
10.41		0.872819		
10.42		0.872866		
10.43		0.872914		
10.44		0.872961		
10.45		0.873008		
10.46		0.873055		
10.47		0.873101		
10.48		0.873148		
10.49		0.873194		
10.5		0.873241		
10.51		0.873287		
10.52		0.873333		
10.53		0.873379		
10.54		0.873424		
10.55		0.87347		
10.56		0.873516		
10.57		0.873561		
10.58		0.873606		
10.59		0.873651		
10.6		0.873696		
10.61		0.873741		
10.62		0.873786		
10.63		0.87383		
10.64		0.873875		
10.65		0.873919		
10.66		0.873963		
10.67		0.874007		
10.68		0.874051		
10.69		0.874095		
10.7		0.874139		
10.71		0.874182		
10.72		0.874225		
10.73		0.874269		
10.74		0.874312		
10.75		0.874355		
10.76		0.874398		
10.77		0.87444		
10.78		0.874483		
10.79		0.874525		
10.8		0.874567		
10.81		0.87461		
10.82		0.874652		
10.83		0.874694		
10.84		0.874735		
10.85		0.874777		
10.86		0.874818		
10.87		0.87486		
10.88		0.874901		
10.89		0.874942		
10.9		0.874983		
10.91		0.875024		
10.92		0.875064		
10.93		0.875105		
10.94		0.875145		
10.95		0.875186		
10.96		0.875226		
10.97		0.875266		
10.98		0.875306		
10.99		0.875346		
11		0.875385		
11.01		0.875425		
11.02		0.875464		
11.03		0.875503		
11.04		0.875542		
11.05		0.875581		
11.06		0.87562		
11.07		0.875659		
11.08		0.875697		
11.09		0.875736		
11.1		0.875774		
11.11		0.875812		
11.12		0.87585		
11.13		0.875888		
11.14		0.875926		
11.15		0.875963		
11.16		0.876001		
11.17		0.876038		
11.18		0.876075		
11.19		0.876112		
11.2		0.876149		
11.21		0.876186		
11.22		0.876223		
11.23		0.876259		
11.24		0.876296		
11.25		0.876332		
11.26		0.876368		
11.27		0.876404		
11.28		0.87644		
11.29		0.876476		
11.3		0.876511		
11.31		0.876547		
11.32		0.876582		
11.33		0.876617		
11.34		0.876652		
11.35		0.876687		
11.36		0.876722		
11.37		0.876757		
11.38		0.876791		
11.39		0.876826		
11.4		0.87686		
11.41		0.876894		
11.42		0.876928		
11.43		0.876962		
11.44		0.876996		
11.45		0.877029		
11.46		0.877063		
11.47		0.877096		
11.48		0.877129		
11.49		0.877162		
11.5		0.877195		
11.51		0.877228		
11.52		0.877261		
11.53		0.877293		
11.54		0.877326		
11.55		0.877358		
11.56		0.87739		
11.57		0.877421		
11.58		0.877453		
11.59		0.877485		
11.6		0.877516		
11.61		0.877548		
11.62		0.87758		
11.63		0.877612		
11.64		0.877644		
11.65		0.877677		
11.66		0.877709		
11.67		0.877741		
11.68		0.877773		
11.69		0.877806		
11.7		0.877838		
11.71		0.877871		
11.72		0.877903		
11.73		0.877936		
11.74		0.877968		
11.75		0.878001		
11.76		0.878034		
11.77		0.878067		
11.78		0.878099		
11.79		0.878132		
11.8		0.878165		
11.81		0.878198		
11.82		0.878231		
11.83		0.878264		
11.84		0.878297		
11.85		0.87833		
11.86		0.878363		
11.87		0.878397		
11.88		0.87843		
11.89		0.878463		
11.9		0.878496		
11.91		0.87853		
11.92		0.878563		
11.93		0.878596		
11.94		0.87863		
11.95		0.878663		
11.96		0.878697		
11.97		0.87873		
11.98		0.878764		
11.99		0.878797		
12		0.878831		
12.01		0.878865		
12.02		0.878898		
12.03		0.878932		
12.04		0.878966		
12.05		0.878999		
12.06		0.879033		
12.07		0.879067		
12.08		0.879101		
12.09		0.879135		
12.1		0.879169		
12.11		0.879202		
12.12		0.879236		
12.13		0.87927		
12.14		0.879304		
12.15		0.879338		
12.16		0.879372		
12.17		0.879406		
12.18		0.87944		
12.19		0.879474		
12.2		0.879508		
12.21		0.879542		
12.22		0.879577		
12.23		0.879611		
12.24		0.879645		
12.25		0.879679		
12.26		0.879713		
12.27		0.879747		
12.28		0.879782		
12.29		0.879816		
12.3		0.87985		
12.31		0.879884		
12.32		0.879919		
12.33		0.879953		
12.34		0.879987		
12.35		0.880022		
12.36		0.880056		
12.37		0.88009		
12.38		0.880125		
12.39		0.880159		
12.4		0.880193		
12.41		0.880228		
12.42		0.880262		
12.43		0.880297		
12.44		0.880331		
12.45		0.880366		
12.46		0.8804		
12.47		0.880435		
12.48		0.880469		
12.49		0.880504		
12.5		0.880538		
12.51		0.880573		
12.52		0.880607		
12.53		0.880642		
12.54		0.880676		
12.55		0.880711		
12.56		0.880746		
12.57		0.88078		
12.58		0.880815		
12.59		0.880849		
12.6		0.880884		
12.61		0.880919		
12.62		0.880953		
12.63		0.880988		
12.64		0.881023		
12.65		0.881057		
12.66		0.881092		
12.67		0.881127		
12.68		0.881162		
12.69		0.881196		
12.7		0.881231		
12.71		0.881266		
12.72		0.8813		
12.73		0.881335		
12.74		0.88137		
12.75		0.881405		
12.76		0.88144		
12.77		0.881474		
12.78		0.881509		
12.79		0.881544		
12.8		0.881579		
12.81		0.881614		
12.82		0.881649		
12.83		0.881683		
12.84		0.881718		
12.85		0.881753		
12.86		0.881788		
12.87		0.881823		
12.88		0.881858		
12.89		0.881893		
12.9		0.881928		
12.91		0.881963		
12.92		0.881997		
12.93		0.882032		
12.94		0.882067		
12.95		0.882102		
12.96		0.882137		
12.97		0.882172		
12.98		0.882207		
12.99		0.882242		
13		0.882277		
13.01		0.882312		
13.02		0.882347		
13.03		0.882382		
13.04		0.882417		
13.05		0.882452		
13.06		0.882487		
13.07		0.882522		
13.08		0.882557		
13.09		0.882592		
13.1		0.882628		
13.11		0.882663		
13.12		0.882698		
13.13		0.882733		
13.14		0.882768		
13.15		0.882803		
13.16		0.882838		
13.17		0.882873		
13.18		0.882908		
13.19		0.882943		
13.2		0.882979		
13.21		0.883014		
13.22		0.883049		
13.23		0.883084		
13.24		0.883119		
13.25		0.883154		
13.26		0.88319		
13.27		0.883225		
13.28		0.88326		
13.29		0.883295		
13.3		0.883331		
13.31		0.883366		
13.32		0.883401		
13.33		0.883436		
13.34		0.883472		
13.35		0.883507		
13.36		0.883542		
13.37		0.883577		
13.38		0.883613		
13.39		0.883648		
13.4		0.883683		
13.41		0.883719		
13.42		0.883754		
13.43		0.883789		
13.44		0.883825		
13.45		0.88386		
13.46		0.883895		
13.47		0.883931		
13.48		0.883966		
13.49		0.884001		
13.5		0.884037		
13.51		0.884072		
13.52		0.884108		
13.53		0.884143		
13.54		0.884178		
13.55		0.884214		
13.56		0.884249		
13.57		0.884285		
13.58		0.88432		
13.59		0.884356		
13.6		0.884391		
13.61		0.884427		
13.62		0.884462		
13.63		0.884498		
13.64		0.884533		
13.65		0.884569		
13.66		0.884604		
13.67		0.88464		
13.68		0.884675		
13.69		0.884711		
13.7		0.884746		
13.71		0.884782		
13.72		0.884817		
13.73		0.884853		
13.74		0.884888		
13.75		0.884924		
13.76		0.88496		
13.77		0.884995		
13.78		0.885031		
13.79		0.885067		
13.8		0.885102		
13.81		0.885138		
13.82		0.885173		
13.83		0.885209		
13.84		0.885245		
13.85		0.88528		
13.86		0.885316		
13.87		0.885352		
13.88		0.885388		
13.89		0.885423		
13.9		0.885459		
13.91		0.885495		
13.92		0.88553		
13.93		0.885566		
13.94		0.885602		
13.95		0.885638		
13.96		0.885673		
13.97		0.885709		
13.98		0.885745		
13.99		0.885781		
14		0.885817		
14.01		0.885852		
14.02		0.885888		
14.03		0.885924		
14.04		0.88596		
14.05		0.885996		
14.06		0.886032		
14.07		0.886068		
14.08		0.886103		
14.09		0.886139		
14.1		0.886175		
14.11		0.886211		
14.12		0.886247		
14.13		0.886283		
14.14		0.886319		
14.15		0.886355		
14.16		0.886391		
14.17		0.886427		
14.18		0.886463		
14.19		0.886499		
14.2		0.886535		
14.21		0.886571		
14.22		0.886607		
14.23		0.886643		
14.24		0.886679		
14.25		0.886715		
14.26		0.886751		
14.27		0.886787		
14.28		0.886823		
14.29		0.886859		
14.3		0.886895		
14.31		0.886931		
14.32		0.886967		
14.33		0.887003		
14.34		0.887039		
14.35		0.887075		
14.36		0.887112		
14.37		0.887148		
14.38		0.887184		
14.39		0.88722		
14.4		0.887256		
14.41		0.887292		
14.42		0.887328		
14.43		0.887365		
14.44		0.887401		
14.45		0.887437		
14.46		0.887473		
14.47		0.887509		
14.48		0.887546		
14.49		0.887582		
14.5		0.887618		
14.51		0.887654		
14.52		0.887691		
14.53		0.887727		
14.54		0.887763		
14.55		0.8878		
14.56		0.887836		
14.57		0.887872		
14.58		0.887908		
14.59		0.887945		
14.6		0.887981		
14.61		0.888017		
14.62		0.888054		
14.63		0.888093		
14.64		0.888135		
14.65		0.888179		
14.66		0.888225		
14.67		0.888273		
14.68		0.888324		
14.69		0.888377		
14.7		0.888432		
14.71		0.888489		
14.72		0.888548		
14.73		0.88861		
14.74		0.888673		
14.75		0.888738		
14.76		0.888804		
14.77		0.888873		
14.78		0.888943		
14.79		0.889015		
14.8		0.889088		
14.81		0.889163		
14.82		0.88924		
14.83		0.889318		
14.84		0.889397		
14.85		0.889477		
14.86		0.889559		
14.87		0.889642		
14.88		0.889726		
14.89		0.889811		
14.9		0.889897		
14.91		0.889984		
14.92		0.890072		
14.93		0.89016		
14.94		0.89025		
14.95		0.89034		
14.96		0.890431		
14.97		0.890523		
14.98		0.890615		
14.99		0.890708		
15		0.890801		
15.01		0.890895		
15.02		0.890989		
15.03		0.891084		
15.04		0.891179		
15.05		0.891274		
15.06		0.89137		
15.07		0.891466		
15.08		0.891562		
15.09		0.891658		
15.1		0.891755		
15.11		0.891851		
15.12		0.891948		
15.13		0.892045		
15.14		0.892142		
15.15		0.892239		
15.16		0.892336		
15.17		0.892433		
15.18		0.89253		
15.19		0.892627		
15.2		0.892724		
15.21		0.892821		
15.22		0.892918		
15.23		0.893014		
15.24		0.893111		
15.25		0.893207		
15.26		0.893303		
15.27		0.893399		
15.28		0.893495		
15.29		0.89359		
15.3		0.893686		
15.31		0.893781		
15.32		0.893875		
15.33		0.89397		
15.34		0.894064		
15.35		0.894158		
15.36		0.894252		
15.37		0.894345		
15.38		0.894438		
15.39		0.894531		
15.4		0.894624		
15.41		0.894716		
15.42		0.894808		
15.43		0.894899		
15.44		0.89499		
15.45		0.895081		
15.46		0.895171		
15.47		0.895261		
15.48		0.895351		
15.49		0.89544		
15.5		0.895529		
15.51		0.895617		
15.52		0.895705		
15.53		0.895793		
15.54		0.89588		
15.55		0.895966		
15.56		0.896053		
15.57		0.896139		
15.58		0.896224		
15.59		0.896309		
15.6		0.896394		
15.61		0.896478		
15.62		0.896562		
15.63		0.896645		
15.64		0.896728		
15.65		0.896811		
15.66		0.896893		
15.67		0.896974		
15.68		0.897055		
15.69		0.897136		
15.7		0.897216		
15.71		0.897296		
15.72		0.897375		
15.73		0.897454		
15.74		0.897532		
15.75		0.89761		
15.76		0.897688		
15.77		0.897765		
15.78		0.897841		
15.79		0.897917		
15.8		0.897993		
15.81		0.898068		
15.82		0.898143		
15.83		0.898217		
15.84		0.898291		
15.85		0.898364		
15.86		0.898437		
15.87		0.898509		
15.88		0.898581		
15.89		0.898653		
15.9		0.898724		
15.91		0.898794		
15.92		0.898865		
15.93		0.898934		
15.94		0.899003		
15.95		0.899072		
15.96		0.899141		
15.97		0.899208		
15.98		0.899276		
15.99		0.899343		
16		0.899409		
16.01		0.899475		
16.02		0.899541		
16.03		0.899606		
16.04		0.899671		
16.05		0.899735		
16.06		0.899799		
16.07		0.899863		
16.08		0.899926		
16.09		0.899988		
16.1		0.900051		
16.11		0.900112		
16.12		0.900174		
16.13		0.900235		
16.14		0.900295		
16.15		0.900355		
16.16		0.900415		
16.17		0.900474		
16.18		0.900533		
16.19		0.900591		
16.2		0.900649		
16.21		0.900707		
16.22		0.900764		
16.23		0.900821		
16.24		0.900877		
16.25		0.900933		
16.26		0.900989		
16.27		0.901044		
16.28		0.901099		
16.29		0.901154		
16.3		0.901208		
16.31		0.901261		
16.32		0.901315		
16.33		0.901368		
16.34		0.90142		
16.35		0.901473		
16.36		0.901524		
16.37		0.901576		
16.38		0.901627		
16.39		0.901678		
16.4		0.901729		
16.41		0.901779		
16.42		0.901828		
16.43		0.901878		
16.44		0.901927		
16.45		0.901976		
16.46		0.902024		
16.47		0.902072		
16.48		0.90212		
16.49		0.902168		
16.5		0.902215		
16.51		0.902262		
16.52		0.902308		
16.53		0.902354		
16.54		0.9024		
16.55		0.902446		
16.56		0.902491		
16.57		0.902536		
16.58		0.902581		
16.59		0.902625		
16.6		0.90267		
16.61		0.902713		
16.62		0.902757		
16.63		0.9028		
16.64		0.902843		
16.65		0.902886		
16.66		0.902929		
16.67		0.902971		
16.68		0.903013		
16.69		0.903055		
16.7		0.903096		
16.71		0.903137		
16.72		0.903178		
16.73		0.903219		
16.74		0.903259		
16.75		0.9033		
16.76		0.90334		
16.77		0.903379		
16.78		0.903419		
16.79		0.903458		
16.8		0.903497		
16.81		0.903536		
16.82		0.903575		
16.83		0.903613		
16.84		0.903652		
16.85		0.90369		
16.86		0.903727		
16.87		0.903765		
16.88		0.903803		
16.89		0.90384		
16.9		0.903877		
16.91		0.903914		
16.92		0.90395		
16.93		0.903987		
16.94		0.904023		
16.95		0.904059		
16.96		0.904095		
16.97		0.904131		
16.98		0.904166		
16.99		0.904202		
17		0.904237		
17.01		0.904272		
17.02		0.904307		
17.03		0.904342		
17.04		0.904377		
17.05		0.904411		
17.06		0.904445		
17.07		0.90448		
17.08		0.904514		
17.09		0.904547		
17.1		0.904581		
17.11		0.904615		
17.12		0.904648		
17.13		0.904682		
17.14		0.904715		
17.15		0.904748		
17.16		0.904781		
17.17		0.904814		
17.18		0.904846		
17.19		0.904879		
17.2		0.904912		
17.21		0.904944		
17.22		0.904976		
17.23		0.905008		
17.24		0.90504		
17.25		0.905072		
17.26		0.905104		
17.27		0.905136		
17.28		0.905167		
17.29		0.905199		
17.3		0.90523		
17.31		0.905262		
17.32		0.905293		
17.33		0.905324		
17.34		0.905355		
17.35		0.905386		
17.36		0.905417		
17.37		0.905448		
17.38		0.905478		
17.39		0.905509		
17.4		0.90554		
17.41		0.90557		
17.42		0.9056		
17.43		0.905631		
17.44		0.905661		
17.45		0.905691		
17.46		0.905721		
17.47		0.905751		
17.48		0.905781		
17.49		0.905811		
17.5		0.905841		
17.51		0.905871		
17.52		0.905901		
17.53		0.90593		
17.54		0.90596		
17.55		0.905989		
17.56		0.906019		
17.57		0.906048		
17.58		0.906078		
17.59		0.906107		
17.6		0.906136		
17.61		0.906165		
17.62		0.906194		
17.63		0.906224		
17.64		0.906253		
17.65		0.906282		
17.66		0.906311		
17.67		0.906339		
17.68		0.906368		
17.69		0.906397		
17.7		0.906426		
17.71		0.906455		
17.72		0.906483		
17.73		0.906512		
17.74		0.906541		
17.75		0.906569		
17.76		0.906598		
17.77		0.906626		
17.78		0.906655		
17.79		0.906683		
17.8		0.906712		
17.81		0.90674		
17.82		0.906768		
17.83		0.906797		
17.84		0.906825		
17.85		0.906853		
17.86		0.906881		
17.87		0.906909		
17.88		0.906938		
17.89		0.906966		
17.9		0.906994		
17.91		0.907022		
17.92		0.90705		
17.93		0.907078		
17.94		0.907106		
17.95		0.907134		
17.96		0.907162		
17.97		0.90719		
17.98		0.907218		
17.99		0.907245		
18		0.907273		
18.01		0.907301		
18.02		0.907329		
18.03		0.907357		
18.04		0.907384		
18.05		0.907412		
18.06		0.90744		
18.07		0.907467		
18.08		0.907495		
18.09		0.907523		
18.1		0.90755		
18.11		0.907578		
18.12		0.907605		
18.13		0.907633		
18.14		0.907661		
18.15		0.907688		
18.16		0.907716		
18.17		0.907743		
18.18		0.90777		
18.19		0.907798		
18.2		0.907825		
18.21		0.907853		
18.22		0.90788		
18.23		0.907907		
18.24		0.907935		
18.25		0.907962		
18.26		0.907989		
18.27		0.908017		
18.28		0.908044		
18.29		0.908071		
18.3		0.908099		
18.31		0.908126		
18.32		0.908153		
18.33		0.90818		
18.34		0.908207		
18.35		0.908235		
18.36		0.908262		
18.37		0.908289		
18.38		0.908316		
18.39		0.908343		
18.4		0.90837		
18.41		0.908397		
18.42		0.908424		
18.43		0.908451		
18.44		0.908478		
18.45		0.908505		
18.46		0.908532		
18.47		0.908559		
18.48		0.908586		
18.49		0.908613		
18.5		0.90864		
18.51		0.908667		
18.52		0.908694		
18.53		0.908721		
18.54		0.908748		
18.55		0.908775		
18.56		0.908802		
18.57		0.908829		
18.58		0.908855		
18.59		0.908882		
18.6		0.908909		
18.61		0.908936		
18.62		0.908963		
18.63		0.908989		
18.64		0.909016		
18.65		0.909043		
18.66		0.90907		
18.67		0.909096		
18.68		0.909123		
18.69		0.90915		
18.7		0.909176		
18.71		0.909203		
18.72		0.90923		
18.73		0.909256		
18.74		0.909283		
18.75		0.90931		
18.76		0.909336		
18.77		0.909363		
18.78		0.909389		
18.79		0.909416		
18.8		0.909442		
18.81		0.909469		
18.82		0.909495		
18.83		0.909522		
18.84		0.909548		
18.85		0.909575		
18.86		0.909601		
18.87		0.909628		
18.88		0.909654		
18.89		0.909681		
18.9		0.909707		
18.91		0.909733		
18.92		0.90976		
18.93		0.909786		
18.94		0.909812		
18.95		0.909839		
18.96		0.909865		
18.97		0.909891		
18.98		0.909918		
18.99		0.909944		
19		0.90997		
19.01		0.909996		
19.02		0.910023		
19.03		0.910049		
19.04		0.910075		
19.05		0.910101		
19.06		0.910127		
19.07		0.910154		
19.08		0.91018		
19.09		0.910206		
19.1		0.910232		
19.11		0.910258		
19.12		0.910284		
19.13		0.91031		
19.14		0.910336		
19.15		0.910362		
19.16		0.910388		
19.17		0.910414		
19.18		0.91044		
19.19		0.910466		
19.2		0.910492		
19.21		0.910518		
19.22		0.910544		
19.23		0.91057		
19.24		0.910596		
19.25		0.910622		
19.26		0.910648		
19.27		0.910674		
19.28		0.9107		
19.29		0.910725		
19.3		0.910751		
19.31		0.910777		
19.32		0.910803		
19.33		0.910829		
19.34		0.910855		
19.35		0.91088		
19.36		0.910906		
19.37		0.910932		
19.38		0.910957		
19.39		0.910983		
19.4		0.911009		
19.41		0.911035		
19.42		0.91106		
19.43		0.911086		
19.44		0.911111		
19.45		0.911137		
19.46		0.911163		
19.47		0.911188		
19.48		0.911214		
19.49		0.911239		
19.5		0.911265		
19.51		0.91129		
19.52		0.911316		
19.53		0.911341		
19.54		0.911367		
19.55		0.911392		
19.56		0.911418		
19.57		0.911443		
19.58		0.911469		
19.59		0.911494		
19.6		0.91152		
19.61		0.911545		
19.62		0.91157		
19.63		0.911596		
19.64		0.911621		
19.65		0.911646		
19.66		0.911672		
19.67		0.911697		
19.68		0.911722		
19.69		0.911747		
19.7		0.911773		
19.71		0.911798		
19.72		0.911823		
19.73		0.911848		
19.74		0.911874		
19.75		0.911899		
19.76		0.911924		
19.77		0.911949		
19.78		0.911974		
19.79		0.911999		
19.8		0.912024		
19.81		0.912049		
19.82		0.912075		
19.83		0.9121		
19.84		0.912125		
19.85		0.91215		
19.86		0.912175		
19.87		0.9122		
19.88		0.912225		
19.89		0.91225		
19.9		0.912275		
19.91		0.9123		
19.92		0.912324		
19.93		0.912349		
19.94		0.912374		
19.95		0.912399		
19.96		0.912424		
19.97		0.912449		
19.98		0.912474		
19.99		0.912499		
20		0.912523		
20.01		0.912548		
20.02		0.912573		
20.03		0.912598		
20.04		0.912622		
20.05		0.912647		
20.06		0.912672		
20.07		0.912697		
20.08		0.912721		
20.09		0.912746		
20.1		0.912771		
20.11		0.912795		
20.12		0.91282		
20.13		0.912845		
20.14		0.912869		
20.15		0.912894		
20.16		0.912918		
20.17		0.912943		
20.18		0.912967		
20.19		0.912992		
20.2		0.913016		
20.21		0.913041		
20.22		0.913065		
20.23		0.91309		
20.24		0.913114		
20.25		0.913139		
20.26		0.913163		
20.27		0.913188		
20.28		0.913212		
20.29		0.913236		
20.3		0.913261		
20.31		0.913285		
20.32		0.91331		
20.33		0.913334		
20.34		0.913358		
20.35		0.913383		
20.36		0.913407		
20.37		0.913431		
20.38		0.913455		
20.39		0.91348		
20.4		0.913504		
20.41		0.913528		
20.42		0.913552		
20.43		0.913576		
20.44		0.913601		
20.45		0.913625		
20.46		0.913649		
20.47		0.913673		
20.48		0.913697		
20.49		0.913721		
20.5		0.913745		
20.51		0.913769		
20.52		0.913793		
20.53		0.913817		
20.54		0.913842		
20.55		0.913866		
20.56		0.91389		
20.57		0.913914		
20.58		0.913937		
20.59		0.913961		
20.6		0.913985		
20.61		0.914009		
20.62		0.914033		
20.63		0.914057		
20.64		0.914081		
20.65		0.914105		
20.66		0.914129		
20.67		0.914153		
20.68		0.914176		
20.69		0.9142		
20.7		0.914224		
20.71		0.914248		
20.72		0.914272		
20.73		0.914295		
20.74		0.914319		
20.75		0.914343		
20.76		0.914367		
20.77		0.91439		
20.78		0.914414		
20.79		0.914438		
20.8		0.914461		
20.81		0.914485		
20.82		0.914509		
20.83		0.914532		
20.84		0.914556		
20.85		0.914579		
20.86		0.914603		
20.87		0.914627		
20.88		0.91465		
20.89		0.914674		
20.9		0.914697		
20.91		0.914721		
20.92		0.914744		
20.93		0.914768		
20.94		0.914791		
20.95		0.914815		
20.96		0.914838		
20.97		0.914862		
20.98		0.914885		
20.99		0.914908		
21		0.914932		
21.01		0.914955		
21.02		0.914979		
21.03		0.915002		
21.04		0.915025		
21.05		0.915049		
21.06		0.915072		
21.07		0.915095		
21.08		0.915118		
21.09		0.915142		
21.1		0.915165		
21.11		0.915188		
21.12		0.915211		
21.13		0.915235		
21.14		0.915258		
21.15		0.915281		
21.16		0.915304		
21.17		0.915327		
21.18		0.915351		
21.19		0.915374		
21.2		0.915397		
21.21		0.91542		
21.22		0.915443		
21.23		0.915466		
21.24		0.915489		
21.25		0.915512		
21.26		0.915535		
21.27		0.915558		
21.28		0.915581		
21.29		0.915604		
21.3		0.915627		
21.31		0.91565		
21.32		0.915673		
21.33		0.915696		
21.34		0.915719		
21.35		0.915742		
21.36		0.915765		
21.37		0.915788		
21.38		0.915811		
21.39		0.915834		
21.4		0.915857		
21.41		0.915879		
21.42		0.915902		
21.43		0.915925		
21.44		0.915948		
21.45		0.915971		
21.46		0.915994		
21.47		0.916016		
21.48		0.916039		
21.49		0.916062		
21.5		0.916085		
21.51		0.916107		
21.52		0.91613		
21.53		0.916153		
21.54		0.916175		
21.55		0.916198		
21.56		0.916221		
21.57		0.916243		
21.58		0.916266		
21.59		0.916289		
21.6		0.916311		
21.61		0.916334		
21.62		0.916356		
21.63		0.916379		
21.64		0.916402		
21.65		0.916424		
21.66		0.916447		
21.67		0.916469		
21.68		0.916492		
21.69		0.916514		
21.7		0.916537		
21.71		0.916559		
21.72		0.916582		
21.73		0.916604		
21.74		0.916626		
21.75		0.916649		
21.76		0.916671		
21.77		0.916694		
21.78		0.916716		
21.79		0.916738		
21.8		0.916761		
21.81		0.916783		
21.82		0.916805		
21.83		0.916828		
21.84		0.91685		
21.85		0.916872		
21.86		0.916895		
21.87		0.916917		
21.88		0.916939		
21.89		0.916961		
21.9		0.916984		
21.91		0.917006		
21.92		0.917028		
21.93		0.91705		
21.94		0.917073		
21.95		0.917095		
21.96		0.917117		
21.97		0.917139		
21.98		0.917161		
21.99		0.917183		
22		0.917205		
22.01		0.917227		
22.02		0.91725		
22.03		0.917272		
22.04		0.917294		
22.05		0.917316		
22.06		0.917338		
22.07		0.91736		
22.08		0.917382		
22.09		0.917404		
22.1		0.917426		
22.11		0.917448		
22.12		0.91747		
22.13		0.917492		
22.14		0.917514		
22.15		0.917536		
22.16		0.917558		
22.17		0.91758		
22.18		0.917601		
22.19		0.917623		
22.2		0.917645		
22.21		0.917667		
22.22		0.917689		
22.23		0.917711		
22.24		0.917733		
22.25		0.917754		
22.26		0.917776		
22.27		0.917798		
22.28		0.91782		
22.29		0.917842		
22.3		0.917863		
22.31		0.917885		
22.32		0.917907		
22.33		0.917929		
22.34		0.91795		
22.35		0.917972		
22.36		0.917994		
22.37		0.918015		
22.38		0.918037		
22.39		0.918059		
22.4		0.91808		
22.41		0.918102		
22.42		0.918124		
22.43		0.918145		
22.44		0.918167		
22.45		0.918188		
22.46		0.91821		
22.47		0.918231		
22.48		0.918253		
22.49		0.918275		
22.5		0.918296		
22.51		0.918318		
22.52		0.918339		
22.53		0.918361		
22.54		0.918382		
22.55		0.918404		
22.56		0.918425		
22.57		0.918447		
22.58		0.918468		
22.59		0.918489		
22.6		0.918511		
22.61		0.918532		
22.62		0.918554		
22.63		0.918575		
22.64		0.918596		
22.65		0.918618		
22.66		0.918639		
22.67		0.91866		
22.68		0.918682		
22.69		0.918703		
22.7		0.918724		
22.71		0.918746		
22.72		0.918767		
22.73		0.918788		
22.74		0.918809		
22.75		0.918831		
22.76		0.918852		
22.77		0.918873		
22.78		0.918894		
22.79		0.918916		
22.8		0.918937		
22.81		0.918958		
22.82		0.918979		
22.83		0.919		
22.84		0.919021		
22.85		0.919043		
22.86		0.919064		
22.87		0.919085		
22.88		0.919106		
22.89		0.919127		
22.9		0.919148		
22.91		0.919169		
22.92		0.91919		
22.93		0.919211		
22.94		0.919232		
22.95		0.919253		
22.96		0.919274		
22.97		0.919295		
22.98		0.919316		
22.99		0.919337		
23		0.919358		
23.01		0.919379		
23.02		0.9194		
23.03		0.919421		
23.04		0.919442		
23.05		0.919463		
23.06		0.919484		
23.07		0.919505		
23.08		0.919526		
23.09		0.919547		
23.1		0.919568		
23.11		0.919589		
23.12		0.919609		
23.13		0.91963		
23.14		0.919651		
23.15		0.919672		
23.16		0.919693		
23.17		0.919713		
23.18		0.919734		
23.19		0.919755		
23.2		0.919776		
23.21		0.919797		
23.22		0.919817		
23.23		0.919838		
23.24		0.919859		
23.25		0.919879		
23.26		0.9199		
23.27		0.919921		
23.28		0.919942		
23.29		0.919962		
23.3		0.919983		
23.31		0.920004		
23.32		0.920024		
23.33		0.920045		
23.34		0.920065		
23.35		0.920086		
23.36		0.920107		
23.37		0.920127		
23.38		0.920148		
23.39		0.920168		
23.4		0.920189		
23.41		0.920209		
23.42		0.92023		
23.43		0.920251		
23.44		0.920271		
23.45		0.920292		
23.46		0.920312		
23.47		0.920333		
23.48		0.920353		
23.49		0.920373		
23.5		0.920394		
23.51		0.920414		
23.52		0.920435		
23.53		0.920455		
23.54		0.920476		
23.55		0.920496		
23.56		0.920516		
23.57		0.920537		
23.58		0.920557		
23.59		0.920578		
23.6		0.920598		
23.61		0.920618		
23.62		0.920639		
23.63		0.920659		
23.64		0.920679		
23.65		0.9207		
23.66		0.92072		
23.67		0.92074		
23.68		0.92076		
23.69		0.920781		
23.7		0.920801		
23.71		0.920821		
23.72		0.920841		
23.73		0.920862		
23.74		0.920882		
23.75		0.920902		
23.76		0.920922		
23.77		0.920942		
23.78		0.920963		
23.79		0.920983		
23.8		0.921003		
23.81		0.921023		
23.82		0.921043		
23.83		0.921063		
23.84		0.921083		
23.85		0.921104		
23.86		0.921124		
23.87		0.921144		
23.88		0.921164		
23.89		0.921184		
23.9		0.921204		
23.91		0.921224		
23.92		0.921244		
23.93		0.921264		
23.94		0.921284		
23.95		0.921304		
23.96		0.921324		
23.97		0.921344		
23.98		0.921364		
23.99		0.921384		
24		0.921404		
24.01		0.921424		
24.02		0.921444		
24.03		0.921464		
24.04		0.921484		
24.05		0.921504		
24.06		0.921523		
24.07		0.921543		
24.08		0.921563		
24.09		0.921583		
24.1		0.921603		
24.11		0.921623		
24.12		0.921643		
24.13		0.921663		
24.14		0.921682		
24.15		0.921702		
24.16		0.921722		
24.17		0.921742		
24.18		0.921762		
24.19		0.921781		
24.2		0.921801		
24.21		0.921821		
24.22		0.921841		
24.23		0.92186		
24.24		0.92188		
24.25		0.9219		
24.26		0.921919		
24.27		0.921939		
24.28		0.921959		
24.29		0.921979		
24.3		0.921998		
24.31		0.922018		
24.32		0.922038		
24.33		0.922057		
24.34		0.922077		
24.35		0.922096		
24.36		0.922116		
24.37		0.922136		
24.38		0.922155		
24.39		0.922175		
24.4		0.922194		
24.41		0.922214		
24.42		0.922234		
24.43		0.922253		
24.44		0.922273		
24.45		0.922292		
24.46		0.922312		
24.47		0.922331		
24.48		0.922351		
24.49		0.92237		
24.5		0.92239		
24.51		0.922409		
24.52		0.922429		
24.53		0.922448		
24.54		0.922468		
24.55		0.922487		
24.56		0.922506		
24.57		0.922526		
24.58		0.922545		
24.59		0.922565		
24.6		0.922584		
24.61		0.922603		
24.62		0.922623		
24.63		0.922642		
24.64		0.922662		
24.65		0.922681		
24.66		0.9227		
24.67		0.92272		
24.68		0.922739		
24.69		0.922758		
24.7		0.922778		
24.71		0.922797		
24.72		0.922816		
24.73		0.922835		
24.74		0.922855		
24.75		0.922874		
24.76		0.922893		
24.77		0.922912		
24.78		0.922932		
24.79		0.922951		
24.8		0.92297		
24.81		0.922989		
24.82		0.923008		
24.83		0.923028		
24.84		0.923047		
24.85		0.923066		
24.86		0.923085		
24.87		0.923104		
24.88		0.923123		
24.89		0.923143		
24.9		0.923162		
24.91		0.923181		
24.92		0.9232		
24.93		0.923219		
24.94		0.923238		
24.95		0.923257		
24.96		0.923276		
24.97		0.923295		
24.98		0.923314		
24.99		0.923333		
25		0.923352		
