tau [fm]		PL/PT
0.25		0.01
0.26		0.00880237		
0.27		0.00792056		
0.28		0.00732162		
0.29		0.00697774		
0.3		0.00686528		
0.31		0.00696405		
0.32		0.00725664		
0.33		0.00772798		
0.34		0.00836489		
0.35		0.00915581		
0.36		0.0100905		
0.37		0.0111598		
0.38		0.0123556		
0.39		0.0136704		
0.4		0.0150974		
0.41		0.0166306		
0.42		0.0182641		
0.43		0.0199927		
0.44		0.0218113		
0.45		0.0237154		
0.46		0.0257006		
0.47		0.0277626		
0.48		0.0298975		
0.49		0.0321015		
0.5		0.0343711		
0.51		0.0367026		
0.52		0.0390928		
0.53		0.0415384		
0.54		0.0440363		
0.55		0.0465836		
0.56		0.0491772		
0.57		0.0518146		
0.58		0.0544929		
0.59		0.0572095		
0.6		0.0599619		
0.61		0.0627478		
0.62		0.0655648		
0.63		0.0684106		
0.64		0.0712831		
0.65		0.0741803		
0.66		0.0771001		
0.67		0.0800406		
0.68		0.083		
0.69		0.0859766		
0.7		0.0889687		
0.71		0.0919747		
0.72		0.0949931		
0.73		0.0980225		
0.74		0.101061		
0.75		0.104109		
0.76		0.107163		
0.77		0.110223		
0.78		0.113288		
0.79		0.116357		
0.8		0.119428		
0.81		0.122501		
0.82		0.125575		
0.83		0.128649		
0.84		0.131723		
0.85		0.134795		
0.86		0.137865		
0.87		0.140932		
0.88		0.143996		
0.89		0.147056		
0.9		0.150112		
0.91		0.153163		
0.92		0.156208		
0.93		0.159248		
0.94		0.162281		
0.95		0.165308		
0.96		0.168328		
0.97		0.171341		
0.98		0.174346		
0.99		0.177344		
1		0.180333		
1.01		0.183314		
1.02		0.186287		
1.03		0.189251		
1.04		0.192206		
1.05		0.195152		
1.06		0.198089		
1.07		0.201017		
1.08		0.203935		
1.09		0.206843		
1.1		0.209742		
1.11		0.212631		
1.12		0.21551		
1.13		0.218379		
1.14		0.221238		
1.15		0.224087		
1.16		0.226926		
1.17		0.229754		
1.18		0.232572		
1.19		0.235379		
1.2		0.238176		
1.21		0.240963		
1.22		0.243739		
1.23		0.246505		
1.24		0.24926		
1.25		0.252004		
1.26		0.254738		
1.27		0.257461		
1.28		0.260173		
1.29		0.262875		
1.3		0.265566		
1.31		0.268246		
1.32		0.270916		
1.33		0.273575		
1.34		0.276223		
1.35		0.27886		
1.36		0.281487		
1.37		0.284103		
1.38		0.286708		
1.39		0.289302		
1.4		0.291885		
1.41		0.294458		
1.42		0.29702		
1.43		0.299572		
1.44		0.302112		
1.45		0.304642		
1.46		0.307161		
1.47		0.30967		
1.48		0.312167		
1.49		0.314654		
1.5		0.317131		
1.51		0.319597		
1.52		0.322052		
1.53		0.324496		
1.54		0.32693		
1.55		0.329353		
1.56		0.331766		
1.57		0.334168		
1.58		0.336559		
1.59		0.33894		
1.6		0.34131		
1.61		0.34367		
1.62		0.34602		
1.63		0.348359		
1.64		0.350687		
1.65		0.353005		
1.66		0.355313		
1.67		0.35761		
1.68		0.359897		
1.69		0.362174		
1.7		0.36444		
1.71		0.366696		
1.72		0.368942		
1.73		0.371178		
1.74		0.373403		
1.75		0.375618		
1.76		0.377823		
1.77		0.380018		
1.78		0.382203		
1.79		0.384377		
1.8		0.386542		
1.81		0.388696		
1.82		0.390841		
1.83		0.392976		
1.84		0.3951		
1.85		0.397215		
1.86		0.39932		
1.87		0.401415		
1.88		0.4035		
1.89		0.405575		
1.9		0.407641		
1.91		0.409697		
1.92		0.411743		
1.93		0.41378		
1.94		0.415807		
1.95		0.417824		
1.96		0.419832		
1.97		0.42183		
1.98		0.423818		
1.99		0.425797		
2		0.427767		
2.01		0.429727		
2.02		0.431678		
2.03		0.43362		
2.04		0.435552		
2.05		0.437475		
2.06		0.439389		
2.07		0.441293		
2.08		0.443189		
2.09		0.445075		
2.1		0.446952		
2.11		0.44882		
2.12		0.450679		
2.13		0.452529		
2.14		0.45437		
2.15		0.456202		
2.16		0.458025		
2.17		0.459839		
2.18		0.461645		
2.19		0.463441		
2.2		0.465229		
2.21		0.467008		
2.22		0.468779		
2.23		0.47054		
2.24		0.472293		
2.25		0.474038		
2.26		0.475774		
2.27		0.477501		
2.28		0.479221		
2.29		0.480931		
2.3		0.482633		
2.31		0.484327		
2.32		0.486012		
2.33		0.48769		
2.34		0.489359		
2.35		0.491019		
2.36		0.492672		
2.37		0.494316		
2.38		0.495952		
2.39		0.49758		
2.4		0.4992		
2.41		0.500812		
2.42		0.502417		
2.43		0.504013		
2.44		0.505601		
2.45		0.507181		
2.46		0.508754		
2.47		0.510319		
2.48		0.511876		
2.49		0.513425		
2.5		0.514967		
2.51		0.5165		
2.52		0.518027		
2.53		0.519546		
2.54		0.521057		
2.55		0.522561		
2.56		0.524057		
2.57		0.525546		
2.58		0.527027		
2.59		0.528501		
2.6		0.529968		
2.61		0.531427		
2.62		0.532879		
2.63		0.534324		
2.64		0.535762		
2.65		0.537193		
2.66		0.538616		
2.67		0.540033		
2.68		0.541442		
2.69		0.542845		
2.7		0.54424		
2.71		0.545629		
2.72		0.54701		
2.73		0.548385		
2.74		0.549753		
2.75		0.551114		
2.76		0.552468		
2.77		0.553816		
2.78		0.555157		
2.79		0.556491		
2.8		0.557819		
2.81		0.55914		
2.82		0.560454		
2.83		0.561762		
2.84		0.563064		
2.85		0.564359		
2.86		0.565647		
2.87		0.566929		
2.88		0.568205		
2.89		0.569475		
2.9		0.570738		
2.91		0.571995		
2.92		0.573246		
2.93		0.57449		
2.94		0.575729		
2.95		0.576961		
2.96		0.578187		
2.97		0.579407		
2.98		0.580621		
2.99		0.581829		
3		0.583032		
3.01		0.584228		
3.02		0.585418		
3.03		0.586603		
3.04		0.587781		
3.05		0.588954		
3.06		0.590121		
3.07		0.591282		
3.08		0.592438		
3.09		0.593588		
3.1		0.594732		
3.11		0.595871		
3.12		0.597004		
3.13		0.598131		
3.14		0.599253		
3.15		0.60037		
3.16		0.601481		
3.17		0.602587		
3.18		0.603687		
3.19		0.604782		
3.2		0.605871		
3.21		0.606955		
3.22		0.608034		
3.23		0.609108		
3.24		0.610176		
3.25		0.611239		
3.26		0.612297		
3.27		0.61335		
3.28		0.614398		
3.29		0.615441		
3.3		0.616478		
3.31		0.617511		
3.32		0.618538		
3.33		0.619561		
3.34		0.620579		
3.35		0.621592		
3.36		0.622599		
3.37		0.623602		
3.38		0.624601		
3.39		0.625594		
3.4		0.626583		
3.41		0.627567		
3.42		0.628546		
3.43		0.62952		
3.44		0.63049		
3.45		0.631455		
3.46		0.632416		
3.47		0.633371		
3.48		0.634323		
3.49		0.63527		
3.5		0.636212		
3.51		0.63715		
3.52		0.638083		
3.53		0.639012		
3.54		0.639937		
3.55		0.640857		
3.56		0.641772		
3.57		0.642684		
3.58		0.643591		
3.59		0.644494		
3.6		0.645392		
3.61		0.646287		
3.62		0.647177		
3.63		0.648063		
3.64		0.648944		
3.65		0.649822		
3.66		0.650695		
3.67		0.651565		
3.68		0.65243		
3.69		0.653291		
3.7		0.654149		
3.71		0.655002		
3.72		0.655851		
3.73		0.656696		
3.74		0.657538		
3.75		0.658375		
3.76		0.659209		
3.77		0.660039		
3.78		0.660864		
3.79		0.661686		
3.8		0.662505		
3.81		0.663319		
3.82		0.66413		
3.83		0.664937		
3.84		0.66574		
3.85		0.66654		
3.86		0.667335		
3.87		0.668128		
3.88		0.668916		
3.89		0.669701		
3.9		0.670483		
3.91		0.671261		
3.92		0.672035		
3.93		0.672806		
3.94		0.673573		
3.95		0.674337		
3.96		0.675097		
3.97		0.675854		
3.98		0.676607		
3.99		0.677357		
4		0.678104		
4.01		0.678847		
4.02		0.679587		
4.03		0.680324		
4.04		0.681057		
4.05		0.681787		
4.06		0.682514		
4.07		0.683238		
4.08		0.683958		
4.09		0.684675		
4.1		0.685389		
4.11		0.686099		
4.12		0.686807		
4.13		0.687511		
4.14		0.688213		
4.15		0.688911		
4.16		0.689606		
4.17		0.690298		
4.18		0.690987		
4.19		0.691673		
4.2		0.692355		
4.21		0.693035		
4.22		0.693712		
4.23		0.694386		
4.24		0.695057		
4.25		0.695725		
4.26		0.69639		
4.27		0.697053		
4.28		0.697712		
4.29		0.698368		
4.3		0.699022		
4.31		0.699673		
4.32		0.700321		
4.33		0.700966		
4.34		0.701608		
4.35		0.702248		
4.36		0.702885		
4.37		0.703519		
4.38		0.70415		
4.39		0.704779		
4.4		0.705405		
4.41		0.706028		
4.42		0.706649		
4.43		0.707267		
4.44		0.707883		
4.45		0.708495		
4.46		0.709105		
4.47		0.709713		
4.48		0.710318		
4.49		0.710921		
4.5		0.71152		
4.51		0.712118		
4.52		0.712713		
4.53		0.713305		
4.54		0.713895		
4.55		0.714482		
4.56		0.715067		
4.57		0.71565		
4.58		0.71623		
4.59		0.716808		
4.6		0.717383		
4.61		0.717956		
4.62		0.718526		
4.63		0.719094		
4.64		0.71966		
4.65		0.720224		
4.66		0.720785		
4.67		0.721344		
4.68		0.7219		
4.69		0.722454		
4.7		0.723006		
4.71		0.723556		
4.72		0.724103		
4.73		0.724649		
4.74		0.725192		
4.75		0.725732		
4.76		0.726271		
4.77		0.726807		
4.78		0.727342		
4.79		0.727874		
4.8		0.728403		
4.81		0.728931		
4.82		0.729457		
4.83		0.72998		
4.84		0.730502		
4.85		0.731021		
4.86		0.731538		
4.87		0.732054		
4.88		0.732567		
4.89		0.733078		
4.9		0.733587		
4.91		0.734094		
4.92		0.734599		
4.93		0.735102		
4.94		0.735603		
4.95		0.736102		
4.96		0.736599		
4.97		0.737094		
4.98		0.737588		
4.99		0.738079		
5		0.738568		
5.01		0.739055		
5.02		0.739541		
5.03		0.740025		
5.04		0.740506		
5.05		0.740986		
5.06		0.741464		
5.07		0.74194		
5.08		0.742415		
5.09		0.742887		
5.1		0.743358		
5.11		0.743826		
5.12		0.744293		
5.13		0.744759		
5.14		0.745222		
5.15		0.745684		
5.16		0.746144		
5.17		0.746602		
5.18		0.747058		
5.19		0.747513		
5.2		0.747966		
5.21		0.748417		
5.22		0.748866		
5.23		0.749314		
5.24		0.74976		
5.25		0.750205		
5.26		0.750648		
5.27		0.751089		
5.28		0.751528		
5.29		0.751966		
5.3		0.752402		
5.31		0.752836		
5.32		0.753269		
5.33		0.753701		
5.34		0.75413		
5.35		0.754558		
5.36		0.754985		
5.37		0.75541		
5.38		0.755833		
5.39		0.756255		
5.4		0.756675		
5.41		0.757094		
5.42		0.757511		
5.43		0.757927		
5.44		0.758341		
5.45		0.758753		
5.46		0.759164		
5.47		0.759574		
5.48		0.759982		
5.49		0.760388		
5.5		0.760794		
5.51		0.761197		
5.52		0.761599		
5.53		0.762		
5.54		0.762399		
5.55		0.762797		
5.56		0.763194		
5.57		0.763589		
5.58		0.763982		
5.59		0.764374		
5.6		0.764765		
5.61		0.765155		
5.62		0.765543		
5.63		0.765929		
5.64		0.766314		
5.65		0.766698		
5.66		0.767081		
5.67		0.767462		
5.68		0.767842		
5.69		0.76822		
5.7		0.768597		
5.71		0.768973		
5.72		0.769348		
5.73		0.769721		
5.74		0.770093		
5.75		0.770463		
5.76		0.770833		
5.77		0.771201		
5.78		0.771567		
5.79		0.771933		
5.8		0.772297		
5.81		0.77266		
5.82		0.773021		
5.83		0.773382		
5.84		0.773741		
5.85		0.774099		
5.86		0.774456		
5.87		0.774811		
5.88		0.775166		
5.89		0.775519		
5.9		0.77587		
5.91		0.776221		
5.92		0.776571		
5.93		0.776919		
5.94		0.777266		
5.95		0.777612		
5.96		0.777957		
5.97		0.7783		
5.98		0.778643		
5.99		0.778984		
6		0.779324		
6.01		0.779663		
6.02		0.780001		
6.03		0.780338		
6.04		0.780673		
6.05		0.781008		
6.06		0.781341		
6.07		0.781673		
6.08		0.782005		
6.09		0.782335		
6.1		0.782664		
6.11		0.782991		
6.12		0.783318		
6.13		0.783644		
6.14		0.783969		
6.15		0.784292		
6.16		0.784615		
6.17		0.784936		
6.18		0.785257		
6.19		0.785576		
6.2		0.785894		
6.21		0.786212		
6.22		0.786528		
6.23		0.786843		
6.24		0.787157		
6.25		0.787471		
6.26		0.787783		
6.27		0.788094		
6.28		0.788404		
6.29		0.788713		
6.3		0.789021		
6.31		0.789329		
6.32		0.789635		
6.33		0.78994		
6.34		0.790244		
6.35		0.790548		
6.36		0.79085		
6.37		0.791151		
6.38		0.791452		
6.39		0.791751		
6.4		0.79205		
6.41		0.792347		
6.42		0.792644		
6.43		0.79294		
6.44		0.793234		
6.45		0.793528		
6.46		0.793821		
6.47		0.794113		
6.48		0.794404		
6.49		0.794694		
6.5		0.794984		
6.51		0.795272		
6.52		0.795559		
6.53		0.795846		
6.54		0.796132		
6.55		0.796416		
6.56		0.7967		
6.57		0.796983		
6.58		0.797266		
6.59		0.797547		
6.6		0.797827		
6.61		0.798107		
6.62		0.798386		
6.63		0.798663		
6.64		0.79894		
6.65		0.799217		
6.66		0.799492		
6.67		0.799766		
6.68		0.80004		
6.69		0.800313		
6.7		0.800585		
6.71		0.800856		
6.72		0.801127		
6.73		0.801396		
6.74		0.801665		
6.75		0.801933		
6.76		0.8022		
6.77		0.802466		
6.78		0.802732		
6.79		0.802996		
6.8		0.80326		
6.81		0.803524		
6.82		0.803786		
6.83		0.804048		
6.84		0.804308		
6.85		0.804568		
6.86		0.804828		
6.87		0.805086		
6.88		0.805344		
6.89		0.805601		
6.9		0.805857		
6.91		0.806113		
6.92		0.806367		
6.93		0.806621		
6.94		0.806875		
6.95		0.807127		
6.96		0.807379		
6.97		0.80763		
6.98		0.80788		
6.99		0.80813		
7		0.808379		
7.01		0.808627		
7.02		0.808874		
7.03		0.809121		
7.04		0.809367		
7.05		0.809612		
7.06		0.809857		
7.07		0.8101		
7.08		0.810344		
7.09		0.810586		
7.1		0.810828		
7.11		0.811069		
7.12		0.811309		
7.13		0.811549		
7.14		0.811788		
7.15		0.812026		
7.16		0.812264		
7.17		0.812501		
7.18		0.812737		
7.19		0.812973		
7.2		0.813208		
7.21		0.813442		
7.22		0.813676		
7.23		0.813909		
7.24		0.814141		
7.25		0.814373		
7.26		0.814604		
7.27		0.814835		
7.28		0.815064		
7.29		0.815293		
7.3		0.815522		
7.31		0.81575		
7.32		0.815977		
7.33		0.816204		
7.34		0.81643		
7.35		0.816655		
7.36		0.81688		
7.37		0.817104		
7.38		0.817327		
7.39		0.81755		
7.4		0.817772		
7.41		0.817994		
7.42		0.818215		
7.43		0.818435		
7.44		0.818655		
7.45		0.818874		
7.46		0.819093		
7.47		0.819311		
7.48		0.819529		
7.49		0.819745		
7.5		0.819962		
7.51		0.820177		
7.52		0.820392		
7.53		0.820607		
7.54		0.820821		
7.55		0.821034		
7.56		0.821247		
7.57		0.821459		
7.58		0.821671		
7.59		0.821882		
7.6		0.822093		
7.61		0.822303		
7.62		0.822512		
7.63		0.822721		
7.64		0.822929		
7.65		0.823137		
7.66		0.823344		
7.67		0.823551		
7.68		0.823757		
7.69		0.823962		
7.7		0.824167		
7.71		0.824372		
7.72		0.824576		
7.73		0.824779		
7.74		0.824982		
7.75		0.825184		
7.76		0.825386		
7.77		0.825587		
7.78		0.825788		
7.79		0.825988		
7.8		0.826188		
7.81		0.826387		
7.82		0.826586		
7.83		0.826784		
7.84		0.826981		
7.85		0.827178		
7.86		0.827375		
7.87		0.827571		
7.88		0.827767		
7.89		0.827962		
7.9		0.828156		
7.91		0.82835		
7.92		0.828544		
7.93		0.828737		
7.94		0.82893		
7.95		0.829122		
7.96		0.829313		
7.97		0.829504		
7.98		0.829695		
7.99		0.829885		
8		0.830075		
8.01		0.830264		
8.02		0.830453		
8.03		0.830641		
8.04		0.830829		
8.05		0.831016		
8.06		0.831203		
8.07		0.831389		
8.08		0.831575		
8.09		0.83176		
8.1		0.831945		
8.11		0.83213		
8.12		0.832314		
8.13		0.832497		
8.14		0.83268		
8.15		0.832863		
8.16		0.833045		
8.17		0.833227		
8.18		0.833408		
8.19		0.833589		
8.2		0.83377		
8.21		0.833949		
8.22		0.834129		
8.23		0.834308		
8.24		0.834487		
8.25		0.834665		
8.26		0.834842		
8.27		0.83502		
8.28		0.835197		
8.29		0.835373		
8.3		0.835549		
8.31		0.835725		
8.32		0.8359		
8.33		0.836074		
8.34		0.836249		
8.35		0.836423		
8.36		0.836596		
8.37		0.836769		
8.38		0.836942		
8.39		0.837114		
8.4		0.837285		
8.41		0.837457		
8.42		0.837628		
8.43		0.837798		
8.44		0.837968		
8.45		0.838138		
8.46		0.838307		
8.47		0.838476		
8.48		0.838645		
8.49		0.838813		
8.5		0.83898		
8.51		0.839148		
8.52		0.839315		
8.53		0.839481		
8.54		0.839647		
8.55		0.839813		
8.56		0.839978		
8.57		0.840143		
8.58		0.840308		
8.59		0.840472		
8.6		0.840635		
8.61		0.840799		
8.62		0.840962		
8.63		0.841124		
8.64		0.841287		
8.65		0.841448		
8.66		0.84161		
8.67		0.841771		
8.68		0.841932		
8.69		0.842092		
8.7		0.842252		
8.71		0.842411		
8.72		0.842571		
8.73		0.842729		
8.74		0.842888		
8.75		0.843046		
8.76		0.843204		
8.77		0.843361		
8.78		0.843518		
8.79		0.843675		
8.8		0.843831		
8.81		0.843987		
8.82		0.844142		
8.83		0.844298		
8.84		0.844452		
8.85		0.844607		
8.86		0.844761		
8.87		0.844915		
8.88		0.845068		
8.89		0.845221		
8.9		0.845374		
8.91		0.845526		
8.92		0.845678		
8.93		0.84583		
8.94		0.845981		
8.95		0.846132		
8.96		0.846283		
8.97		0.846433		
8.98		0.846583		
8.99		0.846733		
9		0.846882		
9.01		0.847031		
9.02		0.84718		
9.03		0.847328		
9.04		0.847476		
9.05		0.847624		
9.06		0.847771		
9.07		0.847918		
9.08		0.848065		
9.09		0.848211		
9.1		0.848357		
9.11		0.848503		
9.12		0.848648		
9.13		0.848793		
9.14		0.848938		
9.15		0.849082		
9.16		0.849226		
9.17		0.84937		
9.18		0.849513		
9.19		0.849656		
9.2		0.849799		
9.21		0.849942		
9.22		0.850084		
9.23		0.850226		
9.24		0.850367		
9.25		0.850508		
9.26		0.850649		
9.27		0.85079		
9.28		0.85093		
9.29		0.85107		
9.3		0.85121		
9.31		0.851349		
9.32		0.851488		
9.33		0.851627		
9.34		0.851766		
9.35		0.851904		
9.36		0.852042		
9.37		0.852179		
9.38		0.852317		
9.39		0.852454		
9.4		0.85259		
9.41		0.852727		
9.42		0.852863		
9.43		0.852999		
9.44		0.853134		
9.45		0.853269		
9.46		0.853404		
9.47		0.853539		
9.48		0.853673		
9.49		0.853808		
9.5		0.853941		
9.51		0.854075		
9.52		0.854208		
9.53		0.854341		
9.54		0.854474		
9.55		0.854606		
9.56		0.854738		
9.57		0.85487		
9.58		0.855002		
9.59		0.855133		
9.6		0.855264		
9.61		0.855394		
9.62		0.855525		
9.63		0.855655		
9.64		0.855785		
9.65		0.855915		
9.66		0.856044		
9.67		0.856173		
9.68		0.856302		
9.69		0.85643		
9.7		0.856559		
9.71		0.856687		
9.72		0.856814		
9.73		0.856942		
9.74		0.857069		
9.75		0.857196		
9.76		0.857323		
9.77		0.857449		
9.78		0.857575		
9.79		0.857701		
9.8		0.857827		
9.81		0.857952		
9.82		0.858077		
9.83		0.858202		
9.84		0.858327		
9.85		0.858451		
9.86		0.858575		
9.87		0.858699		
9.88		0.858823		
9.89		0.858946		
9.9		0.859069		
9.91		0.859192		
9.92		0.859314		
9.93		0.859437		
9.94		0.859559		
9.95		0.859681		
9.96		0.859802		
9.97		0.859923		
9.98		0.860045		
9.99		0.860165		
10		0.860286		
10.01		0.860406		
10.02		0.860526		
10.03		0.860646		
10.04		0.860766		
10.05		0.860885		
10.06		0.861005		
10.07		0.861123		
10.08		0.861242		
10.09		0.861361		
10.1		0.861479		
10.11		0.861597		
10.12		0.861714		
10.13		0.861832		
10.14		0.861949		
10.15		0.862066		
10.16		0.862183		
10.17		0.8623		
10.18		0.862416		
10.19		0.862532		
10.2		0.862648		
10.21		0.862763		
10.22		0.862879		
10.23		0.862994		
10.24		0.863109		
10.25		0.863224		
10.26		0.863338		
10.27		0.863453		
10.28		0.863567		
10.29		0.86368		
10.3		0.863794		
10.31		0.863907		
10.32		0.864021		
10.33		0.864133		
10.34		0.864246		
10.35		0.864359		
10.36		0.864471		
10.37		0.864583		
10.38		0.864695		
10.39		0.864807		
10.4		0.864918		
10.41		0.865029		
10.42		0.86514		
10.43		0.865251		
10.44		0.865361		
10.45		0.865472		
10.46		0.865582		
10.47		0.865692		
10.48		0.865801		
10.49		0.865911		
10.5		0.86602		
10.51		0.866129		
10.52		0.866238		
10.53		0.866347		
10.54		0.866455		
10.55		0.866563		
10.56		0.866671		
10.57		0.866779		
10.58		0.866887		
10.59		0.866994		
10.6		0.867102		
10.61		0.867209		
10.62		0.867315		
10.63		0.867422		
10.64		0.867528		
10.65		0.867635		
10.66		0.867741		
10.67		0.867846		
10.68		0.867952		
10.69		0.868057		
10.7		0.868162		
10.71		0.868267		
10.72		0.868372		
10.73		0.868477		
10.74		0.868581		
10.75		0.868685		
10.76		0.86879		
10.77		0.868893		
10.78		0.868997		
10.79		0.8691		
10.8		0.869204		
10.81		0.869307		
10.82		0.86941		
10.83		0.869512		
10.84		0.869615		
10.85		0.869717		
10.86		0.869819		
10.87		0.869921		
10.88		0.870023		
10.89		0.870124		
10.9		0.870226		
10.91		0.870327		
10.92		0.870428		
10.93		0.870528		
10.94		0.870629		
10.95		0.870729		
10.96		0.87083		
10.97		0.87093		
10.98		0.87103		
10.99		0.871129		
11		0.871229		
11.01		0.871328		
11.02		0.871427		
11.03		0.871526		
11.04		0.871625		
11.05		0.871723		
11.06		0.871822		
11.07		0.87192		
11.08		0.872018		
11.09		0.872116		
11.1		0.872214		
11.11		0.872311		
11.12		0.872409		
11.13		0.872506		
11.14		0.872603		
11.15		0.8727		
11.16		0.872796		
11.17		0.872893		
11.18		0.872989		
11.19		0.873085		
11.2		0.873181		
11.21		0.873277		
11.22		0.873372		
11.23		0.873468		
11.24		0.873563		
11.25		0.873658		
11.26		0.873753		
11.27		0.873848		
11.28		0.873942		
11.29		0.874037		
11.3		0.874131		
11.31		0.874225		
11.32		0.874319		
11.33		0.874413		
11.34		0.874506		
11.35		0.8746		
11.36		0.874693		
11.37		0.874786		
11.38		0.874879		
11.39		0.874972		
11.4		0.875064		
11.41		0.875157		
11.42		0.875249		
11.43		0.875341		
11.44		0.875433		
11.45		0.875525		
11.46		0.875616		
11.47		0.875708		
11.48		0.875799		
11.49		0.87589		
11.5		0.875981		
11.51		0.876072		
11.52		0.876163		
11.53		0.876253		
11.54		0.876344		
11.55		0.876434		
11.56		0.876524		
11.57		0.876614		
11.58		0.876703		
11.59		0.876793		
11.6		0.876882		
11.61		0.876972		
11.62		0.877061		
11.63		0.87715		
11.64		0.877239		
11.65		0.877327		
11.66		0.877416		
11.67		0.877504		
11.68		0.877592		
11.69		0.87768		
11.7		0.877768		
11.71		0.877856		
11.72		0.877943		
11.73		0.878031		
11.74		0.878118		
11.75		0.878205		
11.76		0.878292		
11.77		0.878379		
11.78		0.878466		
11.79		0.878552		
11.8		0.878639		
11.81		0.878725		
11.82		0.878811		
11.83		0.878897		
11.84		0.878983		
11.85		0.879069		
11.86		0.879154		
11.87		0.879239		
11.88		0.879325		
11.89		0.87941		
11.9		0.879495		
11.91		0.879579		
11.92		0.879664		
11.93		0.879749		
11.94		0.879833		
11.95		0.879917		
11.96		0.880001		
11.97		0.880085		
11.98		0.880169		
11.99		0.880253		
12		0.880336		
12.01		0.88042		
12.02		0.880503		
12.03		0.880586		
12.04		0.880669		
12.05		0.880752		
12.06		0.880835		
12.07		0.880917		
12.08		0.881		
12.09		0.881082		
12.1		0.881164		
12.11		0.881246		
12.12		0.881328		
12.13		0.88141		
12.14		0.881491		
12.15		0.881573		
12.16		0.881654		
12.17		0.881735		
12.18		0.881816		
12.19		0.881897		
12.2		0.881978		
12.21		0.882059		
12.22		0.882139		
12.23		0.88222		
12.24		0.8823		
12.25		0.88238		
12.26		0.88246		
12.27		0.88254		
12.28		0.88262		
12.29		0.882699		
12.3		0.882779		
12.31		0.882858		
12.32		0.882938		
12.33		0.883017		
12.34		0.883096		
12.35		0.883175		
12.36		0.883253		
12.37		0.883332		
12.38		0.88341		
12.39		0.883489		
12.4		0.883567		
12.41		0.883645		
12.42		0.883723		
12.43		0.883801		
12.44		0.883879		
12.45		0.883956		
12.46		0.884034		
12.47		0.884111		
12.48		0.884188		
12.49		0.884265		
12.5		0.884342		
12.51		0.884419		
12.52		0.884496		
12.53		0.884572		
12.54		0.884649		
12.55		0.884725		
12.56		0.884802		
12.57		0.884878		
12.58		0.884954		
12.59		0.88503		
12.6		0.885105		
12.61		0.885181		
12.62		0.885256		
12.63		0.885332		
12.64		0.885407		
12.65		0.885482		
12.66		0.885557		
12.67		0.885632		
12.68		0.885707		
12.69		0.885782		
12.7		0.885856		
12.71		0.885931		
12.72		0.886005		
12.73		0.886079		
12.74		0.886153		
12.75		0.886227		
12.76		0.886301		
12.77		0.886375		
12.78		0.886449		
12.79		0.886522		
12.8		0.886596		
12.81		0.886669		
12.82		0.886742		
12.83		0.886815		
12.84		0.886888		
12.85		0.886961		
12.86		0.887034		
12.87		0.887106		
12.88		0.887179		
12.89		0.887251		
12.9		0.887323		
12.91		0.887396		
12.92		0.887468		
12.93		0.88754		
12.94		0.887612		
12.95		0.887683		
12.96		0.887755		
12.97		0.887826		
12.98		0.887898		
12.99		0.887969		
13		0.88804		
13.01		0.888111		
13.02		0.888182		
13.03		0.888253		
13.04		0.888324		
13.05		0.888394		
13.06		0.888465		
13.07		0.888535		
13.08		0.888606		
13.09		0.888676		
13.1		0.888746		
13.11		0.888816		
13.12		0.888886		
13.13		0.888956		
13.14		0.889025		
13.15		0.889095		
13.16		0.889164		
13.17		0.889234		
13.18		0.889303		
13.19		0.889372		
13.2		0.889441		
13.21		0.88951		
13.22		0.889579		
13.23		0.889648		
13.24		0.889716		
13.25		0.889785		
13.26		0.889853		
13.27		0.889922		
13.28		0.88999		
13.29		0.890058		
13.3		0.890126		
13.31		0.890194		
13.32		0.890262		
13.33		0.890329		
13.34		0.890397		
13.35		0.890464		
13.36		0.890532		
13.37		0.890599		
13.38		0.890666		
13.39		0.890733		
13.4		0.8908		
13.41		0.890867		
13.42		0.890934		
13.43		0.891001		
13.44		0.891067		
13.45		0.891134		
13.46		0.8912		
13.47		0.891267		
13.48		0.891333		
13.49		0.891399		
13.5		0.891465		
13.51		0.891531		
13.52		0.891597		
13.53		0.891662		
13.54		0.891728		
13.55		0.891794		
13.56		0.891859		
13.57		0.891924		
13.58		0.89199		
13.59		0.892055		
13.6		0.89212		
13.61		0.892185		
13.62		0.89225		
13.63		0.892314		
13.64		0.892379		
13.65		0.892444		
13.66		0.892508		
13.67		0.892573		
13.68		0.892637		
13.69		0.892701		
13.7		0.892765		
13.71		0.892829		
13.72		0.892893		
13.73		0.892957		
13.74		0.893021		
13.75		0.893084		
13.76		0.893148		
13.77		0.893211		
13.78		0.893275		
13.79		0.893338		
13.8		0.893401		
13.81		0.893464		
13.82		0.893527		
13.83		0.89359		
13.84		0.893653		
13.85		0.893716		
13.86		0.893778		
13.87		0.893841		
13.88		0.893903		
13.89		0.893966		
13.9		0.894028		
13.91		0.89409		
13.92		0.894152		
13.93		0.894214		
13.94		0.894276		
13.95		0.894338		
13.96		0.8944		
13.97		0.894462		
13.98		0.894523		
13.99		0.894585		
14		0.894646		
14.01		0.894708		
14.02		0.894769		
14.03		0.89483		
14.04		0.894891		
14.05		0.894952		
14.06		0.895013		
14.07		0.895074		
14.08		0.895134		
14.09		0.895195		
14.1		0.895255		
14.11		0.895316		
14.12		0.895376		
14.13		0.895437		
14.14		0.895497		
14.15		0.895557		
14.16		0.895617		
14.17		0.895677		
14.18		0.895737		
14.19		0.895797		
14.2		0.895856		
14.21		0.895916		
14.22		0.895975		
14.23		0.896035		
14.24		0.896094		
14.25		0.896154		
14.26		0.896213		
14.27		0.896272		
14.28		0.896331		
14.29		0.89639		
14.3		0.896449		
14.31		0.896507		
14.32		0.896566		
14.33		0.896625		
14.34		0.896683		
14.35		0.896742		
14.36		0.8968		
14.37		0.896859		
14.38		0.896917		
14.39		0.896975		
14.4		0.897033		
14.41		0.897091		
14.42		0.897149		
14.43		0.897207		
14.44		0.897264		
14.45		0.897322		
14.46		0.89738		
14.47		0.897437		
14.48		0.897495		
14.49		0.897552		
14.5		0.897609		
14.51		0.897666		
14.52		0.897723		
14.53		0.89778		
14.54		0.897837		
14.55		0.897894		
14.56		0.897951		
14.57		0.898008		
14.58		0.898064		
14.59		0.898121		
14.6		0.898178		
14.61		0.898234		
14.62		0.89829		
14.63		0.898347		
14.64		0.898403		
14.65		0.898459		
14.66		0.898515		
14.67		0.898571		
14.68		0.898627		
14.69		0.898682		
14.7		0.898738		
14.71		0.898794		
14.72		0.898849		
14.73		0.898905		
14.74		0.89896		
14.75		0.899016		
14.76		0.899071		
14.77		0.899126		
14.78		0.899181		
14.79		0.899236		
14.8		0.899291		
14.81		0.899346		
14.82		0.899401		
14.83		0.899456		
14.84		0.899511		
14.85		0.899565		
14.86		0.89962		
14.87		0.899674		
14.88		0.899729		
14.89		0.899783		
14.9		0.899837		
14.91		0.899891		
14.92		0.899945		
14.93		0.899999		
14.94		0.900053		
14.95		0.900107		
14.96		0.900161		
14.97		0.900215		
14.98		0.900268		
14.99		0.900322		
15		0.900376		
15.01		0.900429		
15.02		0.900482		
15.03		0.900536		
15.04		0.900589		
15.05		0.900642		
15.06		0.900695		
15.07		0.900748		
15.08		0.900801		
15.09		0.900854		
15.1		0.900907		
15.11		0.90096		
15.12		0.901012		
15.13		0.901065		
15.14		0.901118		
15.15		0.90117		
15.16		0.901223		
15.17		0.901275		
15.18		0.901327		
15.19		0.901379		
15.2		0.901431		
15.21		0.901484		
15.22		0.901536		
15.23		0.901587		
15.24		0.901639		
15.25		0.901691		
15.26		0.901743		
15.27		0.901794		
15.28		0.901846		
15.29		0.901898		
15.3		0.901949		
15.31		0.902		
15.32		0.902052		
15.33		0.902103		
15.34		0.902154		
15.35		0.902205		
15.36		0.902256		
15.37		0.902307		
15.38		0.902358		
15.39		0.902409		
15.4		0.90246		
15.41		0.902511		
15.42		0.902561		
15.43		0.902612		
15.44		0.902662		
15.45		0.902713		
15.46		0.902763		
15.47		0.902814		
15.48		0.902864		
15.49		0.902914		
15.5		0.902964		
15.51		0.903014		
15.52		0.903064		
15.53		0.903114		
15.54		0.903164		
15.55		0.903214		
15.56		0.903264		
15.57		0.903313		
15.58		0.903363		
15.59		0.903413		
15.6		0.903462		
15.61		0.903511		
15.62		0.903561		
15.63		0.90361		
15.64		0.903659		
15.65		0.903709		
15.66		0.903758		
15.67		0.903807		
15.68		0.903856		
15.69		0.903905		
15.7		0.903954		
15.71		0.904002		
15.72		0.904051		
15.73		0.9041		
15.74		0.904148		
15.75		0.904197		
15.76		0.904245		
15.77		0.904294		
15.78		0.904342		
15.79		0.904391		
15.8		0.904439		
15.81		0.904487		
15.82		0.904535		
15.83		0.904583		
15.84		0.904631		
15.85		0.904679		
15.86		0.904727		
15.87		0.904775		
15.88		0.904823		
15.89		0.90487		
15.9		0.904918		
15.91		0.904965		
15.92		0.905013		
15.93		0.90506		
15.94		0.905108		
15.95		0.905155		
15.96		0.905202		
15.97		0.90525		
15.98		0.905297		
15.99		0.905344		
16		0.905391		
16.01		0.905438		
16.02		0.905485		
16.03		0.905532		
16.04		0.905579		
16.05		0.905625		
16.06		0.905672		
16.07		0.905719		
16.08		0.905765		
16.09		0.905812		
16.1		0.905858		
16.11		0.905905		
16.12		0.905951		
16.13		0.905997		
16.14		0.906043		
16.15		0.90609		
16.16		0.906136		
16.17		0.906182		
16.18		0.906228		
16.19		0.906274		
16.2		0.906319		
16.21		0.906365		
16.22		0.906411		
16.23		0.906457		
16.24		0.906502		
16.25		0.906548		
16.26		0.906594		
16.27		0.906639		
16.28		0.906684		
16.29		0.90673		
16.3		0.906775		
16.31		0.90682		
16.32		0.906866		
16.33		0.906911		
16.34		0.906956		
16.35		0.907001		
16.36		0.907046		
16.37		0.907091		
16.38		0.907136		
16.39		0.90718		
16.4		0.907225		
16.41		0.90727		
16.42		0.907314		
16.43		0.907359		
16.44		0.907404		
16.45		0.907448		
16.46		0.907493		
16.47		0.907537		
16.48		0.907581		
16.49		0.907625		
16.5		0.90767		
16.51		0.907714		
16.52		0.907758		
16.53		0.907802		
16.54		0.907846		
16.55		0.90789		
16.56		0.907934		
16.57		0.907978		
16.58		0.908021		
16.59		0.908065		
16.6		0.908109		
16.61		0.908152		
16.62		0.908196		
16.63		0.908239		
16.64		0.908283		
16.65		0.908326		
16.66		0.90837		
16.67		0.908413		
16.68		0.908456		
16.69		0.908499		
16.7		0.908542		
16.71		0.908585		
16.72		0.908628		
16.73		0.908671		
16.74		0.908714		
16.75		0.908757		
16.76		0.9088		
16.77		0.908843		
16.78		0.908886		
16.79		0.908928		
16.8		0.908971		
16.81		0.909013		
16.82		0.909056		
16.83		0.909098		
16.84		0.909141		
16.85		0.909183		
16.86		0.909225		
16.87		0.909268		
16.88		0.90931		
16.89		0.909352		
16.9		0.909394		
16.91		0.909436		
16.92		0.909478		
16.93		0.90952		
16.94		0.909562		
16.95		0.909604		
16.96		0.909646		
16.97		0.909687		
16.98		0.909729		
16.99		0.909771		
17		0.909812		
17.01		0.909854		
17.02		0.909895		
17.03		0.909937		
17.04		0.909978		
17.05		0.910019		
17.06		0.910061		
17.07		0.910102		
17.08		0.910143		
17.09		0.910184		
17.1		0.910225		
17.11		0.910266		
17.12		0.910307		
17.13		0.910348		
17.14		0.910389		
17.15		0.91043		
17.16		0.910471		
17.17		0.910511		
17.18		0.910552		
17.19		0.910593		
17.2		0.910633		
17.21		0.910674		
17.22		0.910714		
17.23		0.910755		
17.24		0.910795		
17.25		0.910836		
17.26		0.910876		
17.27		0.910916		
17.28		0.910956		
17.29		0.910996		
17.3		0.911037		
17.31		0.911077		
17.32		0.911117		
17.33		0.911157		
17.34		0.911197		
17.35		0.911236		
17.36		0.911276		
17.37		0.911316		
17.38		0.911356		
17.39		0.911395		
17.4		0.911435		
17.41		0.911475		
17.42		0.911514		
17.43		0.911554		
17.44		0.911593		
17.45		0.911632		
17.46		0.911672		
17.47		0.911711		
17.48		0.91175		
17.49		0.91179		
17.5		0.911829		
17.51		0.911868		
17.52		0.911907		
17.53		0.911946		
17.54		0.911985		
17.55		0.912024		
17.56		0.912063		
17.57		0.912101		
17.58		0.91214		
17.59		0.912179		
17.6		0.912218		
17.61		0.912256		
17.62		0.912295		
17.63		0.912333		
17.64		0.912372		
17.65		0.91241		
17.66		0.912449		
17.67		0.912487		
17.68		0.912525		
17.69		0.912564		
17.7		0.912602		
17.71		0.91264		
17.72		0.912678		
17.73		0.912716		
17.74		0.912754		
17.75		0.912792		
17.76		0.91283		
17.77		0.912868		
17.78		0.912906		
17.79		0.912944		
17.8		0.912982		
17.81		0.913019		
17.82		0.913057		
17.83		0.913095		
17.84		0.913132		
17.85		0.91317		
17.86		0.913207		
17.87		0.913245		
17.88		0.913282		
17.89		0.91332		
17.9		0.913357		
17.91		0.913394		
17.92		0.913432		
17.93		0.913469		
17.94		0.913506		
17.95		0.913543		
17.96		0.91358		
17.97		0.913617		
17.98		0.913654		
17.99		0.913691		
18		0.913728		
18.01		0.913765		
18.02		0.913802		
18.03		0.913838		
18.04		0.913875		
18.05		0.913912		
18.06		0.913948		
18.07		0.913985		
18.08		0.914021		
18.09		0.914058		
18.1		0.914094		
18.11		0.914131		
18.12		0.914167		
18.13		0.914203		
18.14		0.91424		
18.15		0.914276		
18.16		0.914312		
18.17		0.914348		
18.18		0.914384		
18.19		0.91442		
18.2		0.914456		
18.21		0.914492		
18.22		0.914528		
18.23		0.914564		
18.24		0.9146		
18.25		0.914636		
18.26		0.914672		
18.27		0.914707		
18.28		0.914743		
18.29		0.914779		
18.3		0.914814		
18.31		0.91485		
18.32		0.914885		
18.33		0.914921		
18.34		0.914956		
18.35		0.914992		
18.36		0.915027		
18.37		0.915062		
18.38		0.915098		
18.39		0.915133		
18.4		0.915168		
18.41		0.915203		
18.42		0.915238		
18.43		0.915273		
18.44		0.915308		
18.45		0.915343		
18.46		0.915378		
18.47		0.915413		
18.48		0.915448		
18.49		0.915483		
18.5		0.915517		
18.51		0.915552		
18.52		0.915587		
18.53		0.915621		
18.54		0.915656		
18.55		0.91569		
18.56		0.915725		
18.57		0.915759		
18.58		0.915794		
18.59		0.915828		
18.6		0.915863		
18.61		0.915897		
18.62		0.915931		
18.63		0.915965		
18.64		0.916		
18.65		0.916034		
18.66		0.916068		
18.67		0.916102		
18.68		0.916136		
18.69		0.91617		
18.7		0.916204		
18.71		0.916238		
18.72		0.916272		
18.73		0.916305		
18.74		0.916339		
18.75		0.916373		
18.76		0.916407		
18.77		0.91644		
18.78		0.916474		
18.79		0.916507		
18.8		0.916541		
18.81		0.916574		
18.82		0.916608		
18.83		0.916641		
18.84		0.916675		
18.85		0.916708		
18.86		0.916741		
18.87		0.916775		
18.88		0.916808		
18.89		0.916841		
18.9		0.916874		
18.91		0.916907		
18.92		0.91694		
18.93		0.916973		
18.94		0.917006		
18.95		0.917039		
18.96		0.917072		
18.97		0.917105		
18.98		0.917138		
18.99		0.917171		
19		0.917203		
19.01		0.917236		
19.02		0.917269		
19.03		0.917301		
19.04		0.917334		
19.05		0.917366		
19.06		0.917399		
19.07		0.917431		
19.08		0.917464		
19.09		0.917496		
19.1		0.917529		
19.11		0.917561		
19.12		0.917593		
19.13		0.917625		
19.14		0.917658		
19.15		0.91769		
19.16		0.917722		
19.17		0.917754		
19.18		0.917786		
19.19		0.917818		
19.2		0.91785		
19.21		0.917882		
19.22		0.917914		
19.23		0.917946		
19.24		0.917977		
19.25		0.918009		
19.26		0.918041		
19.27		0.918073		
19.28		0.918104		
19.29		0.918136		
19.3		0.918168		
19.31		0.918199		
19.32		0.918231		
19.33		0.918262		
19.34		0.918294		
19.35		0.918325		
19.36		0.918356		
19.37		0.918388		
19.38		0.918419		
19.39		0.91845		
19.4		0.918481		
19.41		0.918512		
19.42		0.918544		
19.43		0.918575		
19.44		0.918606		
19.45		0.918637		
19.46		0.918668		
19.47		0.918699		
19.48		0.91873		
19.49		0.91876		
19.5		0.918791		
19.51		0.918822		
19.52		0.918853		
19.53		0.918884		
19.54		0.918914		
19.55		0.918945		
19.56		0.918976		
19.57		0.919006		
19.58		0.919037		
19.59		0.919067		
19.6		0.919098		
19.61		0.919128		
19.62		0.919158		
19.63		0.919189		
19.64		0.919219		
19.65		0.919249		
19.66		0.91928		
19.67		0.91931		
19.68		0.91934		
19.69		0.91937		
19.7		0.9194		
19.71		0.91943		
19.72		0.91946		
19.73		0.91949		
19.74		0.91952		
19.75		0.91955		
19.76		0.91958		
19.77		0.91961		
19.78		0.91964		
19.79		0.919669		
19.8		0.919699		
19.81		0.919729		
19.82		0.919758		
19.83		0.919788		
19.84		0.919818		
19.85		0.919847		
19.86		0.919877		
19.87		0.919906		
19.88		0.919935		
19.89		0.919965		
19.9		0.919994		
19.91		0.920024		
19.92		0.920053		
19.93		0.920082		
19.94		0.920111		
19.95		0.920141		
19.96		0.92017		
19.97		0.920199		
19.98		0.920228		
19.99		0.920257		
20		0.920286		
20.01		0.920315		
20.02		0.920344		
20.03		0.920373		
20.04		0.920402		
20.05		0.92043		
20.06		0.920459		
20.07		0.920488		
20.08		0.920517		
20.09		0.920545		
20.1		0.920574		
20.11		0.920603		
20.12		0.920631		
20.13		0.92066		
20.14		0.920688		
20.15		0.920717		
20.16		0.920745		
20.17		0.920774		
20.18		0.920802		
20.19		0.92083		
20.2		0.920858		
20.21		0.920887		
20.22		0.920915		
20.23		0.920943		
20.24		0.920971		
20.25		0.920999		
20.26		0.921028		
20.27		0.921056		
20.28		0.921084		
20.29		0.921112		
20.3		0.921139		
20.31		0.921167		
20.32		0.921195		
20.33		0.921223		
20.34		0.921251		
20.35		0.921279		
20.36		0.921306		
20.37		0.921334		
20.38		0.921362		
20.39		0.921389		
20.4		0.921417		
20.41		0.921445		
20.42		0.921472		
20.43		0.9215		
20.44		0.921527		
20.45		0.921554		
20.46		0.921582		
20.47		0.921609		
20.48		0.921636		
20.49		0.921664		
20.5		0.921691		
20.51		0.921718		
20.52		0.921745		
20.53		0.921773		
20.54		0.9218		
20.55		0.921827		
20.56		0.921854		
20.57		0.921881		
20.58		0.921908		
20.59		0.921935		
20.6		0.921962		
20.61		0.921988		
20.62		0.922015		
20.63		0.922042		
20.64		0.922069		
20.65		0.922096		
20.66		0.922122		
20.67		0.922149		
20.68		0.922176		
20.69		0.922202		
20.7		0.922229		
20.71		0.922255		
20.72		0.922282		
20.73		0.922308		
20.74		0.922335		
20.75		0.922361		
20.76		0.922387		
20.77		0.922414		
20.78		0.92244		
20.79		0.922466		
20.8		0.922492		
20.81		0.922519		
20.82		0.922545		
20.83		0.922571		
20.84		0.922597		
20.85		0.922623		
20.86		0.922649		
20.87		0.922675		
20.88		0.922701		
20.89		0.922727		
20.9		0.922753		
20.91		0.922779		
20.92		0.922805		
20.93		0.92283		
20.94		0.922856		
20.95		0.922882		
20.96		0.922907		
20.97		0.922933		
20.98		0.922959		
20.99		0.922984		
21		0.92301		
21.01		0.923035		
21.02		0.923061		
21.03		0.923086		
21.04		0.923112		
21.05		0.923137		
21.06		0.923162		
21.07		0.923188		
21.08		0.923213		
21.09		0.923238		
21.1		0.923264		
21.11		0.923289		
21.12		0.923314		
21.13		0.923339		
21.14		0.923364		
21.15		0.923389		
21.16		0.923414		
21.17		0.923439		
21.18		0.923464		
21.19		0.923489		
21.2		0.923514		
21.21		0.923539		
21.22		0.923564		
21.23		0.923588		
21.24		0.923613		
21.25		0.923638		
21.26		0.923663		
21.27		0.923687		
21.28		0.923712		
21.29		0.923736		
21.3		0.923761		
21.31		0.923786		
21.32		0.92381		
21.33		0.923834		
21.34		0.923859		
21.35		0.923883		
21.36		0.923908		
21.37		0.923932		
21.38		0.923956		
21.39		0.923981		
21.4		0.924005		
21.41		0.924029		
21.42		0.924053		
21.43		0.924077		
21.44		0.924101		
21.45		0.924125		
21.46		0.924149		
21.47		0.924173		
21.48		0.924197		
21.49		0.924221		
21.5		0.924245		
21.51		0.924269		
21.52		0.924293		
21.53		0.924317		
21.54		0.924341		
21.55		0.924364		
21.56		0.924388		
21.57		0.924412		
21.58		0.924435		
21.59		0.924459		
21.6		0.924483		
21.61		0.924506		
21.62		0.92453		
21.63		0.924553		
21.64		0.924577		
21.65		0.9246		
21.66		0.924623		
21.67		0.924647		
21.68		0.92467		
21.69		0.924693		
21.7		0.924717		
21.71		0.92474		
21.72		0.924763		
21.73		0.924786		
21.74		0.924809		
21.75		0.924832		
21.76		0.924855		
21.77		0.924879		
21.78		0.924902		
21.79		0.924924		
21.8		0.924947		
21.81		0.92497		
21.82		0.924993		
21.83		0.925016		
21.84		0.925039		
21.85		0.925062		
21.86		0.925084		
21.87		0.925107		
21.88		0.92513		
21.89		0.925152		
21.9		0.925175		
21.91		0.925198		
21.92		0.92522		
21.93		0.925243		
21.94		0.925265		
21.95		0.925288		
21.96		0.92531		
21.97		0.925332		
21.98		0.925355		
21.99		0.925377		
22		0.925399		
22.01		0.925422		
22.02		0.925444		
22.03		0.925466		
22.04		0.925488		
22.05		0.925511		
22.06		0.925533		
22.07		0.925555		
22.08		0.925577		
22.09		0.925599		
22.1		0.925621		
22.11		0.925643		
22.12		0.925665		
22.13		0.925687		
22.14		0.925708		
22.15		0.92573		
22.16		0.925752		
22.17		0.925774		
22.18		0.925795		
22.19		0.925817		
22.2		0.925839		
22.21		0.92586		
22.22		0.925882		
22.23		0.925904		
22.24		0.925925		
22.25		0.925947		
22.26		0.925968		
22.27		0.92599		
22.28		0.926011		
22.29		0.926032		
22.3		0.926054		
22.31		0.926075		
22.32		0.926096		
22.33		0.926118		
22.34		0.926139		
22.35		0.92616		
22.36		0.926181		
22.37		0.926202		
22.38		0.926224		
22.39		0.926245		
22.4		0.926266		
22.41		0.926287		
22.42		0.926308		
22.43		0.926329		
22.44		0.92635		
22.45		0.92637		
22.46		0.926391		
22.47		0.926412		
22.48		0.926433		
22.49		0.926454		
22.5		0.926474		
22.51		0.926495		
22.52		0.926516		
22.53		0.926536		
22.54		0.926556		
22.55		0.926577		
22.56		0.926597		
22.57		0.926617		
22.58		0.926638		
22.59		0.926658		
22.6		0.926679		
22.61		0.926699		
22.62		0.92672		
22.63		0.92674		
22.64		0.926761		
22.65		0.926781		
22.66		0.926802		
22.67		0.926823		
22.68		0.926844		
22.69		0.926864		
22.7		0.926885		
22.71		0.926906		
22.72		0.926927		
22.73		0.926948		
22.74		0.926969		
22.75		0.92699		
22.76		0.927011		
22.77		0.927032		
22.78		0.927053		
22.79		0.927074		
22.8		0.927095		
22.81		0.927116		
22.82		0.927138		
22.83		0.927159		
22.84		0.92718		
22.85		0.927201		
22.86		0.927223		
22.87		0.927244		
22.88		0.927265		
22.89		0.927287		
22.9		0.927308		
22.91		0.927329		
22.92		0.927351		
22.93		0.927372		
22.94		0.927394		
22.95		0.927415		
22.96		0.927437		
22.97		0.927458		
22.98		0.92748		
22.99		0.927502		
23		0.927523		
23.01		0.927545		
23.02		0.927567		
23.03		0.927588		
23.04		0.92761		
23.05		0.927632		
23.06		0.927653		
23.07		0.927675		
23.08		0.927697		
23.09		0.927719		
23.1		0.92774		
23.11		0.927762		
23.12		0.927784		
23.13		0.927806		
23.14		0.927828		
23.15		0.92785		
23.16		0.927871		
23.17		0.927893		
23.18		0.927915		
23.19		0.927937		
23.2		0.927959		
23.21		0.927981		
23.22		0.928003		
23.23		0.928025		
23.24		0.928047		
23.25		0.928069		
23.26		0.928091		
23.27		0.928113		
23.28		0.928135		
23.29		0.928157		
23.3		0.928179		
23.31		0.928201		
23.32		0.928223		
23.33		0.928245		
23.34		0.928267		
23.35		0.92829		
23.36		0.928312		
23.37		0.928334		
23.38		0.928356		
23.39		0.928378		
23.4		0.9284		
23.41		0.928422		
23.42		0.928445		
23.43		0.928467		
23.44		0.928489		
23.45		0.928511		
23.46		0.928533		
23.47		0.928555		
23.48		0.928578		
23.49		0.9286		
23.5		0.928622		
23.51		0.928644		
23.52		0.928667		
23.53		0.928689		
23.54		0.928711		
23.55		0.928733		
23.56		0.928756		
23.57		0.928778		
23.58		0.9288		
23.59		0.928822		
23.6		0.928845		
23.61		0.928867		
23.62		0.928889		
23.63		0.928912		
23.64		0.928934		
23.65		0.928956		
23.66		0.928978		
23.67		0.929001		
23.68		0.929023		
23.69		0.929045		
23.7		0.929068		
23.71		0.92909		
23.72		0.929112		
23.73		0.929135		
23.74		0.929157		
23.75		0.929179		
23.76		0.929202		
23.77		0.929224		
23.78		0.929246		
23.79		0.929269		
23.8		0.929291		
23.81		0.929313		
23.82		0.929336		
23.83		0.929358		
23.84		0.92938		
23.85		0.929403		
23.86		0.929425		
23.87		0.929447		
23.88		0.92947		
23.89		0.929492		
23.9		0.929515		
23.91		0.929537		
23.92		0.929559		
23.93		0.929582		
23.94		0.929604		
23.95		0.929626		
23.96		0.929649		
23.97		0.929671		
23.98		0.929693		
23.99		0.929716		
24		0.929738		
24.01		0.929761		
24.02		0.929783		
24.03		0.929805		
24.04		0.929828		
24.05		0.92985		
24.06		0.929872		
24.07		0.929895		
24.08		0.929917		
24.09		0.929939		
24.1		0.929962		
24.11		0.929984		
24.12		0.930007		
24.13		0.930029		
24.14		0.930051		
24.15		0.930074		
24.16		0.930096		
24.17		0.930118		
24.18		0.930141		
24.19		0.930163		
24.2		0.930185		
24.21		0.930208		
24.22		0.93023		
24.23		0.930252		
24.24		0.930275		
24.25		0.930297		
24.26		0.93032		
24.27		0.930342		
24.28		0.930364		
24.29		0.930387		
24.3		0.930409		
24.31		0.930431		
24.32		0.930454		
24.33		0.930476		
24.34		0.930498		
24.35		0.930521		
24.36		0.930543		
24.37		0.930565		
24.38		0.930588		
24.39		0.93061		
24.4		0.930632		
24.41		0.930654		
24.42		0.930677		
24.43		0.930699		
24.44		0.930721		
24.45		0.930744		
24.46		0.930766		
24.47		0.930788		
24.48		0.930811		
24.49		0.930833		
24.5		0.930855		
24.51		0.930877		
24.52		0.9309		
24.53		0.930922		
24.54		0.930944		
24.55		0.930967		
24.56		0.930989		
24.57		0.931011		
24.58		0.931033		
24.59		0.931056		
24.6		0.931078		
24.61		0.9311		
24.62		0.931122		
24.63		0.931145		
24.64		0.931167		
24.65		0.931189		
24.66		0.931211		
24.67		0.931233		
24.68		0.931256		
24.69		0.931278		
24.7		0.9313		
24.71		0.931322		
24.72		0.931345		
24.73		0.931367		
24.74		0.931389		
24.75		0.931411		
24.76		0.931433		
24.77		0.931456		
24.78		0.931478		
24.79		0.9315		
24.8		0.931522		
24.81		0.931544		
24.82		0.931566		
24.83		0.931589		
24.84		0.931611		
24.85		0.931633		
24.86		0.931655		
24.87		0.931677		
24.88		0.931699		
24.89		0.931721		
24.9		0.931744		
24.91		0.931766		
24.92		0.931788		
24.93		0.93181		
24.94		0.931832		
24.95		0.931854		
24.96		0.931876		
24.97		0.931898		
24.98		0.93192		
24.99		0.931943		
25		0.931965		
25.01		0.931987		
25.02		0.932009		
25.03		0.932031		
25.04		0.932053		
25.05		0.932075		
25.06		0.932097		
25.07		0.932119		
25.08		0.932141		
25.09		0.932163		
25.1		0.932185		
25.11		0.932207		
25.12		0.932229		
25.13		0.932251		
25.14		0.932273		
25.15		0.932295		
25.16		0.932317		
25.17		0.932339		
25.18		0.932361		
25.19		0.932383		
25.2		0.932405		
25.21		0.932427		
25.22		0.932449		
25.23		0.932471		
25.24		0.932493		
25.25		0.932515		
25.26		0.932537		
25.27		0.932559		
25.28		0.932581		
25.29		0.932603		
25.3		0.932625		
25.31		0.932647		
25.32		0.932669		
25.33		0.93269		
25.34		0.932712		
25.35		0.932734		
25.36		0.932756		
25.37		0.932778		
25.38		0.9328		
25.39		0.932822		
25.4		0.932844		
25.41		0.932865		
25.42		0.932887		
25.43		0.932909		
25.44		0.932931		
25.45		0.932953		
25.46		0.932975		
25.47		0.932996		
25.48		0.933018		
25.49		0.93304		
25.5		0.933062		
25.51		0.933084		
25.52		0.933106		
25.53		0.933127		
25.54		0.933149		
25.55		0.933171		
25.56		0.933193		
25.57		0.933214		
25.58		0.933236		
25.59		0.933258		
25.6		0.93328		
25.61		0.933301		
25.62		0.933323		
25.63		0.933345		
25.64		0.933367		
25.65		0.933388		
25.66		0.93341		
25.67		0.933432		
25.68		0.933453		
25.69		0.933475		
25.7		0.933497		
25.71		0.933518		
25.72		0.93354		
25.73		0.933562		
25.74		0.933583		
25.75		0.933605		
25.76		0.933627		
25.77		0.933648		
25.78		0.93367		
25.79		0.933692		
25.8		0.933713		
25.81		0.933735		
25.82		0.933756		
25.83		0.933778		
25.84		0.9338		
25.85		0.933821		
25.86		0.933843		
25.87		0.933864		
25.88		0.933886		
25.89		0.933907		
25.9		0.933929		
25.91		0.93395		
25.92		0.933972		
25.93		0.933994		
25.94		0.934015		
25.95		0.934037		
25.96		0.934058		
25.97		0.93408		
25.98		0.934101		
25.99		0.934123		
26		0.934144		
26.01		0.934166		
26.02		0.934187		
26.03		0.934208		
26.04		0.93423		
26.05		0.934251		
26.06		0.934273		
26.07		0.934294		
26.08		0.934316		
26.09		0.934337		
26.1		0.934358		
26.11		0.93438		
26.12		0.934401		
26.13		0.934423		
26.14		0.934444		
26.15		0.934465		
26.16		0.934487		
26.17		0.934508		
26.18		0.934529		
26.19		0.934551		
26.2		0.934572		
26.21		0.934594		
26.22		0.934615		
26.23		0.934636		
26.24		0.934657		
26.25		0.934679		
26.26		0.9347		
26.27		0.934721		
26.28		0.934743		
26.29		0.934764		
26.3		0.934785		
26.31		0.934806		
26.32		0.934828		
26.33		0.934849		
26.34		0.93487		
26.35		0.934891		
26.36		0.934913		
26.37		0.934934		
26.38		0.934955		
26.39		0.934976		
26.4		0.934997		
26.41		0.935019		
26.42		0.93504		
26.43		0.935061		
26.44		0.935082		
26.45		0.935103		
26.46		0.935124		
26.47		0.935146		
26.48		0.935167		
26.49		0.935188		
26.5		0.935209		
26.51		0.93523		
26.52		0.935251		
26.53		0.935272		
26.54		0.935293		
26.55		0.935315		
26.56		0.935336		
26.57		0.935357		
26.58		0.935378		
26.59		0.935399		
26.6		0.93542		
26.61		0.935441		
26.62		0.935462		
26.63		0.935483		
26.64		0.935504		
26.65		0.935525		
26.66		0.935546		
26.67		0.935567		
26.68		0.935588		
26.69		0.935609		
26.7		0.93563		
26.71		0.935651		
26.72		0.935672		
26.73		0.935693		
26.74		0.935714		
26.75		0.935735		
26.76		0.935756		
26.77		0.935776		
26.78		0.935797		
26.79		0.935818		
26.8		0.935839		
26.81		0.93586		
26.82		0.935881		
26.83		0.935902		
26.84		0.935923		
26.85		0.935944		
26.86		0.935964		
26.87		0.935985		
26.88		0.936006		
26.89		0.936027		
26.9		0.936048		
26.91		0.936069		
26.92		0.936089		
26.93		0.93611		
26.94		0.936131		
26.95		0.936152		
26.96		0.936172		
26.97		0.936193		
26.98		0.936214		
26.99		0.936235		
27		0.936255		
27.01		0.936276		
27.02		0.936297		
27.03		0.936318		
27.04		0.936338		
27.05		0.936359		
27.06		0.93638		
27.07		0.9364		
27.08		0.936421		
27.09		0.936442		
27.1		0.936462		
27.11		0.936483		
27.12		0.936504		
27.13		0.936524		
27.14		0.936545		
27.15		0.936566		
27.16		0.936586		
27.17		0.936607		
27.18		0.936627		
27.19		0.936648		
27.2		0.936669		
27.21		0.936689		
27.22		0.93671		
27.23		0.93673		
27.24		0.936751		
27.25		0.936771		
27.26		0.936792		
27.27		0.936812		
27.28		0.936833		
27.29		0.936853		
27.3		0.936874		
27.31		0.936894		
27.32		0.936915		
27.33		0.936935		
27.34		0.936956		
27.35		0.936976		
27.36		0.936997		
27.37		0.937017		
27.38		0.937038		
27.39		0.937058		
27.4		0.937079		
27.41		0.937099		
27.42		0.937119		
27.43		0.93714		
27.44		0.93716		
27.45		0.937181		
27.46		0.937201		
27.47		0.937221		
27.48		0.937242		
27.49		0.937262		
27.5		0.937282		
27.51		0.937303		
27.52		0.937323		
27.53		0.937343		
27.54		0.937364		
27.55		0.937384		
27.56		0.937404		
27.57		0.937425		
27.58		0.937445		
27.59		0.937465		
27.6		0.937485		
27.61		0.937506		
27.62		0.937526		
27.63		0.937546		
27.64		0.937566		
27.65		0.937586		
27.66		0.937607		
27.67		0.937627		
27.68		0.937647		
27.69		0.937667		
27.7		0.937687		
27.71		0.937708		
27.72		0.937728		
27.73		0.937748		
27.74		0.937768		
27.75		0.937788		
27.76		0.937808		
27.77		0.937828		
27.78		0.937849		
27.79		0.937869		
27.8		0.937889		
27.81		0.937909		
27.82		0.937929		
27.83		0.937949		
27.84		0.937969		
27.85		0.937989		
27.86		0.938009		
27.87		0.938029		
27.88		0.938049		
27.89		0.938069		
27.9		0.938089		
27.91		0.938109		
27.92		0.938129		
27.93		0.938149		
27.94		0.938169		
27.95		0.938189		
27.96		0.938209		
27.97		0.938229		
27.98		0.938249		
27.99		0.938269		
28		0.938289		
28.01		0.938309		
28.02		0.938329		
28.03		0.938349		
28.04		0.938369		
28.05		0.938389		
28.06		0.938408		
28.07		0.938428		
28.08		0.938448		
28.09		0.938468		
28.1		0.938488		
28.11		0.938508		
28.12		0.938528		
28.13		0.938547		
28.14		0.938567		
28.15		0.938587		
28.16		0.938607		
28.17		0.938627		
28.18		0.938646		
28.19		0.938666		
28.2		0.938686		
28.21		0.938706		
28.22		0.938725		
28.23		0.938745		
28.24		0.938765		
28.25		0.938785		
28.26		0.938804		
28.27		0.938824		
28.28		0.938844		
28.29		0.938863		
28.3		0.938883		
28.31		0.938903		
28.32		0.938922		
28.33		0.938942		
28.34		0.938962		
28.35		0.938981		
28.36		0.939001		
28.37		0.939021		
28.38		0.93904		
28.39		0.93906		
28.4		0.939079		
28.41		0.939099		
28.42		0.939119		
28.43		0.939138		
28.44		0.939158		
28.45		0.939177		
28.46		0.939197		
28.47		0.939216		
28.48		0.939236		
28.49		0.939255		
28.5		0.939275		
28.51		0.939294		
28.52		0.939314		
28.53		0.939333		
28.54		0.939353		
28.55		0.939372		
28.56		0.939392		
28.57		0.939411		
28.58		0.939431		
28.59		0.93945		
28.6		0.93947		
28.61		0.939489		
28.62		0.939509		
28.63		0.939528		
28.64		0.939547		
28.65		0.939567		
28.66		0.939586		
28.67		0.939605		
28.68		0.939625		
28.69		0.939644		
28.7		0.939664		
28.71		0.939683		
28.72		0.939702		
28.73		0.939722		
28.74		0.939741		
28.75		0.93976		
28.76		0.939779		
28.77		0.939799		
28.78		0.939818		
28.79		0.939837		
28.8		0.939857		
28.81		0.939876		
28.82		0.939895		
28.83		0.939914		
28.84		0.939933		
28.85		0.939953		
28.86		0.939972		
28.87		0.939991		
28.88		0.94001		
28.89		0.94003		
28.9		0.940049		
28.91		0.940068		
28.92		0.940087		
28.93		0.940106		
28.94		0.940125		
28.95		0.940144		
28.96		0.940164		
28.97		0.940183		
28.98		0.940202		
28.99		0.940221		
29		0.94024		
29.01		0.940259		
29.02		0.940278		
29.03		0.940297		
29.04		0.940316		
29.05		0.940335		
29.06		0.940354		
29.07		0.940373		
29.08		0.940392		
29.09		0.940411		
29.1		0.940431		
29.11		0.94045		
29.12		0.940468		
29.13		0.940487		
29.14		0.940506		
29.15		0.940525		
29.16		0.940544		
29.17		0.940563		
29.18		0.940582		
29.19		0.940601		
29.2		0.94062		
29.21		0.940639		
29.22		0.940658		
29.23		0.940677		
29.24		0.940696		
29.25		0.940715		
29.26		0.940734		
29.27		0.940752		
29.28		0.940771		
29.29		0.94079		
29.3		0.940809		
29.31		0.940828		
29.32		0.940847		
29.33		0.940865		
29.34		0.940884		
29.35		0.940903		
29.36		0.940922		
29.37		0.940941		
29.38		0.940959		
29.39		0.940978		
29.4		0.940997		
29.41		0.941016		
29.42		0.941034		
29.43		0.941053		
29.44		0.941072		
29.45		0.941091		
29.46		0.941109		
29.47		0.941128		
29.48		0.941147		
29.49		0.941165		
29.5		0.941184		
29.51		0.941203		
29.52		0.941221		
29.53		0.94124		
29.54		0.941259		
29.55		0.941277		
29.56		0.941296		
29.57		0.941314		
29.58		0.941333		
29.59		0.941352		
29.6		0.94137		
29.61		0.941389		
29.62		0.941407		
29.63		0.941426		
29.64		0.941445		
29.65		0.941463		
29.66		0.941482		
29.67		0.9415		
29.68		0.94152		
29.69		0.941539		
29.7		0.94156		
29.71		0.941581		
29.72		0.941602		
29.73		0.941624		
29.74		0.941646		
29.75		0.941669		
29.76		0.941693		
29.77		0.941716		
29.78		0.941741		
29.79		0.941766		
29.8		0.941791		
29.81		0.941816		
29.82		0.941843		
29.83		0.941869		
29.84		0.941896		
29.85		0.941923		
29.86		0.941951		
29.87		0.941979		
29.88		0.942007		
29.89		0.942036		
29.9		0.942065		
29.91		0.942095		
29.92		0.942125		
29.93		0.942155		
29.94		0.942185		
29.95		0.942216		
29.96		0.942247		
29.97		0.942278		
29.98		0.94231		
29.99		0.942341		
30		0.942373		
30.01		0.942406		
30.02		0.942438		
30.03		0.942471		
30.04		0.942504		
30.05		0.942537		
30.06		0.94257		
30.07		0.942604		
30.08		0.942637		
30.09		0.942671		
30.1		0.942705		
30.11		0.94274		
30.12		0.942774		
30.13		0.942808		
30.14		0.942843		
30.15		0.942878		
30.16		0.942912		
30.17		0.942947		
30.18		0.942982		
30.19		0.943017		
30.2		0.943052		
30.21		0.943088		
30.22		0.943123		
30.23		0.943158		
30.24		0.943194		
30.25		0.943229		
30.26		0.943265		
30.27		0.9433		
30.28		0.943336		
30.29		0.943371		
30.3		0.943407		
30.31		0.943442		
30.32		0.943478		
30.33		0.943513		
30.34		0.943549		
30.35		0.943585		
30.36		0.94362		
30.37		0.943656		
30.38		0.943691		
30.39		0.943727		
30.4		0.943762		
30.41		0.943797		
30.42		0.943833		
30.43		0.943868		
30.44		0.943903		
30.45		0.943938		
30.46		0.943973		
30.47		0.944008		
30.48		0.944043		
30.49		0.944078		
30.5		0.944113		
30.51		0.944147		
30.52		0.944182		
30.53		0.944217		
30.54		0.944251		
30.55		0.944285		
30.56		0.94432		
30.57		0.944354		
30.58		0.944388		
30.59		0.944422		
30.6		0.944456		
30.61		0.944489		
30.62		0.944523		
30.63		0.944556		
30.64		0.94459		
30.65		0.944623		
30.66		0.944656		
30.67		0.944689		
30.68		0.944722		
30.69		0.944755		
30.7		0.944788		
30.71		0.94482		
30.72		0.944853		
30.73		0.944885		
30.74		0.944917		
30.75		0.944949		
30.76		0.944981		
30.77		0.945013		
30.78		0.945044		
30.79		0.945076		
30.8		0.945107		
30.81		0.945138		
30.82		0.945169		
30.83		0.9452		
30.84		0.945231		
30.85		0.945262		
30.86		0.945292		
30.87		0.945323		
30.88		0.945353		
30.89		0.945383		
30.9		0.945413		
30.91		0.945443		
30.92		0.945473		
30.93		0.945503		
30.94		0.945532		
30.95		0.945561		
30.96		0.945591		
30.97		0.94562		
30.98		0.945649		
30.99		0.945677		
31		0.945706		
31.01		0.945734		
31.02		0.945763		
31.03		0.945791		
31.04		0.945819		
31.05		0.945847		
31.06		0.945875		
31.07		0.945903		
31.08		0.94593		
31.09		0.945958		
31.1		0.945985		
31.11		0.946012		
31.12		0.946039		
31.13		0.946066		
31.14		0.946093		
31.15		0.94612		
31.16		0.946146		
31.17		0.946173		
31.18		0.946199		
31.19		0.946225		
31.2		0.946251		
31.21		0.946277		
31.22		0.946303		
31.23		0.946329		
31.24		0.946354		
31.25		0.94638		
31.26		0.946405		
31.27		0.94643		
31.28		0.946455		
31.29		0.94648		
31.3		0.946505		
31.31		0.94653		
31.32		0.946555		
31.33		0.946579		
31.34		0.946604		
31.35		0.946628		
31.36		0.946652		
31.37		0.946676		
31.38		0.9467		
31.39		0.946724		
31.4		0.946748		
31.41		0.946772		
31.42		0.946795		
31.43		0.946819		
31.44		0.946842		
31.45		0.946865		
31.46		0.946889		
31.47		0.946912		
31.48		0.946935		
31.49		0.946957		
31.5		0.94698		
31.51		0.947003		
31.52		0.947025		
31.53		0.947048		
31.54		0.94707		
31.55		0.947093		
31.56		0.947115		
31.57		0.947137		
31.58		0.947159		
31.59		0.947181		
31.6		0.947203		
31.61		0.947225		
31.62		0.947246		
31.63		0.947268		
31.64		0.94729		
31.65		0.947311		
31.66		0.947332		
31.67		0.947354		
31.68		0.947375		
31.69		0.947396		
31.7		0.947417		
31.71		0.947438		
31.72		0.947459		
31.73		0.94748		
31.74		0.9475		
31.75		0.947521		
31.76		0.947542		
31.77		0.947562		
31.78		0.947583		
31.79		0.947603		
31.8		0.947623		
31.81		0.947644		
31.82		0.947664		
31.83		0.947684		
31.84		0.947704		
31.85		0.947724		
31.86		0.947744		
31.87		0.947764		
31.88		0.947784		
31.89		0.947803		
31.9		0.947823		
31.91		0.947843		
31.92		0.947862		
31.93		0.947882		
31.94		0.947901		
31.95		0.94792		
31.96		0.94794		
31.97		0.947959		
31.98		0.947978		
31.99		0.947997		
32		0.948016		
32.01		0.948035		
32.02		0.948054		
32.03		0.948073		
32.04		0.948092		
32.05		0.948111		
32.06		0.94813		
32.07		0.948148		
32.08		0.948167		
32.09		0.948186		
32.1		0.948204		
32.11		0.948223		
32.12		0.948241		
32.13		0.94826		
32.14		0.948278		
32.15		0.948296		
32.16		0.948315		
32.17		0.948333		
32.18		0.948351		
32.19		0.948369		
32.2		0.948387		
32.21		0.948406		
32.22		0.948424		
32.23		0.948442		
32.24		0.94846		
32.25		0.948477		
32.26		0.948495		
32.27		0.948513		
32.28		0.948531		
32.29		0.948549		
32.3		0.948566		
32.31		0.948584		
32.32		0.948602		
32.33		0.948619		
32.34		0.948637		
32.35		0.948654		
32.36		0.948672		
32.37		0.948689		
32.38		0.948707		
32.39		0.948724		
32.4		0.948742		
32.41		0.948759		
32.42		0.948776		
32.43		0.948794		
32.44		0.948811		
32.45		0.948828		
32.46		0.948845		
32.47		0.948862		
32.48		0.948879		
32.49		0.948896		
32.5		0.948914		
32.51		0.948931		
32.52		0.948948		
32.53		0.948964		
32.54		0.948981		
32.55		0.948998		
32.56		0.949015		
32.57		0.949032		
32.58		0.949049		
32.59		0.949066		
32.6		0.949082		
32.61		0.949099		
32.62		0.949116		
32.63		0.949133		
32.64		0.949149		
32.65		0.949166		
32.66		0.949183		
32.67		0.949199		
32.68		0.949216		
32.69		0.949232		
32.7		0.949249		
32.71		0.949265		
32.72		0.949282		
32.73		0.949298		
32.74		0.949315		
32.75		0.949331		
32.76		0.949347		
32.77		0.949364		
32.78		0.94938		
32.79		0.949396		
32.8		0.949413		
32.81		0.949429		
32.82		0.949445		
32.83		0.949461		
32.84		0.949478		
32.85		0.949494		
32.86		0.94951		
32.87		0.949526		
32.88		0.949542		
32.89		0.949558		
32.9		0.949575		
32.91		0.949591		
32.92		0.949607		
32.93		0.949623		
32.94		0.949639		
32.95		0.949655		
32.96		0.949671		
32.97		0.949687		
32.98		0.949703		
32.99		0.949719		
33		0.949734		
33.01		0.94975		
33.02		0.949766		
33.03		0.949782		
33.04		0.949798		
33.05		0.949814		
33.06		0.94983		
33.07		0.949845		
33.08		0.949861		
33.09		0.949877		
33.1		0.949893		
33.11		0.949908		
33.12		0.949924		
33.13		0.94994		
33.14		0.949955		
33.15		0.949971		
33.16		0.949987		
33.17		0.950002		
33.18		0.950018		
33.19		0.950034		
33.2		0.950049		
33.21		0.950065		
33.22		0.95008		
33.23		0.950096		
33.24		0.950111		
33.25		0.950127		
33.26		0.950142		
33.27		0.950158		
33.28		0.950173		
33.29		0.950189		
33.3		0.950204		
33.31		0.95022		
33.32		0.950235		
33.33		0.95025		
33.34		0.950266		
33.35		0.950281		
33.36		0.950296		
33.37		0.950312		
33.38		0.950327		
33.39		0.950342		
33.4		0.950358		
33.41		0.950373		
33.42		0.950388		
33.43		0.950404		
33.44		0.950419		
33.45		0.950434		
33.46		0.950449		
33.47		0.950464		
33.48		0.95048		
33.49		0.950495		
33.5		0.95051		
33.51		0.950525		
33.52		0.95054		
33.53		0.950555		
33.54		0.950571		
33.55		0.950586		
33.56		0.950601		
33.57		0.950616		
33.58		0.950631		
33.59		0.950646		
33.6		0.950661		
33.61		0.950676		
33.62		0.950691		
33.63		0.950706		
33.64		0.950721		
33.65		0.950736		
33.66		0.950751		
33.67		0.950766		
33.68		0.950781		
33.69		0.950796		
33.7		0.950811		
33.71		0.950826		
33.72		0.950841		
33.73		0.950856		
33.74		0.95087		
33.75		0.950885		
33.76		0.9509		
33.77		0.950915		
33.78		0.95093		
33.79		0.950945		
33.8		0.95096		
33.81		0.950974		
33.82		0.950989		
33.83		0.951004		
33.84		0.951019		
33.85		0.951033		
33.86		0.951048		
33.87		0.951063		
33.88		0.951078		
33.89		0.951092		
33.9		0.951107		
33.91		0.951122		
33.92		0.951136		
33.93		0.951151		
33.94		0.951166		
33.95		0.95118		
33.96		0.951195		
33.97		0.95121		
33.98		0.951224		
33.99		0.951239		
34		0.951254		
34.01		0.951268		
34.02		0.951283		
34.03		0.951297		
34.04		0.951312		
34.05		0.951326		
34.06		0.951341		
34.07		0.951355		
34.08		0.95137		
34.09		0.951384		
34.1		0.951399		
34.11		0.951413		
34.12		0.951428		
34.13		0.951442		
34.14		0.951457		
34.15		0.951471		
34.16		0.951486		
34.17		0.9515		
34.18		0.951514		
34.19		0.951529		
34.2		0.951543		
34.21		0.951558		
34.22		0.951572		
34.23		0.951586		
34.24		0.951601		
34.25		0.951615		
34.26		0.951629		
34.27		0.951644		
34.28		0.951658		
34.29		0.951672		
34.3		0.951687		
34.31		0.951701		
34.32		0.951715		
34.33		0.951729		
34.34		0.951744		
34.35		0.951758		
34.36		0.951772		
34.37		0.951786		
34.38		0.9518		
34.39		0.951815		
34.4		0.951829		
34.41		0.951843		
34.42		0.951857		
34.43		0.951871		
34.44		0.951885		
34.45		0.9519		
34.46		0.951914		
34.47		0.951928		
34.48		0.951942		
34.49		0.951956		
34.5		0.95197		
34.51		0.951984		
34.52		0.951998		
34.53		0.952012		
34.54		0.952026		
34.55		0.95204		
34.56		0.952054		
34.57		0.952068		
34.58		0.952082		
34.59		0.952096		
34.6		0.95211		
34.61		0.952124		
34.62		0.952138		
34.63		0.952152		
34.64		0.952166		
34.65		0.95218		
34.66		0.952194		
34.67		0.952208		
34.68		0.952222		
34.69		0.952236		
34.7		0.95225		
34.71		0.952264		
34.72		0.952278		
34.73		0.952291		
34.74		0.952305		
34.75		0.952319		
34.76		0.952333		
34.77		0.952347		
34.78		0.952361		
34.79		0.952374		
34.8		0.952388		
34.81		0.952402		
34.82		0.952416		
34.83		0.95243		
34.84		0.952443		
34.85		0.952457		
34.86		0.952471		
34.87		0.952485		
34.88		0.952498		
34.89		0.952512		
34.9		0.952526		
34.91		0.952539		
34.92		0.952553		
34.93		0.952567		
34.94		0.95258		
34.95		0.952594		
34.96		0.952608		
34.97		0.952621		
34.98		0.952635		
34.99		0.952649		
35		0.952662		
35.01		0.952676		
35.02		0.95269		
35.03		0.952703		
35.04		0.952717		
35.05		0.95273		
35.06		0.952744		
35.07		0.952757		
35.08		0.952771		
35.09		0.952784		
35.1		0.952798		
35.11		0.952812		
35.12		0.952825		
35.13		0.952839		
35.14		0.952852		
35.15		0.952866		
35.16		0.952879		
35.17		0.952892		
35.18		0.952906		
35.19		0.952919		
35.2		0.952933		
35.21		0.952946		
35.22		0.95296		
35.23		0.952973		
35.24		0.952986		
35.25		0.953		
35.26		0.953013		
35.27		0.953027		
35.28		0.95304		
35.29		0.953053		
35.3		0.953067		
35.31		0.95308		
35.32		0.953093		
35.33		0.953107		
35.34		0.95312		
35.35		0.953133		
35.36		0.953147		
35.37		0.95316		
35.38		0.953173		
35.39		0.953186		
35.4		0.9532		
35.41		0.953213		
35.42		0.953226		
35.43		0.953239		
35.44		0.953253		
35.45		0.953266		
35.46		0.953279		
35.47		0.953292		
35.48		0.953306		
35.49		0.953319		
35.5		0.953332		
35.51		0.953345		
35.52		0.953358		
35.53		0.953371		
35.54		0.953385		
35.55		0.953398		
35.56		0.953411		
35.57		0.953424		
35.58		0.953437		
35.59		0.95345		
35.6		0.953463		
35.61		0.953476		
35.62		0.953489		
35.63		0.953502		
35.64		0.953516		
35.65		0.953529		
35.66		0.953542		
35.67		0.953555		
35.68		0.953568		
35.69		0.953581		
35.7		0.953594		
35.71		0.953607		
35.72		0.95362		
35.73		0.953633		
35.74		0.953646		
35.75		0.953659		
35.76		0.953672		
35.77		0.953685		
35.78		0.953698		
35.79		0.95371		
35.8		0.953723		
35.81		0.953736		
35.82		0.953749		
35.83		0.953762		
35.84		0.953775		
35.85		0.953788		
35.86		0.953801		
35.87		0.953814		
35.88		0.953827		
35.89		0.953839		
35.9		0.953852		
35.91		0.953865		
35.92		0.953878		
35.93		0.953891		
35.94		0.953904		
35.95		0.953916		
35.96		0.953929		
35.97		0.953942		
35.98		0.953955		
35.99		0.953968		
36		0.95398		
36.01		0.953993		
36.02		0.954006		
36.03		0.954019		
36.04		0.954031		
36.05		0.954044		
36.06		0.954057		
36.07		0.95407		
36.08		0.954082		
36.09		0.954095		
36.1		0.954108		
36.11		0.95412		
36.12		0.954133		
36.13		0.954146		
36.14		0.954158		
36.15		0.954171		
36.16		0.954184		
36.17		0.954196		
36.18		0.954209		
36.19		0.954222		
36.2		0.954234		
36.21		0.954247		
36.22		0.954259		
36.23		0.954272		
36.24		0.954285		
36.25		0.954297		
36.26		0.95431		
36.27		0.954322		
36.28		0.954335		
36.29		0.954347		
36.3		0.95436		
36.31		0.954372		
36.32		0.954385		
36.33		0.954397		
36.34		0.95441		
36.35		0.954422		
36.36		0.954435		
36.37		0.954447		
36.38		0.95446		
36.39		0.954472		
36.4		0.954485		
36.41		0.954497		
36.42		0.95451		
36.43		0.954522		
36.44		0.954535		
36.45		0.954547		
36.46		0.95456		
36.47		0.954572		
36.48		0.954584		
36.49		0.954597		
36.5		0.954609		
36.51		0.954621		
36.52		0.954634		
36.53		0.954646		
36.54		0.954659		
36.55		0.954671		
36.56		0.954683		
36.57		0.954696		
36.58		0.954708		
36.59		0.95472		
36.6		0.954733		
36.61		0.954745		
36.62		0.954757		
36.63		0.95477		
36.64		0.954782		
36.65		0.954794		
36.66		0.954806		
36.67		0.954819		
36.68		0.954831		
36.69		0.954843		
36.7		0.954855		
36.71		0.954868		
36.72		0.95488		
36.73		0.954892		
36.74		0.954904		
36.75		0.954917		
36.76		0.954929		
36.77		0.954941		
36.78		0.954953		
36.79		0.954965		
36.8		0.954977		
36.81		0.95499		
36.82		0.955002		
36.83		0.955014		
36.84		0.955026		
36.85		0.955038		
36.86		0.95505		
36.87		0.955063		
36.88		0.955075		
36.89		0.955087		
36.9		0.955099		
36.91		0.955111		
36.92		0.955123		
36.93		0.955135		
36.94		0.955147		
36.95		0.955159		
36.96		0.955171		
36.97		0.955183		
36.98		0.955195		
36.99		0.955207		
37		0.95522		
37.01		0.955232		
37.02		0.955244		
37.03		0.955256		
37.04		0.955268		
37.05		0.95528		
37.06		0.955292		
37.07		0.955304		
37.08		0.955316		
37.09		0.955328		
37.1		0.95534		
37.11		0.955351		
37.12		0.955363		
37.13		0.955375		
37.14		0.955387		
37.15		0.955399		
37.16		0.955411		
37.17		0.955423		
37.18		0.955435		
37.19		0.955447		
37.2		0.955459		
37.21		0.955471		
37.22		0.955483		
37.23		0.955494		
37.24		0.955506		
37.25		0.955518		
37.26		0.95553		
37.27		0.955542		
37.28		0.955554		
37.29		0.955566		
37.3		0.955577		
37.31		0.955589		
37.32		0.955601		
37.33		0.955613		
37.34		0.955625		
37.35		0.955637		
37.36		0.955648		
37.37		0.95566		
37.38		0.955672		
37.39		0.955684		
37.4		0.955695		
37.41		0.955707		
37.42		0.955719		
37.43		0.955731		
37.44		0.955742		
37.45		0.955754		
37.46		0.955766		
37.47		0.955778		
37.48		0.955789		
37.49		0.955801		
37.5		0.955813		
37.51		0.955824		
37.52		0.955836		
37.53		0.955848		
37.54		0.95586		
37.55		0.955871		
37.56		0.955883		
37.57		0.955895		
37.58		0.955906		
37.59		0.955918		
37.6		0.955929		
37.61		0.955941		
37.62		0.955953		
37.63		0.955964		
37.64		0.955976		
37.65		0.955988		
37.66		0.955999		
37.67		0.956011		
37.68		0.956022		
37.69		0.956034		
37.7		0.956045		
37.71		0.956057		
37.72		0.956069		
37.73		0.95608		
37.74		0.956092		
37.75		0.956103		
37.76		0.956115		
37.77		0.956126		
37.78		0.956138		
37.79		0.956149		
37.8		0.956161		
37.81		0.956172		
37.82		0.956184		
37.83		0.956195		
37.84		0.956207		
37.85		0.956218		
37.86		0.95623		
37.87		0.956241		
37.88		0.956253		
37.89		0.956264		
37.9		0.956276		
37.91		0.956287		
37.92		0.956299		
37.93		0.95631		
37.94		0.956321		
37.95		0.956333		
37.96		0.956344		
37.97		0.956356		
37.98		0.956367		
37.99		0.956379		
38		0.95639		
38.01		0.956401		
38.02		0.956413		
38.03		0.956424		
38.04		0.956435		
38.05		0.956447		
38.06		0.956458		
38.07		0.956469		
38.08		0.956481		
38.09		0.956492		
38.1		0.956503		
38.11		0.956515		
38.12		0.956526		
38.13		0.956537		
38.14		0.956549		
38.15		0.95656		
38.16		0.956571		
38.17		0.956583		
38.18		0.956594		
38.19		0.956605		
38.2		0.956616		
38.21		0.956628		
38.22		0.956639		
38.23		0.95665		
38.24		0.956661		
38.25		0.956673		
38.26		0.956684		
38.27		0.956695		
38.28		0.956706		
38.29		0.956718		
38.3		0.956729		
38.31		0.95674		
38.32		0.956751		
38.33		0.956762		
38.34		0.956774		
38.35		0.956785		
38.36		0.956796		
38.37		0.956807		
38.38		0.956818		
38.39		0.956829		
38.4		0.956841		
38.41		0.956852		
38.42		0.956863		
38.43		0.956874		
38.44		0.956885		
38.45		0.956896		
38.46		0.956907		
38.47		0.956919		
38.48		0.95693		
38.49		0.956941		
38.5		0.956952		
38.51		0.956963		
38.52		0.956974		
38.53		0.956985		
38.54		0.956996		
38.55		0.957007		
38.56		0.957018		
38.57		0.957029		
38.58		0.95704		
38.59		0.957051		
38.6		0.957063		
38.61		0.957074		
38.62		0.957085		
38.63		0.957096		
38.64		0.957107		
38.65		0.957118		
38.66		0.957129		
38.67		0.95714		
38.68		0.957151		
38.69		0.957162		
38.7		0.957173		
38.71		0.957184		
38.72		0.957195		
38.73		0.957206		
38.74		0.957216		
38.75		0.957227		
38.76		0.957238		
38.77		0.957249		
38.78		0.95726		
38.79		0.957271		
38.8		0.957282		
38.81		0.957293		
38.82		0.957304		
38.83		0.957315		
38.84		0.957326		
38.85		0.957337		
38.86		0.957348		
38.87		0.957358		
38.88		0.957369		
38.89		0.95738		
38.9		0.957391		
38.91		0.957402		
38.92		0.957413		
38.93		0.957424		
38.94		0.957435		
38.95		0.957445		
38.96		0.957456		
38.97		0.957467		
38.98		0.957478		
38.99		0.957489		
39		0.957499		
39.01		0.95751		
39.02		0.957521		
39.03		0.957532		
39.04		0.957543		
39.05		0.957553		
39.06		0.957564		
39.07		0.957575		
39.08		0.957586		
39.09		0.957597		
39.1		0.957607		
39.11		0.957618		
39.12		0.957629		
39.13		0.95764		
39.14		0.95765		
39.15		0.957661		
39.16		0.957672		
39.17		0.957683		
39.18		0.957693		
39.19		0.957704		
39.2		0.957715		
39.21		0.957725		
39.22		0.957736		
39.23		0.957747		
39.24		0.957757		
39.25		0.957768		
39.26		0.957779		
39.27		0.95779		
39.28		0.9578		
39.29		0.957811		
39.3		0.957822		
39.31		0.957832		
39.32		0.957843		
39.33		0.957853		
39.34		0.957864		
39.35		0.957875		
39.36		0.957885		
39.37		0.957896		
39.38		0.957907		
39.39		0.957917		
39.4		0.957928		
39.41		0.957938		
39.42		0.957949		
39.43		0.95796		
39.44		0.95797		
39.45		0.957981		
39.46		0.957991		
39.47		0.958002		
39.48		0.958012		
39.49		0.958023		
39.5		0.958034		
39.51		0.958044		
39.52		0.958055		
39.53		0.958065		
39.54		0.958076		
39.55		0.958086		
39.56		0.958097		
39.57		0.958107		
39.58		0.958118		
39.59		0.958128		
39.6		0.958139		
39.61		0.958149		
39.62		0.95816		
39.63		0.95817		
39.64		0.958181		
39.65		0.958191		
39.66		0.958202		
39.67		0.958212		
39.68		0.958223		
39.69		0.958233		
39.7		0.958244		
39.71		0.958254		
39.72		0.958264		
39.73		0.958275		
39.74		0.958285		
39.75		0.958296		
39.76		0.958306		
39.77		0.958317		
39.78		0.958327		
39.79		0.958337		
39.8		0.958348		
39.81		0.958358		
39.82		0.958369		
39.83		0.958379		
39.84		0.958389		
39.85		0.9584		
39.86		0.95841		
39.87		0.95842		
39.88		0.958431		
39.89		0.958441		
39.9		0.958451		
39.91		0.958462		
39.92		0.958472		
39.93		0.958482		
39.94		0.958493		
39.95		0.958503		
39.96		0.958513		
39.97		0.958524		
39.98		0.958534		
39.99		0.958544		
40		0.958555		
40.01		0.958565		
40.02		0.958575		
40.03		0.958586		
40.04		0.958596		
40.05		0.958606		
40.06		0.958616		
40.07		0.958627		
40.08		0.958637		
40.09		0.958647		
40.1		0.958657		
40.11		0.958668		
40.12		0.958678		
40.13		0.958688		
40.14		0.958698		
40.15		0.958709		
40.16		0.958719		
40.17		0.958729		
40.18		0.958739		
40.19		0.958749		
40.2		0.95876		
40.21		0.95877		
40.22		0.95878		
40.23		0.95879		
40.24		0.9588		
40.25		0.958811		
40.26		0.958821		
40.27		0.958831		
40.28		0.958841		
40.29		0.958851		
40.3		0.958861		
40.31		0.958872		
40.32		0.958882		
40.33		0.958892		
40.34		0.958902		
40.35		0.958912		
40.36		0.958922		
40.37		0.958932		
40.38		0.958942		
40.39		0.958953		
40.4		0.958963		
40.41		0.958973		
40.42		0.958983		
40.43		0.958993		
40.44		0.959003		
40.45		0.959013		
40.46		0.959023		
40.47		0.959033		
40.48		0.959043		
40.49		0.959053		
40.5		0.959063		
40.51		0.959074		
40.52		0.959084		
40.53		0.959094		
40.54		0.959104		
40.55		0.959114		
40.56		0.959124		
40.57		0.959134		
40.58		0.959144		
40.59		0.959154		
40.6		0.959164		
40.61		0.959174		
40.62		0.959184		
40.63		0.959194		
40.64		0.959204		
40.65		0.959214		
40.66		0.959224		
40.67		0.959234		
40.68		0.959244		
40.69		0.959254		
40.7		0.959264		
40.71		0.959274		
40.72		0.959284		
40.73		0.959294		
40.74		0.959304		
40.75		0.959313		
40.76		0.959323		
40.77		0.959333		
40.78		0.959343		
40.79		0.959353		
40.8		0.959363		
40.81		0.959373		
40.82		0.959383		
40.83		0.959393		
40.84		0.959403		
40.85		0.959413		
40.86		0.959423		
40.87		0.959432		
40.88		0.959442		
40.89		0.959452		
40.9		0.959462		
40.91		0.959472		
40.92		0.959482		
40.93		0.959492		
40.94		0.959501		
40.95		0.959511		
40.96		0.959521		
40.97		0.959531		
40.98		0.959541		
40.99		0.959551		
41		0.959561		
41.01		0.95957		
41.02		0.95958		
41.03		0.95959		
41.04		0.9596		
41.05		0.95961		
41.06		0.959619		
41.07		0.959629		
41.08		0.959639		
41.09		0.959649		
41.1		0.959659		
41.11		0.959668		
41.12		0.959678		
41.13		0.959688		
41.14		0.959698		
41.15		0.959707		
41.16		0.959717		
41.17		0.959727		
41.18		0.959737		
41.19		0.959746		
41.2		0.959756		
41.21		0.959766		
41.22		0.959776		
41.23		0.959785		
41.24		0.959795		
41.25		0.959805		
41.26		0.959815		
41.27		0.959824		
41.28		0.959834		
41.29		0.959844		
41.3		0.959853		
41.31		0.959863		
41.32		0.959873		
41.33		0.959882		
41.34		0.959892		
41.35		0.959902		
41.36		0.959911		
41.37		0.959921		
41.38		0.959931		
41.39		0.95994		
41.4		0.95995		
41.41		0.95996		
41.42		0.959969		
41.43		0.959979		
41.44		0.959989		
41.45		0.959998		
41.46		0.960008		
41.47		0.960018		
41.48		0.960027		
41.49		0.960037		
41.5		0.960046		
41.51		0.960056		
41.52		0.960066		
41.53		0.960075		
41.54		0.960085		
41.55		0.960094		
41.56		0.960104		
41.57		0.960113		
41.58		0.960123		
41.59		0.960133		
41.6		0.960142		
41.61		0.960152		
41.62		0.960161		
41.63		0.960171		
41.64		0.96018		
41.65		0.96019		
41.66		0.960199		
41.67		0.960209		
41.68		0.960219		
41.69		0.960228		
41.7		0.960238		
41.71		0.960247		
41.72		0.960257		
41.73		0.960266		
41.74		0.960276		
41.75		0.960285		
41.76		0.960295		
41.77		0.960304		
41.78		0.960314		
41.79		0.960323		
41.8		0.960333		
41.81		0.960342		
41.82		0.960352		
41.83		0.960361		
41.84		0.96037		
41.85		0.96038		
41.86		0.960389		
41.87		0.960399		
41.88		0.960408		
41.89		0.960418		
41.9		0.960427		
41.91		0.960437		
41.92		0.960446		
41.93		0.960455		
41.94		0.960465		
41.95		0.960474		
41.96		0.960484		
41.97		0.960493		
41.98		0.960503		
41.99		0.960512		
42		0.960521		
42.01		0.960531		
42.02		0.96054		
42.03		0.96055		
42.04		0.960559		
42.05		0.960568		
42.06		0.960578		
42.07		0.960587		
42.08		0.960596		
42.09		0.960606		
42.1		0.960615		
42.11		0.960624		
42.12		0.960634		
42.13		0.960643		
42.14		0.960652		
42.15		0.960662		
42.16		0.960671		
42.17		0.96068		
42.18		0.96069		
42.19		0.960699		
42.2		0.960708		
42.21		0.960718		
42.22		0.960727		
42.23		0.960736		
42.24		0.960746		
42.25		0.960755		
42.26		0.960764		
42.27		0.960774		
42.28		0.960783		
42.29		0.960792		
42.3		0.960801		
42.31		0.960811		
42.32		0.96082		
42.33		0.960829		
42.34		0.960838		
42.35		0.960848		
42.36		0.960857		
42.37		0.960866		
42.38		0.960875		
42.39		0.960885		
42.4		0.960894		
42.41		0.960903		
42.42		0.960912		
42.43		0.960922		
42.44		0.960931		
42.45		0.96094		
42.46		0.960949		
42.47		0.960958		
42.48		0.960968		
42.49		0.960977		
42.5		0.960986		
42.51		0.960995		
42.52		0.961004		
42.53		0.961014		
42.54		0.961023		
42.55		0.961032		
42.56		0.961041		
42.57		0.96105		
42.58		0.961059		
42.59		0.961069		
42.6		0.961078		
42.61		0.961087		
42.62		0.961096		
42.63		0.961105		
42.64		0.961114		
42.65		0.961123		
42.66		0.961133		
42.67		0.961142		
42.68		0.961151		
42.69		0.96116		
42.7		0.961169		
42.71		0.961178		
42.72		0.961187		
42.73		0.961196		
42.74		0.961205		
42.75		0.961215		
42.76		0.961224		
42.77		0.961233		
42.78		0.961242		
42.79		0.961251		
42.8		0.96126		
42.81		0.961269		
42.82		0.961278		
42.83		0.961287		
42.84		0.961296		
42.85		0.961305		
42.86		0.961314		
42.87		0.961323		
42.88		0.961332		
42.89		0.961341		
42.9		0.96135		
42.91		0.96136		
42.92		0.961369		
42.93		0.961378		
42.94		0.961387		
42.95		0.961396		
42.96		0.961405		
42.97		0.961414		
42.98		0.961423		
42.99		0.961432		
43		0.961441		
43.01		0.96145		
43.02		0.961459		
43.03		0.961468		
43.04		0.961477		
43.05		0.961486		
43.06		0.961495		
43.07		0.961504		
43.08		0.961512		
43.09		0.961521		
43.1		0.96153		
43.11		0.961539		
43.12		0.961548		
43.13		0.961557		
43.14		0.961566		
43.15		0.961575		
43.16		0.961584		
43.17		0.961593		
43.18		0.961602		
43.19		0.961611		
43.2		0.96162		
43.21		0.961629		
43.22		0.961638		
43.23		0.961647		
43.24		0.961655		
43.25		0.961664		
43.26		0.961673		
43.27		0.961682		
43.28		0.961691		
43.29		0.9617		
43.3		0.961709		
43.31		0.961718		
43.32		0.961727		
43.33		0.961735		
43.34		0.961744		
43.35		0.961753		
43.36		0.961762		
43.37		0.961771		
43.38		0.96178		
43.39		0.961789		
43.4		0.961797		
43.41		0.961806		
43.42		0.961815		
43.43		0.961824		
43.44		0.961833		
43.45		0.961842		
43.46		0.96185		
43.47		0.961859		
43.48		0.961868		
43.49		0.961877		
43.5		0.961886		
43.51		0.961895		
43.52		0.961903		
43.53		0.961912		
43.54		0.961921		
43.55		0.96193		
43.56		0.961938		
43.57		0.961947		
43.58		0.961956		
43.59		0.961965		
43.6		0.961974		
43.61		0.961982		
43.62		0.961991		
43.63		0.962		
43.64		0.962009		
43.65		0.962017		
43.66		0.962026		
43.67		0.962035		
43.68		0.962044		
43.69		0.962052		
43.7		0.962061		
43.71		0.96207		
43.72		0.962079		
43.73		0.962087		
43.74		0.962096		
43.75		0.962105		
43.76		0.962113		
43.77		0.962122		
43.78		0.962131		
43.79		0.96214		
43.8		0.962148		
43.81		0.962157		
43.82		0.962166		
43.83		0.962174		
43.84		0.962183		
43.85		0.962192		
43.86		0.9622		
43.87		0.962209		
43.88		0.962218		
43.89		0.962226		
43.9		0.962235		
43.91		0.962244		
43.92		0.962252		
43.93		0.962261		
43.94		0.96227		
43.95		0.962278		
43.96		0.962287		
43.97		0.962296		
43.98		0.962304		
43.99		0.962313		
44		0.962321		
44.01		0.96233		
44.02		0.962339		
44.03		0.962347		
44.04		0.962356		
44.05		0.962365		
44.06		0.962373		
44.07		0.962382		
44.08		0.96239		
44.09		0.962399		
44.1		0.962408		
44.11		0.962416		
44.12		0.962425		
44.13		0.962433		
44.14		0.962442		
44.15		0.96245		
44.16		0.962459		
44.17		0.962468		
44.18		0.962476		
44.19		0.962485		
44.2		0.962493		
44.21		0.962502		
44.22		0.96251		
44.23		0.962519		
44.24		0.962527		
44.25		0.962536		
44.26		0.962545		
44.27		0.962553		
44.28		0.962562		
44.29		0.96257		
44.3		0.962579		
44.31		0.962587		
44.32		0.962596		
44.33		0.962604		
44.34		0.962613		
44.35		0.962621		
44.36		0.96263		
44.37		0.962638		
44.38		0.962647		
44.39		0.962655		
44.4		0.962664		
44.41		0.962672		
44.42		0.962681		
44.43		0.962689		
44.44		0.962698		
44.45		0.962706		
44.46		0.962715		
44.47		0.962723		
44.48		0.962731		
44.49		0.96274		
44.5		0.962748		
44.51		0.962757		
44.52		0.962765		
44.53		0.962774		
44.54		0.962782		
44.55		0.962791		
44.56		0.962799		
44.57		0.962807		
44.58		0.962816		
44.59		0.962824		
44.6		0.962833		
44.61		0.962841		
44.62		0.962849		
44.63		0.962858		
44.64		0.962866		
44.65		0.962875		
44.66		0.962883		
44.67		0.962891		
44.68		0.9629		
44.69		0.962908		
44.7		0.962917		
44.71		0.962925		
44.72		0.962933		
44.73		0.962942		
44.74		0.96295		
44.75		0.962959		
44.76		0.962967		
44.77		0.962975		
44.78		0.962984		
44.79		0.962992		
44.8		0.963		
44.81		0.963009		
44.82		0.963017		
44.83		0.963025		
44.84		0.963034		
44.85		0.963042		
44.86		0.96305		
44.87		0.963059		
44.88		0.963067		
44.89		0.963075		
44.9		0.963084		
44.91		0.963092		
44.92		0.9631		
44.93		0.963109		
44.94		0.963117		
44.95		0.963125		
44.96		0.963133		
44.97		0.963142		
44.98		0.96315		
44.99		0.963158		
45		0.963167		
45.01		0.963175		
45.02		0.963183		
45.03		0.963191		
45.04		0.9632		
45.05		0.963208		
45.06		0.963216		
45.07		0.963224		
45.08		0.963233		
45.09		0.963241		
45.1		0.963249		
45.11		0.963257		
45.12		0.963266		
45.13		0.963274		
45.14		0.963282		
45.15		0.96329		
45.16		0.963299		
45.17		0.963307		
45.18		0.963315		
45.19		0.963323		
45.2		0.963331		
45.21		0.96334		
45.22		0.963348		
45.23		0.963356		
45.24		0.963364		
45.25		0.963372		
45.26		0.963381		
45.27		0.963389		
45.28		0.963397		
45.29		0.963405		
45.3		0.963413		
45.31		0.963422		
45.32		0.96343		
45.33		0.963438		
45.34		0.963446		
45.35		0.963454		
45.36		0.963462		
45.37		0.963471		
45.38		0.963479		
45.39		0.963487		
45.4		0.963495		
45.41		0.963503		
45.42		0.963511		
45.43		0.96352		
45.44		0.963528		
45.45		0.963536		
45.46		0.963544		
45.47		0.963552		
45.48		0.96356		
45.49		0.963568		
45.5		0.963576		
45.51		0.963585		
45.52		0.963593		
45.53		0.963601		
45.54		0.963609		
45.55		0.963617		
45.56		0.963625		
45.57		0.963633		
45.58		0.963641		
45.59		0.963649		
45.6		0.963657		
45.61		0.963665		
45.62		0.963674		
45.63		0.963682		
45.64		0.96369		
45.65		0.963698		
45.66		0.963706		
45.67		0.963714		
45.68		0.963722		
45.69		0.96373		
45.7		0.963738		
45.71		0.963746		
45.72		0.963754		
45.73		0.963762		
45.74		0.96377		
45.75		0.963778		
45.76		0.963786		
45.77		0.963794		
45.78		0.963802		
45.79		0.96381		
45.8		0.963818		
45.81		0.963826		
45.82		0.963834		
45.83		0.963842		
45.84		0.96385		
45.85		0.963858		
45.86		0.963866		
45.87		0.963874		
45.88		0.963882		
45.89		0.96389		
45.9		0.963898		
45.91		0.963906		
45.92		0.963914		
45.93		0.963922		
45.94		0.96393		
45.95		0.963938		
45.96		0.963946		
45.97		0.963954		
45.98		0.963962		
45.99		0.96397		
46		0.963978		
46.01		0.963986		
46.02		0.963994		
46.03		0.964002		
46.04		0.96401		
46.05		0.964018		
46.06		0.964026		
46.07		0.964034		
46.08		0.964042		
46.09		0.96405		
46.1		0.964058		
46.11		0.964065		
46.12		0.964073		
46.13		0.964081		
46.14		0.964089		
46.15		0.964097		
46.16		0.964105		
46.17		0.964113		
46.18		0.964121		
46.19		0.964129		
46.2		0.964137		
46.21		0.964145		
46.22		0.964152		
46.23		0.96416		
46.24		0.964168		
46.25		0.964176		
46.26		0.964184		
46.27		0.964192		
46.28		0.9642		
46.29		0.964208		
46.3		0.964215		
46.31		0.964223		
46.32		0.964231		
46.33		0.964239		
46.34		0.964247		
46.35		0.964255		
46.36		0.964263		
46.37		0.96427		
46.38		0.964278		
46.39		0.964286		
46.4		0.964294		
46.41		0.964302		
46.42		0.96431		
46.43		0.964317		
46.44		0.964325		
46.45		0.964333		
46.46		0.964341		
46.47		0.964349		
46.48		0.964356		
46.49		0.964364		
46.5		0.964372		
46.51		0.96438		
46.52		0.964388		
46.53		0.964395		
46.54		0.964403		
46.55		0.964411		
46.56		0.964419		
46.57		0.964427		
46.58		0.964434		
46.59		0.964442		
46.6		0.96445		
46.61		0.964458		
46.62		0.964465		
46.63		0.964473		
46.64		0.964481		
46.65		0.964489		
46.66		0.964497		
46.67		0.964504		
46.68		0.964512		
46.69		0.96452		
46.7		0.964528		
46.71		0.964535		
46.72		0.964543		
46.73		0.964551		
46.74		0.964558		
46.75		0.964566		
46.76		0.964574		
46.77		0.964582		
46.78		0.964589		
46.79		0.964597		
46.8		0.964605		
46.81		0.964612		
46.82		0.96462		
46.83		0.964628		
46.84		0.964636		
46.85		0.964643		
46.86		0.964651		
46.87		0.964659		
46.88		0.964666		
46.89		0.964674		
46.9		0.964682		
46.91		0.964689		
46.92		0.964697		
46.93		0.964705		
46.94		0.964712		
46.95		0.96472		
46.96		0.964728		
46.97		0.964735		
46.98		0.964743		
46.99		0.964751		
47		0.964758		
47.01		0.964766		
47.02		0.964774		
47.03		0.964781		
47.04		0.964789		
47.05		0.964797		
47.06		0.964804		
47.07		0.964812		
47.08		0.96482		
47.09		0.964827		
47.1		0.964835		
47.11		0.964842		
47.12		0.96485		
47.13		0.964858		
47.14		0.964865		
47.15		0.964873		
47.16		0.96488		
47.17		0.964888		
47.18		0.964896		
47.19		0.964903		
47.2		0.964911		
47.21		0.964918		
47.22		0.964926		
47.23		0.964934		
47.24		0.964941		
47.25		0.964949		
47.26		0.964956		
47.27		0.964964		
47.28		0.964972		
47.29		0.964979		
47.3		0.964987		
47.31		0.964994		
47.32		0.965002		
47.33		0.965009		
47.34		0.965017		
47.35		0.965024		
47.36		0.965032		
47.37		0.96504		
47.38		0.965047		
47.39		0.965055		
47.4		0.965062		
47.41		0.96507		
47.42		0.965077		
47.43		0.965085		
47.44		0.965092		
47.45		0.9651		
47.46		0.965107		
47.47		0.965115		
47.48		0.965122		
47.49		0.96513		
47.5		0.965137		
47.51		0.965145		
47.52		0.965152		
47.53		0.96516		
47.54		0.965167		
47.55		0.965175		
47.56		0.965182		
47.57		0.96519		
47.58		0.965197		
47.59		0.965205		
47.6		0.965212		
47.61		0.96522		
47.62		0.965227		
47.63		0.965235		
47.64		0.965242		
47.65		0.96525		
47.66		0.965257		
47.67		0.965265		
47.68		0.965272		
47.69		0.965279		
47.7		0.965287		
47.71		0.965294		
47.72		0.965302		
47.73		0.965309		
47.74		0.965317		
47.75		0.965324		
47.76		0.965332		
47.77		0.965339		
47.78		0.965346		
47.79		0.965354		
47.8		0.965361		
47.81		0.965369		
47.82		0.965376		
47.83		0.965384		
47.84		0.965391		
47.85		0.965398		
47.86		0.965406		
47.87		0.965413		
47.88		0.965421		
47.89		0.965428		
47.9		0.965435		
47.91		0.965443		
47.92		0.96545		
47.93		0.965458		
47.94		0.965465		
47.95		0.965472		
47.96		0.96548		
47.97		0.965487		
47.98		0.965494		
47.99		0.965502		
48		0.965509		
48.01		0.965517		
48.02		0.965524		
48.03		0.965531		
48.04		0.965539		
48.05		0.965546		
48.06		0.965553		
48.07		0.965561		
48.08		0.965568		
48.09		0.965575		
48.1		0.965583		
48.11		0.96559		
48.12		0.965597		
48.13		0.965605		
48.14		0.965612		
48.15		0.965619		
48.16		0.965627		
48.17		0.965634		
48.18		0.965641		
48.19		0.965649		
48.2		0.965656		
48.21		0.965663		
48.22		0.965671		
48.23		0.965678		
48.24		0.965685		
48.25		0.965692		
48.26		0.9657		
48.27		0.965707		
48.28		0.965714		
48.29		0.965722		
48.3		0.965729		
48.31		0.965736		
48.32		0.965743		
48.33		0.965751		
48.34		0.965758		
48.35		0.965765		
48.36		0.965773		
48.37		0.96578		
48.38		0.965787		
48.39		0.965794		
48.4		0.965802		
48.41		0.965809		
48.42		0.965816		
48.43		0.965823		
48.44		0.965831		
48.45		0.965838		
48.46		0.965845		
48.47		0.965852		
48.48		0.96586		
48.49		0.965867		
48.5		0.965874		
48.51		0.965881		
48.52		0.965889		
48.53		0.965896		
48.54		0.965903		
48.55		0.96591		
48.56		0.965917		
48.57		0.965925		
48.58		0.965932		
48.59		0.965939		
48.6		0.965946		
48.61		0.965953		
48.62		0.965961		
48.63		0.965968		
48.64		0.965975		
48.65		0.965982		
48.66		0.965989		
48.67		0.965997		
48.68		0.966004		
48.69		0.966011		
48.7		0.966018		
48.71		0.966025		
48.72		0.966032		
48.73		0.96604		
48.74		0.966047		
48.75		0.966054		
48.76		0.966061		
48.77		0.966068		
48.78		0.966075		
48.79		0.966083		
48.8		0.96609		
48.81		0.966097		
48.82		0.966104		
48.83		0.966111		
48.84		0.966118		
48.85		0.966125		
48.86		0.966133		
48.87		0.96614		
48.88		0.966147		
48.89		0.966154		
48.9		0.966161		
48.91		0.966168		
48.92		0.966175		
48.93		0.966182		
48.94		0.96619		
48.95		0.966197		
48.96		0.966204		
48.97		0.966211		
48.98		0.966218		
48.99		0.966225		
49		0.966232		
49.01		0.966239		
49.02		0.966246		
49.03		0.966253		
49.04		0.966261		
49.05		0.966268		
49.06		0.966275		
49.07		0.966282		
49.08		0.966289		
49.09		0.966296		
49.1		0.966303		
49.11		0.96631		
49.12		0.966317		
49.13		0.966324		
49.14		0.966331		
49.15		0.966338		
49.16		0.966345		
49.17		0.966352		
49.18		0.96636		
49.19		0.966367		
49.2		0.966374		
49.21		0.966381		
49.22		0.966388		
49.23		0.966395		
49.24		0.966402		
49.25		0.966409		
49.26		0.966416		
49.27		0.966423		
49.28		0.96643		
49.29		0.966437		
49.3		0.966444		
49.31		0.966451		
49.32		0.966458		
49.33		0.966465		
49.34		0.966472		
49.35		0.966479		
49.36		0.966486		
49.37		0.966493		
49.38		0.9665		
49.39		0.966507		
49.4		0.966514		
49.41		0.966521		
49.42		0.966528		
49.43		0.966535		
49.44		0.966542		
49.45		0.966549		
49.46		0.966556		
49.47		0.966563		
49.48		0.96657		
49.49		0.966577		
49.5		0.966584		
49.51		0.966591		
49.52		0.966598		
49.53		0.966605		
49.54		0.966612		
49.55		0.966619		
49.56		0.966626		
49.57		0.966632		
49.58		0.966639		
49.59		0.966646		
49.6		0.966653		
49.61		0.96666		
49.62		0.966667		
49.63		0.966674		
49.64		0.966681		
49.65		0.966688		
49.66		0.966695		
49.67		0.966702		
49.68		0.966709		
49.69		0.966716		
49.7		0.966723		
49.71		0.96673		
49.72		0.966736		
49.73		0.966743		
49.74		0.96675		
49.75		0.966757		
49.76		0.966764		
49.77		0.966771		
49.78		0.966778		
49.79		0.966785		
49.8		0.966792		
49.81		0.966799		
49.82		0.966805		
49.83		0.966812		
49.84		0.966819		
49.85		0.966826		
49.86		0.966833		
49.87		0.96684		
49.88		0.966847		
49.89		0.966854		
49.9		0.96686		
49.91		0.966867		
49.92		0.966874		
49.93		0.966881		
49.94		0.966888		
49.95		0.966895		
49.96		0.966902		
49.97		0.966908		
49.98		0.966915		
49.99		0.966922		
50		0.966929		
