tau [fm]		R_Pi^-1
0.25		-0
0.26		-0.000227528		
0.27		-0.000394064		
0.28		-0.000507815		
0.29		-0.000576019		
0.3		-0.000605061		
0.31		-0.000600574		
0.32		-0.000567524		
0.33		-0.000510292		
0.34		-0.00043274		
0.35		-0.000338273		
0.36		-0.00022989		
0.37		-0.00011023		
0.38		1.8386e-05		
0.39		0.000153917		
0.4		0.000294575		
0.41		0.000438793		
0.42		0.000585202		
0.43		0.000732608		
0.44		0.000879975		
0.45		0.0010264		
0.46		0.00117112		
0.47		0.00131347		
0.48		0.00145287		
0.49		0.00158886		
0.5		0.00172103		
0.51		0.00184905		
0.52		0.00197265		
0.53		0.00209162		
0.54		0.00220578		
0.55		0.00231503		
0.56		0.00241926		
0.57		0.00251843		
0.58		0.00261252		
0.59		0.00270152		
0.6		0.00278547		
0.61		0.0028644		
0.62		0.00293839		
0.63		0.0030075		
0.64		0.00307182		
0.65		0.00313146		
0.66		0.00318653		
0.67		0.00323714		
0.68		0.00328341		
0.69		0.00332547		
0.7		0.00336346		
0.71		0.0033975		
0.72		0.00342774		
0.73		0.0034543		
0.74		0.00347734		
0.75		0.00349698		
0.76		0.00351337		
0.77		0.00352663		
0.78		0.00353692		
0.79		0.00354434		
0.8		0.00354905		
0.81		0.00355116		
0.82		0.00355081		
0.83		0.00354811		
0.84		0.00354318		
0.85		0.00353615		
0.86		0.00352711		
0.87		0.0035162		
0.88		0.0035035		
0.89		0.00348913		
0.9		0.00347319		
0.91		0.00345576		
0.92		0.00343695		
0.93		0.00341684		
0.94		0.00339553		
0.95		0.00337308		
0.96		0.00334959		
0.97		0.00332513		
0.98		0.00329977		
0.99		0.00327358		
1		0.00324664		
1.01		0.00321899		
1.02		0.00319071		
1.03		0.00316186		
1.04		0.00313248		
1.05		0.00310264		
1.06		0.00307238		
1.07		0.00304175		
1.08		0.0030108		
1.09		0.00297956		
1.1		0.00294808		
1.11		0.0029164		
1.12		0.00288456		
1.13		0.00285259		
1.14		0.00282051		
1.15		0.00278837		
1.16		0.0027562		
1.17		0.00272401		
1.18		0.00269183		
1.19		0.00265969		
1.2		0.00262761		
1.21		0.00259561		
1.22		0.00256372		
1.23		0.00253194		
1.24		0.00250029		
1.25		0.0024688		
1.26		0.00243748		
1.27		0.00240633		
1.28		0.00237537		
1.29		0.00234462		
1.3		0.00231408		
1.31		0.00228376		
1.32		0.00225368		
1.33		0.00222383		
1.34		0.00219423		
1.35		0.00216489		
1.36		0.0021358		
1.37		0.00210698		
1.38		0.00207842		
1.39		0.00205014		
1.4		0.00202213		
1.41		0.0019944		
1.42		0.00196695		
1.43		0.00193978		
1.44		0.0019129		
1.45		0.0018863		
1.46		0.00185998		
1.47		0.00183395		
1.48		0.00180821		
1.49		0.00178275		
1.5		0.00175758		
1.51		0.00173269		
1.52		0.00170808		
1.53		0.00168375		
1.54		0.0016597		
1.55		0.00163593		
1.56		0.00161244		
1.57		0.00158922		
1.58		0.00156626		
1.59		0.00154358		
1.6		0.00152116		
1.61		0.00149901		
1.62		0.00147712		
1.63		0.00145548		
1.64		0.0014341		
1.65		0.00141296		
1.66		0.00139208		
1.67		0.00137144		
1.68		0.00135104		
1.69		0.00133088		
1.7		0.00131095		
1.71		0.00129125		
1.72		0.00127178		
1.73		0.00125254		
1.74		0.00123351		
1.75		0.0012147		
1.76		0.0011961		
1.77		0.00117772		
1.78		0.00115953		
1.79		0.00114155		
1.8		0.00112377		
1.81		0.00110619		
1.82		0.00108879		
1.83		0.00107158		
1.84		0.00105456		
1.85		0.00103772		
1.86		0.00102105		
1.87		0.00100456		
1.88		0.000988234		
1.89		0.000972078		
1.9		0.000956084		
1.91		0.000940251		
1.92		0.000924574		
1.93		0.00090905		
1.94		0.000893676		
1.95		0.000878448		
1.96		0.000863363		
1.97		0.000848418		
1.98		0.00083361		
1.99		0.000818935		
2		0.000804391		
2.01		0.000789975		
2.02		0.000775683		
2.03		0.000761512		
2.04		0.00074746		
2.05		0.000733524		
2.06		0.0007197		
2.07		0.000705986		
2.08		0.000692379		
2.09		0.000678876		
2.1		0.000665475		
2.11		0.000652172		
2.12		0.000638966		
2.13		0.000625854		
2.14		0.000612832		
2.15		0.000599899		
2.16		0.000587052		
2.17		0.000574288		
2.18		0.000561605		
2.19		0.000549001		
2.2		0.000536473		
2.21		0.00052402		
2.22		0.000511638		
2.23		0.000499325		
2.24		0.00048708		
2.25		0.0004749		
2.26		0.000462783		
2.27		0.000450726		
2.28		0.000438728		
2.29		0.000426788		
2.3		0.000414901		
2.31		0.000403068		
2.32		0.000391285		
2.33		0.000379551		
2.34		0.000367864		
2.35		0.000356223		
2.36		0.000344624		
2.37		0.000333067		
2.38		0.00032155		
2.39		0.000310071		
2.4		0.000298629		
2.41		0.000287221		
2.42		0.000275846		
2.43		0.000264503		
2.44		0.000253189		
2.45		0.000241904		
2.46		0.000230645		
2.47		0.000219412		
2.48		0.000208203		
2.49		0.000197016		
2.5		0.00018585		
2.51		0.000174703		
2.52		0.000163575		
2.53		0.000152463		
2.54		0.000141367		
2.55		0.000130285		
2.56		0.000119216		
2.57		0.000108158		
2.58		9.71108e-05		
2.59		8.60728e-05		
2.6		7.50428e-05		
2.61		6.40196e-05		
2.62		5.3002e-05		
2.63		4.1989e-05		
2.64		3.09794e-05		
2.65		1.99721e-05		
2.66		8.9661e-06		
2.67		-2.0397e-06		
2.68		-1.30463e-05		
2.69		-2.40547e-05		
2.7		-3.5066e-05		
2.71		-4.6081e-05		
2.72		-5.71007e-05		
2.73		-6.81262e-05		
2.74		-7.91582e-05		
2.75		-9.01978e-05		
2.76		-0.000101246		
2.77		-0.000112303		
2.78		-0.00012337		
2.79		-0.000134448		
2.8		-0.000145538		
2.81		-0.000156641		
2.82		-0.000167757		
2.83		-0.000178887		
2.84		-0.000190032		
2.85		-0.000201192		
2.86		-0.000212369		
2.87		-0.000223563		
2.88		-0.000234775		
2.89		-0.000246006		
2.9		-0.000257255		
2.91		-0.000268524		
2.92		-0.000279814		
2.93		-0.000291125		
2.94		-0.000302457		
2.95		-0.000313812		
2.96		-0.00032519		
2.97		-0.000336592		
2.98		-0.000348017		
2.99		-0.000359467		
3		-0.000370943		
3.01		-0.000382444		
3.02		-0.000393971		
3.03		-0.000405525		
3.04		-0.000417107		
3.05		-0.000428716		
3.06		-0.000440354		
3.07		-0.000452021		
3.08		-0.000463716		
3.09		-0.000475442		
3.1		-0.000487198		
3.11		-0.000498984		
3.12		-0.000510801		
3.13		-0.00052265		
3.14		-0.000534531		
3.15		-0.000546444		
3.16		-0.000558389		
3.17		-0.000570368		
3.18		-0.00058238		
3.19		-0.000594426		
3.2		-0.000606506		
3.21		-0.000618621		
3.22		-0.00063077		
3.23		-0.000642955		
3.24		-0.000655175		
3.25		-0.000667431		
3.26		-0.000679723		
3.27		-0.000692052		
3.28		-0.000704418		
3.29		-0.00071682		
3.3		-0.000729261		
3.31		-0.000741738		
3.32		-0.000754254		
3.33		-0.000766808		
3.34		-0.0007794		
3.35		-0.000792031		
3.36		-0.000804701		
3.37		-0.00081741		
3.38		-0.000830159		
3.39		-0.000842947		
3.4		-0.000855776		
3.41		-0.000868644		
3.42		-0.000881553		
3.43		-0.000894502		
3.44		-0.000907492		
3.45		-0.000920524		
3.46		-0.000933596		
3.47		-0.000946709		
3.48		-0.000959864		
3.49		-0.000973061		
3.5		-0.0009863		
3.51		-0.000999581		
3.52		-0.0010129		
3.53		-0.00102627		
3.54		-0.00103968		
3.55		-0.00105313		
3.56		-0.00106662		
3.57		-0.00108016		
3.58		-0.00109374		
3.59		-0.00110736		
3.6		-0.00112103		
3.61		-0.00113473		
3.62		-0.00114849		
3.63		-0.00116229		
3.64		-0.00117613		
3.65		-0.00119001		
3.66		-0.00120394		
3.67		-0.00121791		
3.68		-0.00123193		
3.69		-0.00124599		
3.7		-0.0012601		
3.71		-0.00127425		
3.72		-0.00128844		
3.73		-0.00130268		
3.74		-0.00131697		
3.75		-0.0013313		
3.76		-0.00134567		
3.77		-0.00136009		
3.78		-0.00137456		
3.79		-0.00138907		
3.8		-0.00140362		
3.81		-0.00141822		
3.82		-0.00143287		
3.83		-0.00144756		
3.84		-0.0014623		
3.85		-0.00147708		
3.86		-0.00149191		
3.87		-0.00150678		
3.88		-0.0015217		
3.89		-0.00153667		
3.9		-0.00155168		
3.91		-0.00156673		
3.92		-0.00158184		
3.93		-0.00159698		
3.94		-0.00161218		
3.95		-0.00162742		
3.96		-0.0016427		
3.97		-0.00165803		
3.98		-0.00167341		
3.99		-0.00168884		
4		-0.0017043		
4.01		-0.00171982		
4.02		-0.00173538		
4.03		-0.00175099		
4.04		-0.00176664		
4.05		-0.00178234		
4.06		-0.00179809		
4.07		-0.00181388		
4.08		-0.00182971		
4.09		-0.0018456		
4.1		-0.00186153		
4.11		-0.0018775		
4.12		-0.00189352		
4.13		-0.00190959		
4.14		-0.00192571		
4.15		-0.00194186		
4.16		-0.00195807		
4.17		-0.00197432		
4.18		-0.00199062		
4.19		-0.00200696		
4.2		-0.00202335		
4.21		-0.00203979		
4.22		-0.00205627		
4.23		-0.00207279		
4.24		-0.00208937		
4.25		-0.00210599		
4.26		-0.00212265		
4.27		-0.00213936		
4.28		-0.00215612		
4.29		-0.00217292		
4.3		-0.00218976		
4.31		-0.00220666		
4.32		-0.0022236		
4.33		-0.00224058		
4.34		-0.00225761		
4.35		-0.00227468		
4.36		-0.00229181		
4.37		-0.00230897		
4.38		-0.00232618		
4.39		-0.00234344		
4.4		-0.00236074		
4.41		-0.00237809		
4.42		-0.00239548		
4.43		-0.00241292		
4.44		-0.0024304		
4.45		-0.00244793		
4.46		-0.00246551		
4.47		-0.00248312		
4.48		-0.00250079		
4.49		-0.0025185		
4.5		-0.00253625		
4.51		-0.00255405		
4.52		-0.00257189		
4.53		-0.00258978		
4.54		-0.00260771		
4.55		-0.00262569		
4.56		-0.00264371		
4.57		-0.00266178		
4.58		-0.00267989		
4.59		-0.00269804		
4.6		-0.00271624		
4.61		-0.00273449		
4.62		-0.00275277		
4.63		-0.00277111		
4.64		-0.00278948		
4.65		-0.0028079		
4.66		-0.00282637		
4.67		-0.00284488		
4.68		-0.00286343		
4.69		-0.00288203		
4.7		-0.00290067		
4.71		-0.00291935		
4.72		-0.00293808		
4.73		-0.00295685		
4.74		-0.00297567		
4.75		-0.00299453		
4.76		-0.00301343		
4.77		-0.00303238		
4.78		-0.00305136		
4.79		-0.0030704		
4.8		-0.00308947		
4.81		-0.00310859		
4.82		-0.00312775		
4.83		-0.00314696		
4.84		-0.00316621		
4.85		-0.0031855		
4.86		-0.00320483		
4.87		-0.00322421		
4.88		-0.00324363		
4.89		-0.00326309		
4.9		-0.0032826		
4.91		-0.00330214		
4.92		-0.00332173		
4.93		-0.00334137		
4.94		-0.00336104		
4.95		-0.00338076		
4.96		-0.00340052		
4.97		-0.00342032		
4.98		-0.00344016		
4.99		-0.00346005		
5		-0.00347997		
5.01		-0.00349994		
5.02		-0.00351995		
5.03		-0.00354001		
5.04		-0.0035601		
5.05		-0.00358024		
5.06		-0.00360041		
5.07		-0.00362063		
5.08		-0.00364089		
5.09		-0.00366119		
5.1		-0.00368154		
5.11		-0.00370192		
5.12		-0.00372235		
5.13		-0.00374281		
5.14		-0.00376332		
5.15		-0.00378387		
5.16		-0.00380446		
5.17		-0.00382509		
5.18		-0.00384576		
5.19		-0.00386647		
5.2		-0.00388722		
5.21		-0.00390801		
5.22		-0.00392885		
5.23		-0.00394972		
5.24		-0.00397063		
5.25		-0.00399159		
5.26		-0.00401258		
5.27		-0.00403361		
5.28		-0.00405469		
5.29		-0.0040758		
5.3		-0.00409695		
5.31		-0.00411815		
5.32		-0.00413938		
5.33		-0.00416065		
5.34		-0.00418197		
5.35		-0.00420332		
5.36		-0.00422471		
5.37		-0.00424614		
5.38		-0.00426761		
5.39		-0.00428912		
5.4		-0.00431067		
5.41		-0.00433226		
5.42		-0.00435388		
5.43		-0.00437555		
5.44		-0.00439725		
5.45		-0.004419		
5.46		-0.00444078		
5.47		-0.0044626		
5.48		-0.00448446		
5.49		-0.00450636		
5.5		-0.00452829		
5.51		-0.00455027		
5.52		-0.00457228		
5.53		-0.00459433		
5.54		-0.00461642		
5.55		-0.00463855		
5.56		-0.00466071		
5.57		-0.00468292		
5.58		-0.00470516		
5.59		-0.00472744		
5.6		-0.00474976		
5.61		-0.00477211		
5.62		-0.0047945		
5.63		-0.00481693		
5.64		-0.0048394		
5.65		-0.00486191		
5.66		-0.00488445		
5.67		-0.00490703		
5.68		-0.00492965		
5.69		-0.0049523		
5.7		-0.00497499		
5.71		-0.00499772		
5.72		-0.00502048		
5.73		-0.00504329		
5.74		-0.00506613		
5.75		-0.005089		
5.76		-0.00511191		
5.77		-0.00513486		
5.78		-0.00515785		
5.79		-0.00518087		
5.8		-0.00520393		
5.81		-0.00522702		
5.82		-0.00525015		
5.83		-0.00527332		
5.84		-0.00529652		
5.85		-0.00531976		
5.86		-0.00534304		
5.87		-0.00536635		
5.88		-0.0053897		
5.89		-0.00541308		
5.9		-0.0054365		
5.91		-0.00545995		
5.92		-0.00548344		
5.93		-0.00550697		
5.94		-0.00553053		
5.95		-0.00555413		
5.96		-0.00557776		
5.97		-0.00560143		
5.98		-0.00562513		
5.99		-0.00564887		
6		-0.00567264		
6.01		-0.00569645		
6.02		-0.00572029		
6.03		-0.00574417		
6.04		-0.00576808		
6.05		-0.00579203		
6.06		-0.00581601		
6.07		-0.00584002		
6.08		-0.00586408		
6.09		-0.00588816		
6.1		-0.00591228		
6.11		-0.00593643		
6.12		-0.00596062		
6.13		-0.00598485		
6.14		-0.0060091		
6.15		-0.00603339		
6.16		-0.00605772		
6.17		-0.00608208		
6.18		-0.00610647		
6.19		-0.0061309		
6.2		-0.00615536		
6.21		-0.00617985		
6.22		-0.00620438		
6.23		-0.00622894		
6.24		-0.00625354		
6.25		-0.00627817		
6.26		-0.00630283		
6.27		-0.00632753		
6.28		-0.00635226		
6.29		-0.00637702		
6.3		-0.00640181		
6.31		-0.00642664		
6.32		-0.0064515		
6.33		-0.0064764		
6.34		-0.00650133		
6.35		-0.00652629		
6.36		-0.00655128		
6.37		-0.00657631		
6.38		-0.00660136		
6.39		-0.00662646		
6.4		-0.00665158		
6.41		-0.00667674		
6.42		-0.00670193		
6.43		-0.00672715		
6.44		-0.0067524		
6.45		-0.00677769		
6.46		-0.006803		
6.47		-0.00682836		
6.48		-0.00685374		
6.49		-0.00687915		
6.5		-0.0069046		
6.51		-0.00693008		
6.52		-0.00695559		
6.53		-0.00698113		
6.54		-0.0070067		
6.55		-0.00703231		
6.56		-0.00705795		
6.57		-0.00708362		
6.58		-0.00710932		
6.59		-0.00713505		
6.6		-0.00716081		
6.61		-0.00718661		
6.62		-0.00721243		
6.63		-0.00723829		
6.64		-0.00726418		
6.65		-0.0072901		
6.66		-0.00731605		
6.67		-0.00734203		
6.68		-0.00736804		
6.69		-0.00739409		
6.7		-0.00742016		
6.71		-0.00744627		
6.72		-0.00747241		
6.73		-0.00749857		
6.74		-0.00752477		
6.75		-0.007551		
6.76		-0.00757726		
6.77		-0.00760355		
6.78		-0.00762987		
6.79		-0.00765621		
6.8		-0.0076826		
6.81		-0.00770901		
6.82		-0.00773545		
6.83		-0.00776192		
6.84		-0.00778842		
6.85		-0.00781495		
6.86		-0.00784151		
6.87		-0.0078681		
6.88		-0.00789472		
6.89		-0.00792137		
6.9		-0.00794805		
6.91		-0.00797476		
6.92		-0.0080015		
6.93		-0.00802827		
6.94		-0.00805507		
6.95		-0.0080819		
6.96		-0.00810876		
6.97		-0.00813565		
6.98		-0.00816257		
6.99		-0.00818951		
7		-0.00821649		
7.01		-0.00824349		
7.02		-0.00827053		
7.03		-0.00829759		
7.04		-0.00832468		
7.05		-0.0083518		
7.06		-0.00837895		
7.07		-0.00840613		
7.08		-0.00843334		
7.09		-0.00846058		
7.1		-0.00848784		
7.11		-0.00851514		
7.12		-0.00854246		
7.13		-0.00856981		
7.14		-0.00859719		
7.15		-0.0086246		
7.16		-0.00865204		
7.17		-0.0086795		
7.18		-0.008707		
7.19		-0.00873452		
7.2		-0.00876207		
7.21		-0.00878965		
7.22		-0.00881726		
7.23		-0.00884489		
7.24		-0.00887256		
7.25		-0.00890025		
7.26		-0.00892797		
7.27		-0.00895572		
7.28		-0.00898349		
7.29		-0.00901129		
7.3		-0.00903913		
7.31		-0.00906698		
7.32		-0.00909487		
7.33		-0.00912279		
7.34		-0.00915073		
7.35		-0.0091787		
7.36		-0.00920669		
7.37		-0.00923472		
7.38		-0.00926277		
7.39		-0.00929085		
7.4		-0.00931896		
7.41		-0.00934709		
7.42		-0.00937525		
7.43		-0.00940344		
7.44		-0.00943166		
7.45		-0.0094599		
7.46		-0.00948817		
7.47		-0.00951647		
7.48		-0.00954479		
7.49		-0.00957314		
7.5		-0.00960152		
7.51		-0.00962992		
7.52		-0.00965835		
7.53		-0.00968681		
7.54		-0.0097153		
7.55		-0.00974381		
7.56		-0.00977235		
7.57		-0.00980091		
7.58		-0.00982951		
7.59		-0.00985812		
7.6		-0.00988677		
7.61		-0.00991544		
7.62		-0.00994414		
7.63		-0.00997286		
7.64		-0.0100016		
7.65		-0.0100304		
7.66		-0.0100592		
7.67		-0.010088		
7.68		-0.0101169		
7.69		-0.0101458		
7.7		-0.0101747		
7.71		-0.0102036		
7.72		-0.0102326		
7.73		-0.0102615		
7.74		-0.0102905		
7.75		-0.0103196		
7.76		-0.0103486		
7.77		-0.0103777		
7.78		-0.0104069		
7.79		-0.010436		
7.8		-0.0104652		
7.81		-0.0104943		
7.82		-0.0105236		
7.83		-0.0105528		
7.84		-0.0105821		
7.85		-0.0106114		
7.86		-0.0106407		
7.87		-0.01067		
7.88		-0.0106994		
7.89		-0.0107288		
7.9		-0.0107582		
7.91		-0.0107877		
7.92		-0.0108171		
7.93		-0.0108466		
7.94		-0.0108761		
7.95		-0.0109057		
7.96		-0.0109353		
7.97		-0.0109649		
7.98		-0.0109945		
7.99		-0.0110241		
8		-0.0110538		
8.01		-0.0110835		
8.02		-0.0111132		
8.03		-0.011143		
8.04		-0.0111727		
8.05		-0.0112025		
8.06		-0.0112323		
8.07		-0.0112622		
8.08		-0.011292		
8.09		-0.0113219		
8.1		-0.0113519		
8.11		-0.0113818		
8.12		-0.0114118		
8.13		-0.0114418		
8.14		-0.0114718		
8.15		-0.0115018		
8.16		-0.0115319		
8.17		-0.011562		
8.18		-0.0115921		
8.19		-0.0116222		
8.2		-0.0116524		
8.21		-0.0116825		
8.22		-0.0117128		
8.23		-0.011743		
8.24		-0.0117732		
8.25		-0.0118035		
8.26		-0.0118338		
8.27		-0.0118642		
8.28		-0.0118945		
8.29		-0.0119249		
8.3		-0.0119553		
8.31		-0.0119857		
8.32		-0.0120162		
8.33		-0.0120466		
8.34		-0.0120771		
8.35		-0.0121076		
8.36		-0.0121382		
8.37		-0.0121687		
8.38		-0.0121993		
8.39		-0.0122299		
8.4		-0.0122606		
8.41		-0.0122912		
8.42		-0.0123219		
8.43		-0.0123526		
8.44		-0.0123834		
8.45		-0.0124141		
8.46		-0.0124449		
8.47		-0.0124757		
8.48		-0.0125065		
8.49		-0.0125374		
8.5		-0.0125682		
8.51		-0.0125991		
8.52		-0.01263		
8.53		-0.012661		
8.54		-0.0126919		
8.55		-0.0127229		
8.56		-0.0127539		
8.57		-0.0127849		
8.58		-0.012816		
8.59		-0.0128471		
8.6		-0.0128782		
8.61		-0.0129093		
8.62		-0.0129404		
8.63		-0.0129716		
8.64		-0.0130028		
8.65		-0.013034		
8.66		-0.0130652		
8.67		-0.0130965		
8.68		-0.0131278		
8.69		-0.0131591		
8.7		-0.0131904		
8.71		-0.0132217		
8.72		-0.0132531		
8.73		-0.0132845		
8.74		-0.0133159		
8.75		-0.0133474		
8.76		-0.0133788		
8.77		-0.0134103		
8.78		-0.0134418		
8.79		-0.0134733		
8.8		-0.0135049		
8.81		-0.0135364		
8.82		-0.013568		
8.83		-0.0135996		
8.84		-0.0136313		
8.85		-0.0136629		
8.86		-0.0136946		
8.87		-0.0137263		
8.88		-0.013758		
8.89		-0.0137898		
8.9		-0.0138216		
8.91		-0.0138533		
8.92		-0.0138852		
8.93		-0.013917		
8.94		-0.0139489		
8.95		-0.0139807		
8.96		-0.0140126		
8.97		-0.0140445		
8.98		-0.0140765		
8.99		-0.0141085		
9		-0.0141404		
9.01		-0.0141724		
9.02		-0.0142045		
9.03		-0.0142365		
9.04		-0.0142686		
9.05		-0.0143007		
9.06		-0.0143328		
9.07		-0.0143649		
9.08		-0.0143971		
9.09		-0.0144293		
9.1		-0.0144615		
9.11		-0.0144937		
9.12		-0.0145259		
9.13		-0.0145582		
9.14		-0.0145905		
9.15		-0.0146228		
9.16		-0.0146551		
9.17		-0.0146875		
9.18		-0.0147199		
9.19		-0.0147522		
9.2		-0.0147847		
9.21		-0.0148171		
9.22		-0.0148495		
9.23		-0.014882		
9.24		-0.0149145		
9.25		-0.014947		
9.26		-0.0149796		
9.27		-0.0150121		
9.28		-0.0150447		
9.29		-0.0150773		
9.3		-0.0151099		
9.31		-0.0151426		
9.32		-0.0151753		
9.33		-0.0152079		
9.34		-0.0152406		
9.35		-0.0152734		
9.36		-0.0153061		
9.37		-0.0153389		
9.38		-0.0153717		
9.39		-0.0154045		
9.4		-0.0154373		
9.41		-0.0154702		
9.42		-0.015503		
9.43		-0.0155359		
9.44		-0.0155688		
9.45		-0.0156018		
9.46		-0.0156347		
9.47		-0.0156677		
9.48		-0.0157007		
9.49		-0.0157337		
9.5		-0.0157668		
9.51		-0.0157998		
9.52		-0.0158329		
9.53		-0.015866		
9.54		-0.0158991		
9.55		-0.0159322		
9.56		-0.0159654		
9.57		-0.0159986		
9.58		-0.0160318		
9.59		-0.016065		
9.6		-0.0160982		
9.61		-0.0161315		
9.62		-0.0161648		
9.63		-0.0161981		
9.64		-0.0162314		
9.65		-0.0162647		
9.66		-0.0162981		
9.67		-0.0163315		
9.68		-0.0163649		
9.69		-0.0163983		
9.7		-0.0164317		
9.71		-0.0164652		
9.72		-0.0164987		
9.73		-0.0165322		
9.74		-0.0165657		
9.75		-0.0165992		
9.76		-0.0166328		
9.77		-0.0166663		
9.78		-0.0166999		
9.79		-0.0167336		
9.8		-0.0167672		
9.81		-0.0168009		
9.82		-0.0168345		
9.83		-0.0168682		
9.84		-0.016902		
9.85		-0.0169357		
9.86		-0.0169694		
9.87		-0.0170032		
9.88		-0.017037		
9.89		-0.0170708		
9.9		-0.0171047		
9.91		-0.0171385		
9.92		-0.0171724		
9.93		-0.0172063		
9.94		-0.0172402		
9.95		-0.0172741		
9.96		-0.0173081		
9.97		-0.0173421		
9.98		-0.0173761		
9.99		-0.0174101		
10		-0.0174441		
10.01		-0.0174781		
10.02		-0.0175122		
10.03		-0.0175463		
10.04		-0.0175804		
10.05		-0.0176145		
10.06		-0.0176487		
10.07		-0.0176828		
10.08		-0.017717		
10.09		-0.0177512		
10.1		-0.0177855		
10.11		-0.0178197		
10.12		-0.017854		
10.13		-0.0178882		
10.14		-0.0179225		
10.15		-0.0179569		
10.16		-0.0179912		
10.17		-0.0180256		
10.18		-0.0180599		
10.19		-0.0180943		
10.2		-0.0181287		
10.21		-0.0181632		
10.22		-0.0181976		
10.23		-0.0182321		
10.24		-0.0182666		
10.25		-0.0183011		
10.26		-0.0183356		
10.27		-0.0183702		
10.28		-0.0184048		
10.29		-0.0184393		
10.3		-0.018474		
10.31		-0.0185086		
10.32		-0.0185432		
10.33		-0.0185779		
10.34		-0.0186126		
10.35		-0.0186473		
10.36		-0.018682		
10.37		-0.0187167		
10.38		-0.0187515		
10.39		-0.0187863		
10.4		-0.0188211		
10.41		-0.0188559		
10.42		-0.0188907		
10.43		-0.0189255		
10.44		-0.0189604		
10.45		-0.0189953		
10.46		-0.0190302		
10.47		-0.0190651		
10.48		-0.0191001		
10.49		-0.0191351		
10.5		-0.01917		
10.51		-0.019205		
10.52		-0.0192401		
10.53		-0.0192751		
10.54		-0.0193102		
10.55		-0.0193452		
10.56		-0.0193803		
10.57		-0.0194154		
10.58		-0.0194506		
10.59		-0.0194857		
10.6		-0.0195209		
10.61		-0.0195561		
10.62		-0.0195913		
10.63		-0.0196265		
10.64		-0.0196618		
10.65		-0.019697		
10.66		-0.0197323		
10.67		-0.0197676		
10.68		-0.0198029		
10.69		-0.0198382		
10.7		-0.0198736		
10.71		-0.019909		
10.72		-0.0199444		
10.73		-0.0199798		
10.74		-0.0200152		
10.75		-0.0200507		
10.76		-0.0200861		
10.77		-0.0201216		
10.78		-0.0201571		
10.79		-0.0201926		
10.8		-0.0202282		
10.81		-0.0202637		
10.82		-0.0202993		
10.83		-0.0203349		
10.84		-0.0203705		
10.85		-0.0204061		
10.86		-0.0204418		
10.87		-0.0204775		
10.88		-0.0205132		
10.89		-0.0205489		
10.9		-0.0205846		
10.91		-0.0206203		
10.92		-0.0206561		
10.93		-0.0206919		
10.94		-0.0207277		
10.95		-0.0207635		
10.96		-0.0207993		
10.97		-0.0208352		
10.98		-0.020871		
10.99		-0.0209069		
11		-0.0209428		
11.01		-0.0209788		
11.02		-0.0210147		
11.03		-0.0210507		
11.04		-0.0210866		
11.05		-0.0211226		
11.06		-0.0211587		
11.07		-0.0211947		
11.08		-0.0212308		
11.09		-0.0212668		
11.1		-0.0213029		
11.11		-0.021339		
11.12		-0.0213752		
11.13		-0.0214113		
11.14		-0.0214475		
11.15		-0.0214836		
11.16		-0.0215198		
11.17		-0.0215561		
11.18		-0.0215923		
11.19		-0.0216286		
11.2		-0.0216648		
11.21		-0.0217011		
11.22		-0.0217374		
11.23		-0.0217738		
11.24		-0.0218101		
11.25		-0.0218465		
11.26		-0.0218829		
11.27		-0.0219193		
11.28		-0.0219557		
11.29		-0.0219921		
11.3		-0.0220286		
11.31		-0.022065		
11.32		-0.0221015		
11.33		-0.022138		
11.34		-0.0221746		
11.35		-0.0222111		
11.36		-0.0222477		
11.37		-0.0222843		
11.38		-0.0223209		
11.39		-0.0223575		
11.4		-0.0223941		
11.41		-0.0224308		
11.42		-0.0224675		
11.43		-0.0225041		
11.44		-0.0225409		
11.45		-0.0225776		
11.46		-0.0226143		
11.47		-0.0226511		
11.48		-0.0226879		
11.49		-0.0227247		
11.5		-0.0227615		
11.51		-0.0227983		
11.52		-0.0228352		
11.53		-0.0228721		
11.54		-0.022909		
11.55		-0.0229459		
11.56		-0.0229828		
11.57		-0.0230198		
11.58		-0.0230567		
11.59		-0.0230937		
11.6		-0.0231307		
11.61		-0.0231677		
11.62		-0.0232048		
11.63		-0.0232418		
11.64		-0.0232789		
11.65		-0.023316		
11.66		-0.0233531		
11.67		-0.0233903		
11.68		-0.0234274		
11.69		-0.0234646		
11.7		-0.0235018		
11.71		-0.023539		
11.72		-0.0235762		
11.73		-0.0236134		
11.74		-0.0236507		
11.75		-0.023688		
11.76		-0.0237253		
11.77		-0.0237626		
11.78		-0.0237999		
11.79		-0.0238373		
11.8		-0.0238746		
11.81		-0.023912		
11.82		-0.0239494		
11.83		-0.0239869		
11.84		-0.0240243		
11.85		-0.0240618		
11.86		-0.0240992		
11.87		-0.0241367		
11.88		-0.0241743		
11.89		-0.0242118		
11.9		-0.0242494		
11.91		-0.0242869		
11.92		-0.0243245		
11.93		-0.0243621		
11.94		-0.0243998		
11.95		-0.0244374		
11.96		-0.0244751		
11.97		-0.0245128		
11.98		-0.0245505		
11.99		-0.0245882		
12		-0.0246259		
12.01		-0.0246637		
12.02		-0.0247015		
12.03		-0.0247392		
12.04		-0.0247771		
12.05		-0.0248149		
12.06		-0.0248527		
12.07		-0.0248906		
12.08		-0.0249285		
12.09		-0.0249664		
12.1		-0.0250043		
12.11		-0.0250423		
12.12		-0.0250803		
12.13		-0.0251182		
12.14		-0.0251562		
12.15		-0.0251943		
12.16		-0.0252323		
12.17		-0.0252704		
12.18		-0.0253084		
12.19		-0.0253465		
12.2		-0.0253846		
12.21		-0.0254228		
12.22		-0.0254609		
12.23		-0.0254991		
12.24		-0.0255373		
12.25		-0.0255755		
12.26		-0.0256137		
12.27		-0.025652		
12.28		-0.0256902		
12.29		-0.0257285		
12.3		-0.0257668		
12.31		-0.0258051		
12.32		-0.0258435		
12.33		-0.0258818		
12.34		-0.0259202		
12.35		-0.0259586		
12.36		-0.025997		
12.37		-0.0260355		
12.38		-0.0260739		
12.39		-0.0261124		
12.4		-0.0261509		
12.41		-0.0261894		
12.42		-0.0262279		
12.43		-0.0262665		
12.44		-0.0263051		
12.45		-0.0263436		
12.46		-0.0263823		
12.47		-0.0264209		
12.48		-0.0264595		
12.49		-0.0264982		
12.5		-0.0265369		
12.51		-0.0265756		
12.52		-0.0266143		
12.53		-0.0266531		
12.54		-0.0266918		
12.55		-0.0267306		
12.56		-0.0267694		
12.57		-0.0268082		
12.58		-0.0268471		
12.59		-0.0268859		
12.6		-0.0269248		
12.61		-0.0269637		
12.62		-0.0270026		
12.63		-0.0270416		
12.64		-0.0270805		
12.65		-0.0271195		
12.66		-0.0271585		
12.67		-0.0271975		
12.68		-0.0272366		
12.69		-0.0272756		
12.7		-0.0273147		
12.71		-0.0273538		
12.72		-0.0273929		
12.73		-0.027432		
12.74		-0.0274712		
12.75		-0.0275104		
12.76		-0.0275496		
12.77		-0.0275888		
12.78		-0.027628		
12.79		-0.0276673		
12.8		-0.0277066		
12.81		-0.0277459		
12.82		-0.0277852		
12.83		-0.0278245		
12.84		-0.0278639		
12.85		-0.0279032		
12.86		-0.0279426		
12.87		-0.0279821		
12.88		-0.0280215		
12.89		-0.0280609		
12.9		-0.0281004		
12.91		-0.0281399		
12.92		-0.0281794		
12.93		-0.028219		
12.94		-0.0282585		
12.95		-0.0282981		
12.96		-0.0283377		
12.97		-0.0283773		
12.98		-0.028417		
12.99		-0.0284566		
13		-0.0284963		
13.01		-0.028536		
13.02		-0.0285757		
13.03		-0.0286155		
13.04		-0.0286552		
13.05		-0.028695		
13.06		-0.0287348		
13.07		-0.0287747		
13.08		-0.0288145		
13.09		-0.0288544		
13.1		-0.0288943		
13.11		-0.0289342		
13.12		-0.0289741		
13.13		-0.0290141		
13.14		-0.029054		
13.15		-0.029094		
13.16		-0.029134		
13.17		-0.0291741		
13.18		-0.0292141		
13.19		-0.0292542		
13.2		-0.0292943		
13.21		-0.0293344		
13.22		-0.0293746		
13.23		-0.0294147		
13.24		-0.0294549		
13.25		-0.0294951		
13.26		-0.0295353		
13.27		-0.0295756		
13.28		-0.0296158		
13.29		-0.0296561		
13.3		-0.0296964		
13.31		-0.0297368		
13.32		-0.0297771		
13.33		-0.0298175		
13.34		-0.0298579		
13.35		-0.0298983		
13.36		-0.0299388		
13.37		-0.0299792		
13.38		-0.0300197		
13.39		-0.0300602		
13.4		-0.0301007		
13.41		-0.0301413		
13.42		-0.0301819		
13.43		-0.0302225		
13.44		-0.0302631		
13.45		-0.0303037		
13.46		-0.0303444		
13.47		-0.0303851		
13.48		-0.0304258		
13.49		-0.0304665		
13.5		-0.0305072		
13.51		-0.030548		
13.52		-0.0305888		
13.53		-0.0306296		
13.54		-0.0306705		
13.55		-0.0307113		
13.56		-0.0307522		
13.57		-0.0307931		
13.58		-0.030834		
13.59		-0.030875		
13.6		-0.030916		
13.61		-0.030957		
13.62		-0.030998		
13.63		-0.031039		
13.64		-0.0310801		
13.65		-0.0311212		
13.66		-0.0311623		
13.67		-0.0312034		
13.68		-0.0312446		
13.69		-0.0312857		
13.7		-0.0313269		
13.71		-0.0313682		
13.72		-0.0314094		
13.73		-0.0314507		
13.74		-0.031492		
13.75		-0.0315333		
13.76		-0.0315746		
13.77		-0.031616		
13.78		-0.0316574		
13.79		-0.0316988		
13.8		-0.0317402		
13.81		-0.0317817		
13.82		-0.0318232		
13.83		-0.0318647		
13.84		-0.0319062		
13.85		-0.0319477		
13.86		-0.0319893		
13.87		-0.0320309		
13.88		-0.0320725		
13.89		-0.0321142		
13.9		-0.0321559		
13.91		-0.0321976		
13.92		-0.0322393		
13.93		-0.032281		
13.94		-0.0323228		
13.95		-0.0323646		
13.96		-0.0324064		
13.97		-0.0324482		
13.98		-0.0324901		
13.99		-0.032532		
14		-0.0325739		
14.01		-0.0326158		
14.02		-0.0326578		
14.03		-0.0326998		
14.04		-0.0327418		
14.05		-0.0327838		
14.06		-0.0328259		
14.07		-0.032868		
14.08		-0.0329101		
14.09		-0.0329522		
14.1		-0.0329944		
14.11		-0.0330365		
14.12		-0.0330787		
14.13		-0.033121		
14.14		-0.0331632		
14.15		-0.0332055		
14.16		-0.0332478		
14.17		-0.0332902		
14.18		-0.0333325		
14.19		-0.0333749		
14.2		-0.0334173		
14.21		-0.0334597		
14.22		-0.0335022		
14.23		-0.0335447		
14.24		-0.0335872		
14.25		-0.0336297		
14.26		-0.0336723		
14.27		-0.0337149		
14.28		-0.0337575		
14.29		-0.0338001		
14.3		-0.0338428		
14.31		-0.0338855		
14.32		-0.0339282		
14.33		-0.033971		
14.34		-0.0340137		
14.35		-0.0340565		
14.36		-0.0340993		
14.37		-0.0341422		
14.38		-0.0341851		
14.39		-0.034228		
14.4		-0.0342709		
14.41		-0.0343139		
14.42		-0.0343568		
14.43		-0.0343998		
14.44		-0.0344429		
14.45		-0.0344859		
14.46		-0.034529		
14.47		-0.0345721		
14.48		-0.0346153		
14.49		-0.0346584		
14.5		-0.0347016		
14.51		-0.0347448		
14.52		-0.0347881		
14.53		-0.0348314		
14.54		-0.0348747		
14.55		-0.034918		
14.56		-0.0349614		
14.57		-0.0350047		
14.58		-0.0350482		
14.59		-0.0350916		
14.6		-0.0351351		
14.61		-0.0351785		
14.62		-0.0352221		
14.63		-0.0352656		
14.64		-0.0353092		
14.65		-0.0353528		
14.66		-0.0353964		
14.67		-0.0354401		
14.68		-0.0354838		
14.69		-0.0355275		
14.7		-0.0355712		
14.71		-0.035615		
14.72		-0.0356588		
14.73		-0.0357026		
14.74		-0.0357465		
14.75		-0.0357904		
14.76		-0.0358343		
14.77		-0.0358782		
14.78		-0.0359222		
14.79		-0.0359662		
14.8		-0.0360102		
14.81		-0.0360543		
14.82		-0.0360984		
14.83		-0.0361425		
14.84		-0.0361866		
14.85		-0.0362308		
14.86		-0.036275		
14.87		-0.0363192		
14.88		-0.0363635		
14.89		-0.0364078		
14.9		-0.0364521		
14.91		-0.0364964		
14.92		-0.0365408		
14.93		-0.0365852		
14.94		-0.0366296		
14.95		-0.0366741		
14.96		-0.0367186		
14.97		-0.0367631		
14.98		-0.0368077		
14.99		-0.0368522		
15		-0.0368969		
15.01		-0.0369415		
15.02		-0.0369862		
15.03		-0.0370309		
15.04		-0.0370756		
15.05		-0.0371204		
15.06		-0.0371652		
15.07		-0.03721		
15.08		-0.0372548		
15.09		-0.0372997		
15.1		-0.0373446		
15.11		-0.0373896		
15.12		-0.0374345		
15.13		-0.0374795		
15.14		-0.0375246		
15.15		-0.0375696		
15.16		-0.0376147		
15.17		-0.0376599		
15.18		-0.037705		
15.19		-0.0377502		
15.2		-0.0377954		
15.21		-0.0378407		
15.22		-0.037886		
15.23		-0.0379313		
15.24		-0.0379766		
15.25		-0.038022		
15.26		-0.0380674		
15.27		-0.0381129		
15.28		-0.0381583		
15.29		-0.0382038		
15.3		-0.0382494		
15.31		-0.0382949		
15.32		-0.0383405		
15.33		-0.0383862		
15.34		-0.0384318		
15.35		-0.0384775		
15.36		-0.0385232		
15.37		-0.038569		
15.38		-0.0386148		
15.39		-0.0386606		
15.4		-0.0387065		
15.41		-0.0387523		
15.42		-0.0387983		
15.43		-0.0388442		
15.44		-0.0388902		
15.45		-0.0389362		
15.46		-0.0389823		
15.47		-0.0390283		
15.48		-0.0390744		
15.49		-0.0391206		
15.5		-0.0391668		
15.51		-0.039213		
15.52		-0.0392592		
15.53		-0.0393055		
15.54		-0.0393518		
15.55		-0.0393982		
15.56		-0.0394445		
15.57		-0.039491		
15.58		-0.0395374		
15.59		-0.0395839		
15.6		-0.0396304		
15.61		-0.0396769		
15.62		-0.0397235		
15.63		-0.0397701		
15.64		-0.0398168		
15.65		-0.0398635		
15.66		-0.0399102		
15.67		-0.0399569		
15.68		-0.0400037		
15.69		-0.0400505		
15.7		-0.0400974		
15.71		-0.0401443		
15.72		-0.0401912		
15.73		-0.0402381		
15.74		-0.0402851		
15.75		-0.0403321		
15.76		-0.0403792		
15.77		-0.0404263		
15.78		-0.0404734		
15.79		-0.0405206		
15.8		-0.0405678		
15.81		-0.040615		
15.82		-0.0406623		
15.83		-0.0407096		
15.84		-0.0407569		
15.85		-0.0408043		
15.86		-0.0408517		
15.87		-0.0408991		
15.88		-0.0409466		
15.89		-0.0409941		
15.9		-0.0410416		
15.91		-0.0410892		
15.92		-0.0411368		
15.93		-0.0411845		
15.94		-0.0412322		
15.95		-0.0412799		
15.96		-0.0413277		
15.97		-0.0413755		
15.98		-0.0414233		
15.99		-0.0414712		
16		-0.0415191		
16.01		-0.041567		
16.02		-0.041615		
16.03		-0.041663		
16.04		-0.041711		
16.05		-0.0417591		
16.06		-0.0418072		
16.07		-0.0418554		
16.08		-0.0419036		
16.09		-0.0419518		
16.1		-0.0420001		
16.11		-0.0420484		
16.12		-0.0420967		
16.13		-0.0421451		
16.14		-0.0421935		
16.15		-0.042242		
16.16		-0.0422905		
16.17		-0.042339		
16.18		-0.0423876		
16.19		-0.0424362		
16.2		-0.0424848		
16.21		-0.0425335		
16.22		-0.0425822		
16.23		-0.0426309		
16.24		-0.0426797		
16.25		-0.0427285		
16.26		-0.0427774		
16.27		-0.0428263		
16.28		-0.0428752		
16.29		-0.0429242		
16.3		-0.0429732		
16.31		-0.0430223		
16.32		-0.0430714		
16.33		-0.0431205		
16.34		-0.0431696		
16.35		-0.0432188		
16.36		-0.0432681		
16.37		-0.0433174		
16.38		-0.0433667		
16.39		-0.043416		
16.4		-0.0434654		
16.41		-0.0435149		
16.42		-0.0435643		
16.43		-0.0436138		
16.44		-0.0436634		
16.45		-0.043713		
16.46		-0.0437626		
16.47		-0.0438123		
16.48		-0.043862		
16.49		-0.0439117		
16.5		-0.0439615		
16.51		-0.0440113		
16.52		-0.0440612		
16.53		-0.0441111		
16.54		-0.044161		
16.55		-0.044211		
16.56		-0.044261		
16.57		-0.0443111		
16.58		-0.0443611		
16.59		-0.0444113		
16.6		-0.0444615		
16.61		-0.0445117		
16.62		-0.0445619		
16.63		-0.0446122		
16.64		-0.0446626		
16.65		-0.0447129		
16.66		-0.0447633		
16.67		-0.0448138		
16.68		-0.0448643		
16.69		-0.0449148		
16.7		-0.0449654		
16.71		-0.045016		
16.72		-0.0450667		
16.73		-0.0451173		
16.74		-0.0451681		
16.75		-0.0452189		
16.76		-0.0452697		
16.77		-0.0453205		
16.78		-0.0453714		
16.79		-0.0454224		
16.8		-0.0454733		
16.81		-0.0455243		
16.82		-0.0455754		
16.83		-0.0456265		
16.84		-0.0456776		
16.85		-0.0457288		
16.86		-0.04578		
16.87		-0.0458313		
16.88		-0.0458826		
16.89		-0.045934		
16.9		-0.0459853		
16.91		-0.0460368		
16.92		-0.0460882		
16.93		-0.0461398		
16.94		-0.0461913		
16.95		-0.0462429		
16.96		-0.0462945		
16.97		-0.0463462		
16.98		-0.0463979		
16.99		-0.0464497		
17		-0.0465015		
17.01		-0.0465533		
17.02		-0.0466052		
17.03		-0.0466571		
17.04		-0.0467091		
17.05		-0.0467611		
17.06		-0.0468132		
17.07		-0.0468653		
17.08		-0.0469174		
17.09		-0.0469696		
17.1		-0.0470218		
17.11		-0.0470741		
17.12		-0.0471264		
17.13		-0.0471787		
17.14		-0.0472311		
17.15		-0.0472835		
17.16		-0.047336		
17.17		-0.0473885		
17.18		-0.0474411		
17.19		-0.0474937		
17.2		-0.0475463		
17.21		-0.047599		
17.22		-0.0476517		
17.23		-0.0477045		
17.24		-0.0477573		
17.25		-0.0478102		
17.26		-0.0478631		
17.27		-0.047916		
17.28		-0.047969		
17.29		-0.048022		
17.3		-0.0480751		
17.31		-0.0481282		
17.32		-0.0481814		
17.33		-0.0482346		
17.34		-0.0482878		
17.35		-0.0483411		
17.36		-0.0483945		
17.37		-0.0484478		
17.38		-0.0485013		
17.39		-0.0485547		
17.4		-0.0486082		
17.41		-0.0486618		
17.42		-0.0487154		
17.43		-0.048769		
17.44		-0.0488227		
17.45		-0.0488764		
17.46		-0.0489302		
17.47		-0.048984		
17.48		-0.0490378		
17.49		-0.0490917		
17.5		-0.0491457		
17.51		-0.0491997		
17.52		-0.0492537		
17.53		-0.0493078		
17.54		-0.0493619		
17.55		-0.0494161		
17.56		-0.0494703		
17.57		-0.0495245		
17.58		-0.0495788		
17.59		-0.0496331		
17.6		-0.0496875		
17.61		-0.049742		
17.62		-0.0497964		
17.63		-0.0498509		
17.64		-0.0499055		
17.65		-0.0499601		
17.66		-0.0500148		
17.67		-0.0500695		
17.68		-0.0501242		
17.69		-0.050179		
17.7		-0.0502338		
17.71		-0.0502887		
17.72		-0.0503436		
17.73		-0.0503986		
17.74		-0.0504536		
17.75		-0.0505086		
17.76		-0.0505637		
17.77		-0.0506189		
17.78		-0.050674		
17.79		-0.0507293		
17.8		-0.0507845		
17.81		-0.0508399		
17.82		-0.0508952		
17.83		-0.0509506		
17.84		-0.0510061		
17.85		-0.0510616		
17.86		-0.0511171		
17.87		-0.0511727		
17.88		-0.0512284		
17.89		-0.0512841		
17.9		-0.0513398		
17.91		-0.0513956		
17.92		-0.0514514		
17.93		-0.0515072		
17.94		-0.0515631		
17.95		-0.0516191		
17.96		-0.0516751		
17.97		-0.0517311		
17.98		-0.0517872		
17.99		-0.0518434		
18		-0.0518995		
18.01		-0.0519558		
18.02		-0.052012		
18.03		-0.0520684		
18.04		-0.0521247		
18.05		-0.0521811		
18.06		-0.0522376		
18.07		-0.0522941		
18.08		-0.0523506		
18.09		-0.0524072		
18.1		-0.0524639		
18.11		-0.0525205		
18.12		-0.0525773		
18.13		-0.052634		
18.14		-0.0526909		
18.15		-0.0527477		
18.16		-0.0528046		
18.17		-0.0528616		
18.18		-0.0529186		
18.19		-0.0529756		
18.2		-0.0530327		
18.21		-0.0530899		
18.22		-0.0531471		
18.23		-0.0532043		
18.24		-0.0532616		
18.25		-0.0533189		
18.26		-0.0533763		
18.27		-0.0534337		
18.28		-0.0534912		
18.29		-0.0535487		
18.3		-0.0536062		
18.31		-0.0536638		
18.32		-0.0537215		
18.33		-0.0537792		
18.34		-0.0538369		
18.35		-0.0538947		
18.36		-0.0539525		
18.37		-0.0540104		
18.38		-0.0540683		
18.39		-0.0541263		
18.4		-0.0541843		
18.41		-0.0542424		
18.42		-0.0543005		
18.43		-0.0543587		
18.44		-0.0544169		
18.45		-0.0544751		
18.46		-0.0545334		
18.47		-0.0545917		
18.48		-0.0546501		
18.49		-0.0547086		
18.5		-0.0547671		
18.51		-0.0548256		
18.52		-0.0548842		
18.53		-0.0549428		
18.54		-0.0550014		
18.55		-0.0550602		
18.56		-0.0551189		
18.57		-0.0551777		
18.58		-0.0552366		
18.59		-0.0552955		
18.6		-0.0553544		
18.61		-0.0554134		
18.62		-0.0554725		
18.63		-0.0555315		
18.64		-0.0555907		
18.65		-0.0556499		
18.66		-0.0557091		
18.67		-0.0557684		
18.68		-0.0558277		
18.69		-0.055887		
18.7		-0.0559465		
18.71		-0.0560059		
18.72		-0.0560654		
18.73		-0.056125		
18.74		-0.0561847		
18.75		-0.0562446		
18.76		-0.0563045		
18.77		-0.0563644		
18.78		-0.0564243		
18.79		-0.0564842		
18.8		-0.056544		
18.81		-0.0566039		
18.82		-0.0566637		
18.83		-0.0567235		
18.84		-0.0567833		
18.85		-0.0568431		
18.86		-0.0569029		
18.87		-0.0569626		
18.88		-0.0570224		
18.89		-0.0570821		
18.9		-0.0571418		
18.91		-0.0572015		
18.92		-0.0572612		
18.93		-0.0573209		
18.94		-0.0573805		
18.95		-0.0574402		
18.96		-0.0574998		
18.97		-0.0575594		
18.98		-0.057619		
18.99		-0.0576786		
19		-0.0577381		
19.01		-0.0577977		
19.02		-0.0578572		
19.03		-0.0579167		
19.04		-0.0579762		
19.05		-0.0580357		
19.06		-0.0580952		
19.07		-0.0581546		
19.08		-0.058214		
19.09		-0.0582735		
19.1		-0.0583329		
19.11		-0.0583922		
19.12		-0.0584516		
19.13		-0.058511		
19.14		-0.0585703		
19.15		-0.0586296		
19.16		-0.0586889		
19.17		-0.0587482		
19.18		-0.0588075		
19.19		-0.0588667		
19.2		-0.058926		
19.21		-0.0589852		
19.22		-0.0590444		
19.23		-0.0591036		
19.24		-0.0591628		
19.25		-0.0592219		
19.26		-0.059281		
19.27		-0.0593402		
19.28		-0.0593993		
19.29		-0.0594584		
19.3		-0.0595174		
19.31		-0.0595765		
19.32		-0.0596355		
19.33		-0.0596945		
19.34		-0.0597535		
19.35		-0.0598125		
19.36		-0.0598715		
19.37		-0.0599304		
19.38		-0.0599893		
19.39		-0.0600482		
19.4		-0.0601071		
19.41		-0.060166		
19.42		-0.0602248		
19.43		-0.0602837		
19.44		-0.0603425		
19.45		-0.0604013		
19.46		-0.0604601		
19.47		-0.0605188		
19.48		-0.0605776		
19.49		-0.0606363		
19.5		-0.060695		
19.51		-0.0607537		
19.52		-0.0608124		
19.53		-0.060871		
19.54		-0.0609297		
19.55		-0.0609883		
19.56		-0.0610469		
19.57		-0.0611055		
19.58		-0.061164		
19.59		-0.0612226		
19.6		-0.0612811		
19.61		-0.0613396		
19.62		-0.0613981		
19.63		-0.0614565		
19.64		-0.061515		
19.65		-0.0615734		
19.66		-0.0616318		
19.67		-0.0616902		
19.68		-0.0617486		
19.69		-0.0618069		
19.7		-0.0618652		
19.71		-0.0619235		
19.72		-0.0619818		
19.73		-0.0620401		
19.74		-0.0620983		
19.75		-0.0621566		
19.76		-0.0622148		
19.77		-0.062273		
19.78		-0.0623311		
19.79		-0.0623893		
19.8		-0.0624474		
19.81		-0.0625055		
19.82		-0.0625636		
19.83		-0.0626217		
19.84		-0.0626797		
19.85		-0.0627377		
19.86		-0.0627957		
19.87		-0.0628537		
19.88		-0.0629117		
19.89		-0.0629696		
19.9		-0.0630276		
19.91		-0.0630855		
19.92		-0.0631434		
19.93		-0.0632012		
19.94		-0.0632591		
19.95		-0.0633169		
19.96		-0.0633747		
19.97		-0.0634324		
19.98		-0.0634902		
19.99		-0.0635479		
20		-0.0636057		
20.01		-0.0636633		
20.02		-0.063721		
20.03		-0.0637787		
20.04		-0.0638363		
20.05		-0.0638939		
20.06		-0.0639515		
20.07		-0.0640091		
20.08		-0.0640666		
20.09		-0.0641241		
20.1		-0.0641816		
20.11		-0.0642391		
20.12		-0.0642966		
20.13		-0.064354		
20.14		-0.0644114		
20.15		-0.0644688		
20.16		-0.0645262		
20.17		-0.0645835		
20.18		-0.0646408		
20.19		-0.0646981		
20.2		-0.0647554		
20.21		-0.0648127		
20.22		-0.0648699		
20.23		-0.0649271		
20.24		-0.0649843		
20.25		-0.0650415		
20.26		-0.0650986		
20.27		-0.0651557		
20.28		-0.0652128		
20.29		-0.0652699		
20.3		-0.065327		
20.31		-0.065384		
20.32		-0.065441		
20.33		-0.065498		
20.34		-0.0655549		
20.35		-0.0656119		
20.36		-0.0656688		
20.37		-0.0657257		
20.38		-0.0657826		
20.39		-0.0658394		
20.4		-0.0658962		
20.41		-0.065953		
20.42		-0.0660098		
20.43		-0.0660666		
20.44		-0.0661233		
20.45		-0.06618		
20.46		-0.0662367		
20.47		-0.0662933		
20.48		-0.06635		
20.49		-0.0664066		
20.5		-0.0664632		
20.51		-0.0665197		
20.52		-0.0665763		
20.53		-0.0666328		
20.54		-0.0666893		
20.55		-0.0667458		
20.56		-0.0668022		
20.57		-0.0668586		
20.58		-0.066915		
20.59		-0.0669714		
20.6		-0.0670277		
20.61		-0.0670841		
20.62		-0.0671404		
20.63		-0.0671966		
20.64		-0.0672529		
20.65		-0.0673091		
20.66		-0.0673653		
20.67		-0.0674215		
20.68		-0.0674776		
20.69		-0.0675338		
20.7		-0.0675899		
20.71		-0.0676459		
20.72		-0.067702		
20.73		-0.067758		
20.74		-0.067814		
20.75		-0.06787		
20.76		-0.067926		
20.77		-0.0679819		
20.78		-0.0680378		
20.79		-0.0680937		
20.8		-0.0681495		
20.81		-0.0682054		
20.82		-0.0682612		
20.83		-0.0683169		
20.84		-0.0683727		
20.85		-0.0684284		
20.86		-0.0684841		
20.87		-0.0685398		
20.88		-0.0685954		
20.89		-0.0686511		
20.9		-0.0687067		
20.91		-0.0687622		
20.92		-0.0688178		
20.93		-0.0688733		
20.94		-0.0689288		
20.95		-0.0689843		
20.96		-0.0690397		
20.97		-0.0690951		
20.98		-0.0691505		
20.99		-0.0692059		
21		-0.0692612		
21.01		-0.0693165		
21.02		-0.0693718		
21.03		-0.0694271		
21.04		-0.0694823		
21.05		-0.0695375		
21.06		-0.0695927		
21.07		-0.0696479		
21.08		-0.069703		
21.09		-0.0697581		
21.1		-0.0698132		
21.11		-0.0698682		
21.12		-0.0699232		
21.13		-0.0699782		
21.14		-0.0700332		
21.15		-0.0700881		
21.16		-0.070143		
21.17		-0.0701979		
21.18		-0.0702528		
21.19		-0.0703076		
21.2		-0.0703624		
21.21		-0.0704172		
21.22		-0.070472		
21.23		-0.0705267		
21.24		-0.0705814		
21.25		-0.0706361		
21.26		-0.0706907		
21.27		-0.0707453		
21.28		-0.0707999		
21.29		-0.0708545		
21.3		-0.070909		
21.31		-0.0709635		
21.32		-0.071018		
21.33		-0.0710724		
21.34		-0.0711269		
21.35		-0.0711813		
21.36		-0.0712356		
21.37		-0.07129		
21.38		-0.0713443		
21.39		-0.0713986		
21.4		-0.0714528		
21.41		-0.071507		
21.42		-0.0715612		
21.43		-0.0716154		
21.44		-0.0716696		
21.45		-0.0717237		
21.46		-0.0717778		
21.47		-0.0718318		
21.48		-0.0718859		
21.49		-0.0719399		
21.5		-0.0719938		
21.51		-0.0720478		
21.52		-0.0721017		
21.53		-0.0721556		
21.54		-0.0722094		
21.55		-0.0722633		
21.56		-0.0723171		
21.57		-0.0723709		
21.58		-0.0724246		
21.59		-0.0724783		
21.6		-0.072532		
21.61		-0.0725857		
21.62		-0.0726393		
21.63		-0.0726929		
21.64		-0.0727465		
21.65		-0.0728		
21.66		-0.0728535		
21.67		-0.072907		
21.68		-0.0729605		
21.69		-0.0730139		
21.7		-0.0730673		
21.71		-0.0731207		
21.72		-0.073174		
21.73		-0.0732273		
21.74		-0.0732806		
21.75		-0.0733338		
21.76		-0.0733871		
21.77		-0.0734403		
21.78		-0.0734934		
21.79		-0.0735466		
21.8		-0.0735997		
21.81		-0.0736527		
21.82		-0.0737058		
21.83		-0.0737588		
21.84		-0.0738118		
21.85		-0.0738647		
21.86		-0.0739177		
21.87		-0.0739706		
21.88		-0.0740234		
21.89		-0.0740763		
21.9		-0.0741291		
21.91		-0.0741818		
21.92		-0.0742346		
21.93		-0.0742873		
21.94		-0.07434		
21.95		-0.0743926		
21.96		-0.0744453		
21.97		-0.0744979		
21.98		-0.0745504		
21.99		-0.0746029		
22		-0.0746555		
22.01		-0.0747079		
22.02		-0.0747604		
22.03		-0.0748128		
22.04		-0.0748652		
22.05		-0.0749175		
22.06		-0.0749698		
22.07		-0.0750221		
22.08		-0.0750744		
22.09		-0.0751266		
22.1		-0.0751788		
22.11		-0.075231		
22.12		-0.0752831		
22.13		-0.0753352		
22.14		-0.0753873		
22.15		-0.0754393		
22.16		-0.0754913		
22.17		-0.0755433		
22.18		-0.0755952		
22.19		-0.0756472		
22.2		-0.0756991		
22.21		-0.0757509		
22.22		-0.0758027		
22.23		-0.0758545		
22.24		-0.0759063		
22.25		-0.075958		
22.26		-0.0760097		
22.27		-0.0760614		
22.28		-0.076113		
22.29		-0.0761646		
22.3		-0.0762162		
22.31		-0.0762677		
22.32		-0.0763192		
22.33		-0.0763707		
22.34		-0.0764221		
22.35		-0.0764736		
22.36		-0.0765249		
22.37		-0.0765763		
22.38		-0.0766276		
22.39		-0.0766789		
22.4		-0.0767301		
22.41		-0.0767814		
22.42		-0.0768326		
22.43		-0.0768837		
22.44		-0.0769348		
22.45		-0.0769859		
22.46		-0.077037		
22.47		-0.077088		
22.48		-0.077139		
22.49		-0.07719		
22.5		-0.0772409		
22.51		-0.0772918		
22.52		-0.0773427		
22.53		-0.0773935		
22.54		-0.0774443		
22.55		-0.0774951		
22.56		-0.0775458		
22.57		-0.0775965		
22.58		-0.0776472		
22.59		-0.0776978		
22.6		-0.0777484		
22.61		-0.077799		
22.62		-0.0778495		
22.63		-0.0779		
22.64		-0.0779505		
22.65		-0.078001		
22.66		-0.0780514		
22.67		-0.0781017		
22.68		-0.0781521		
22.69		-0.0782024		
22.7		-0.0782527		
22.71		-0.0783029		
22.72		-0.0783531		
22.73		-0.0784033		
22.74		-0.0784534		
22.75		-0.0785036		
22.76		-0.0785536		
22.77		-0.0786037		
22.78		-0.0786537		
22.79		-0.0787037		
22.8		-0.0787536		
22.81		-0.0788035		
22.82		-0.0788534		
22.83		-0.0789032		
22.84		-0.078953		
22.85		-0.0790028		
22.86		-0.0790526		
22.87		-0.0791023		
22.88		-0.0791519		
22.89		-0.0792016		
22.9		-0.0792512		
22.91		-0.0793008		
22.92		-0.0793503		
22.93		-0.0793998		
22.94		-0.0794493		
22.95		-0.0794987		
22.96		-0.0795481		
22.97		-0.0795975		
22.98		-0.0796468		
22.99		-0.0796961		
23		-0.0797454		
23.01		-0.0797946		
23.02		-0.0798438		
23.03		-0.079893		
23.04		-0.0799421		
23.05		-0.0799912		
23.06		-0.0800403		
23.07		-0.0800893		
23.08		-0.0801383		
23.09		-0.0801872		
23.1		-0.0802362		
23.11		-0.080285		
23.12		-0.0803339		
23.13		-0.0803827		
23.14		-0.0804315		
23.15		-0.0804803		
23.16		-0.080529		
23.17		-0.0805776		
23.18		-0.0806263		
23.19		-0.0806749		
23.2		-0.0807235		
23.21		-0.080772		
23.22		-0.0808205		
23.23		-0.080869		
23.24		-0.0809174		
23.25		-0.0809658		
23.26		-0.0810142		
23.27		-0.0810625		
23.28		-0.0811108		
23.29		-0.0811591		
23.3		-0.0812073		
23.31		-0.0812555		
23.32		-0.0813037		
23.33		-0.0813518		
23.34		-0.0813999		
23.35		-0.0814479		
23.36		-0.0814959		
23.37		-0.0815439		
23.38		-0.0815919		
23.39		-0.0816398		
23.4		-0.0816876		
23.41		-0.0817355		
23.42		-0.0817833		
23.43		-0.081831		
23.44		-0.0818788		
23.45		-0.0819265		
23.46		-0.0819741		
23.47		-0.0820217		
23.48		-0.0820693		
23.49		-0.0821169		
23.5		-0.0821644		
23.51		-0.0822119		
23.52		-0.0822593		
23.53		-0.0823067		
23.54		-0.0823541		
23.55		-0.0824014		
23.56		-0.0824487		
23.57		-0.082496		
23.58		-0.0825432		
23.59		-0.0825904		
23.6		-0.0826376		
23.61		-0.0826847		
23.62		-0.0827318		
23.63		-0.0827788		
23.64		-0.0828258		
23.65		-0.0828728		
23.66		-0.0829198		
23.67		-0.0829667		
23.68		-0.0830135		
23.69		-0.0830604		
23.7		-0.0831072		
23.71		-0.0831539		
23.72		-0.0832006		
23.73		-0.0832473		
23.74		-0.083294		
23.75		-0.0833406		
23.76		-0.0833871		
23.77		-0.0834337		
23.78		-0.0834802		
23.79		-0.0835266		
23.8		-0.0835731		
23.81		-0.0836195		
23.82		-0.0836658		
23.83		-0.0837121		
23.84		-0.0837584		
23.85		-0.0838047		
23.86		-0.0838509		
23.87		-0.083897		
23.88		-0.0839432		
23.89		-0.0839893		
23.9		-0.0840353		
23.91		-0.0840813		
23.92		-0.0841273		
23.93		-0.0841733		
23.94		-0.0842192		
23.95		-0.0842651		
23.96		-0.0843109		
23.97		-0.0843567		
23.98		-0.0844025		
23.99		-0.0844482		
24		-0.0844939		
24.01		-0.0845395		
24.02		-0.0845851		
24.03		-0.0846307		
24.04		-0.0846762		
24.05		-0.0847217		
24.06		-0.0847672		
24.07		-0.0848126		
24.08		-0.084858		
24.09		-0.0849034		
24.1		-0.0849487		
24.11		-0.0849939		
24.12		-0.0850392		
24.13		-0.0850844		
24.14		-0.0851295		
24.15		-0.0851747		
24.16		-0.0852197		
24.17		-0.0852648		
24.18		-0.0853098		
24.19		-0.0853548		
24.2		-0.0853997		
24.21		-0.0854446		
24.22		-0.0854895		
24.23		-0.0855343		
24.24		-0.0855791		
24.25		-0.0856238		
24.26		-0.0856685		
24.27		-0.0857132		
24.28		-0.0857578		
24.29		-0.0858024		
24.3		-0.085847		
24.31		-0.0858915		
24.32		-0.085936		
24.33		-0.0859804		
24.34		-0.0860248		
24.35		-0.0860692		
24.36		-0.0861135		
24.37		-0.0861578		
24.38		-0.086202		
24.39		-0.0862462		
24.4		-0.0862904		
24.41		-0.0863345		
24.42		-0.0863786		
24.43		-0.0864227		
24.44		-0.0864667		
24.45		-0.0865107		
24.46		-0.0865546		
24.47		-0.0865985		
24.48		-0.0866424		
24.49		-0.0866862		
24.5		-0.08673		
24.51		-0.0867737		
24.52		-0.0868174		
24.53		-0.0868611		
24.54		-0.0869047		
24.55		-0.0869483		
24.56		-0.0869919		
24.57		-0.0870354		
24.58		-0.0870789		
24.59		-0.0871223		
24.6		-0.0871657		
24.61		-0.0872091		
24.62		-0.0872524		
24.63		-0.0872957		
24.64		-0.0873389		
24.65		-0.0873816		
24.66		-0.0874236		
24.67		-0.0874648		
24.68		-0.0875054		
24.69		-0.0875453		
24.7		-0.0875846		
24.71		-0.0876231		
24.72		-0.0876609		
24.73		-0.0876981		
24.74		-0.0877346		
24.75		-0.0877704		
24.76		-0.0878056		
24.77		-0.08784		
24.78		-0.0878738		
24.79		-0.0879069		
24.8		-0.0879394		
24.81		-0.0879712		
24.82		-0.0880023		
24.83		-0.0880327		
24.84		-0.0880625		
24.85		-0.0880917		
24.86		-0.0881202		
24.87		-0.088148		
24.88		-0.0881752		
24.89		-0.0882018		
24.9		-0.0882277		
24.91		-0.088253		
24.92		-0.0882776		
24.93		-0.0883016		
24.94		-0.088325		
24.95		-0.0883478		
24.96		-0.0883699		
24.97		-0.0883915		
24.98		-0.0884124		
24.99		-0.0884327		
25		-0.0884524		
25.01		-0.0884715		
25.02		-0.08849		
25.03		-0.0885079		
25.04		-0.0885252		
25.05		-0.088542		
25.06		-0.0885581		
25.07		-0.0885737		
25.08		-0.0885887		
25.09		-0.0886032		
25.1		-0.088617		
25.11		-0.0886303		
25.12		-0.0886431		
25.13		-0.0886553		
25.14		-0.0886669		
25.15		-0.088678		
25.16		-0.0886886		
25.17		-0.0886986		
25.18		-0.0887081		
25.19		-0.0887171		
25.2		-0.0887255		
25.21		-0.0887334		
25.22		-0.0887408		
25.23		-0.0887477		
25.24		-0.088754		
25.25		-0.0887599		
25.26		-0.0887652		
25.27		-0.0887701		
25.28		-0.0887744		
25.29		-0.0887783		
25.3		-0.0887816		
25.31		-0.0887845		
25.32		-0.0887869		
25.33		-0.0887888		
25.34		-0.0887902		
25.35		-0.0887912		
25.36		-0.0887917		
25.37		-0.0887917		
25.38		-0.0887913		
25.39		-0.0887904		
25.4		-0.088789		
25.41		-0.0887872		
25.42		-0.0887849		
25.43		-0.0887822		
25.44		-0.088779		
25.45		-0.0887754		
25.46		-0.0887714		
25.47		-0.0887669		
25.48		-0.0887619		
25.49		-0.0887566		
25.5		-0.0887508		
25.51		-0.0887446		
25.52		-0.088738		
25.53		-0.0887309		
25.54		-0.0887234		
25.55		-0.0887155		
25.56		-0.0887072		
25.57		-0.0886985		
25.58		-0.0886894		
25.59		-0.0886798		
25.6		-0.0886699		
25.61		-0.0886596		
25.62		-0.0886488		
25.63		-0.0886377		
25.64		-0.0886261		
25.65		-0.0886142		
25.66		-0.0886019		
25.67		-0.0885891		
25.68		-0.088576		
25.69		-0.0885625		
25.7		-0.0885487		
25.71		-0.0885344		
25.72		-0.0885198		
25.73		-0.0885047		
25.74		-0.0884894		
25.75		-0.0884736		
25.76		-0.0884574		
25.77		-0.0884409		
25.78		-0.088424		
25.79		-0.0884068		
25.8		-0.0883892		
25.81		-0.0883712		
25.82		-0.0883528		
25.83		-0.0883341		
25.84		-0.088315		
25.85		-0.0882956		
25.86		-0.0882758		
25.87		-0.0882556		
25.88		-0.0882351		
25.89		-0.0882143		
25.9		-0.0881931		
25.91		-0.0881715		
25.92		-0.0881496		
25.93		-0.0881273		
25.94		-0.0881047		
25.95		-0.0880818		
25.96		-0.0880585		
25.97		-0.0880348		
25.98		-0.0880108		
25.99		-0.0879865		
26		-0.0879619		
26.01		-0.0879369		
26.02		-0.0879115		
26.03		-0.0878858		
26.04		-0.0878598		
26.05		-0.0878335		
26.06		-0.0878068		
26.07		-0.0877798		
26.08		-0.0877524		
26.09		-0.0877247		
26.1		-0.0876967		
26.11		-0.0876684		
26.12		-0.0876397		
26.13		-0.0876108		
26.14		-0.0875814		
26.15		-0.0875518		
26.16		-0.0875218		
26.17		-0.0874915		
26.18		-0.0874609		
26.19		-0.08743		
26.2		-0.0873988		
26.21		-0.0873672		
26.22		-0.0873353		
26.23		-0.0873031		
26.24		-0.0872706		
26.25		-0.0872377		
26.26		-0.0872046		
26.27		-0.0871711		
26.28		-0.0871373		
26.29		-0.0871032		
26.3		-0.0870688		
26.31		-0.0870341		
26.32		-0.0869991		
26.33		-0.0869637		
26.34		-0.0869281		
26.35		-0.0868921		
26.36		-0.0868558		
26.37		-0.0868193		
26.38		-0.0867824		
26.39		-0.0867452		
26.4		-0.0867077		
26.41		-0.0866699		
26.42		-0.0866318		
26.43		-0.0865934		
26.44		-0.0865547		
26.45		-0.0865157		
26.46		-0.0864764		
26.47		-0.0864368		
26.48		-0.0863969		
26.49		-0.0863567		
26.5		-0.0863161		
26.51		-0.0862753		
26.52		-0.0862342		
26.53		-0.0861928		
26.54		-0.0861512		
26.55		-0.0861092		
26.56		-0.0860669		
26.57		-0.0860243		
26.58		-0.0859814		
26.59		-0.0859383		
26.6		-0.0858948		
26.61		-0.0858511		
26.62		-0.0858071		
26.63		-0.0857627		
26.64		-0.0857181		
26.65		-0.0856732		
26.66		-0.085628		
26.67		-0.0855825		
26.68		-0.0855368		
26.69		-0.0854907		
26.7		-0.0854444		
26.71		-0.0853978		
26.72		-0.0853509		
26.73		-0.0853037		
26.74		-0.0852562		
26.75		-0.0852084		
26.76		-0.0851604		
26.77		-0.0851121		
26.78		-0.0850635		
26.79		-0.0850146		
26.8		-0.0849654		
26.81		-0.084916		
26.82		-0.0848663		
26.83		-0.0848163		
26.84		-0.084766		
26.85		-0.0847154		
26.86		-0.0846646		
26.87		-0.0846135		
26.88		-0.0845621		
26.89		-0.0845105		
26.9		-0.0844586		
26.91		-0.0844064		
26.92		-0.0843539		
26.93		-0.0843011		
26.94		-0.0842481		
26.95		-0.0841948		
26.96		-0.0841413		
26.97		-0.0840875		
26.98		-0.0840334		
26.99		-0.083979		
27		-0.0839244		
27.01		-0.0838695		
27.02		-0.0838143		
27.03		-0.0837589		
27.04		-0.0837032		
27.05		-0.0836473		
27.06		-0.0835911		
27.07		-0.0835346		
27.08		-0.0834778		
27.09		-0.0834208		
27.1		-0.0833636		
27.11		-0.083306		
27.12		-0.0832483		
27.13		-0.0831902		
27.14		-0.0831319		
27.15		-0.0830733		
27.16		-0.0830145		
27.17		-0.0829555		
27.18		-0.0828961		
27.19		-0.0828365		
27.2		-0.0827767		
27.21		-0.0827166		
27.22		-0.0826563		
27.23		-0.0825957		
27.24		-0.0825348		
27.25		-0.0824737		
27.26		-0.0824124		
27.27		-0.0823508		
27.28		-0.0822889		
27.29		-0.0822268		
27.3		-0.0821645		
27.31		-0.0821019		
27.32		-0.082039		
27.33		-0.0819759		
27.34		-0.0819126		
27.35		-0.081849		
27.36		-0.0817852		
27.37		-0.0817212		
27.38		-0.0816569		
27.39		-0.0815923		
27.4		-0.0815275		
27.41		-0.0814625		
27.42		-0.0813972		
27.43		-0.0813317		
27.44		-0.081266		
27.45		-0.0812		
27.46		-0.0811338		
27.47		-0.0810673		
27.48		-0.0810007		
27.49		-0.0809337		
27.5		-0.0808666		
27.51		-0.0807992		
27.52		-0.0807316		
27.53		-0.0806637		
27.54		-0.0805957		
27.55		-0.0805273		
27.56		-0.0804588		
27.57		-0.08039		
27.58		-0.0803211		
27.59		-0.0802518		
27.6		-0.0801824		
27.61		-0.0801127		
27.62		-0.0800428		
27.63		-0.0799727		
27.64		-0.0799024		
27.65		-0.0798318		
27.66		-0.079761		
27.67		-0.07969		
27.68		-0.0796188		
27.69		-0.0795473		
27.7		-0.0794757		
27.71		-0.0794038		
27.72		-0.0793317		
27.73		-0.0792594		
27.74		-0.0791869		
27.75		-0.0791141		
27.76		-0.0790412		
27.77		-0.078968		
27.78		-0.0788946		
27.79		-0.078821		
27.8		-0.0787472		
27.81		-0.0786732		
27.82		-0.078599		
27.83		-0.0785246		
27.84		-0.0784499		
27.85		-0.0783751		
27.86		-0.0783		
27.87		-0.0782248		
27.88		-0.0781493		
27.89		-0.0780737		
27.9		-0.0779978		
27.91		-0.0779218		
27.92		-0.0778455		
27.93		-0.0777691		
27.94		-0.0776924		
27.95		-0.0776156		
27.96		-0.0775385		
27.97		-0.0774613		
27.98		-0.0773838		
27.99		-0.0773062		
28		-0.0772284		
28.01		-0.0771503		
28.02		-0.0770721		
28.03		-0.0769937		
28.04		-0.0769151		
28.05		-0.0768363		
28.06		-0.0767574		
28.07		-0.0766782		
28.08		-0.0765989		
28.09		-0.0765193		
28.1		-0.0764396		
28.11		-0.0763597		
28.12		-0.0762797		
28.13		-0.0761994		
28.14		-0.076119		
28.15		-0.0760383		
28.16		-0.0759575		
28.17		-0.0758765		
28.18		-0.0757954		
28.19		-0.0757141		
28.2		-0.0756325		
28.21		-0.0755509		
28.22		-0.075469		
28.23		-0.075387		
28.24		-0.0753048		
28.25		-0.0752224		
28.26		-0.0751399		
28.27		-0.0750571		
28.28		-0.0749743		
28.29		-0.0748912		
28.3		-0.074808		
28.31		-0.0747246		
28.32		-0.0746411		
28.33		-0.0745574		
28.34		-0.0744735		
28.35		-0.0743895		
28.36		-0.0743053		
28.37		-0.0742209		
28.38		-0.0741364		
28.39		-0.0740517		
28.4		-0.0739669		
28.41		-0.0738819		
28.42		-0.0737968		
28.43		-0.0737115		
28.44		-0.073626		
28.45		-0.0735404		
28.46		-0.0734547		
28.47		-0.0733688		
28.48		-0.0732827		
28.49		-0.0731965		
28.5		-0.0731102		
28.51		-0.0730237		
28.52		-0.072937		
28.53		-0.0728503		
28.54		-0.0727633		
28.55		-0.0726763		
28.56		-0.072589		
28.57		-0.0725017		
28.58		-0.0724142		
28.59		-0.0723266		
28.6		-0.0722388		
28.61		-0.0721509		
28.62		-0.0720628		
28.63		-0.0719747		
28.64		-0.0718864		
28.65		-0.0717979		
28.66		-0.0717093		
28.67		-0.0716206		
28.68		-0.0715318		
28.69		-0.0714428		
28.7		-0.0713537		
28.71		-0.0712645		
28.72		-0.0711752		
28.73		-0.0710857		
28.74		-0.0709961		
28.75		-0.0709064		
28.76		-0.0708165		
28.77		-0.0707265		
28.78		-0.0706365		
28.79		-0.0705463		
28.8		-0.0704559		
28.81		-0.0703655		
28.82		-0.0702749		
28.83		-0.0701843		
28.84		-0.0700935		
28.85		-0.0700026		
28.86		-0.0699116		
28.87		-0.0698204		
28.88		-0.0697292		
28.89		-0.0696379		
28.9		-0.0695464		
28.91		-0.0694548		
28.92		-0.0693632		
28.93		-0.0692714		
28.94		-0.0691795		
28.95		-0.0690875		
28.96		-0.0689955		
28.97		-0.0689033		
28.98		-0.068811		
28.99		-0.0687186		
29		-0.0686261		
29.01		-0.0685335		
29.02		-0.0684409		
29.03		-0.0683481		
29.04		-0.0682552		
29.05		-0.0681623		
29.06		-0.0680692		
29.07		-0.0679761		
29.08		-0.0678828		
29.09		-0.0677895		
29.1		-0.0676961		
29.11		-0.0676026		
29.12		-0.067509		
29.13		-0.0674153		
29.14		-0.0673216		
29.15		-0.0672277		
29.16		-0.0671338		
29.17		-0.0670398		
29.18		-0.0669457		
29.19		-0.0668516		
29.2		-0.0667573		
29.21		-0.066663		
29.22		-0.0665686		
29.23		-0.0664741		
29.24		-0.0663796		
29.25		-0.066285		
29.26		-0.0661903		
29.27		-0.0660955		
29.28		-0.0660007		
29.29		-0.0659058		
29.3		-0.0658108		
29.31		-0.0657157		
29.32		-0.0656206		
29.33		-0.0655255		
29.34		-0.0654302		
29.35		-0.0653349		
29.36		-0.0652396		
29.37		-0.0651441		
29.38		-0.0650486		
29.39		-0.0649531		
29.4		-0.0648575		
29.41		-0.0647618		
29.42		-0.0646661		
29.43		-0.0645703		
29.44		-0.0644745		
29.45		-0.0643786		
29.46		-0.0642827		
29.47		-0.0641867		
29.48		-0.0640907		
29.49		-0.0639946		
29.5		-0.0638984		
29.51		-0.0638023		
29.52		-0.063706		
29.53		-0.0636097		
29.54		-0.0635134		
29.55		-0.0634171		
29.56		-0.0633206		
29.57		-0.0632242		
29.58		-0.0631277		
29.59		-0.0630312		
29.6		-0.0629346		
29.61		-0.062838		
29.62		-0.0627413		
29.63		-0.0626447		
29.64		-0.0625479		
29.65		-0.0624512		
29.66		-0.0623544		
29.67		-0.0622576		
29.68		-0.0621607		
29.69		-0.0620639		
29.7		-0.0619669		
29.71		-0.06187		
29.72		-0.061773		
29.73		-0.0616761		
29.74		-0.061579		
29.75		-0.061482		
29.76		-0.0613849		
29.77		-0.0612878		
29.78		-0.0611907		
29.79		-0.0610936		
29.8		-0.0609965		
29.81		-0.0608993		
29.82		-0.0608021		
29.83		-0.0607049		
29.84		-0.0606077		
29.85		-0.0605104		
29.86		-0.0604132		
29.87		-0.0603159		
29.88		-0.0602186		
29.89		-0.0601214		
29.9		-0.0600241		
29.91		-0.0599267		
29.92		-0.0598294		
29.93		-0.0597321		
29.94		-0.0596348		
29.95		-0.0595374		
29.96		-0.0594401		
29.97		-0.0593428		
29.98		-0.0592454		
29.99		-0.0591481		
30		-0.0590507		
30.01		-0.0589533		
30.02		-0.058856		
30.03		-0.0587586		
30.04		-0.0586613		
30.05		-0.0585639		
30.06		-0.0584666		
30.07		-0.0583693		
30.08		-0.0582719		
30.09		-0.0581746		
30.1		-0.0580773		
30.11		-0.05798		
30.12		-0.0578827		
30.13		-0.0577854		
30.14		-0.0576881		
30.15		-0.0575909		
30.16		-0.0574936		
30.17		-0.0573964		
30.18		-0.0572991		
30.19		-0.0572019		
30.2		-0.0571047		
30.21		-0.0570076		
30.22		-0.0569104		
30.23		-0.0568133		
30.24		-0.0567162		
30.25		-0.0566191		
30.26		-0.056522		
30.27		-0.0564249		
30.28		-0.0563279		
30.29		-0.0562309		
30.3		-0.0561339		
30.31		-0.056037		
30.32		-0.05594		
30.33		-0.0558431		
30.34		-0.0557463		
30.35		-0.0556494		
30.36		-0.0555526		
30.37		-0.0554558		
30.38		-0.0553591		
30.39		-0.0552624		
30.4		-0.0551657		
30.41		-0.055069		
30.42		-0.0549724		
30.43		-0.0548758		
30.44		-0.0547793		
30.45		-0.0546828		
30.46		-0.0545863		
30.47		-0.0544899		
30.48		-0.0543935		
30.49		-0.0542972		
30.5		-0.0542009		
30.51		-0.0541046		
30.52		-0.0540084		
30.53		-0.0539122		
30.54		-0.0538161		
30.55		-0.05372		
30.56		-0.0536239		
30.57		-0.053528		
30.58		-0.053432		
30.59		-0.0533361		
30.6		-0.0532403		
30.61		-0.0531445		
30.62		-0.0530487		
30.63		-0.052953		
30.64		-0.0528574		
30.65		-0.0527618		
30.66		-0.0526663		
30.67		-0.0525708		
30.68		-0.0524753		
30.69		-0.05238		
30.7		-0.0522847		
30.71		-0.0521894		
30.72		-0.0520942		
30.73		-0.0519991		
30.74		-0.051904		
30.75		-0.051809		
30.76		-0.051714		
30.77		-0.0516191		
30.78		-0.0515243		
30.79		-0.0514295		
30.8		-0.0513348		
30.81		-0.0512402		
30.82		-0.0511456		
30.83		-0.0510511		
30.84		-0.0509566		
30.85		-0.0508623		
30.86		-0.050768		
30.87		-0.0506737		
30.88		-0.0505796		
30.89		-0.0504855		
30.9		-0.0503914		
30.91		-0.0502975		
30.92		-0.0502036		
30.93		-0.0501098		
30.94		-0.0500161		
30.95		-0.0499224		
30.96		-0.0498288		
30.97		-0.0497353		
30.98		-0.0496419		
30.99		-0.0495485		
31		-0.0494552		
31.01		-0.049362		
31.02		-0.0492689		
31.03		-0.0491759		
31.04		-0.0490829		
31.05		-0.04899		
31.06		-0.0488972		
31.07		-0.0488045		
31.08		-0.0487119		
31.09		-0.0486193		
31.1		-0.0485269		
31.11		-0.0484345		
31.12		-0.0483422		
31.13		-0.04825		
31.14		-0.0481578		
31.15		-0.0480658		
31.16		-0.0479739		
31.17		-0.047882		
31.18		-0.0477902		
31.19		-0.0476985		
31.2		-0.0476069		
31.21		-0.0475154		
31.22		-0.047424		
31.23		-0.0473327		
31.24		-0.0472415		
31.25		-0.0471503		
31.26		-0.0470593		
31.27		-0.0469684		
31.28		-0.0468775		
31.29		-0.0467868		
31.3		-0.0466961		
31.31		-0.0466055		
31.32		-0.0465151		
31.33		-0.0464247		
31.34		-0.0463344		
31.35		-0.0462442		
31.36		-0.0461542		
31.37		-0.0460642		
31.38		-0.0459743		
31.39		-0.0458846		
31.4		-0.0457949		
31.41		-0.0457053		
31.42		-0.0456158		
31.43		-0.0455265		
31.44		-0.0454372		
31.45		-0.0453481		
31.46		-0.045259		
31.47		-0.04517		
31.48		-0.0450812		
31.49		-0.0449925		
31.5		-0.0449038		
31.51		-0.0448153		
31.52		-0.0447269		
31.53		-0.0446386		
31.54		-0.0445504		
31.55		-0.0444623		
31.56		-0.0443743		
31.57		-0.0442864		
31.58		-0.0441987		
31.59		-0.044111		
31.6		-0.0440235		
31.61		-0.043936		
31.62		-0.0438487		
31.63		-0.0437615		
31.64		-0.0436744		
31.65		-0.0435874		
31.66		-0.0435006		
31.67		-0.0434138		
31.68		-0.0433272		
31.69		-0.0432406		
31.7		-0.0431542		
31.71		-0.0430679		
31.72		-0.0429818		
31.73		-0.0428957		
31.74		-0.0428098		
31.75		-0.0427239		
31.76		-0.0426382		
31.77		-0.0425526		
31.78		-0.0424672		
31.79		-0.0423818		
31.8		-0.0422966		
31.81		-0.0422115		
31.82		-0.0421265		
31.83		-0.0420416		
31.84		-0.0419569		
31.85		-0.0418722		
31.86		-0.0417877		
31.87		-0.0417033		
31.88		-0.0416191		
31.89		-0.0415349		
31.9		-0.0414509		
31.91		-0.041367		
31.92		-0.0412833		
31.93		-0.0411996		
31.94		-0.0411161		
31.95		-0.0410327		
31.96		-0.0409495		
31.97		-0.0408663		
31.98		-0.0407833		
31.99		-0.0407004		
32		-0.0406176		
32.01		-0.040535		
32.02		-0.0404525		
32.03		-0.0403701		
32.04		-0.0402879		
32.05		-0.0402057		
32.06		-0.0401237		
32.07		-0.0400419		
32.08		-0.0399601		
32.09		-0.0398785		
32.1		-0.0397971		
32.11		-0.0397157		
32.12		-0.0396345		
32.13		-0.0395534		
32.14		-0.0394725		
32.15		-0.0393916		
32.16		-0.0393109		
32.17		-0.0392304		
32.18		-0.03915		
32.19		-0.0390697		
32.2		-0.0389895		
32.21		-0.0389095		
32.22		-0.0388296		
32.23		-0.0387498		
32.24		-0.0386702		
32.25		-0.0385907		
32.26		-0.0385113		
32.27		-0.0384321		
32.28		-0.038353		
32.29		-0.0382741		
32.3		-0.0381952		
32.31		-0.0381165		
32.32		-0.038038		
32.33		-0.0379596		
32.34		-0.0378813		
32.35		-0.0378032		
32.36		-0.0377252		
32.37		-0.0376473		
32.38		-0.0375696		
32.39		-0.037492		
32.4		-0.0374145		
32.41		-0.0373372		
32.42		-0.03726		
32.43		-0.037183		
32.44		-0.0371061		
32.45		-0.0370293		
32.46		-0.0369527		
32.47		-0.0368762		
32.48		-0.0367998		
32.49		-0.0367236		
32.5		-0.0366476		
32.51		-0.0365716		
32.52		-0.0364958		
32.53		-0.0364202		
32.54		-0.0363447		
32.55		-0.0362693		
32.56		-0.0361941		
32.57		-0.036119		
32.58		-0.036044		
32.59		-0.0359692		
32.6		-0.0358946		
32.61		-0.03582		
32.62		-0.0357457		
32.63		-0.0356714		
32.64		-0.0355973		
32.65		-0.0355234		
32.66		-0.0354495		
32.67		-0.0353759		
32.68		-0.0353023		
32.69		-0.0352289		
32.7		-0.0351557		
32.71		-0.0350826		
32.72		-0.0350096		
32.73		-0.0349368		
32.74		-0.0348641		
32.75		-0.0347916		
32.76		-0.0347192		
32.77		-0.0346469		
32.78		-0.0345748		
32.79		-0.0345029		
32.8		-0.0344311		
32.81		-0.0343594		
32.82		-0.0342879		
32.83		-0.0342165		
32.84		-0.0341452		
32.85		-0.0340741		
32.86		-0.0340032		
32.87		-0.0339324		
32.88		-0.0338617		
32.89		-0.0337912		
32.9		-0.0337208		
32.91		-0.0336506		
32.92		-0.0335805		
32.93		-0.0335105		
32.94		-0.0334407		
32.95		-0.0333711		
32.96		-0.0333016		
32.97		-0.0332322		
32.98		-0.033163		
32.99		-0.0330939		
33		-0.033025		
33.01		-0.0329562		
33.02		-0.0328876		
33.03		-0.0328191		
33.04		-0.0327507		
33.05		-0.0326825		
33.06		-0.0326145		
33.07		-0.0325465		
33.08		-0.0324788		
33.09		-0.0324112		
33.1		-0.0323437		
33.11		-0.0322763		
33.12		-0.0322092		
33.13		-0.0321421		
33.14		-0.0320752		
33.15		-0.0320085		
33.16		-0.0319419		
33.17		-0.0318754		
33.18		-0.0318091		
33.19		-0.0317429		
33.2		-0.0316769		
33.21		-0.031611		
33.22		-0.0315453		
33.23		-0.0314797		
33.24		-0.0314143		
33.25		-0.031349		
33.26		-0.0312838		
33.27		-0.0312188		
33.28		-0.0311539		
33.29		-0.0310892		
33.3		-0.0310247		
33.31		-0.0309602		
33.32		-0.030896		
33.33		-0.0308318		
33.34		-0.0307678		
33.35		-0.030704		
33.36		-0.0306403		
33.37		-0.0305767		
33.38		-0.0305133		
33.39		-0.0304501		
33.4		-0.030387		
33.41		-0.030324		
33.42		-0.0302612		
33.43		-0.0301985		
33.44		-0.0301359		
33.45		-0.0300736		
33.46		-0.0300113		
33.47		-0.0299492		
33.48		-0.0298872		
33.49		-0.0298254		
33.5		-0.0297638		
33.51		-0.0297022		
33.52		-0.0296409		
33.53		-0.0295796		
33.54		-0.0295185		
33.55		-0.0294576		
33.56		-0.0293968		
33.57		-0.0293361		
33.58		-0.0292756		
33.59		-0.0292152		
33.6		-0.029155		
33.61		-0.0290949		
33.62		-0.029035		
33.63		-0.0289752		
33.64		-0.0289155		
33.65		-0.028856		
33.66		-0.0287967		
33.67		-0.0287374		
33.68		-0.0286784		
33.69		-0.0286194		
33.7		-0.0285606		
33.71		-0.028502		
33.72		-0.0284435		
33.73		-0.0283851		
33.74		-0.0283269		
33.75		-0.0282688		
33.76		-0.0282109		
33.77		-0.0281531		
33.78		-0.0280954		
33.79		-0.0280379		
33.8		-0.0279805		
33.81		-0.0279233		
33.82		-0.0278662		
33.83		-0.0278093		
33.84		-0.0277525		
33.85		-0.0276958		
33.86		-0.0276393		
33.87		-0.0275829		
33.88		-0.0275267		
33.89		-0.0274706		
33.9		-0.0274146		
33.91		-0.0273588		
33.92		-0.0273031		
33.93		-0.0272476		
33.94		-0.0271922		
33.95		-0.027137		
33.96		-0.0270818		
33.97		-0.0270269		
33.98		-0.026972		
33.99		-0.0269173		
34		-0.0268628		
34.01		-0.0268084		
34.02		-0.0267541		
34.03		-0.0267		
34.04		-0.026646		
34.05		-0.0265921		
34.06		-0.0265384		
34.07		-0.0264848		
34.08		-0.0264313		
34.09		-0.026378		
34.1		-0.0263249		
34.11		-0.0262718		
34.12		-0.0262189		
34.13		-0.0261662		
34.14		-0.0261136		
34.15		-0.0260611		
34.16		-0.0260087		
34.17		-0.0259565		
34.18		-0.0259045		
34.19		-0.0258525		
34.2		-0.0258007		
34.21		-0.0257491		
34.22		-0.0256975		
34.23		-0.0256461		
34.24		-0.0255949		
34.25		-0.0255438		
34.26		-0.0254928		
34.27		-0.0254419		
34.28		-0.0253912		
34.29		-0.0253406		
34.3		-0.0252902		
34.31		-0.0252399		
34.32		-0.0251897		
34.33		-0.0251396		
34.34		-0.0250897		
34.35		-0.02504		
34.36		-0.0249903		
34.37		-0.0249408		
34.38		-0.0248914		
34.39		-0.0248422		
34.4		-0.0247931		
34.41		-0.0247441		
34.42		-0.0246953		
34.43		-0.0246465		
34.44		-0.024598		
34.45		-0.0245495		
34.46		-0.0245012		
34.47		-0.024453		
34.48		-0.024405		
34.49		-0.024357		
34.5		-0.0243092		
34.51		-0.0242616		
34.52		-0.024214		
34.53		-0.0241666		
34.54		-0.0241194		
34.55		-0.0240722		
34.56		-0.0240252		
34.57		-0.0239783		
34.58		-0.0239316		
34.59		-0.0238849		
34.6		-0.0238384		
34.61		-0.0237921		
34.62		-0.0237458		
34.63		-0.0236997		
34.64		-0.0236537		
34.65		-0.0236079		
34.66		-0.0235622		
34.67		-0.0235166		
34.68		-0.0234711		
34.69		-0.0234257		
34.7		-0.0233805		
34.71		-0.0233354		
34.72		-0.0232904		
34.73		-0.0232456		
34.74		-0.0232009		
34.75		-0.0231563		
34.76		-0.0231118		
34.77		-0.0230675		
34.78		-0.0230233		
34.79		-0.0229792		
34.8		-0.0229352		
34.81		-0.0228914		
34.82		-0.0228477		
34.83		-0.0228041		
34.84		-0.0227606		
34.85		-0.0227172		
34.86		-0.022674		
34.87		-0.0226309		
34.88		-0.0225879		
34.89		-0.0225451		
34.9		-0.0225024		
34.91		-0.0224597		
34.92		-0.0224173		
34.93		-0.0223749		
34.94		-0.0223326		
34.95		-0.0222905		
34.96		-0.0222485		
34.97		-0.0222066		
34.98		-0.0221649		
34.99		-0.0221232		
35		-0.0220817		
35.01		-0.0220403		
35.02		-0.021999		
35.03		-0.0219578		
35.04		-0.0219168		
35.05		-0.0218759		
35.06		-0.021835		
35.07		-0.0217944		
35.08		-0.0217538		
35.09		-0.0217133		
35.1		-0.021673		
35.11		-0.0216328		
35.12		-0.0215927		
35.13		-0.0215527		
35.14		-0.0215128		
35.15		-0.0214731		
35.16		-0.0214334		
35.17		-0.0213939		
35.18		-0.0213545		
35.19		-0.0213152		
35.2		-0.021276		
35.21		-0.021237		
35.22		-0.021198		
35.23		-0.0211592		
35.24		-0.0211205		
35.25		-0.0210819		
35.26		-0.0210434		
35.27		-0.021005		
35.28		-0.0209667		
35.29		-0.0209286		
35.3		-0.0208906		
35.31		-0.0208526		
35.32		-0.0208148		
35.33		-0.0207771		
35.34		-0.0207395		
35.35		-0.0207021		
35.36		-0.0206647		
35.37		-0.0206274		
35.38		-0.0205903		
35.39		-0.0205533		
35.4		-0.0205163		
35.41		-0.0204795		
35.42		-0.0204428		
35.43		-0.0204062		
35.44		-0.0203697		
35.45		-0.0203334		
35.46		-0.0202971		
35.47		-0.020261		
35.48		-0.0202249		
35.49		-0.020189		
35.5		-0.0201531		
35.51		-0.0201174		
35.52		-0.0200818		
35.53		-0.0200463		
35.54		-0.0200109		
35.55		-0.0199756		
35.56		-0.0199404		
35.57		-0.0199053		
35.58		-0.0198703		
35.59		-0.0198354		
35.6		-0.0198007		
35.61		-0.019766		
35.62		-0.0197315		
35.63		-0.019697		
35.64		-0.0196627		
35.65		-0.0196284		
35.66		-0.0195943		
35.67		-0.0195602		
35.68		-0.0195263		
35.69		-0.0194925		
35.7		-0.0194587		
35.71		-0.0194251		
35.72		-0.0193916		
35.73		-0.0193582		
35.74		-0.0193249		
35.75		-0.0192916		
35.76		-0.0192585		
35.77		-0.0192255		
35.78		-0.0191926		
35.79		-0.0191598		
35.8		-0.0191271		
35.81		-0.0190945		
35.82		-0.0190619		
35.83		-0.0190295		
35.84		-0.0189972		
35.85		-0.018965		
35.86		-0.0189329		
35.87		-0.0189009		
35.88		-0.018869		
35.89		-0.0188371		
35.9		-0.0188054		
35.91		-0.0187738		
35.92		-0.0187423		
35.93		-0.0187108		
35.94		-0.0186795		
35.95		-0.0186483		
35.96		-0.0186171		
35.97		-0.0185861		
35.98		-0.0185551		
35.99		-0.0185243		
36		-0.0184935		
36.01		-0.0184629		
36.02		-0.0184323		
36.03		-0.0184018		
36.04		-0.0183714		
36.05		-0.0183411		
36.06		-0.018311		
36.07		-0.0182809		
36.08		-0.0182509		
36.09		-0.0182209		
36.1		-0.0181911		
36.11		-0.0181614		
36.12		-0.0181318		
36.13		-0.0181022		
36.14		-0.0180728		
36.15		-0.0180434		
36.16		-0.0180142		
36.17		-0.017985		
36.18		-0.0179559		
36.19		-0.0179269		
36.2		-0.017898		
36.21		-0.0178692		
36.22		-0.0178405		
36.23		-0.0178119		
36.24		-0.0177833		
36.25		-0.0177549		
36.26		-0.0177265		
36.27		-0.0176982		
36.28		-0.01767		
36.29		-0.0176419		
36.3		-0.0176139		
36.31		-0.017586		
36.32		-0.0175582		
36.33		-0.0175304		
36.34		-0.0175028		
36.35		-0.0174752		
36.36		-0.0174477		
36.37		-0.0174203		
36.38		-0.017393		
36.39		-0.0173658		
36.4		-0.0173386		
36.41		-0.0173116		
36.42		-0.0172846		
36.43		-0.0172577		
36.44		-0.0172309		
36.45		-0.0172042		
36.46		-0.0171775		
36.47		-0.017151		
36.48		-0.0171245		
36.49		-0.0170981		
36.5		-0.0170718		
36.51		-0.0170456		
36.52		-0.0170195		
36.53		-0.0169934		
36.54		-0.0169675		
36.55		-0.0169416		
36.56		-0.0169158		
36.57		-0.01689		
36.58		-0.0168644		
36.59		-0.0168388		
36.6		-0.0168133		
36.61		-0.0167879		
36.62		-0.0167626		
36.63		-0.0167374		
36.64		-0.0167122		
36.65		-0.0166871		
36.66		-0.0166621		
36.67		-0.0166372		
36.68		-0.0166124		
36.69		-0.0165876		
36.7		-0.0165629		
36.71		-0.0165383		
36.72		-0.0165138		
36.73		-0.0164893		
36.74		-0.016465		
36.75		-0.0164407		
36.76		-0.0164164		
36.77		-0.0163923		
36.78		-0.0163682		
36.79		-0.0163442		
36.8		-0.0163203		
36.81		-0.0162965		
36.82		-0.0162727		
36.83		-0.016249		
36.84		-0.0162254		
36.85		-0.0162019		
36.86		-0.0161784		
36.87		-0.016155		
36.88		-0.0161317		
36.89		-0.0161085		
36.9		-0.0160853		
36.91		-0.0160622		
36.92		-0.0160392		
36.93		-0.0160163		
36.94		-0.0159934		
36.95		-0.0159706		
36.96		-0.0159479		
36.97		-0.0159252		
36.98		-0.0159027		
36.99		-0.0158801		
37		-0.0158577		
37.01		-0.0158353		
37.02		-0.015813		
37.03		-0.0157908		
37.04		-0.0157687		
37.05		-0.0157466		
37.06		-0.0157246		
37.07		-0.0157026		
37.08		-0.0156808		
37.09		-0.015659		
37.1		-0.0156372		
37.11		-0.0156156		
37.12		-0.015594		
37.13		-0.0155724		
37.14		-0.015551		
37.15		-0.0155296		
37.16		-0.0155083		
37.17		-0.015487		
37.18		-0.0154658		
37.19		-0.0154447		
37.2		-0.0154237		
37.21		-0.0154027		
37.22		-0.0153818		
37.23		-0.0153609		
37.24		-0.0153401		
37.25		-0.0153194		
37.26		-0.0152988		
37.27		-0.0152782		
37.28		-0.0152577		
37.29		-0.0152372		
37.3		-0.0152168		
37.31		-0.0151965		
37.32		-0.0151763		
37.33		-0.0151561		
37.34		-0.0151359		
37.35		-0.0151159		
37.36		-0.0150959		
37.37		-0.0150759		
37.38		-0.0150561		
37.39		-0.0150362		
37.4		-0.0150165		
37.41		-0.0149968		
37.42		-0.0149772		
37.43		-0.0149576		
37.44		-0.0149381		
37.45		-0.0149187		
37.46		-0.0148993		
37.47		-0.01488		
37.48		-0.0148608		
37.49		-0.0148416		
37.5		-0.0148225		
37.51		-0.0148034		
37.52		-0.0147844		
37.53		-0.0147655		
37.54		-0.0147466		
37.55		-0.0147277		
37.56		-0.014709		
37.57		-0.0146903		
37.58		-0.0146716		
37.59		-0.0146531		
37.6		-0.0146345		
37.61		-0.0146161		
37.62		-0.0145977		
37.63		-0.0145793		
37.64		-0.014561		
37.65		-0.0145428		
37.66		-0.0145246		
37.67		-0.0145065		
37.68		-0.0144884		
37.69		-0.0144704		
37.7		-0.0144525		
37.71		-0.0144346		
37.72		-0.0144168		
37.73		-0.014399		
37.74		-0.0143813		
37.75		-0.0143636		
37.76		-0.014346		
37.77		-0.0143285		
37.78		-0.014311		
37.79		-0.0142935		
37.8		-0.0142762		
37.81		-0.0142588		
37.82		-0.0142416		
37.83		-0.0142243		
37.84		-0.0142072		
37.85		-0.0141901		
37.86		-0.014173		
37.87		-0.014156		
37.88		-0.0141391		
37.89		-0.0141222		
37.9		-0.0141053		
37.91		-0.0140886		
37.92		-0.0140718		
37.93		-0.0140552		
37.94		-0.0140385		
37.95		-0.014022		
37.96		-0.0140054		
37.97		-0.013989		
37.98		-0.0139725		
37.99		-0.0139562		
38		-0.0139399		
38.01		-0.0139236		
38.02		-0.0139074		
38.03		-0.0138912		
38.04		-0.0138751		
38.05		-0.0138591		
38.06		-0.0138431		
38.07		-0.0138271		
38.08		-0.0138112		
38.09		-0.0137954		
38.1		-0.0137796		
38.11		-0.0137638		
38.12		-0.0137481		
38.13		-0.0137324		
38.14		-0.0137168		
38.15		-0.0137013		
38.16		-0.0136858		
38.17		-0.0136703		
38.18		-0.0136549		
38.19		-0.0136395		
38.2		-0.0136242		
38.21		-0.013609		
38.22		-0.0135937		
38.23		-0.0135786		
38.24		-0.0135634		
38.25		-0.0135484		
38.26		-0.0135333		
38.27		-0.0135184		
38.28		-0.0135034		
38.29		-0.0134885		
38.3		-0.0134737		
38.31		-0.0134589		
38.32		-0.0134442		
38.33		-0.0134295		
38.34		-0.0134148		
38.35		-0.0134002		
38.36		-0.0133856		
38.37		-0.0133711		
38.38		-0.0133566		
38.39		-0.0133422		
38.4		-0.0133278		
38.41		-0.0133135		
38.42		-0.0132992		
38.43		-0.0132849		
38.44		-0.0132707		
38.45		-0.0132566		
38.46		-0.0132425		
38.47		-0.0132284		
38.48		-0.0132144		
38.49		-0.0132004		
38.5		-0.0131864		
38.51		-0.0131725		
38.52		-0.0131587		
38.53		-0.0131449		
38.54		-0.0131311		
38.55		-0.0131174		
38.56		-0.0131037		
38.57		-0.0130901		
38.58		-0.0130765		
38.59		-0.0130629		
38.6		-0.0130494		
38.61		-0.0130359		
38.62		-0.0130225		
38.63		-0.0130091		
38.64		-0.0129957		
38.65		-0.0129824		
38.66		-0.0129692		
38.67		-0.012956		
38.68		-0.0129428		
38.69		-0.0129296		
38.7		-0.0129165		
38.71		-0.0129035		
38.72		-0.0128904		
38.73		-0.0128775		
38.74		-0.0128645		
38.75		-0.0128516		
38.76		-0.0128387		
38.77		-0.0128259		
38.78		-0.0128131		
38.79		-0.0128004		
38.8		-0.0127877		
38.81		-0.012775		
38.82		-0.0127624		
38.83		-0.0127498		
38.84		-0.0127373		
38.85		-0.0127247		
38.86		-0.0127123		
38.87		-0.0126998		
38.88		-0.0126874		
38.89		-0.0126751		
38.9		-0.0126628		
38.91		-0.0126505		
38.92		-0.0126382		
38.93		-0.012626		
38.94		-0.0126138		
38.95		-0.0126017		
38.96		-0.0125896		
38.97		-0.0125775		
38.98		-0.0125655		
38.99		-0.0125535		
39		-0.0125416		
39.01		-0.0125297		
39.02		-0.0125178		
39.03		-0.0125059		
39.04		-0.0124941		
39.05		-0.0124823		
39.06		-0.0124706		
39.07		-0.0124589		
39.08		-0.0124472		
39.09		-0.0124356		
39.1		-0.012424		
39.11		-0.0124125		
39.12		-0.0124009		
39.13		-0.0123894		
39.14		-0.012378		
39.15		-0.0123666		
39.16		-0.0123552		
39.17		-0.0123438		
39.18		-0.0123325		
39.19		-0.0123212		
39.2		-0.01231		
39.21		-0.0122987		
39.22		-0.0122875		
39.23		-0.0122764		
39.24		-0.0122653		
39.25		-0.0122542		
39.26		-0.0122431		
39.27		-0.0122321		
39.28		-0.0122211		
39.29		-0.0122102		
39.3		-0.0121993		
39.31		-0.0121884		
39.32		-0.0121775		
39.33		-0.0121667		
39.34		-0.0121559		
39.35		-0.0121451		
39.36		-0.0121344		
39.37		-0.0121237		
39.38		-0.012113		
39.39		-0.0121024		
39.4		-0.0120918		
39.41		-0.0120812		
39.42		-0.0120707		
39.43		-0.0120602		
39.44		-0.0120497		
39.45		-0.0120393		
39.46		-0.0120289		
39.47		-0.0120185		
39.48		-0.0120081		
39.49		-0.0119978		
39.5		-0.0119875		
39.51		-0.0119772		
39.52		-0.011967		
39.53		-0.0119568		
39.54		-0.0119466		
39.55		-0.0119365		
39.56		-0.0119264		
39.57		-0.0119163		
39.58		-0.0119062		
39.59		-0.0118962		
39.6		-0.0118862		
39.61		-0.0118762		
39.62		-0.0118663		
39.63		-0.0118564		
39.64		-0.0118465		
39.65		-0.0118366		
39.66		-0.0118268		
39.67		-0.011817		
39.68		-0.0118073		
39.69		-0.0117975		
39.7		-0.0117878		
39.71		-0.0117781		
39.72		-0.0117685		
39.73		-0.0117588		
39.74		-0.0117492		
39.75		-0.0117397		
39.76		-0.0117301		
39.77		-0.0117206		
39.78		-0.0117111		
39.79		-0.0117017		
39.8		-0.0116922		
39.81		-0.0116828		
39.82		-0.0116734		
39.83		-0.0116641		
39.84		-0.0116548		
39.85		-0.0116455		
39.86		-0.0116362		
39.87		-0.0116269		
39.88		-0.0116177		
39.89		-0.0116085		
39.9		-0.0115993		
39.91		-0.0115902		
39.92		-0.0115811		
39.93		-0.011572		
39.94		-0.0115629		
39.95		-0.0115539		
39.96		-0.0115449		
39.97		-0.0115359		
39.98		-0.0115269		
39.99		-0.011518		
40		-0.0115091		
40.01		-0.0115002		
40.02		-0.0114913		
40.03		-0.0114825		
40.04		-0.0114737		
40.05		-0.0114649		
40.06		-0.0114561		
40.07		-0.0114474		
40.08		-0.0114386		
40.09		-0.01143		
40.1		-0.0114213		
40.11		-0.0114126		
40.12		-0.011404		
40.13		-0.0113954		
40.14		-0.0113869		
40.15		-0.0113783		
40.16		-0.0113698		
40.17		-0.0113613		
40.18		-0.0113528		
40.19		-0.0113444		
40.2		-0.0113359		
40.21		-0.0113275		
40.22		-0.0113191		
40.23		-0.0113108		
40.24		-0.0113025		
40.25		-0.0112941		
40.26		-0.0112858		
40.27		-0.0112776		
40.28		-0.0112693		
40.29		-0.0112611		
40.3		-0.0112529		
40.31		-0.0112447		
40.32		-0.0112366		
40.33		-0.0112284		
40.34		-0.0112203		
40.35		-0.0112122		
40.36		-0.0112042		
40.37		-0.0111961		
40.38		-0.0111881		
40.39		-0.0111801		
40.4		-0.0111721		
40.41		-0.0111642		
40.42		-0.0111562		
40.43		-0.0111483		
40.44		-0.0111404		
40.45		-0.0111326		
40.46		-0.0111247		
40.47		-0.0111169		
40.48		-0.0111091		
40.49		-0.0111013		
40.5		-0.0110935		
40.51		-0.0110858		
40.52		-0.011078		
40.53		-0.0110703		
40.54		-0.0110626		
40.55		-0.011055		
40.56		-0.0110473		
40.57		-0.0110397		
40.58		-0.0110321		
40.59		-0.0110245		
40.6		-0.011017		
40.61		-0.0110094		
40.62		-0.0110019		
40.63		-0.0109944		
40.64		-0.0109869		
40.65		-0.0109795		
40.66		-0.010972		
40.67		-0.0109646		
40.68		-0.0109572		
40.69		-0.0109498		
40.7		-0.0109424		
40.71		-0.0109351		
40.72		-0.0109278		
40.73		-0.0109205		
40.74		-0.0109132		
40.75		-0.0109059		
40.76		-0.0108987		
40.77		-0.0108914		
40.78		-0.0108842		
40.79		-0.010877		
40.8		-0.0108698		
40.81		-0.0108627		
40.82		-0.0108556		
40.83		-0.0108484		
40.84		-0.0108413		
40.85		-0.0108343		
40.86		-0.0108272		
40.87		-0.0108201		
40.88		-0.0108131		
40.89		-0.0108061		
40.9		-0.0107991		
40.91		-0.0107921		
40.92		-0.0107852		
40.93		-0.0107783		
40.94		-0.0107713		
40.95		-0.0107644		
40.96		-0.0107575		
40.97		-0.0107507		
40.98		-0.0107438		
40.99		-0.010737		
41		-0.0107302		
41.01		-0.0107234		
41.02		-0.0107166		
41.03		-0.0107098		
41.04		-0.0107031		
41.05		-0.0106964		
41.06		-0.0106897		
41.07		-0.010683		
41.08		-0.0106763		
41.09		-0.0106696		
41.1		-0.010663		
41.11		-0.0106563		
41.12		-0.0106497		
41.13		-0.0106431		
41.14		-0.0106366		
41.15		-0.01063		
41.16		-0.0106235		
41.17		-0.0106169		
41.18		-0.0106104		
41.19		-0.0106039		
41.2		-0.0105974		
41.21		-0.010591		
41.22		-0.0105845		
41.23		-0.0105781		
41.24		-0.0105717		
41.25		-0.0105653		
41.26		-0.0105589		
41.27		-0.0105525		
41.28		-0.0105462		
41.29		-0.0105398		
41.3		-0.0105335		
41.31		-0.0105272		
41.32		-0.0105209		
41.33		-0.0105146		
41.34		-0.0105084		
41.35		-0.0105021		
41.36		-0.0104959		
41.37		-0.0104897		
41.38		-0.0104835		
41.39		-0.0104773		
41.4		-0.0104711		
41.41		-0.010465		
41.42		-0.0104588		
41.43		-0.0104527		
41.44		-0.0104466		
41.45		-0.0104405		
41.46		-0.0104344		
41.47		-0.0104284		
41.48		-0.0104223		
41.49		-0.0104163		
41.5		-0.0104102		
41.51		-0.0104042		
41.52		-0.0103982		
41.53		-0.0103923		
41.54		-0.0103863		
41.55		-0.0103803		
41.56		-0.0103744		
41.57		-0.0103685		
41.58		-0.0103626		
41.59		-0.0103567		
41.6		-0.0103508		
41.61		-0.0103449		
41.62		-0.0103391		
41.63		-0.0103332		
41.64		-0.0103274		
41.65		-0.0103216		
41.66		-0.0103158		
41.67		-0.01031		
41.68		-0.0103042		
41.69		-0.0102985		
41.7		-0.0102927		
41.71		-0.010287		
41.72		-0.0102813		
41.73		-0.0102756		
41.74		-0.0102699		
41.75		-0.0102642		
41.76		-0.0102585		
41.77		-0.0102529		
41.78		-0.0102473		
41.79		-0.0102416		
41.8		-0.010236		
41.81		-0.0102304		
41.82		-0.0102248		
41.83		-0.0102193		
41.84		-0.0102137		
41.85		-0.0102081		
41.86		-0.0102026		
41.87		-0.0101971		
41.88		-0.0101916		
41.89		-0.0101861		
41.9		-0.0101806		
41.91		-0.0101751		
41.92		-0.0101697		
41.93		-0.0101642		
41.94		-0.0101588		
41.95		-0.0101533		
41.96		-0.0101479		
41.97		-0.0101425		
41.98		-0.0101371		
41.99		-0.0101318		
42		-0.0101264		
42.01		-0.0101211		
42.02		-0.0101157		
42.03		-0.0101104		
42.04		-0.0101051		
42.05		-0.0100998		
42.06		-0.0100945		
42.07		-0.0100892		
42.08		-0.0100839		
42.09		-0.0100787		
42.1		-0.0100734		
42.11		-0.0100682		
42.12		-0.010063		
42.13		-0.0100578		
42.14		-0.0100526		
42.15		-0.0100474		
42.16		-0.0100422		
42.17		-0.010037		
42.18		-0.0100319		
42.19		-0.0100267		
42.2		-0.0100216		
42.21		-0.0100165		
42.22		-0.0100114		
42.23		-0.0100063		
42.24		-0.0100012		
42.25		-0.00999611		
42.26		-0.00999104		
42.27		-0.00998599		
42.28		-0.00998095		
42.29		-0.00997591		
42.3		-0.00997089		
42.31		-0.00996588		
42.32		-0.00996088		
42.33		-0.00995589		
42.34		-0.00995091		
42.35		-0.00994595		
42.36		-0.00994099		
42.37		-0.00993604		
42.38		-0.00993111		
42.39		-0.00992618		
42.4		-0.00992127		
42.41		-0.00991636		
42.42		-0.00991147		
42.43		-0.00990658		
42.44		-0.00990171		
42.45		-0.00989685		
42.46		-0.00989199		
42.47		-0.00988715		
42.48		-0.00988232		
42.49		-0.0098775		
42.5		-0.00987268		
42.51		-0.00986788		
42.52		-0.00986309		
42.53		-0.00985831		
42.54		-0.00985353		
42.55		-0.00984877		
42.56		-0.00984402		
42.57		-0.00983928		
42.58		-0.00983454		
42.59		-0.00982982		
42.6		-0.00982511		
42.61		-0.0098204		
42.62		-0.00981571		
42.63		-0.00981102		
42.64		-0.00980635		
42.65		-0.00980168		
42.66		-0.00979703		
42.67		-0.00979238		
42.68		-0.00978775		
42.69		-0.00978312		
42.7		-0.0097785		
42.71		-0.00977389		
42.72		-0.00976929		
42.73		-0.0097647		
42.74		-0.00976012		
42.75		-0.00975555		
42.76		-0.00975099		
42.77		-0.00974644		
42.78		-0.00974189		
42.79		-0.00973736		
42.8		-0.00973283		
42.81		-0.00972832		
42.82		-0.00972381		
42.83		-0.00971931		
42.84		-0.00971482		
42.85		-0.00971034		
42.86		-0.00970587		
42.87		-0.00970141		
42.88		-0.00969695		
42.89		-0.00969251		
42.9		-0.00968807		
42.91		-0.00968364		
42.92		-0.00967922		
42.93		-0.00967481		
42.94		-0.00967041		
42.95		-0.00966602		
42.96		-0.00966164		
42.97		-0.00965726		
42.98		-0.00965289		
42.99		-0.00964853		
43		-0.00964418		
43.01		-0.00963984		
43.02		-0.00963551		
43.03		-0.00963119		
43.04		-0.00962687		
43.05		-0.00962256		
43.06		-0.00961826		
43.07		-0.00961397		
43.08		-0.00960969		
43.09		-0.00960541		
43.1		-0.00960114		
43.11		-0.00959689		
43.12		-0.00959264		
43.13		-0.00958839		
43.14		-0.00958416		
43.15		-0.00957993		
43.16		-0.00957572		
43.17		-0.00957151		
43.18		-0.0095673		
43.19		-0.00956311		
43.2		-0.00955892		
43.21		-0.00955474		
43.22		-0.00955057		
43.23		-0.00954641		
43.24		-0.00954226		
43.25		-0.00953811		
43.26		-0.00953397		
43.27		-0.00952984		
43.28		-0.00952572		
43.29		-0.0095216		
43.3		-0.00951749		
43.31		-0.00951339		
43.32		-0.0095093		
43.33		-0.00950521		
43.34		-0.00950113		
43.35		-0.00949706		
43.36		-0.009493		
43.37		-0.00948895		
43.38		-0.0094849		
43.39		-0.00948086		
43.4		-0.00947683		
43.41		-0.0094728		
43.42		-0.00946878		
43.43		-0.00946477		
43.44		-0.00946077		
43.45		-0.00945677		
43.46		-0.00945278		
43.47		-0.0094488		
43.48		-0.00944483		
43.49		-0.00944086		
43.5		-0.0094369		
43.51		-0.00943295		
43.52		-0.009429		
43.53		-0.00942506		
43.54		-0.00942113		
43.55		-0.0094172		
43.56		-0.00941329		
43.57		-0.00940938		
43.58		-0.00940547		
43.59		-0.00940158		
43.6		-0.00939769		
43.61		-0.0093938		
43.62		-0.00938993		
43.63		-0.00938606		
43.64		-0.0093822		
43.65		-0.00937834		
43.66		-0.00937449		
43.67		-0.00937065		
43.68		-0.00936682		
43.69		-0.00936299		
43.7		-0.00935917		
43.71		-0.00935535		
43.72		-0.00935155		
43.73		-0.00934774		
43.74		-0.00934395		
43.75		-0.00934016		
43.76		-0.00933638		
43.77		-0.00933261		
43.78		-0.00932884		
43.79		-0.00932507		
43.8		-0.00932132		
43.81		-0.00931757		
43.82		-0.00931383		
43.83		-0.00931009		
43.84		-0.00930636		
43.85		-0.00930264		
43.86		-0.00929892		
43.87		-0.00929521		
43.88		-0.00929151		
43.89		-0.00928781		
43.9		-0.00928412		
43.91		-0.00928043		
43.92		-0.00927676		
43.93		-0.00927308		
43.94		-0.00926942		
43.95		-0.00926576		
43.96		-0.0092621		
43.97		-0.00925846		
43.98		-0.00925481		
43.99		-0.00925118		
44		-0.00924755		
44.01		-0.00924393		
44.02		-0.00924031		
44.03		-0.0092367		
44.04		-0.00923309		
44.05		-0.00922949		
44.06		-0.0092259		
44.07		-0.00922231		
44.08		-0.00921873		
44.09		-0.00921516		
44.1		-0.00921159		
44.11		-0.00920802		
44.12		-0.00920446		
44.13		-0.00920091		
44.14		-0.00919737		
44.15		-0.00919383		
44.16		-0.00919029		
44.17		-0.00918676		
44.18		-0.00918324		
44.19		-0.00917972		
44.2		-0.00917621		
44.21		-0.00917271		
44.22		-0.00916921		
44.23		-0.00916571		
44.24		-0.00916223		
44.25		-0.00915874		
44.26		-0.00915526		
44.27		-0.00915179		
44.28		-0.00914833		
44.29		-0.00914487		
44.3		-0.00914141		
44.31		-0.00913796		
44.32		-0.00913452		
44.33		-0.00913108		
44.34		-0.00912765		
44.35		-0.00912422		
44.36		-0.0091208		
44.37		-0.00911738		
44.38		-0.00911397		
44.39		-0.00911056		
44.4		-0.00910716		
44.41		-0.00910377		
44.42		-0.00910038		
44.43		-0.009097		
44.44		-0.00909362		
44.45		-0.00909024		
44.46		-0.00908688		
44.47		-0.00908351		
44.48		-0.00908015		
44.49		-0.0090768		
44.5		-0.00907345		
44.51		-0.00907011		
44.52		-0.00906678		
44.53		-0.00906344		
44.54		-0.00906012		
44.55		-0.0090568		
44.56		-0.00905348		
44.57		-0.00905017		
44.58		-0.00904686		
44.59		-0.00904356		
44.6		-0.00904027		
44.61		-0.00903697		
44.62		-0.00903369		
44.63		-0.00903041		
44.64		-0.00902713		
44.65		-0.00902386		
44.66		-0.0090206		
44.67		-0.00901733		
44.68		-0.00901408		
44.69		-0.00901083		
44.7		-0.00900758		
44.71		-0.00900434		
44.72		-0.0090011		
44.73		-0.00899787		
44.74		-0.00899465		
44.75		-0.00899143		
44.76		-0.00898821		
44.77		-0.008985		
44.78		-0.00898179		
44.79		-0.00897859		
44.8		-0.00897539		
44.81		-0.0089722		
44.82		-0.00896901		
44.83		-0.00896582		
44.84		-0.00896265		
44.85		-0.00895947		
44.86		-0.0089563		
44.87		-0.00895314		
44.88		-0.00894998		
44.89		-0.00894682		
44.9		-0.00894367		
44.91		-0.00894053		
44.92		-0.00893738		
44.93		-0.00893425		
44.94		-0.00893112		
44.95		-0.00892799		
44.96		-0.00892486		
44.97		-0.00892175		
44.98		-0.00891863		
44.99		-0.00891552		
45		-0.00891242		
45.01		-0.00890932		
45.02		-0.00890622		
45.03		-0.00890313		
45.04		-0.00890004		
45.05		-0.00889696		
45.06		-0.00889388		
45.07		-0.00889081		
45.08		-0.00888774		
45.09		-0.00888467		
45.1		-0.00888161		
45.11		-0.00887856		
45.12		-0.0088755		
45.13		-0.00887246		
45.14		-0.00886941		
45.15		-0.00886637		
45.16		-0.00886334		
45.17		-0.00886031		
45.18		-0.00885728		
45.19		-0.00885426		
45.2		-0.00885124		
45.21		-0.00884823		
45.22		-0.00884522		
45.23		-0.00884222		
45.24		-0.00883921		
45.25		-0.00883622		
45.26		-0.00883323		
45.27		-0.00883024		
45.28		-0.00882725		
45.29		-0.00882427		
45.3		-0.0088213		
45.31		-0.00881833		
45.32		-0.00881536		
45.33		-0.00881239		
45.34		-0.00880943		
45.35		-0.00880648		
45.36		-0.00880353		
45.37		-0.00880058		
45.38		-0.00879764		
45.39		-0.0087947		
45.4		-0.00879176		
45.41		-0.00878883		
45.42		-0.00878591		
45.43		-0.00878298		
45.44		-0.00878006		
45.45		-0.00877715		
45.46		-0.00877424		
45.47		-0.00877133		
45.48		-0.00876843		
45.49		-0.00876553		
45.5		-0.00876263		
45.51		-0.00875974		
45.52		-0.00875685		
45.53		-0.00875397		
45.54		-0.00875109		
45.55		-0.00874821		
45.56		-0.00874534		
45.57		-0.00874247		
45.58		-0.0087396		
45.59		-0.00873674		
45.6		-0.00873389		
45.61		-0.00873103		
45.62		-0.00872818		
45.63		-0.00872534		
45.64		-0.0087225		
45.65		-0.00871966		
45.66		-0.00871682		
45.67		-0.00871399		
45.68		-0.00871116		
45.69		-0.00870834		
45.7		-0.00870552		
45.71		-0.00870271		
45.72		-0.00869989		
45.73		-0.00869708		
45.74		-0.00869428		
45.75		-0.00869148		
45.76		-0.00868868		
45.77		-0.00868589		
45.78		-0.0086831		
45.79		-0.00868031		
45.8		-0.00867753		
45.81		-0.00867475		
45.82		-0.00867197		
45.83		-0.0086692		
45.84		-0.00866643		
45.85		-0.00866366		
45.86		-0.0086609		
45.87		-0.00865814		
45.88		-0.00865539		
45.89		-0.00865264		
45.9		-0.00864989		
45.91		-0.00864714		
45.92		-0.0086444		
45.93		-0.00864167		
45.94		-0.00863893		
45.95		-0.0086362		
45.96		-0.00863347		
45.97		-0.00863075		
45.98		-0.00862803		
45.99		-0.00862531		
46		-0.0086226		
46.01		-0.00861989		
46.02		-0.00861718		
46.03		-0.00861448		
46.04		-0.00861178		
46.05		-0.00860908		
46.06		-0.00860639		
46.07		-0.0086037		
46.08		-0.00860102		
46.09		-0.00859833		
46.1		-0.00859565		
46.11		-0.00859298		
46.12		-0.0085903		
46.13		-0.00858763		
46.14		-0.00858497		
46.15		-0.0085823		
46.16		-0.00857964		
46.17		-0.00857699		
46.18		-0.00857433		
46.19		-0.00857168		
46.2		-0.00856904		
46.21		-0.00856639		
46.22		-0.00856375		
46.23		-0.00856111		
46.24		-0.00855848		
46.25		-0.00855585		
46.26		-0.00855322		
46.27		-0.0085506		
46.28		-0.00854798		
46.29		-0.00854536		
46.3		-0.00854274		
46.31		-0.00854013		
46.32		-0.00853752		
46.33		-0.00853492		
46.34		-0.00853231		
46.35		-0.00852971		
46.36		-0.00852712		
46.37		-0.00852452		
46.38		-0.00852193		
46.39		-0.00851935		
46.4		-0.00851676		
46.41		-0.00851418		
46.42		-0.0085116		
46.43		-0.00850903		
46.44		-0.00850646		
46.45		-0.00850389		
46.46		-0.00850132		
46.47		-0.00849876		
46.48		-0.0084962		
46.49		-0.00849364		
46.5		-0.00849109		
46.51		-0.00848854		
46.52		-0.00848599		
46.53		-0.00848345		
46.54		-0.00848091		
46.55		-0.00847837		
46.56		-0.00847583		
46.57		-0.0084733		
46.58		-0.00847077		
46.59		-0.00846824		
46.6		-0.00846572		
46.61		-0.0084632		
46.62		-0.00846068		
46.63		-0.00845816		
46.64		-0.00845565		
46.65		-0.00845314		
46.66		-0.00845063		
46.67		-0.00844813		
46.68		-0.00844563		
46.69		-0.00844313		
46.7		-0.00844064		
46.71		-0.00843814		
46.72		-0.00843565		
46.73		-0.00843317		
46.74		-0.00843068		
46.75		-0.0084282		
46.76		-0.00842572		
46.77		-0.00842325		
46.78		-0.00842078		
46.79		-0.00841831		
46.8		-0.00841584		
46.81		-0.00841337		
46.82		-0.00841091		
46.83		-0.00840845		
46.84		-0.008406		
46.85		-0.00840354		
46.86		-0.00840109		
46.87		-0.00839865		
46.88		-0.0083962		
46.89		-0.00839376		
46.9		-0.00839132		
46.91		-0.00838888		
46.92		-0.00838645		
46.93		-0.00838402		
46.94		-0.00838159		
46.95		-0.00837916		
46.96		-0.00837674		
46.97		-0.00837432		
46.98		-0.0083719		
46.99		-0.00836948		
47		-0.00836707		
47.01		-0.00836466		
47.02		-0.00836225		
47.03		-0.00835985		
47.04		-0.00835745		
47.05		-0.00835505		
47.06		-0.00835265		
47.07		-0.00835025		
47.08		-0.00834786		
47.09		-0.00834547		
47.1		-0.00834309		
47.11		-0.0083407		
47.12		-0.00833832		
47.13		-0.00833594		
47.14		-0.00833357		
47.15		-0.00833119		
47.16		-0.00832882		
47.17		-0.00832645		
47.18		-0.00832409		
47.19		-0.00832172		
47.2		-0.00831936		
47.21		-0.008317		
47.22		-0.00831465		
47.23		-0.00831229		
47.24		-0.00830994		
47.25		-0.00830759		
47.26		-0.00830525		
47.27		-0.0083029		
47.28		-0.00830056		
47.29		-0.00829822		
47.3		-0.00829589		
47.31		-0.00829355		
47.32		-0.00829122		
47.33		-0.00828889		
47.34		-0.00828657		
47.35		-0.00828424		
47.36		-0.00828192		
47.37		-0.0082796		
47.38		-0.00827729		
47.39		-0.00827497		
47.4		-0.00827266		
47.41		-0.00827035		
47.42		-0.00826805		
47.43		-0.00826574		
47.44		-0.00826344		
47.45		-0.00826114		
47.46		-0.00825884		
47.47		-0.00825655		
47.48		-0.00825425		
47.49		-0.00825196		
47.5		-0.00824968		
47.51		-0.00824739		
47.52		-0.00824511		
47.53		-0.00824283		
47.54		-0.00824055		
47.55		-0.00823827		
47.56		-0.008236		
47.57		-0.00823373		
47.58		-0.00823146		
47.59		-0.00822919		
47.6		-0.00822693		
47.61		-0.00822466		
47.62		-0.0082224		
47.63		-0.00822015		
47.64		-0.00821789		
47.65		-0.00821564		
47.66		-0.00821339		
47.67		-0.00821114		
47.68		-0.00820889		
47.69		-0.00820665		
47.7		-0.00820441		
47.71		-0.00820217		
47.72		-0.00819993		
47.73		-0.00819769		
47.74		-0.00819546		
47.75		-0.00819323		
47.76		-0.008191		
47.77		-0.00818878		
47.78		-0.00818655		
47.79		-0.00818433		
47.8		-0.00818211		
47.81		-0.00817989		
47.82		-0.00817768		
47.83		-0.00817547		
47.84		-0.00817326		
47.85		-0.00817105		
47.86		-0.00816884		
47.87		-0.00816664		
47.88		-0.00816444		
47.89		-0.00816224		
47.9		-0.00816004		
47.91		-0.00815784		
47.92		-0.00815565		
47.93		-0.00815346		
47.94		-0.00815127		
47.95		-0.00814908		
47.96		-0.0081469		
47.97		-0.00814471		
47.98		-0.00814253		
47.99		-0.00814036		
48		-0.00813818		
48.01		-0.00813601		
48.02		-0.00813383		
48.03		-0.00813166		
48.04		-0.0081295		
48.05		-0.00812733		
48.06		-0.00812517		
48.07		-0.008123		
48.08		-0.00812084		
48.09		-0.00811869		
48.1		-0.00811653		
48.11		-0.00811438		
48.12		-0.00811223		
48.13		-0.00811008		
48.14		-0.00810793		
48.15		-0.00810579		
48.16		-0.00810364		
48.17		-0.0081015		
48.18		-0.00809936		
48.19		-0.00809723		
48.2		-0.00809509		
48.21		-0.00809296		
48.22		-0.00809083		
48.23		-0.0080887		
48.24		-0.00808657		
48.25		-0.00808445		
48.26		-0.00808232		
48.27		-0.0080802		
48.28		-0.00807808		
48.29		-0.00807597		
48.3		-0.00807385		
48.31		-0.00807174		
48.32		-0.00806963		
48.33		-0.00806752		
48.34		-0.00806541		
48.35		-0.00806331		
48.36		-0.0080612		
48.37		-0.0080591		
48.38		-0.008057		
48.39		-0.00805491		
48.4		-0.00805281		
48.41		-0.00805072		
48.42		-0.00804863		
48.43		-0.00804654		
48.44		-0.00804445		
48.45		-0.00804236		
48.46		-0.00804028		
48.47		-0.0080382		
48.48		-0.00803612		
48.49		-0.00803404		
48.5		-0.00803196		
48.51		-0.00802989		
48.52		-0.00802782		
48.53		-0.00802575		
48.54		-0.00802368		
48.55		-0.00802161		
48.56		-0.00801955		
48.57		-0.00801748		
48.58		-0.00801542		
48.59		-0.00801336		
48.6		-0.00801131		
48.61		-0.00800925		
48.62		-0.0080072		
48.63		-0.00800515		
48.64		-0.0080031		
48.65		-0.00800105		
48.66		-0.007999		
48.67		-0.00799696		
48.68		-0.00799491		
48.69		-0.00799287		
48.7		-0.00799083		
48.71		-0.0079888		
48.72		-0.00798676		
48.73		-0.00798473		
48.74		-0.0079827		
48.75		-0.00798067		
48.76		-0.00797864		
48.77		-0.00797661		
48.78		-0.00797459		
48.79		-0.00797257		
48.8		-0.00797055		
48.81		-0.00796853		
48.82		-0.00796651		
48.83		-0.00796449		
48.84		-0.00796248		
48.85		-0.00796047		
48.86		-0.00795846		
48.87		-0.00795645		
48.88		-0.00795444		
48.89		-0.00795244		
48.9		-0.00795044		
48.91		-0.00794843		
48.92		-0.00794643		
48.93		-0.00794444		
48.94		-0.00794244		
48.95		-0.00794045		
48.96		-0.00793845		
48.97		-0.00793646		
48.98		-0.00793447		
48.99		-0.00793249		
49		-0.0079305		
49.01		-0.00792852		
49.02		-0.00792653		
49.03		-0.00792455		
49.04		-0.00792258		
49.05		-0.0079206		
49.06		-0.00791862		
49.07		-0.00791665		
49.08		-0.00791468		
49.09		-0.00791271		
49.1		-0.00791074		
49.11		-0.00790877		
49.12		-0.00790681		
49.13		-0.00790484		
49.14		-0.00790288		
49.15		-0.00790092		
49.16		-0.00789896		
49.17		-0.007897		
49.18		-0.00789505		
49.19		-0.0078931		
49.2		-0.00789114		
49.21		-0.00788919		
49.22		-0.00788724		
49.23		-0.0078853		
49.24		-0.00788335		
49.25		-0.00788141		
49.26		-0.00787947		
49.27		-0.00787753		
49.28		-0.00787559		
49.29		-0.00787365		
49.3		-0.00787171		
49.31		-0.00786978		
49.32		-0.00786785		
49.33		-0.00786592		
49.34		-0.00786399		
49.35		-0.00786206		
49.36		-0.00786014		
49.37		-0.00785821		
49.38		-0.00785629		
49.39		-0.00785437		
49.4		-0.00785245		
49.41		-0.00785053		
49.42		-0.00784861		
49.43		-0.0078467		
49.44		-0.00784479		
49.45		-0.00784287		
49.46		-0.00784096		
49.47		-0.00783906		
49.48		-0.00783715		
49.49		-0.00783524		
49.5		-0.00783334		
49.51		-0.00783144		
49.52		-0.00782954		
49.53		-0.00782764		
49.54		-0.00782574		
49.55		-0.00782385		
49.56		-0.00782195		
49.57		-0.00782006		
49.58		-0.00781817		
49.59		-0.00781628		
49.6		-0.00781439		
49.61		-0.0078125		
49.62		-0.00781062		
49.63		-0.00780873		
49.64		-0.00780685		
49.65		-0.00780497		
49.66		-0.00780309		
49.67		-0.00780121		
49.68		-0.00779934		
49.69		-0.00779746		
49.7		-0.00779559		
49.71		-0.00779372		
49.72		-0.00779185		
49.73		-0.00778998		
49.74		-0.00778811		
49.75		-0.00778625		
49.76		-0.00778439		
49.77		-0.00778252		
49.78		-0.00778066		
49.79		-0.0077788		
49.8		-0.00777694		
49.81		-0.00777509		
49.82		-0.00777323		
49.83		-0.00777138		
49.84		-0.00776953		
49.85		-0.00776768		
49.86		-0.00776583		
49.87		-0.00776398		
49.88		-0.00776213		
49.89		-0.00776029		
49.9		-0.00775845		
49.91		-0.0077566		
49.92		-0.00775476		
49.93		-0.00775292		
49.94		-0.00775109		
49.95		-0.00774925		
49.96		-0.00774742		
49.97		-0.00774558		
49.98		-0.00774375		
49.99		-0.00774192		
50		-0.00774009		
