tau [fm]		R_Pi^-1
0.25		0.0653653
0.26		0.0635114		
0.27		0.0616069		
0.28		0.0596637		
0.29		0.0576927		
0.3		0.0557039		
0.31		0.0537065		
0.32		0.0517088		
0.33		0.0497185		
0.34		0.0477423		
0.35		0.0457864		
0.36		0.0438564		
0.37		0.0419571		
0.38		0.0400929		
0.39		0.0382676		
0.4		0.0364845		
0.41		0.0347463		
0.42		0.0330554		
0.43		0.0314137		
0.44		0.0298228		
0.45		0.0282838		
0.46		0.0267977		
0.47		0.0253649		
0.48		0.0239858		
0.49		0.0226603		
0.5		0.0213882		
0.51		0.0201692		
0.52		0.0190026		
0.53		0.0178876		
0.54		0.0168234		
0.55		0.0158089		
0.56		0.0148429		
0.57		0.0139242		
0.58		0.0130515		
0.59		0.0122233		
0.6		0.0114384		
0.61		0.010695		
0.62		0.00999186		
0.63		0.00932731		
0.64		0.00869986		
0.65		0.00810796		
0.66		0.00755009		
0.67		0.00702472		
0.68		0.00653036		
0.69		0.00606553		
0.7		0.0056288		
0.71		0.00521875		
0.72		0.00483401		
0.73		0.00447325		
0.74		0.00413516		
0.75		0.0038185		
0.76		0.00352206		
0.77		0.00324469		
0.78		0.00298527		
0.79		0.00274273		
0.8		0.00251606		
0.81		0.00230428		
0.82		0.00210647		
0.83		0.00192174		
0.84		0.00174925		
0.85		0.00158822		
0.86		0.0014379		
0.87		0.00129757		
0.88		0.00116656		
0.89		0.00104425		
0.9		0.000930033		
0.91		0.000823363		
0.92		0.000723713		
0.93		0.000630591		
0.94		0.000543538		
0.95		0.000462124		
0.96		0.000385948		
0.97		0.000314636		
0.98		0.000247837		
0.99		0.000185227		
1		0.000126502		
1.01		7.1382e-05		
1.02		1.96043e-05		
1.03		-2.90734e-05		
1.04		-7.48762e-05		
1.05		-0.000118013		
1.06		-0.000158676		
1.07		-0.000197046		
1.08		-0.000233286		
1.09		-0.000267551		
1.1		-0.000299982		
1.11		-0.000330708		
1.12		-0.000359851		
1.13		-0.000387523		
1.14		-0.000413825		
1.15		-0.000438852		
1.16		-0.000462692		
1.17		-0.000485426		
1.18		-0.000507127		
1.19		-0.000527865		
1.2		-0.000547702		
1.21		-0.000566697		
1.22		-0.000584905		
1.23		-0.000602373		
1.24		-0.00061915		
1.25		-0.000635276		
1.26		-0.000650792		
1.27		-0.000665733		
1.28		-0.000680133		
1.29		-0.000694024		
1.3		-0.000707433		
1.31		-0.000720389		
1.32		-0.000732915		
1.33		-0.000745035		
1.34		-0.000756769		
1.35		-0.00076814		
1.36		-0.000779164		
1.37		-0.000789859		
1.38		-0.000800242		
1.39		-0.000810328		
1.4		-0.000820131		
1.41		-0.000829665		
1.42		-0.000838942		
1.43		-0.000847973		
1.44		-0.000856771		
1.45		-0.000865346		
1.46		-0.000873708		
1.47		-0.000881865		
1.48		-0.000889828		
1.49		-0.000897604		
1.5		-0.000905202		
1.51		-0.000912628		
1.52		-0.000919891		
1.53		-0.000926998		
1.54		-0.000933954		
1.55		-0.000940767		
1.56		-0.000947442		
1.57		-0.000953985		
1.58		-0.000960401		
1.59		-0.000966696		
1.6		-0.000972876		
1.61		-0.000978944		
1.62		-0.000984905		
1.63		-0.000990765		
1.64		-0.000996527		
1.65		-0.0010022		
1.66		-0.00100777		
1.67		-0.00101327		
1.68		-0.00101868		
1.69		-0.00102401		
1.7		-0.00102927		
1.71		-0.00103446		
1.72		-0.00103958		
1.73		-0.00104464		
1.74		-0.00104963		
1.75		-0.00105457		
1.76		-0.00105945		
1.77		-0.00106427		
1.78		-0.00106905		
1.79		-0.00107378		
1.8		-0.00107846		
1.81		-0.0010831		
1.82		-0.0010877		
1.83		-0.00109227		
1.84		-0.0010968		
1.85		-0.00110129		
1.86		-0.00110575		
1.87		-0.00111019		
1.88		-0.00111459		
1.89		-0.00111898		
1.9		-0.00112333		
1.91		-0.00112767		
1.92		-0.00113199		
1.93		-0.00113629		
1.94		-0.00114057		
1.95		-0.00114484		
1.96		-0.0011491		
1.97		-0.00115335		
1.98		-0.00115758		
1.99		-0.00116181		
2		-0.00116603		
2.01		-0.00117025		
2.02		-0.00117446		
2.03		-0.00117867		
2.04		-0.00118288		
2.05		-0.00118709		
2.06		-0.00119131		
2.07		-0.00119552		
2.08		-0.00119974		
2.09		-0.00120396		
2.1		-0.00120819		
2.11		-0.00121243		
2.12		-0.00121668		
2.13		-0.00122093		
2.14		-0.0012252		
2.15		-0.00122948		
2.16		-0.00123377		
2.17		-0.00123808		
2.18		-0.0012424		
2.19		-0.00124673		
2.2		-0.00125108		
2.21		-0.00125545		
2.22		-0.00125984		
2.23		-0.00126425		
2.24		-0.00126867		
2.25		-0.00127312		
2.26		-0.00127759		
2.27		-0.00128208		
2.28		-0.0012866		
2.29		-0.00129114		
2.3		-0.0012957		
2.31		-0.00130029		
2.32		-0.0013049		
2.33		-0.00130954		
2.34		-0.00131421		
2.35		-0.00131891		
2.36		-0.00132363		
2.37		-0.00132839		
2.38		-0.00133317		
2.39		-0.00133798		
2.4		-0.00134283		
2.41		-0.00134771		
2.42		-0.00135262		
2.43		-0.00135756		
2.44		-0.00136253		
2.45		-0.00136754		
2.46		-0.00137258		
2.47		-0.00137766		
2.48		-0.00138277		
2.49		-0.00138792		
2.5		-0.00139311		
2.51		-0.00139833		
2.52		-0.00140359		
2.53		-0.00140888		
2.54		-0.00141421		
2.55		-0.00141959		
2.56		-0.001425		
2.57		-0.00143045		
2.58		-0.00143594		
2.59		-0.00144147		
2.6		-0.00144703		
2.61		-0.00145264		
2.62		-0.0014583		
2.63		-0.00146399		
2.64		-0.00146972		
2.65		-0.0014755		
2.66		-0.00148132		
2.67		-0.00148718		
2.68		-0.00149308		
2.69		-0.00149903		
2.7		-0.00150502		
2.71		-0.00151106		
2.72		-0.00151714		
2.73		-0.00152326		
2.74		-0.00152943		
2.75		-0.00153564		
2.76		-0.0015419		
2.77		-0.00154821		
2.78		-0.00155456		
2.79		-0.00156095		
2.8		-0.0015674		
2.81		-0.00157389		
2.82		-0.00158042		
2.83		-0.001587		
2.84		-0.00159364		
2.85		-0.00160031		
2.86		-0.00160704		
2.87		-0.00161381		
2.88		-0.00162063		
2.89		-0.0016275		
2.9		-0.00163442		
2.91		-0.00164139		
2.92		-0.0016484		
2.93		-0.00165547		
2.94		-0.00166258		
2.95		-0.00166974		
2.96		-0.00167696		
2.97		-0.00168422		
2.98		-0.00169153		
2.99		-0.00169889		
3		-0.00170631		
3.01		-0.00171377		
3.02		-0.00172128		
3.03		-0.00172885		
3.04		-0.00173646		
3.05		-0.00174413		
3.06		-0.00175184		
3.07		-0.00175961		
3.08		-0.00176743		
3.09		-0.0017753		
3.1		-0.00178322		
3.11		-0.00179119		
3.12		-0.00179922		
3.13		-0.0018073		
3.14		-0.00181542		
3.15		-0.00182361		
3.16		-0.00183184		
3.17		-0.00184012		
3.18		-0.00184846		
3.19		-0.00185685		
3.2		-0.00186529		
3.21		-0.00187379		
3.22		-0.00188234		
3.23		-0.00189094		
3.24		-0.00189959		
3.25		-0.0019083		
3.26		-0.00191706		
3.27		-0.00192587		
3.28		-0.00193474		
3.29		-0.00194366		
3.3		-0.00195263		
3.31		-0.00196165		
3.32		-0.00197073		
3.33		-0.00197987		
3.34		-0.00198905		
3.35		-0.00199829		
3.36		-0.00200759		
3.37		-0.00201694		
3.38		-0.00202634		
3.39		-0.00203579		
3.4		-0.0020453		
3.41		-0.00205486		
3.42		-0.00206448		
3.43		-0.00207415		
3.44		-0.00208388		
3.45		-0.00209366		
3.46		-0.00210349		
3.47		-0.00211338		
3.48		-0.00212332		
3.49		-0.00213332		
3.5		-0.00214337		
3.51		-0.00215347		
3.52		-0.00216363		
3.53		-0.00217384		
3.54		-0.00218411		
3.55		-0.00219443		
3.56		-0.00220481		
3.57		-0.00221524		
3.58		-0.00222573		
3.59		-0.00223627		
3.6		-0.00224686		
3.61		-0.00225751		
3.62		-0.00226822		
3.63		-0.00227897		
3.64		-0.00228979		
3.65		-0.00230066		
3.66		-0.00231158		
3.67		-0.00232255		
3.68		-0.00233359		
3.69		-0.00234467		
3.7		-0.00235581		
3.71		-0.00236701		
3.72		-0.00237826		
3.73		-0.00238956		
3.74		-0.00240092		
3.75		-0.00241234		
3.76		-0.00242381		
3.77		-0.00243533		
3.78		-0.00244691		
3.79		-0.00245854		
3.8		-0.00247023		
3.81		-0.00248197		
3.82		-0.00249376		
3.83		-0.00250562		
3.84		-0.00251752		
3.85		-0.00252948		
3.86		-0.0025415		
3.87		-0.00255357		
3.88		-0.00256569		
3.89		-0.00257787		
3.9		-0.0025901		
3.91		-0.00260239		
3.92		-0.00261473		
3.93		-0.00262713		
3.94		-0.00263958		
3.95		-0.00265209		
3.96		-0.00266465		
3.97		-0.00267726		
3.98		-0.00268993		
3.99		-0.00270265		
4		-0.00271543		
4.01		-0.00272826		
4.02		-0.00274115		
4.03		-0.00275409		
4.04		-0.00276709		
4.05		-0.00278014		
4.06		-0.00279324		
4.07		-0.0028064		
4.08		-0.00281961		
4.09		-0.00283288		
4.1		-0.0028462		
4.11		-0.00285957		
4.12		-0.002873		
4.13		-0.00288648		
4.14		-0.00290002		
4.15		-0.00291361		
4.16		-0.00292726		
4.17		-0.00294095		
4.18		-0.00295471		
4.19		-0.00296851		
4.2		-0.00298237		
4.21		-0.00299629		
4.22		-0.00301026		
4.23		-0.00302428		
4.24		-0.00303835		
4.25		-0.00305248		
4.26		-0.00306666		
4.27		-0.0030809		
4.28		-0.00309519		
4.29		-0.00310953		
4.3		-0.00312393		
4.31		-0.00313838		
4.32		-0.00315289		
4.33		-0.00316744		
4.34		-0.00318205		
4.35		-0.00319672		
4.36		-0.00321143		
4.37		-0.0032262		
4.38		-0.00324103		
4.39		-0.0032559		
4.4		-0.00327083		
4.41		-0.00328582		
4.42		-0.00330085		
4.43		-0.00331594		
4.44		-0.00333108		
4.45		-0.00334628		
4.46		-0.00336153		
4.47		-0.00337683		
4.48		-0.00339218		
4.49		-0.00340759		
4.5		-0.00342305		
4.51		-0.00343856		
4.52		-0.00345412		
4.53		-0.00346974		
4.54		-0.00348541		
4.55		-0.00350113		
4.56		-0.0035169		
4.57		-0.00353273		
4.58		-0.00354861		
4.59		-0.00356454		
4.6		-0.00358052		
4.61		-0.00359656		
4.62		-0.00361264		
4.63		-0.00362878		
4.64		-0.00364497		
4.65		-0.00366122		
4.66		-0.00367751		
4.67		-0.00369386		
4.68		-0.00371026		
4.69		-0.00372671		
4.7		-0.00374321		
4.71		-0.00375977		
4.72		-0.00377638		
4.73		-0.00379303		
4.74		-0.00380974		
4.75		-0.0038265		
4.76		-0.00384332		
4.77		-0.00386018		
4.78		-0.00387709		
4.79		-0.00389406		
4.8		-0.00391108		
4.81		-0.00392815		
4.82		-0.00394527		
4.83		-0.00396244		
4.84		-0.00397966		
4.85		-0.00399693		
4.86		-0.00401426		
4.87		-0.00403163		
4.88		-0.00404906		
4.89		-0.00406654		
4.9		-0.00408406		
4.91		-0.00410164		
4.92		-0.00411927		
4.93		-0.00413695		
4.94		-0.00415468		
4.95		-0.00417246		
4.96		-0.00419029		
4.97		-0.00420817		
4.98		-0.0042261		
4.99		-0.00424408		
5		-0.00426211		
5.01		-0.0042802		
5.02		-0.00429833		
5.03		-0.00431651		
5.04		-0.00433474		
5.05		-0.00435302		
5.06		-0.00437135		
5.07		-0.00438974		
5.08		-0.00440817		
5.09		-0.00442665		
5.1		-0.00444518		
5.11		-0.00446376		
5.12		-0.00448239		
5.13		-0.00450107		
5.14		-0.00451979		
5.15		-0.00453857		
5.16		-0.0045574		
5.17		-0.00457627		
5.18		-0.0045952		
5.19		-0.00461417		
5.2		-0.0046332		
5.21		-0.00465227		
5.22		-0.00467139		
5.23		-0.00469056		
5.24		-0.00470978		
5.25		-0.00472905		
5.26		-0.00474837		
5.27		-0.00476773		
5.28		-0.00478715		
5.29		-0.00480661		
5.3		-0.00482612		
5.31		-0.00484568		
5.32		-0.00486529		
5.33		-0.00488494		
5.34		-0.00490465		
5.35		-0.0049244		
5.36		-0.0049442		
5.37		-0.00496405		
5.38		-0.00498394		
5.39		-0.00500389		
5.4		-0.00502388		
5.41		-0.00504392		
5.42		-0.00506401		
5.43		-0.00508415		
5.44		-0.00510433		
5.45		-0.00512456		
5.46		-0.00514484		
5.47		-0.00516517		
5.48		-0.00518554		
5.49		-0.00520596		
5.5		-0.00522643		
5.51		-0.00524694		
5.52		-0.00526751		
5.53		-0.00528812		
5.54		-0.00530877		
5.55		-0.00532948		
5.56		-0.00535023		
5.57		-0.00537103		
5.58		-0.00539187		
5.59		-0.00541276		
5.6		-0.0054337		
5.61		-0.00545468		
5.62		-0.00547571		
5.63		-0.00549679		
5.64		-0.00551792		
5.65		-0.00553909		
5.66		-0.0055603		
5.67		-0.00558157		
5.68		-0.00560288		
5.69		-0.00562423		
5.7		-0.00564563		
5.71		-0.00566708		
5.72		-0.00568857		
5.73		-0.00571011		
5.74		-0.0057317		
5.75		-0.00575333		
5.76		-0.00577501		
5.77		-0.00579673		
5.78		-0.0058185		
5.79		-0.00584031		
5.8		-0.00586217		
5.81		-0.00588408		
5.82		-0.00590603		
5.83		-0.00592802		
5.84		-0.00595006		
5.85		-0.00597215		
5.86		-0.00599428		
5.87		-0.00601645		
5.88		-0.00603867		
5.89		-0.00606094		
5.9		-0.00608325		
5.91		-0.00610561		
5.92		-0.00612801		
5.93		-0.00615045		
5.94		-0.00617294		
5.95		-0.00619548		
5.96		-0.00621805		
5.97		-0.00624068		
5.98		-0.00626334		
5.99		-0.00628606		
6		-0.00630881		
6.01		-0.00633161		
6.02		-0.00635446		
6.03		-0.00637735		
6.04		-0.00640028		
6.05		-0.00642325		
6.06		-0.00644627		
6.07		-0.00646934		
6.08		-0.00649245		
6.09		-0.0065156		
6.1		-0.00653879		
6.11		-0.00656203		
6.12		-0.00658531		
6.13		-0.00660864		
6.14		-0.00663201		
6.15		-0.00665542		
6.16		-0.00667888		
6.17		-0.00670238		
6.18		-0.00672592		
6.19		-0.0067495		
6.2		-0.00677313		
6.21		-0.0067968		
6.22		-0.00682052		
6.23		-0.00684427		
6.24		-0.00686807		
6.25		-0.00689191		
6.26		-0.0069158		
6.27		-0.00693973		
6.28		-0.0069637		
6.29		-0.00698771		
6.3		-0.00701176		
6.31		-0.00703586		
6.32		-0.00706		
6.33		-0.00708418		
6.34		-0.00710841		
6.35		-0.00713267		
6.36		-0.00715698		
6.37		-0.00718133		
6.38		-0.00720572		
6.39		-0.00723016		
6.4		-0.00725463		
6.41		-0.00727915		
6.42		-0.00730371		
6.43		-0.00732831		
6.44		-0.00735295		
6.45		-0.00737763		
6.46		-0.00740236		
6.47		-0.00742712		
6.48		-0.00745193		
6.49		-0.00747678		
6.5		-0.00750167		
6.51		-0.0075266		
6.52		-0.00755157		
6.53		-0.00757659		
6.54		-0.00760164		
6.55		-0.00762674		
6.56		-0.00765187		
6.57		-0.00767705		
6.58		-0.00770226		
6.59		-0.00772752		
6.6		-0.00775282		
6.61		-0.00777816		
6.62		-0.00780354		
6.63		-0.00782896		
6.64		-0.00785442		
6.65		-0.00787992		
6.66		-0.00790546		
6.67		-0.00793104		
6.68		-0.00795666		
6.69		-0.00798232		
6.7		-0.00800802		
6.71		-0.00803376		
6.72		-0.00805954		
6.73		-0.00808536		
6.74		-0.00811122		
6.75		-0.00813712		
6.76		-0.00816305		
6.77		-0.00818903		
6.78		-0.00821505		
6.79		-0.00824111		
6.8		-0.0082672		
6.81		-0.00829334		
6.82		-0.00831951		
6.83		-0.00834573		
6.84		-0.00837198		
6.85		-0.00839827		
6.86		-0.0084246		
6.87		-0.00845097		
6.88		-0.00847738		
6.89		-0.00850383		
6.9		-0.00853031		
6.91		-0.00855684		
6.92		-0.0085834		
6.93		-0.00861		
6.94		-0.00863664		
6.95		-0.00866332		
6.96		-0.00869004		
6.97		-0.00871679		
6.98		-0.00874359		
6.99		-0.00877042		
7		-0.00879729		
7.01		-0.00882419		
7.02		-0.00885114		
7.03		-0.00887812		
7.04		-0.00890514		
7.05		-0.0089322		
7.06		-0.0089593		
7.07		-0.00898643		
7.08		-0.00901361		
7.09		-0.00904082		
7.1		-0.00906806		
7.11		-0.00909535		
7.12		-0.00912267		
7.13		-0.00915003		
7.14		-0.00917742		
7.15		-0.00920486		
7.16		-0.00923233		
7.17		-0.00925984		
7.18		-0.00928738		
7.19		-0.00931496		
7.2		-0.00934258		
7.21		-0.00937024		
7.22		-0.00939793		
7.23		-0.00942566		
7.24		-0.00945342		
7.25		-0.00948122		
7.26		-0.00950906		
7.27		-0.00953694		
7.28		-0.00956485		
7.29		-0.0095928		
7.3		-0.00962078		
7.31		-0.0096488		
7.32		-0.00967686		
7.33		-0.00970495		
7.34		-0.00973308		
7.35		-0.00976124		
7.36		-0.00978944		
7.37		-0.00981768		
7.38		-0.00984595		
7.39		-0.00987426		
7.4		-0.0099026		
7.41		-0.00993098		
7.42		-0.00995939		
7.43		-0.00998784		
7.44		-0.0100163		
7.45		-0.0100448		
7.46		-0.0100734		
7.47		-0.010102		
7.48		-0.0101306		
7.49		-0.0101593		
7.5		-0.010188		
7.51		-0.0102167		
7.52		-0.0102455		
7.53		-0.0102743		
7.54		-0.0103031		
7.55		-0.010332		
7.56		-0.0103609		
7.57		-0.0103898		
7.58		-0.0104188		
7.59		-0.0104478		
7.6		-0.0104769		
7.61		-0.0105059		
7.62		-0.0105351		
7.63		-0.0105642		
7.64		-0.0105934		
7.65		-0.0106226		
7.66		-0.0106518		
7.67		-0.0106811		
7.68		-0.0107104		
7.69		-0.0107398		
7.7		-0.0107692		
7.71		-0.0107986		
7.72		-0.0108281		
7.73		-0.0108575		
7.74		-0.0108871		
7.75		-0.0109166		
7.76		-0.0109462		
7.77		-0.0109758		
7.78		-0.0110055		
7.79		-0.0110352		
7.8		-0.0110649		
7.81		-0.0110946		
7.82		-0.0111244		
7.83		-0.0111543		
7.84		-0.0111841		
7.85		-0.011214		
7.86		-0.0112439		
7.87		-0.0112739		
7.88		-0.0113039		
7.89		-0.0113339		
7.9		-0.0113639		
7.91		-0.011394		
7.92		-0.0114241		
7.93		-0.0114543		
7.94		-0.0114845		
7.95		-0.0115147		
7.96		-0.0115449		
7.97		-0.0115752		
7.98		-0.0116055		
7.99		-0.0116358		
8		-0.0116662		
8.01		-0.0116966		
8.02		-0.0117271		
8.03		-0.0117575		
8.04		-0.011788		
8.05		-0.0118186		
8.06		-0.0118491		
8.07		-0.0118797		
8.08		-0.0119104		
8.09		-0.011941		
8.1		-0.0119717		
8.11		-0.0120024		
8.12		-0.0120332		
8.13		-0.012064		
8.14		-0.0120948		
8.15		-0.0121257		
8.16		-0.0121565		
8.17		-0.0121875		
8.18		-0.0122184		
8.19		-0.0122494		
8.2		-0.0122804		
8.21		-0.0123114		
8.22		-0.0123425		
8.23		-0.0123736		
8.24		-0.0124047		
8.25		-0.0124359		
8.26		-0.0124671		
8.27		-0.0124983		
8.28		-0.0125295		
8.29		-0.0125608		
8.3		-0.0125921		
8.31		-0.0126235		
8.32		-0.0126549		
8.33		-0.0126863		
8.34		-0.0127177		
8.35		-0.0127492		
8.36		-0.0127806		
8.37		-0.0128122		
8.38		-0.0128437		
8.39		-0.0128753		
8.4		-0.0129069		
8.41		-0.0129386		
8.42		-0.0129702		
8.43		-0.0130019		
8.44		-0.0130337		
8.45		-0.0130654		
8.46		-0.0130972		
8.47		-0.0131291		
8.48		-0.0131609		
8.49		-0.0131928		
8.5		-0.0132247		
8.51		-0.0132566		
8.52		-0.0132886		
8.53		-0.0133206		
8.54		-0.0133526		
8.55		-0.0133847		
8.56		-0.0134168		
8.57		-0.0134489		
8.58		-0.013481		
8.59		-0.0135132		
8.6		-0.0135454		
8.61		-0.0135776		
8.62		-0.0136099		
8.63		-0.0136422		
8.64		-0.0136745		
8.65		-0.0137068		
8.66		-0.0137392		
8.67		-0.0137716		
8.68		-0.013804		
8.69		-0.0138365		
8.7		-0.013869		
8.71		-0.0139015		
8.72		-0.013934		
8.73		-0.0139666		
8.74		-0.0139992		
8.75		-0.0140318		
8.76		-0.0140645		
8.77		-0.0140972		
8.78		-0.0141299		
8.79		-0.0141626		
8.8		-0.0141954		
8.81		-0.0142282		
8.82		-0.014261		
8.83		-0.0142938		
8.84		-0.0143267		
8.85		-0.0143596		
8.86		-0.0143925		
8.87		-0.0144255		
8.88		-0.0144585		
8.89		-0.0144915		
8.9		-0.0145245		
8.91		-0.0145576		
8.92		-0.0145907		
8.93		-0.0146238		
8.94		-0.014657		
8.95		-0.0146901		
8.96		-0.0147233		
8.97		-0.0147566		
8.98		-0.0147898		
8.99		-0.0148231		
9		-0.0148564		
9.01		-0.0148898		
9.02		-0.0149231		
9.03		-0.0149565		
9.04		-0.0149899		
9.05		-0.0150234		
9.06		-0.0150568		
9.07		-0.0150903		
9.08		-0.0151238		
9.09		-0.0151574		
9.1		-0.015191		
9.11		-0.0152246		
9.12		-0.0152582		
9.13		-0.0152918		
9.14		-0.0153255		
9.15		-0.0153592		
9.16		-0.0153929		
9.17		-0.0154267		
9.18		-0.0154605		
9.19		-0.0154943		
9.2		-0.0155281		
9.21		-0.015562		
9.22		-0.0155959		
9.23		-0.0156298		
9.24		-0.0156637		
9.25		-0.0156977		
9.26		-0.0157316		
9.27		-0.0157657		
9.28		-0.0157997		
9.29		-0.0158337		
9.3		-0.0158678		
9.31		-0.0159019		
9.32		-0.0159361		
9.33		-0.0159702		
9.34		-0.0160044		
9.35		-0.0160386		
9.36		-0.0160729		
9.37		-0.0161071		
9.38		-0.0161414		
9.39		-0.0161757		
9.4		-0.0162101		
9.41		-0.0162444		
9.42		-0.0162788		
9.43		-0.0163132		
9.44		-0.0163476		
9.45		-0.0163821		
9.46		-0.0164166		
9.47		-0.0164511		
9.48		-0.0164856		
9.49		-0.0165202		
9.5		-0.0165548		
9.51		-0.0165894		
9.52		-0.016624		
9.53		-0.0166586		
9.54		-0.0166933		
9.55		-0.016728		
9.56		-0.0167627		
9.57		-0.0167975		
9.58		-0.0168322		
9.59		-0.016867		
9.6		-0.0169019		
9.61		-0.0169367		
9.62		-0.0169716		
9.63		-0.0170065		
9.64		-0.0170414		
9.65		-0.0170763		
9.66		-0.0171113		
9.67		-0.0171463		
9.68		-0.0171813		
9.69		-0.0172163		
9.7		-0.0172513		
9.71		-0.0172864		
9.72		-0.0173215		
9.73		-0.0173566		
9.74		-0.0173918		
9.75		-0.017427		
9.76		-0.0174621		
9.77		-0.0174974		
9.78		-0.0175326		
9.79		-0.0175679		
9.8		-0.0176031		
9.81		-0.0176384		
9.82		-0.0176738		
9.83		-0.0177091		
9.84		-0.0177445		
9.85		-0.0177799		
9.86		-0.0178153		
9.87		-0.0178508		
9.88		-0.0178862		
9.89		-0.0179217		
9.9		-0.0179572		
9.91		-0.0179928		
9.92		-0.0180283		
9.93		-0.0180639		
9.94		-0.0180995		
9.95		-0.0181351		
9.96		-0.0181707		
9.97		-0.0182064		
9.98		-0.0182421		
9.99		-0.0182778		
10		-0.0183135		
10.01		-0.0183493		
10.02		-0.0183851		
10.03		-0.0184209		
10.04		-0.0184567		
10.05		-0.0184925		
10.06		-0.0185284		
10.07		-0.0185643		
10.08		-0.0186002		
10.09		-0.0186361		
10.1		-0.018672		
10.11		-0.018708		
10.12		-0.018744		
10.13		-0.01878		
10.14		-0.0188161		
10.15		-0.0188521		
10.16		-0.0188882		
10.17		-0.0189243		
10.18		-0.0189604		
10.19		-0.0189965		
10.2		-0.0190327		
10.21		-0.0190689		
10.22		-0.0191051		
10.23		-0.0191413		
10.24		-0.0191776		
10.25		-0.0192138		
10.26		-0.0192501		
10.27		-0.0192864		
10.28		-0.0193228		
10.29		-0.0193591		
10.3		-0.0193955		
10.31		-0.0194319		
10.32		-0.0194683		
10.33		-0.0195047		
10.34		-0.0195412		
10.35		-0.0195776		
10.36		-0.0196141		
10.37		-0.0196507		
10.38		-0.0196872		
10.39		-0.0197237		
10.4		-0.0197603		
10.41		-0.0197969		
10.42		-0.0198335		
10.43		-0.0198702		
10.44		-0.0199068		
10.45		-0.0199435		
10.46		-0.0199802		
10.47		-0.0200169		
10.48		-0.0200537		
10.49		-0.0200904		
10.5		-0.0201272		
10.51		-0.020164		
10.52		-0.0202008		
10.53		-0.0202376		
10.54		-0.0202745		
10.55		-0.0203114		
10.56		-0.0203483		
10.57		-0.0203852		
10.58		-0.0204221		
10.59		-0.0204591		
10.6		-0.0204961		
10.61		-0.0205331		
10.62		-0.0205701		
10.63		-0.0206071		
10.64		-0.0206442		
10.65		-0.0206812		
10.66		-0.0207183		
10.67		-0.0207555		
10.68		-0.0207926		
10.69		-0.0208297		
10.7		-0.0208669		
10.71		-0.0209041		
10.72		-0.0209413		
10.73		-0.0209785		
10.74		-0.0210158		
10.75		-0.021053		
10.76		-0.0210903		
10.77		-0.0211276		
10.78		-0.021165		
10.79		-0.0212023		
10.8		-0.0212397		
10.81		-0.0212771		
10.82		-0.0213145		
10.83		-0.0213519		
10.84		-0.0213893		
10.85		-0.0214268		
10.86		-0.0214642		
10.87		-0.0215017		
10.88		-0.0215393		
10.89		-0.0215768		
10.9		-0.0216143		
10.91		-0.0216519		
10.92		-0.0216895		
10.93		-0.0217271		
10.94		-0.0217647		
10.95		-0.0218024		
10.96		-0.02184		
10.97		-0.0218777		
10.98		-0.0219154		
10.99		-0.0219531		
11		-0.0219909		
11.01		-0.0220286		
11.02		-0.0220664		
11.03		-0.0221042		
11.04		-0.022142		
11.05		-0.0221798		
11.06		-0.0222177		
11.07		-0.0222555		
11.08		-0.0222934		
11.09		-0.0223313		
11.1		-0.0223692		
11.11		-0.0224072		
11.12		-0.0224451		
11.13		-0.0224831		
11.14		-0.0225211		
11.15		-0.0225591		
11.16		-0.0225971		
11.17		-0.0226352		
11.18		-0.0226732		
11.19		-0.0227113		
11.2		-0.0227494		
11.21		-0.0227875		
11.22		-0.0228257		
11.23		-0.0228638		
11.24		-0.022902		
11.25		-0.0229402		
11.26		-0.0229784		
11.27		-0.0230166		
11.28		-0.0230548		
11.29		-0.0230931		
11.3		-0.0231314		
11.31		-0.0231697		
11.32		-0.023208		
11.33		-0.0232463		
11.34		-0.0232847		
11.35		-0.023323		
11.36		-0.0233614		
11.37		-0.0233998		
11.38		-0.0234382		
11.39		-0.0234766		
11.4		-0.0235151		
11.41		-0.0235536		
11.42		-0.0235921		
11.43		-0.0236306		
11.44		-0.0236691		
11.45		-0.0237076		
11.46		-0.0237462		
11.47		-0.0237847		
11.48		-0.0238233		
11.49		-0.0238619		
11.5		-0.0239006		
11.51		-0.0239392		
11.52		-0.0239779		
11.53		-0.0240165		
11.54		-0.0240552		
11.55		-0.0240939		
11.56		-0.0241327		
11.57		-0.0241714		
11.58		-0.0242102		
11.59		-0.024249		
11.6		-0.0242878		
11.61		-0.0243266		
11.62		-0.0243654		
11.63		-0.0244042		
11.64		-0.0244431		
11.65		-0.024482		
11.66		-0.0245209		
11.67		-0.0245598		
11.68		-0.0245987		
11.69		-0.0246377		
11.7		-0.0246767		
11.71		-0.0247156		
11.72		-0.0247546		
11.73		-0.0247936		
11.74		-0.0248327		
11.75		-0.0248717		
11.76		-0.0249108		
11.77		-0.0249499		
11.78		-0.024989		
11.79		-0.0250281		
11.8		-0.0250672		
11.81		-0.0251064		
11.82		-0.0251456		
11.83		-0.0251847		
11.84		-0.0252239		
11.85		-0.0252632		
11.86		-0.0253024		
11.87		-0.0253416		
11.88		-0.0253809		
11.89		-0.0254202		
11.9		-0.0254595		
11.91		-0.0254988		
11.92		-0.0255381		
11.93		-0.0255775		
11.94		-0.0256169		
11.95		-0.0256563		
11.96		-0.0256957		
11.97		-0.0257351		
11.98		-0.0257745		
11.99		-0.025814		
12		-0.0258534		
12.01		-0.0258929		
12.02		-0.0259324		
12.03		-0.0259719		
12.04		-0.0260115		
12.05		-0.026051		
12.06		-0.0260906		
12.07		-0.0261302		
12.08		-0.0261698		
12.09		-0.0262094		
12.1		-0.026249		
12.11		-0.0262887		
12.12		-0.0263283		
12.13		-0.026368		
12.14		-0.0264077		
12.15		-0.0264474		
12.16		-0.0264872		
12.17		-0.0265269		
12.18		-0.0265667		
12.19		-0.0266065		
12.2		-0.0266463		
12.21		-0.0266861		
12.22		-0.0267259		
12.23		-0.0267658		
12.24		-0.0268056		
12.25		-0.0268455		
12.26		-0.0268854		
12.27		-0.0269253		
12.28		-0.0269652		
12.29		-0.0270052		
12.3		-0.0270452		
12.31		-0.0270851		
12.32		-0.0271251		
12.33		-0.0271651		
12.34		-0.0272052		
12.35		-0.0272452		
12.36		-0.0272853		
12.37		-0.0273254		
12.38		-0.0273655		
12.39		-0.0274056		
12.4		-0.0274457		
12.41		-0.0274858		
12.42		-0.027526		
12.43		-0.0275662		
12.44		-0.0276064		
12.45		-0.0276466		
12.46		-0.0276868		
12.47		-0.0277271		
12.48		-0.0277673		
12.49		-0.0278076		
12.5		-0.0278479		
12.51		-0.0278882		
12.52		-0.0279285		
12.53		-0.0279689		
12.54		-0.0280092		
12.55		-0.0280496		
12.56		-0.02809		
12.57		-0.0281304		
12.58		-0.0281709		
12.59		-0.0282113		
12.6		-0.0282518		
12.61		-0.0282922		
12.62		-0.0283327		
12.63		-0.0283732		
12.64		-0.0284138		
12.65		-0.0284543		
12.66		-0.0284949		
12.67		-0.0285355		
12.68		-0.028576		
12.69		-0.0286167		
12.7		-0.0286573		
12.71		-0.0286979		
12.72		-0.0287386		
12.73		-0.0287793		
12.74		-0.02882		
12.75		-0.0288607		
12.76		-0.0289014		
12.77		-0.0289422		
12.78		-0.0289829		
12.79		-0.0290237		
12.8		-0.0290645		
12.81		-0.0291053		
12.82		-0.0291461		
12.83		-0.029187		
12.84		-0.0292279		
12.85		-0.0292687		
12.86		-0.0293096		
12.87		-0.0293506		
12.88		-0.0293915		
12.89		-0.0294324		
12.9		-0.0294734		
12.91		-0.0295144		
12.92		-0.0295554		
12.93		-0.0295964		
12.94		-0.0296375		
12.95		-0.0296785		
12.96		-0.0297196		
12.97		-0.0297607		
12.98		-0.0298018		
12.99		-0.0298429		
13		-0.029884		
13.01		-0.0299252		
13.02		-0.0299664		
13.03		-0.0300076		
13.04		-0.0300488		
13.05		-0.03009		
13.06		-0.0301313		
13.07		-0.0301725		
13.08		-0.0302138		
13.09		-0.0302551		
13.1		-0.0302964		
13.11		-0.0303377		
13.12		-0.0303791		
13.13		-0.0304205		
13.14		-0.0304619		
13.15		-0.0305033		
13.16		-0.0305447		
13.17		-0.0305861		
13.18		-0.0306276		
13.19		-0.0306691		
13.2		-0.0307105		
13.21		-0.0307521		
13.22		-0.0307936		
13.23		-0.0308351		
13.24		-0.0308767		
13.25		-0.0309183		
13.26		-0.0309599		
13.27		-0.0310015		
13.28		-0.0310431		
13.29		-0.0310848		
13.3		-0.0311265		
13.31		-0.0311682		
13.32		-0.0312099		
13.33		-0.0312516		
13.34		-0.0312934		
13.35		-0.0313351		
13.36		-0.0313769		
13.37		-0.0314187		
13.38		-0.0314605		
13.39		-0.0315024		
13.4		-0.0315442		
13.41		-0.0315861		
13.42		-0.031628		
13.43		-0.0316699		
13.44		-0.0317119		
13.45		-0.0317538		
13.46		-0.0317958		
13.47		-0.0318378		
13.48		-0.0318798		
13.49		-0.0319218		
13.5		-0.0319638		
13.51		-0.0320059		
13.52		-0.032048		
13.53		-0.0320901		
13.54		-0.0321322		
13.55		-0.0321744		
13.56		-0.0322165		
13.57		-0.0322587		
13.58		-0.0323009		
13.59		-0.0323431		
13.6		-0.0323854		
13.61		-0.0324276		
13.62		-0.0324699		
13.63		-0.0325122		
13.64		-0.0325545		
13.65		-0.0325969		
13.66		-0.0326392		
13.67		-0.0326816		
13.68		-0.032724		
13.69		-0.0327664		
13.7		-0.0328089		
13.71		-0.0328513		
13.72		-0.0328938		
13.73		-0.0329363		
13.74		-0.0329788		
13.75		-0.0330213		
13.76		-0.0330639		
13.77		-0.0331065		
13.78		-0.0331491		
13.79		-0.0331917		
13.8		-0.0332343		
13.81		-0.033277		
13.82		-0.0333197		
13.83		-0.0333624		
13.84		-0.0334051		
13.85		-0.0334479		
13.86		-0.0334906		
13.87		-0.0335334		
13.88		-0.0335762		
13.89		-0.033619		
13.9		-0.0336619		
13.91		-0.0337048		
13.92		-0.0337476		
13.93		-0.0337906		
13.94		-0.0338335		
13.95		-0.0338764		
13.96		-0.0339194		
13.97		-0.0339624		
13.98		-0.0340054		
13.99		-0.0340485		
14		-0.0340915		
14.01		-0.0341346		
14.02		-0.0341777		
14.03		-0.0342209		
14.04		-0.034264		
14.05		-0.0343072		
14.06		-0.0343504		
14.07		-0.0343936		
14.08		-0.0344368		
14.09		-0.0344801		
14.1		-0.0345234		
14.11		-0.0345667		
14.12		-0.03461		
14.13		-0.0346534		
14.14		-0.0346967		
14.15		-0.0347401		
14.16		-0.0347835		
14.17		-0.034827		
14.18		-0.0348705		
14.19		-0.0349139		
14.2		-0.0349575		
14.21		-0.035001		
14.22		-0.0350445		
14.23		-0.0350881		
14.24		-0.0351317		
14.25		-0.0351754		
14.26		-0.035219		
14.27		-0.0352627		
14.28		-0.0353064		
14.29		-0.0353501		
14.3		-0.0353939		
14.31		-0.0354376		
14.32		-0.0354814		
14.33		-0.0355252		
14.34		-0.0355691		
14.35		-0.0356129		
14.36		-0.0356568		
14.37		-0.0357008		
14.38		-0.0357447		
14.39		-0.0357887		
14.4		-0.0358326		
14.41		-0.0358767		
14.42		-0.0359207		
14.43		-0.0359648		
14.44		-0.0360089		
14.45		-0.036053		
14.46		-0.0360971		
14.47		-0.0361413		
14.48		-0.0361855		
14.49		-0.0362297		
14.5		-0.0362739		
14.51		-0.0363182		
14.52		-0.0363625		
14.53		-0.0364068		
14.54		-0.0364511		
14.55		-0.0364955		
14.56		-0.0365399		
14.57		-0.0365843		
14.58		-0.0366288		
14.59		-0.0366733		
14.6		-0.0367178		
14.61		-0.0367623		
14.62		-0.0368068		
14.63		-0.0368514		
14.64		-0.036896		
14.65		-0.0369407		
14.66		-0.0369853		
14.67		-0.03703		
14.68		-0.0370747		
14.69		-0.0371195		
14.7		-0.0371643		
14.71		-0.0372091		
14.72		-0.0372539		
14.73		-0.0372987		
14.74		-0.0373436		
14.75		-0.0373885		
14.76		-0.0374335		
14.77		-0.0374784		
14.78		-0.0375234		
14.79		-0.0375685		
14.8		-0.0376135		
14.81		-0.0376586		
14.82		-0.0377037		
14.83		-0.0377488		
14.84		-0.037794		
14.85		-0.0378392		
14.86		-0.0378844		
14.87		-0.0379297		
14.88		-0.037975		
14.89		-0.0380203		
14.9		-0.0380656		
14.91		-0.038111		
14.92		-0.0381564		
14.93		-0.0382018		
14.94		-0.0382473		
14.95		-0.0382928		
14.96		-0.0383383		
14.97		-0.0383839		
14.98		-0.0384295		
14.99		-0.0384751		
15		-0.0385207		
15.01		-0.0385664		
15.02		-0.0386121		
15.03		-0.0386578		
15.04		-0.0387036		
15.05		-0.0387494		
15.06		-0.0387952		
15.07		-0.0388411		
15.08		-0.038887		
15.09		-0.0389329		
15.1		-0.0389789		
15.11		-0.0390249		
15.12		-0.0390709		
15.13		-0.039117		
15.14		-0.039163		
15.15		-0.0392092		
15.16		-0.0392553		
15.17		-0.0393015		
15.18		-0.0393477		
15.19		-0.039394		
15.2		-0.0394403		
15.21		-0.0394866		
15.22		-0.0395329		
15.23		-0.0395793		
15.24		-0.0396257		
15.25		-0.0396722		
15.26		-0.0397187		
15.27		-0.0397652		
15.28		-0.0398118		
15.29		-0.0398583		
15.3		-0.039905		
15.31		-0.0399516		
15.32		-0.0399983		
15.33		-0.040045		
15.34		-0.0400918		
15.35		-0.0401386		
15.36		-0.0401854		
15.37		-0.0402323		
15.38		-0.0402792		
15.39		-0.0403262		
15.4		-0.0403731		
15.41		-0.0404201		
15.42		-0.0404672		
15.43		-0.0405143		
15.44		-0.0405614		
15.45		-0.0406086		
15.46		-0.0406557		
15.47		-0.040703		
15.48		-0.0407502		
15.49		-0.0407976		
15.5		-0.0408449		
15.51		-0.0408923		
15.52		-0.0409397		
15.53		-0.0409871		
15.54		-0.0410346		
15.55		-0.0410822		
15.56		-0.0411297		
15.57		-0.0411773		
15.58		-0.041225		
15.59		-0.0412727		
15.6		-0.0413204		
15.61		-0.0413682		
15.62		-0.041416		
15.63		-0.0414638		
15.64		-0.0415117		
15.65		-0.0415596		
15.66		-0.0416076		
15.67		-0.0416556		
15.68		-0.0417036		
15.69		-0.0417517		
15.7		-0.0417998		
15.71		-0.041848		
15.72		-0.0418962		
15.73		-0.0419444		
15.74		-0.0419927		
15.75		-0.042041		
15.76		-0.0420894		
15.77		-0.0421378		
15.78		-0.0421862		
15.79		-0.0422347		
15.8		-0.0422832		
15.81		-0.0423318		
15.82		-0.0423804		
15.83		-0.0424291		
15.84		-0.0424778		
15.85		-0.0425265		
15.86		-0.0425753		
15.87		-0.0426241		
15.88		-0.042673		
15.89		-0.0427219		
15.9		-0.0427709		
15.91		-0.0428199		
15.92		-0.0428689		
15.93		-0.042918		
15.94		-0.0429672		
15.95		-0.0430163		
15.96		-0.0430656		
15.97		-0.0431148		
15.98		-0.0431642		
15.99		-0.0432135		
16		-0.0432629		
16.01		-0.0433124		
16.02		-0.0433619		
16.03		-0.0434114		
16.04		-0.043461		
16.05		-0.0435106		
16.06		-0.0435603		
16.07		-0.04361		
16.08		-0.0436598		
16.09		-0.0437096		
16.1		-0.0437595		
16.11		-0.0438094		
16.12		-0.0438594		
16.13		-0.0439094		
16.14		-0.0439594		
16.15		-0.0440095		
16.16		-0.0440597		
16.17		-0.0441099		
16.18		-0.0441601		
16.19		-0.0442104		
16.2		-0.0442608		
16.21		-0.0443112		
16.22		-0.0443616		
16.23		-0.0444121		
16.24		-0.0444627		
16.25		-0.0445133		
16.26		-0.0445639		
16.27		-0.0446146		
16.28		-0.0446654		
16.29		-0.0447162		
16.3		-0.044767		
16.31		-0.0448179		
16.32		-0.0448689		
16.33		-0.0449199		
16.34		-0.0449709		
16.35		-0.045022		
16.36		-0.0450732		
16.37		-0.0451244		
16.38		-0.0451757		
16.39		-0.045227		
16.4		-0.0452783		
16.41		-0.0453298		
16.42		-0.0453812		
16.43		-0.0454328		
16.44		-0.0454844		
16.45		-0.045536		
16.46		-0.0455877		
16.47		-0.0456394		
16.48		-0.0456912		
16.49		-0.0457431		
16.5		-0.045795		
16.51		-0.0458469		
16.52		-0.045899		
16.53		-0.045951		
16.54		-0.0460032		
16.55		-0.0460554		
16.56		-0.0461076		
16.57		-0.0461599		
16.58		-0.0462122		
16.59		-0.0462647		
16.6		-0.0463171		
16.61		-0.0463697		
16.62		-0.0464222		
16.63		-0.0464749		
16.64		-0.0465276		
16.65		-0.0465803		
16.66		-0.0466331		
16.67		-0.046686		
16.68		-0.046739		
16.69		-0.0467919		
16.7		-0.046845		
16.71		-0.0468981		
16.72		-0.0469513		
16.73		-0.0470045		
16.74		-0.0470578		
16.75		-0.0471111		
16.76		-0.0471646		
16.77		-0.047218		
16.78		-0.0472716		
16.79		-0.0473251		
16.8		-0.0473788		
16.81		-0.0474325		
16.82		-0.0474863		
16.83		-0.0475401		
16.84		-0.047594		
16.85		-0.047648		
16.86		-0.047702		
16.87		-0.0477561		
16.88		-0.0478103		
16.89		-0.0478645		
16.9		-0.0479188		
16.91		-0.0479731		
16.92		-0.0480275		
16.93		-0.048082		
16.94		-0.0481365		
16.95		-0.0481911		
16.96		-0.0482458		
16.97		-0.0483005		
16.98		-0.0483553		
16.99		-0.0484102		
17		-0.0484651		
17.01		-0.0485201		
17.02		-0.0485752		
17.03		-0.0486303		
17.04		-0.0486855		
17.05		-0.0487408		
17.06		-0.0487961		
17.07		-0.0488515		
17.08		-0.048907		
17.09		-0.0489625		
17.1		-0.0490181		
17.11		-0.0490738		
17.12		-0.0491296		
17.13		-0.0491854		
17.14		-0.0492412		
17.15		-0.0492972		
17.16		-0.0493532		
17.17		-0.0494093		
17.18		-0.0494655		
17.19		-0.0495217		
17.2		-0.049578		
17.21		-0.0496344		
17.22		-0.0496908		
17.23		-0.0497473		
17.24		-0.0498039		
17.25		-0.0498606		
17.26		-0.0499173		
17.27		-0.0499741		
17.28		-0.050031		
17.29		-0.050088		
17.3		-0.050145		
17.31		-0.0502021		
17.32		-0.0502593		
17.33		-0.0503165		
17.34		-0.0503738		
17.35		-0.0504312		
17.36		-0.0504887		
17.37		-0.0505463		
17.38		-0.0506039		
17.39		-0.0506616		
17.4		-0.0507194		
17.41		-0.0507772		
17.42		-0.0508351		
17.43		-0.0508931		
17.44		-0.0509512		
17.45		-0.0510094		
17.46		-0.0510676		
17.47		-0.0511259		
17.48		-0.0511843		
17.49		-0.0512428		
17.5		-0.0513013		
17.51		-0.05136		
17.52		-0.0514187		
17.53		-0.0514775		
17.54		-0.0515363		
17.55		-0.0515953		
17.56		-0.0516543		
17.57		-0.0517134		
17.58		-0.0517726		
17.59		-0.0518319		
17.6		-0.0518912		
17.61		-0.0519507		
17.62		-0.0520102		
17.63		-0.0520698		
17.64		-0.0521295		
17.65		-0.0521892		
17.66		-0.0522491		
17.67		-0.052309		
17.68		-0.052369		
17.69		-0.0524291		
17.7		-0.0524893		
17.71		-0.0525496		
17.72		-0.0526099		
17.73		-0.0526704		
17.74		-0.0527309		
17.75		-0.0527915		
17.76		-0.0528522		
17.77		-0.052913		
17.78		-0.0529738		
17.79		-0.0530348		
17.8		-0.0530958		
17.81		-0.053157		
17.82		-0.0532182		
17.83		-0.0532795		
17.84		-0.0533409		
17.85		-0.0534023		
17.86		-0.0534639		
17.87		-0.0535256		
17.88		-0.0535873		
17.89		-0.0536492		
17.9		-0.0537111		
17.91		-0.0537731		
17.92		-0.0538352		
17.93		-0.0538974		
17.94		-0.0539597		
17.95		-0.0540221		
17.96		-0.0540845		
17.97		-0.0541471		
17.98		-0.0542098		
17.99		-0.0542725		
18		-0.0543354		
18.01		-0.0543983		
18.02		-0.0544613		
18.03		-0.0545244		
18.04		-0.0545877		
18.05		-0.054651		
18.06		-0.0547144		
18.07		-0.0547779		
18.08		-0.0548415		
18.09		-0.0549052		
18.1		-0.0549689		
18.11		-0.0550328		
18.12		-0.0550968		
18.13		-0.0551609		
18.14		-0.0552251		
18.15		-0.0552893		
18.16		-0.0553537		
18.17		-0.0554182		
18.18		-0.0554827		
18.19		-0.0555474		
18.2		-0.0556121		
18.21		-0.055677		
18.22		-0.055742		
18.23		-0.055807		
18.24		-0.0558722		
18.25		-0.0559374		
18.26		-0.0560028		
18.27		-0.0560683		
18.28		-0.0561338		
18.29		-0.0561995		
18.3		-0.0562653		
18.31		-0.0563311		
18.32		-0.0563971		
18.33		-0.0564632		
18.34		-0.0565294		
18.35		-0.0565956		
18.36		-0.056662		
18.37		-0.0567285		
18.38		-0.0567951		
18.39		-0.0568618		
18.4		-0.0569286		
18.41		-0.0569955		
18.42		-0.0570625		
18.43		-0.0571297		
18.44		-0.0571969		
18.45		-0.0572642		
18.46		-0.0573317		
18.47		-0.0573992		
18.48		-0.0574669		
18.49		-0.0575346		
18.5		-0.0576025		
18.51		-0.0576705		
18.52		-0.0577386		
18.53		-0.0578068		
18.54		-0.0578751		
18.55		-0.0579435		
18.56		-0.058012		
18.57		-0.0580807		
18.58		-0.0581494		
18.59		-0.0582183		
18.6		-0.0582873		
18.61		-0.0583563		
18.62		-0.0584255		
18.63		-0.0584948		
18.64		-0.0585643		
18.65		-0.0586338		
18.66		-0.0587035		
18.67		-0.0587732		
18.68		-0.0588431		
18.69		-0.0589131		
18.7		-0.0589832		
18.71		-0.0590534		
18.72		-0.0591238		
18.73		-0.0591942		
18.74		-0.0592648		
18.75		-0.0593355		
18.76		-0.0594063		
18.77		-0.0594772		
18.78		-0.0595482		
18.79		-0.0596194		
18.8		-0.0596906		
18.81		-0.059762		
18.82		-0.0598335		
18.83		-0.0599052		
18.84		-0.0599769		
18.85		-0.0600488		
18.86		-0.0601208		
18.87		-0.0601929		
18.88		-0.0602651		
18.89		-0.0603375		
18.9		-0.0604099		
18.91		-0.0604825		
18.92		-0.0605552		
18.93		-0.0606281		
18.94		-0.060701		
18.95		-0.0607741		
18.96		-0.0608473		
18.97		-0.0609207		
18.98		-0.0609941		
18.99		-0.0610677		
19		-0.0611414		
19.01		-0.0612152		
19.02		-0.0612892		
19.03		-0.0613633		
19.04		-0.0614375		
19.05		-0.0615118		
19.06		-0.0615863		
19.07		-0.0616608		
19.08		-0.0617356		
19.09		-0.0618104		
19.1		-0.0618854		
19.11		-0.0619605		
19.12		-0.0620357		
19.13		-0.0621111		
19.14		-0.0621865		
19.15		-0.0622622		
19.16		-0.0623379		
19.17		-0.0624138		
19.18		-0.0624898		
19.19		-0.0625659		
19.2		-0.0626422		
19.21		-0.0627186		
19.22		-0.0627952		
19.23		-0.0628718		
19.24		-0.0629486		
19.25		-0.0630256		
19.26		-0.0631026		
19.27		-0.0631798		
19.28		-0.0632572		
19.29		-0.0633346		
19.3		-0.0634123		
19.31		-0.06349		
19.32		-0.0635679		
19.33		-0.0636459		
19.34		-0.063724		
19.35		-0.0638023		
19.36		-0.0638808		
19.37		-0.0639593		
19.38		-0.064038		
19.39		-0.0641169		
19.4		-0.0641959		
19.41		-0.064275		
19.42		-0.0643542		
19.43		-0.0644336		
19.44		-0.0645132		
19.45		-0.0645928		
19.46		-0.0646727		
19.47		-0.0647526		
19.48		-0.0648327		
19.49		-0.064913		
19.5		-0.0649934		
19.51		-0.0650739		
19.52		-0.0651546		
19.53		-0.0652354		
19.54		-0.0653163		
19.55		-0.0653974		
19.56		-0.0654787		
19.57		-0.0655601		
19.58		-0.0656416		
19.59		-0.0657233		
19.6		-0.0658051		
19.61		-0.0658871		
19.62		-0.0659692		
19.63		-0.0660515		
19.64		-0.0661339		
19.65		-0.0662165		
19.66		-0.0662992		
19.67		-0.066382		
19.68		-0.066465		
19.69		-0.0665482		
19.7		-0.0666315		
19.71		-0.0667149		
19.72		-0.0667986		
19.73		-0.0668823		
19.74		-0.0669662		
19.75		-0.0670503		
19.76		-0.0671345		
19.77		-0.0672188		
19.78		-0.0673034		
19.79		-0.067388		
19.8		-0.0674728		
19.81		-0.0675578		
19.82		-0.0676429		
19.83		-0.0677282		
19.84		-0.0678137		
19.85		-0.0678992		
19.86		-0.067985		
19.87		-0.0680709		
19.88		-0.0681569		
19.89		-0.0682432		
19.9		-0.0683295		
19.91		-0.0684161		
19.92		-0.0685027		
19.93		-0.0685896		
19.94		-0.0686766		
19.95		-0.0687637		
19.96		-0.0688511		
19.97		-0.0689385		
19.98		-0.0690262		
19.99		-0.069114		
20		-0.0692019		
20.01		-0.06929		
20.02		-0.0693783		
20.03		-0.0694667		
20.04		-0.0695553		
20.05		-0.0696441		
20.06		-0.069733		
20.07		-0.0698221		
20.08		-0.0699114		
20.09		-0.0700008		
20.1		-0.0700904		
20.11		-0.0701801		
20.12		-0.07027		
20.13		-0.0703601		
20.14		-0.0704503		
20.15		-0.0705407		
20.16		-0.0706313		
20.17		-0.070722		
20.18		-0.0708129		
20.19		-0.070904		
20.2		-0.0709952		
20.21		-0.0710866		
20.22		-0.0711782		
20.23		-0.0712699		
20.24		-0.0713618		
20.25		-0.0714539		
20.26		-0.0715462		
20.27		-0.0716386		
20.28		-0.0717312		
20.29		-0.0718239		
20.3		-0.0719169		
20.31		-0.07201		
20.32		-0.0721033		
20.33		-0.0721967		
20.34		-0.0722903		
20.35		-0.0723841		
20.36		-0.0724781		
20.37		-0.0725722		
20.38		-0.0726665		
20.39		-0.072761		
20.4		-0.0728557		
20.41		-0.0729505		
20.42		-0.0730456		
20.43		-0.0731407		
20.44		-0.0732361		
20.45		-0.0733317		
20.46		-0.0734274		
20.47		-0.0735233		
20.48		-0.0736194		
20.49		-0.0737156		
20.5		-0.073812		
20.51		-0.0739087		
20.52		-0.0740054		
20.53		-0.0741024		
20.54		-0.0741996		
20.55		-0.0742969		
20.56		-0.0743944		
20.57		-0.0744921		
20.58		-0.07459		
20.59		-0.074688		
20.6		-0.0747863		
20.61		-0.0748847		
20.62		-0.0749833		
20.63		-0.0750821		
20.64		-0.0751811		
20.65		-0.0752802		
20.66		-0.0753795		
20.67		-0.0754791		
20.68		-0.0755788		
20.69		-0.0756787		
20.7		-0.0757788		
20.71		-0.075879		
20.72		-0.0759795		
20.73		-0.0760801		
20.74		-0.0761809		
20.75		-0.076282		
20.76		-0.0763832		
20.77		-0.0764846		
20.78		-0.0765861		
20.79		-0.0766879		
20.8		-0.0767899		
20.81		-0.076892		
20.82		-0.0769944		
20.83		-0.0770969		
20.84		-0.0771996		
20.85		-0.0773025		
20.86		-0.0774056		
20.87		-0.0775089		
20.88		-0.0776124		
20.89		-0.0777161		
20.9		-0.07782		
20.91		-0.077924		
20.92		-0.0780283		
20.93		-0.0781328		
20.94		-0.0782374		
20.95		-0.0783423		
20.96		-0.0784473		
20.97		-0.0785525		
20.98		-0.078658		
20.99		-0.0787636		
21		-0.0788694		
21.01		-0.0789755		
21.02		-0.0790817		
21.03		-0.0791881		
21.04		-0.0792947		
21.05		-0.0794015		
21.06		-0.0795085		
21.07		-0.0796158		
21.08		-0.0797232		
21.09		-0.0798308		
21.1		-0.0799386		
21.11		-0.0800466		
21.12		-0.0801548		
21.13		-0.0802633		
21.14		-0.0803719		
21.15		-0.0804807		
21.16		-0.0805897		
21.17		-0.0806989		
21.18		-0.0808084		
21.19		-0.080918		
21.2		-0.0810279		
21.21		-0.0811379		
21.22		-0.0812481		
21.23		-0.0813586		
21.24		-0.0814693		
21.25		-0.0815801		
21.26		-0.0816912		
21.27		-0.0818025		
21.28		-0.081914		
21.29		-0.0820256		
21.3		-0.0821375		
21.31		-0.0822497		
21.32		-0.082362		
21.33		-0.0824745		
21.34		-0.0825872		
21.35		-0.0827002		
21.36		-0.0828133		
21.37		-0.0829267		
21.38		-0.0830403		
21.39		-0.083154		
21.4		-0.083268		
21.41		-0.0833822		
21.42		-0.0834967		
21.43		-0.0836113		
21.44		-0.0837261		
21.45		-0.0838412		
21.46		-0.0839565		
21.47		-0.0840719		
21.48		-0.0841876		
21.49		-0.0843036		
21.5		-0.0844197		
21.51		-0.084536		
21.52		-0.0846526		
21.53		-0.0847694		
21.54		-0.0848863		
21.55		-0.0850035		
21.56		-0.085121		
21.57		-0.0852386		
21.58		-0.0853565		
21.59		-0.0854745		
21.6		-0.0855928		
21.61		-0.0857113		
21.62		-0.0858301		
21.63		-0.085949		
21.64		-0.0860682		
21.65		-0.0861876		
21.66		-0.0863072		
21.67		-0.086427		
21.68		-0.0865471		
21.69		-0.0866673		
21.7		-0.0867878		
21.71		-0.0869086		
21.72		-0.0870295		
21.73		-0.0871507		
21.74		-0.087272		
21.75		-0.0873937		
21.76		-0.0875155		
21.77		-0.0876375		
21.78		-0.0877598		
21.79		-0.0878823		
21.8		-0.0880051		
21.81		-0.088128		
21.82		-0.0882512		
21.83		-0.0883746		
21.84		-0.0884982		
21.85		-0.0886221		
21.86		-0.0887462		
21.87		-0.0888705		
21.88		-0.0889951		
21.89		-0.0891198		
21.9		-0.0892448		
21.91		-0.0893701		
21.92		-0.0894955		
21.93		-0.0896212		
21.94		-0.0897471		
21.95		-0.0898733		
21.96		-0.0899997		
21.97		-0.0901263		
21.98		-0.0902531		
21.99		-0.0903802		
22		-0.0905075		
22.01		-0.090635		
22.02		-0.0907628		
22.03		-0.0908908		
22.04		-0.091019		
22.05		-0.0911475		
22.06		-0.0912762		
22.07		-0.0914052		
22.08		-0.0915343		
22.09		-0.0916637		
22.1		-0.0917934		
22.11		-0.0919233		
22.12		-0.0920534		
22.13		-0.0921837		
22.14		-0.0923143		
22.15		-0.0924452		
22.16		-0.0925762		
22.17		-0.0927075		
22.18		-0.0928391		
22.19		-0.0929708		
22.2		-0.0931029		
22.21		-0.0932351		
22.22		-0.0933676		
22.23		-0.0935003		
22.24		-0.0936333		
22.25		-0.0937665		
22.26		-0.0939		
22.27		-0.0940337		
22.28		-0.0941676		
22.29		-0.0943018		
22.3		-0.0944362		
22.31		-0.0945709		
22.32		-0.0947058		
22.33		-0.0948409		
22.34		-0.0949763		
22.35		-0.095112		
22.36		-0.0952478		
22.37		-0.095384		
22.38		-0.0955203		
22.39		-0.0956569		
22.4		-0.0957938		
22.41		-0.0959309		
22.42		-0.0960682		
22.43		-0.0962058		
22.44		-0.0963437		
22.45		-0.0964818		
22.46		-0.0966201		
22.47		-0.0967587		
22.48		-0.0968975		
22.49		-0.0970366		
22.5		-0.0971759		
22.51		-0.0973155		
22.52		-0.0974553		
22.53		-0.0975974		
22.54		-0.0977429		
22.55		-0.0978877		
22.56		-0.0980318		
22.57		-0.0981753		
22.58		-0.0983181		
22.59		-0.0984603		
22.6		-0.0986018		
22.61		-0.0987426		
22.62		-0.0988828		
22.63		-0.0990223		
22.64		-0.0991612		
22.65		-0.0992995		
22.66		-0.0994371		
22.67		-0.0995741		
22.68		-0.0997104		
22.69		-0.0998461		
22.7		-0.0999812		
22.71		-0.100116		
22.72		-0.100249		
22.73		-0.100383		
22.74		-0.100515		
22.75		-0.100647		
22.76		-0.100778		
22.77		-0.100909		
22.78		-0.101039		
22.79		-0.101169		
22.8		-0.101298		
22.81		-0.101426		
22.82		-0.101554		
22.83		-0.101681		
22.84		-0.101807		
22.85		-0.101933		
22.86		-0.102059		
22.87		-0.102183		
22.88		-0.102308		
22.89		-0.102431		
22.9		-0.102554		
22.91		-0.102677		
22.92		-0.102798		
22.93		-0.10292		
22.94		-0.10304		
22.95		-0.10316		
22.96		-0.10328		
22.97		-0.103399		
22.98		-0.103517		
22.99		-0.103635		
23		-0.103753		
23.01		-0.103869		
23.02		-0.103986		
23.03		-0.104101		
23.04		-0.104216		
23.05		-0.104331		
23.06		-0.104445		
23.07		-0.104558		
23.08		-0.104671		
23.09		-0.104784		
23.1		-0.104896		
23.11		-0.105007		
23.12		-0.105118		
23.13		-0.105228		
23.14		-0.105338		
23.15		-0.105447		
23.16		-0.105556		
23.17		-0.105664		
23.18		-0.105771		
23.19		-0.105879		
23.2		-0.105985		
23.21		-0.106091		
23.22		-0.106197		
23.23		-0.106302		
23.24		-0.106407		
23.25		-0.106511		
23.26		-0.106614		
23.27		-0.106717		
23.28		-0.10682		
23.29		-0.106922		
23.3		-0.107023		
23.31		-0.107125		
23.32		-0.107225		
23.33		-0.107325		
23.34		-0.107425		
23.35		-0.107524		
23.36		-0.107623		
23.37		-0.107721		
23.38		-0.107818		
23.39		-0.107916		
23.4		-0.108012		
23.41		-0.108109		
23.42		-0.108204		
23.43		-0.1083		
23.44		-0.108395		
23.45		-0.108489		
23.46		-0.108583		
23.47		-0.108676		
23.48		-0.108769		
23.49		-0.108862		
23.5		-0.108954		
23.51		-0.109045		
23.52		-0.109137		
23.53		-0.109227		
23.54		-0.109318		
23.55		-0.109407		
23.56		-0.109497		
23.57		-0.109586		
23.58		-0.109674		
23.59		-0.109762		
23.6		-0.10985		
23.61		-0.109937		
23.62		-0.110024		
23.63		-0.11011		
23.64		-0.110196		
23.65		-0.110281		
23.66		-0.110366		
23.67		-0.110451		
23.68		-0.110535		
23.69		-0.110618		
23.7		-0.110702		
23.71		-0.110784		
23.72		-0.110867		
23.73		-0.110949		
23.74		-0.11103		
23.75		-0.111112		
23.76		-0.111192		
23.77		-0.111273		
23.78		-0.111353		
23.79		-0.111432		
23.8		-0.111511		
23.81		-0.11159		
23.82		-0.111668		
23.83		-0.111746		
23.84		-0.111823		
23.85		-0.111901		
23.86		-0.111977		
23.87		-0.112053		
23.88		-0.112129		
23.89		-0.112205		
23.9		-0.11228		
23.91		-0.112355		
23.92		-0.112429		
23.93		-0.112503		
23.94		-0.112576		
23.95		-0.11265		
23.96		-0.112722		
23.97		-0.112795		
23.98		-0.112867		
23.99		-0.112938		
24		-0.113009		
24.01		-0.11308		
24.02		-0.113151		
24.03		-0.113221		
24.04		-0.113291		
24.05		-0.11336		
24.06		-0.113429		
24.07		-0.113498		
24.08		-0.113566		
24.09		-0.113634		
24.1		-0.113701		
24.11		-0.113768		
24.12		-0.113835		
24.13		-0.113901		
24.14		-0.113968		
24.15		-0.114033		
24.16		-0.114099		
24.17		-0.114164		
24.18		-0.114228		
24.19		-0.114292		
24.2		-0.114356		
24.21		-0.11442		
24.22		-0.114483		
24.23		-0.114546		
24.24		-0.114609		
24.25		-0.114671		
24.26		-0.114733		
24.27		-0.114794		
24.28		-0.114855		
24.29		-0.114916		
24.3		-0.114976		
24.31		-0.115037		
24.32		-0.115096		
24.33		-0.115156		
24.34		-0.115215		
24.35		-0.115274		
24.36		-0.115332		
24.37		-0.11539		
24.38		-0.115448		
24.39		-0.115505		
24.4		-0.115563		
24.41		-0.115619		
24.42		-0.115676		
24.43		-0.115732		
24.44		-0.115788		
24.45		-0.115843		
24.46		-0.115898		
24.47		-0.115953		
24.48		-0.116008		
24.49		-0.116062		
24.5		-0.116116		
24.51		-0.11617		
24.52		-0.116223		
24.53		-0.116276		
24.54		-0.116328		
24.55		-0.116381		
24.56		-0.116433		
24.57		-0.116484		
24.58		-0.116536		
24.59		-0.116587		
24.6		-0.116638		
24.61		-0.116688		
24.62		-0.116738		
24.63		-0.116788		
24.64		-0.116838		
24.65		-0.116887		
24.66		-0.116936		
24.67		-0.116985		
24.68		-0.117033		
24.69		-0.117081		
24.7		-0.117129		
24.71		-0.117177		
24.72		-0.117224		
24.73		-0.117271		
24.74		-0.117317		
24.75		-0.117364		
24.76		-0.11741		
24.77		-0.117455		
24.78		-0.117501		
24.79		-0.117546		
24.8		-0.117591		
24.81		-0.117636		
24.82		-0.11768		
24.83		-0.117724		
24.84		-0.117768		
24.85		-0.117811		
24.86		-0.117854		
24.87		-0.117897		
24.88		-0.11794		
24.89		-0.117982		
24.9		-0.118025		
24.91		-0.118066		
24.92		-0.118108		
24.93		-0.118149		
24.94		-0.11819		
24.95		-0.118231		
24.96		-0.118271		
24.97		-0.118312		
24.98		-0.118352		
24.99		-0.118391		
25		-0.118431		
25.01		-0.11847		
25.02		-0.118509		
25.03		-0.118547		
25.04		-0.118586		
25.05		-0.118624		
25.06		-0.118661		
25.07		-0.118699		
25.08		-0.118736		
25.09		-0.118773		
25.1		-0.11881		
25.11		-0.118847		
25.12		-0.118883		
25.13		-0.118919		
25.14		-0.118955		
25.15		-0.11899		
25.16		-0.119026		
25.17		-0.119061		
25.18		-0.119095		
25.19		-0.11913		
25.2		-0.119164		
25.21		-0.119198		
25.22		-0.119232		
25.23		-0.119266		
25.24		-0.119299		
25.25		-0.119332		
25.26		-0.119365		
25.27		-0.119397		
25.28		-0.11943		
25.29		-0.119462		
25.3		-0.119493		
25.31		-0.119525		
25.32		-0.119556		
25.33		-0.119588		
25.34		-0.119618		
25.35		-0.119649		
25.36		-0.11968		
25.37		-0.11971		
25.38		-0.11974		
25.39		-0.119769		
25.4		-0.119799		
25.41		-0.119828		
25.42		-0.119857		
25.43		-0.119886		
25.44		-0.119914		
25.45		-0.119943		
25.46		-0.119971		
25.47		-0.119999		
25.48		-0.120026		
25.49		-0.120054		
25.5		-0.120081		
25.51		-0.120108		
25.52		-0.120135		
25.53		-0.120161		
25.54		-0.120188		
25.55		-0.120214		
25.56		-0.12024		
25.57		-0.120265		
25.58		-0.120291		
25.59		-0.120316		
25.6		-0.120341		
25.61		-0.120366		
25.62		-0.12039		
25.63		-0.120415		
25.64		-0.120439		
25.65		-0.120463		
25.66		-0.120487		
25.67		-0.12051		
25.68		-0.120534		
25.69		-0.120557		
25.7		-0.12058		
25.71		-0.120602		
25.72		-0.120625		
25.73		-0.120647		
25.74		-0.120669		
25.75		-0.120691		
25.76		-0.120712		
25.77		-0.120734		
25.78		-0.120755		
25.79		-0.120776		
25.8		-0.120797		
25.81		-0.120818		
25.82		-0.120838		
25.83		-0.120858		
25.84		-0.120878		
25.85		-0.120898		
25.86		-0.120918		
25.87		-0.120937		
25.88		-0.120957		
25.89		-0.120976		
25.9		-0.120994		
25.91		-0.121013		
25.92		-0.121032		
25.93		-0.12105		
25.94		-0.121068		
25.95		-0.121086		
25.96		-0.121103		
25.97		-0.121121		
25.98		-0.121138		
25.99		-0.121155		
26		-0.121172		
26.01		-0.121189		
26.02		-0.121206		
26.03		-0.121222		
26.04		-0.121238		
26.05		-0.121254		
26.06		-0.12127		
26.07		-0.121286		
26.08		-0.121301		
26.09		-0.121316		
26.1		-0.121331		
26.11		-0.121346		
26.12		-0.121361		
26.13		-0.121375		
26.14		-0.12139		
26.15		-0.121404		
26.16		-0.121418		
26.17		-0.121432		
26.18		-0.121445		
26.19		-0.121459		
26.2		-0.121472		
26.21		-0.121485		
26.22		-0.121498		
26.23		-0.121511		
26.24		-0.121523		
26.25		-0.121536		
26.26		-0.121548		
26.27		-0.12156		
26.28		-0.121572		
26.29		-0.121584		
26.3		-0.121595		
26.31		-0.121607		
26.32		-0.121618		
26.33		-0.121629		
26.34		-0.12164		
26.35		-0.12165		
26.36		-0.121661		
26.37		-0.121671		
26.38		-0.121681		
26.39		-0.121691		
26.4		-0.121701		
26.41		-0.121711		
26.42		-0.12172		
26.43		-0.12173		
26.44		-0.121739		
26.45		-0.121748		
26.46		-0.121757		
26.47		-0.121766		
26.48		-0.121774		
26.49		-0.121782		
26.5		-0.121791		
26.51		-0.121799		
26.52		-0.121807		
26.53		-0.121814		
26.54		-0.121822		
26.55		-0.121829		
26.56		-0.121837		
26.57		-0.121844		
26.58		-0.121851		
26.59		-0.121858		
26.6		-0.121864		
26.61		-0.121871		
26.62		-0.121877		
26.63		-0.121883		
26.64		-0.121889		
26.65		-0.121895		
26.66		-0.121901		
26.67		-0.121907		
26.68		-0.121912		
26.69		-0.121917		
26.7		-0.121922		
26.71		-0.121927		
26.72		-0.121932		
26.73		-0.121937		
26.74		-0.121941		
26.75		-0.121946		
26.76		-0.12195		
26.77		-0.121954		
26.78		-0.121958		
26.79		-0.121962		
26.8		-0.121966		
26.81		-0.121969		
26.82		-0.121972		
26.83		-0.121976		
26.84		-0.121979		
26.85		-0.121982		
26.86		-0.121984		
26.87		-0.121987		
26.88		-0.12199		
26.89		-0.121992		
26.9		-0.121994		
26.91		-0.121996		
26.92		-0.121998		
26.93		-0.122		
26.94		-0.122002		
26.95		-0.122003		
26.96		-0.122005		
26.97		-0.122006		
26.98		-0.122007		
26.99		-0.122008		
27		-0.122009		
27.01		-0.12201		
27.02		-0.12201		
27.03		-0.122011		
27.04		-0.122011		
27.05		-0.122011		
27.06		-0.122011		
27.07		-0.122011		
27.08		-0.122011		
27.09		-0.12201		
27.1		-0.12201		
27.11		-0.122009		
27.12		-0.122009		
27.13		-0.122008		
27.14		-0.122007		
27.15		-0.122006		
27.16		-0.122004		
27.17		-0.122003		
27.18		-0.122001		
27.19		-0.122		
27.2		-0.121998		
27.21		-0.121996		
27.22		-0.121994		
27.23		-0.121992		
27.24		-0.12199		
27.25		-0.121987		
27.26		-0.121985		
27.27		-0.121982		
27.28		-0.121979		
27.29		-0.121976		
27.3		-0.121973		
27.31		-0.12197		
27.32		-0.121967		
27.33		-0.121964		
27.34		-0.12196		
27.35		-0.121956		
27.36		-0.121953		
27.37		-0.121949		
27.38		-0.121945		
27.39		-0.121941		
27.4		-0.121936		
27.41		-0.121932		
27.42		-0.121928		
27.43		-0.121923		
27.44		-0.121918		
27.45		-0.121913		
27.46		-0.121909		
27.47		-0.121903		
27.48		-0.121898		
27.49		-0.121893		
27.5		-0.121888		
27.51		-0.121882		
27.52		-0.121876		
27.53		-0.121871		
27.54		-0.121865		
27.55		-0.121859		
27.56		-0.121853		
27.57		-0.121847		
27.58		-0.12184		
27.59		-0.121834		
27.6		-0.121827		
27.61		-0.121821		
27.62		-0.121814		
27.63		-0.121807		
27.64		-0.1218		
27.65		-0.121793		
27.66		-0.121786		
27.67		-0.121778		
27.68		-0.121771		
27.69		-0.121763		
27.7		-0.121756		
27.71		-0.121748		
27.72		-0.12174		
27.73		-0.121732		
27.74		-0.121724		
27.75		-0.121716		
27.76		-0.121708		
27.77		-0.121699		
27.78		-0.121691		
27.79		-0.121682		
27.8		-0.121674		
27.81		-0.121665		
27.82		-0.121656		
27.83		-0.121647		
27.84		-0.121638		
27.85		-0.121629		
27.86		-0.121619		
27.87		-0.12161		
27.88		-0.1216		
27.89		-0.121591		
27.9		-0.121581		
27.91		-0.121571		
27.92		-0.121561		
27.93		-0.121551		
27.94		-0.121541		
27.95		-0.121531		
27.96		-0.121521		
27.97		-0.12151		
27.98		-0.1215		
27.99		-0.121489		
28		-0.121478		
28.01		-0.121468		
28.02		-0.121457		
28.03		-0.121446		
28.04		-0.121434		
28.05		-0.121423		
28.06		-0.121412		
28.07		-0.121401		
28.08		-0.121389		
28.09		-0.121378		
28.1		-0.121366		
28.11		-0.121354		
28.12		-0.121342		
28.13		-0.12133		
28.14		-0.121318		
28.15		-0.121306		
28.16		-0.121294		
28.17		-0.121282		
28.18		-0.121269		
28.19		-0.121257		
28.2		-0.121244		
28.21		-0.121231		
28.22		-0.121219		
28.23		-0.121206		
28.24		-0.121193		
28.25		-0.12118		
28.26		-0.121166		
28.27		-0.121153		
28.28		-0.12114		
28.29		-0.121126		
28.3		-0.121113		
28.31		-0.121099		
28.32		-0.121086		
28.33		-0.121072		
28.34		-0.121058		
28.35		-0.121044		
28.36		-0.12103		
28.37		-0.121016		
28.38		-0.121002		
28.39		-0.120988		
28.4		-0.120973		
28.41		-0.120959		
28.42		-0.120944		
28.43		-0.12093		
28.44		-0.120915		
28.45		-0.1209		
28.46		-0.120885		
28.47		-0.12087		
28.48		-0.120855		
28.49		-0.12084		
28.5		-0.120825		
28.51		-0.120809		
28.52		-0.120794		
28.53		-0.120779		
28.54		-0.120763		
28.55		-0.120747		
28.56		-0.120732		
28.57		-0.120716		
28.58		-0.1207		
28.59		-0.120684		
28.6		-0.120668		
28.61		-0.120652		
28.62		-0.120636		
28.63		-0.12062		
28.64		-0.120603		
28.65		-0.120587		
28.66		-0.12057		
28.67		-0.120554		
28.68		-0.120537		
28.69		-0.12052		
28.7		-0.120503		
28.71		-0.120487		
28.72		-0.12047		
28.73		-0.120453		
28.74		-0.120435		
28.75		-0.120418		
28.76		-0.120401		
28.77		-0.120384		
28.78		-0.120366		
28.79		-0.120349		
28.8		-0.120331		
28.81		-0.120313		
28.82		-0.120296		
28.83		-0.120278		
28.84		-0.12026		
28.85		-0.120242		
28.86		-0.120224		
28.87		-0.120206		
28.88		-0.120188		
28.89		-0.12017		
28.9		-0.120151		
28.91		-0.120133		
28.92		-0.120114		
28.93		-0.120096		
28.94		-0.120077		
28.95		-0.120059		
28.96		-0.12004		
28.97		-0.120021		
28.98		-0.120002		
28.99		-0.119983		
29		-0.119964		
29.01		-0.119945		
29.02		-0.119926		
29.03		-0.119907		
29.04		-0.119887		
29.05		-0.119868		
29.06		-0.119849		
29.07		-0.119829		
29.08		-0.11981		
29.09		-0.11979		
29.1		-0.11977		
29.11		-0.11975		
29.12		-0.119731		
29.13		-0.119711		
29.14		-0.119691		
29.15		-0.119671		
29.16		-0.11965		
29.17		-0.11963		
29.18		-0.11961		
29.19		-0.11959		
29.2		-0.119569		
29.21		-0.119549		
29.22		-0.119528		
29.23		-0.119508		
29.24		-0.119487		
29.25		-0.119466		
29.26		-0.119446		
29.27		-0.119425		
29.28		-0.119404		
29.29		-0.119383		
29.3		-0.119362		
29.31		-0.119341		
29.32		-0.11932		
29.33		-0.119299		
29.34		-0.119277		
29.35		-0.119256		
29.36		-0.119235		
29.37		-0.119213		
29.38		-0.119192		
29.39		-0.11917		
29.4		-0.119148		
29.41		-0.119127		
29.42		-0.119105		
29.43		-0.119083		
29.44		-0.119061		
29.45		-0.119039		
29.46		-0.119017		
29.47		-0.118995		
29.48		-0.118973		
29.49		-0.118951		
29.5		-0.118929		
29.51		-0.118906		
29.52		-0.118884		
29.53		-0.118861		
29.54		-0.118839		
29.55		-0.118816		
29.56		-0.118794		
29.57		-0.118771		
29.58		-0.118748		
29.59		-0.118726		
29.6		-0.118703		
29.61		-0.11868		
29.62		-0.118657		
29.63		-0.118634		
29.64		-0.118611		
29.65		-0.118588		
29.66		-0.118565		
29.67		-0.11854		
29.68		-0.118506		
29.69		-0.118462		
29.7		-0.11841		
29.71		-0.118349		
29.72		-0.11828		
29.73		-0.118202		
29.74		-0.118116		
29.75		-0.118022		
29.76		-0.117919		
29.77		-0.117809		
29.78		-0.117691		
29.79		-0.117564		
29.8		-0.11743		
29.81		-0.117289		
29.82		-0.117139		
29.83		-0.116983		
29.84		-0.116818		
29.85		-0.116647		
29.86		-0.116468		
29.87		-0.116283		
29.88		-0.11609		
29.89		-0.11589		
29.9		-0.115684		
29.91		-0.115471		
29.92		-0.115252		
29.93		-0.115026		
29.94		-0.114795		
29.95		-0.114556		
29.96		-0.114312		
29.97		-0.114062		
29.98		-0.113806		
29.99		-0.113545		
30		-0.113278		
30.01		-0.113005		
30.02		-0.112728		
30.03		-0.112445		
30.04		-0.112157		
30.05		-0.111864		
30.06		-0.111566		
30.07		-0.111263		
30.08		-0.110956		
30.09		-0.110645		
30.1		-0.110329		
30.11		-0.110009		
30.12		-0.109685		
30.13		-0.109356		
30.14		-0.109024		
30.15		-0.108689		
30.16		-0.108349		
30.17		-0.108006		
30.18		-0.10766		
30.19		-0.10731		
30.2		-0.106958		
30.21		-0.106602		
30.22		-0.106243		
30.23		-0.105881		
30.24		-0.105517		
30.25		-0.10515		
30.26		-0.104781		
30.27		-0.104409		
30.28		-0.104035		
30.29		-0.103658		
30.3		-0.10328		
30.31		-0.102899		
30.32		-0.102517		
30.33		-0.102133		
30.34		-0.101747		
30.35		-0.10136		
30.36		-0.100971		
30.37		-0.10058		
30.38		-0.100189		
30.39		-0.0997958		
30.4		-0.0994018		
30.41		-0.0990067		
30.42		-0.0986106		
30.43		-0.0982136		
30.44		-0.0978159		
30.45		-0.0974174		
30.46		-0.0970183		
30.47		-0.0966186		
30.48		-0.0962184		
30.49		-0.0958178		
30.5		-0.0954169		
30.51		-0.0950157		
30.52		-0.0946143		
30.53		-0.0942128		
30.54		-0.0938112		
30.55		-0.0934097		
30.56		-0.0930082		
30.57		-0.0926068		
30.58		-0.0922057		
30.59		-0.0918048		
30.6		-0.0914042		
30.61		-0.091004		
30.62		-0.0906043		
30.63		-0.090205		
30.64		-0.0898063		
30.65		-0.0894082		
30.66		-0.0890107		
30.67		-0.088614		
30.68		-0.0882179		
30.69		-0.0878227		
30.7		-0.0874283		
30.71		-0.0870348		
30.72		-0.0866423		
30.73		-0.0862507		
30.74		-0.0858601		
30.75		-0.0854706		
30.76		-0.0850822		
30.77		-0.0846949		
30.78		-0.0843088		
30.79		-0.0839238		
30.8		-0.0835401		
30.81		-0.0831577		
30.82		-0.0827766		
30.83		-0.0823969		
30.84		-0.0820185		
30.85		-0.0816414		
30.86		-0.0812659		
30.87		-0.0808917		
30.88		-0.080519		
30.89		-0.0801479		
30.9		-0.0797782		
30.91		-0.0794101		
30.92		-0.0790436		
30.93		-0.0786787		
30.94		-0.0783154		
30.95		-0.0779537		
30.96		-0.0775937		
30.97		-0.0772353		
30.98		-0.0768786		
30.99		-0.0765236		
31		-0.0761704		
31.01		-0.0758189		
31.02		-0.0754691		
31.03		-0.0751211		
31.04		-0.0747748		
31.05		-0.0744304		
31.06		-0.0740877		
31.07		-0.0737468		
31.08		-0.0734078		
31.09		-0.0730706		
31.1		-0.0727352		
31.11		-0.0724017		
31.12		-0.07207		
31.13		-0.0717402		
31.14		-0.0714122		
31.15		-0.0710862		
31.16		-0.0707619		
31.17		-0.0704396		
31.18		-0.0701192		
31.19		-0.0698006		
31.2		-0.0694839		
31.21		-0.0691691		
31.22		-0.0688563		
31.23		-0.0685453		
31.24		-0.0682362		
31.25		-0.067929		
31.26		-0.0676237		
31.27		-0.0673203		
31.28		-0.0670188		
31.29		-0.0667192		
31.3		-0.0664215		
31.31		-0.0661257		
31.32		-0.0658318		
31.33		-0.0655398		
31.34		-0.0652496		
31.35		-0.0649614		
31.36		-0.064675		
31.37		-0.0643905		
31.38		-0.0641079		
31.39		-0.0638272		
31.4		-0.0635483		
31.41		-0.0632713		
31.42		-0.0629961		
31.43		-0.0627228		
31.44		-0.0624513		
31.45		-0.0621817		
31.46		-0.0619139		
31.47		-0.061648		
31.48		-0.0613838		
31.49		-0.0611215		
31.5		-0.060861		
31.51		-0.0606022		
31.52		-0.0603453		
31.53		-0.0600901		
31.54		-0.0598368		
31.55		-0.0595852		
31.56		-0.0593353		
31.57		-0.0590872		
31.58		-0.0588409		
31.59		-0.0585963		
31.6		-0.0583534		
31.61		-0.0581122		
31.62		-0.0578728		
31.63		-0.057635		
31.64		-0.057399		
31.65		-0.0571646		
31.66		-0.0569319		
31.67		-0.0567008		
31.68		-0.0564714		
31.69		-0.0562437		
31.7		-0.0560176		
31.71		-0.0557931		
31.72		-0.0555703		
31.73		-0.055349		
31.74		-0.0551293		
31.75		-0.0549113		
31.76		-0.0546948		
31.77		-0.0544798		
31.78		-0.0542665		
31.79		-0.0540546		
31.8		-0.0538443		
31.81		-0.0536356		
31.82		-0.0534283		
31.83		-0.0532225		
31.84		-0.0530183		
31.85		-0.0528155		
31.86		-0.0526142		
31.87		-0.0524144		
31.88		-0.052216		
31.89		-0.052019		
31.9		-0.0518235		
31.91		-0.0516294		
31.92		-0.0514367		
31.93		-0.0512454		
31.94		-0.0510555		
31.95		-0.050867		
31.96		-0.0506798		
31.97		-0.050494		
31.98		-0.0503096		
31.99		-0.0501265		
32		-0.0499447		
32.01		-0.0497642		
32.02		-0.049585		
32.03		-0.0494071		
32.04		-0.0492305		
32.05		-0.0490552		
32.06		-0.0488812		
32.07		-0.0487084		
32.08		-0.0485368		
32.09		-0.0483665		
32.1		-0.0481974		
32.11		-0.0480295		
32.12		-0.0478628		
32.13		-0.0476972		
32.14		-0.0475329		
32.15		-0.0473698		
32.16		-0.0472078		
32.17		-0.0470469		
32.18		-0.0468872		
32.19		-0.0467287		
32.2		-0.0465712		
32.21		-0.0464149		
32.22		-0.0462596		
32.23		-0.0461055		
32.24		-0.0459524		
32.25		-0.0458005		
32.26		-0.0456495		
32.27		-0.0454997		
32.28		-0.0453508		
32.29		-0.0452031		
32.3		-0.0450563		
32.31		-0.0449106		
32.32		-0.0447658		
32.33		-0.0446221		
32.34		-0.0444793		
32.35		-0.0443376		
32.36		-0.0441968		
32.37		-0.0440569		
32.38		-0.0439181		
32.39		-0.0437801		
32.4		-0.0436431		
32.41		-0.0435071		
32.42		-0.0433719		
32.43		-0.0432377		
32.44		-0.0431043		
32.45		-0.0429719		
32.46		-0.0428403		
32.47		-0.0427096		
32.48		-0.0425798		
32.49		-0.0424509		
32.5		-0.0423228		
32.51		-0.0421955		
32.52		-0.0420691		
32.53		-0.0419435		
32.54		-0.0418188		
32.55		-0.0416948		
32.56		-0.0415717		
32.57		-0.0414493		
32.58		-0.0413277		
32.59		-0.041207		
32.6		-0.041087		
32.61		-0.0409677		
32.62		-0.0408493		
32.63		-0.0407315		
32.64		-0.0406146		
32.65		-0.0404983		
32.66		-0.0403828		
32.67		-0.0402681		
32.68		-0.040154		
32.69		-0.0400406		
32.7		-0.039928		
32.71		-0.0398161		
32.72		-0.0397048		
32.73		-0.0395942		
32.74		-0.0394844		
32.75		-0.0393751		
32.76		-0.0392666		
32.77		-0.0391587		
32.78		-0.0390514		
32.79		-0.0389448		
32.8		-0.0388389		
32.81		-0.0387336		
32.82		-0.0386289		
32.83		-0.0385248		
32.84		-0.0384213		
32.85		-0.0383185		
32.86		-0.0382163		
32.87		-0.0381146		
32.88		-0.0380136		
32.89		-0.0379131		
32.9		-0.0378132		
32.91		-0.0377139		
32.92		-0.0376152		
32.93		-0.037517		
32.94		-0.0374194		
32.95		-0.0373224		
32.96		-0.0372258		
32.97		-0.0371299		
32.98		-0.0370345		
32.99		-0.0369396		
33		-0.0368452		
33.01		-0.0367514		
33.02		-0.0366581		
33.03		-0.0365653		
33.04		-0.036473		
33.05		-0.0363812		
33.06		-0.0362899		
33.07		-0.0361991		
33.08		-0.0361088		
33.09		-0.036019		
33.1		-0.0359297		
33.11		-0.0358408		
33.12		-0.0357524		
33.13		-0.0356645		
33.14		-0.0355771		
33.15		-0.0354901		
33.16		-0.0354035		
33.17		-0.0353175		
33.18		-0.0352318		
33.19		-0.0351466		
33.2		-0.0350619		
33.21		-0.0349776		
33.22		-0.0348937		
33.23		-0.0348102		
33.24		-0.0347272		
33.25		-0.0346446		
33.26		-0.0345624		
33.27		-0.0344806		
33.28		-0.0343992		
33.29		-0.0343182		
33.3		-0.0342377		
33.31		-0.0341575		
33.32		-0.0340777		
33.33		-0.0339984		
33.34		-0.0339194		
33.35		-0.0338407		
33.36		-0.0337625		
33.37		-0.0336847		
33.38		-0.0336072		
33.39		-0.0335301		
33.4		-0.0334533		
33.41		-0.033377		
33.42		-0.0333009		
33.43		-0.0332253		
33.44		-0.03315		
33.45		-0.0330751		
33.46		-0.0330005		
33.47		-0.0329262		
33.48		-0.0328523		
33.49		-0.0327787		
33.5		-0.0327055		
33.51		-0.0326326		
33.52		-0.0325601		
33.53		-0.0324879		
33.54		-0.032416		
33.55		-0.0323444		
33.56		-0.0322731		
33.57		-0.0322022		
33.58		-0.0321316		
33.59		-0.0320613		
33.6		-0.0319913		
33.61		-0.0319216		
33.62		-0.0318522		
33.63		-0.0317832		
33.64		-0.0317144		
33.65		-0.0316459		
33.66		-0.0315778		
33.67		-0.0315099		
33.68		-0.0314423		
33.69		-0.031375		
33.7		-0.031308		
33.71		-0.0312413		
33.72		-0.0311749		
33.73		-0.0311087		
33.74		-0.0310428		
33.75		-0.0309772		
33.76		-0.0309119		
33.77		-0.0308469		
33.78		-0.0307821		
33.79		-0.0307176		
33.8		-0.0306534		
33.81		-0.0305894		
33.82		-0.0305257		
33.83		-0.0304622		
33.84		-0.0303991		
33.85		-0.0303361		
33.86		-0.0302735		
33.87		-0.030211		
33.88		-0.0301489		
33.89		-0.030087		
33.9		-0.0300253		
33.91		-0.0299639		
33.92		-0.0299027		
33.93		-0.0298418		
33.94		-0.0297811		
33.95		-0.0297206		
33.96		-0.0296604		
33.97		-0.0296004		
33.98		-0.0295407		
33.99		-0.0294812		
34		-0.0294219		
34.01		-0.0293629		
34.02		-0.0293041		
34.03		-0.0292455		
34.04		-0.0291871		
34.05		-0.029129		
34.06		-0.0290711		
34.07		-0.0290134		
34.08		-0.0289559		
34.09		-0.0288987		
34.1		-0.0288416		
34.11		-0.0287848		
34.12		-0.0287282		
34.13		-0.0286718		
34.14		-0.0286156		
34.15		-0.0285597		
34.16		-0.0285039		
34.17		-0.0284484		
34.18		-0.028393		
34.19		-0.0283379		
34.2		-0.0282829		
34.21		-0.0282282		
34.22		-0.0281737		
34.23		-0.0281194		
34.24		-0.0280652		
34.25		-0.0280113		
34.26		-0.0279576		
34.27		-0.027904		
34.28		-0.0278507		
34.29		-0.0277975		
34.3		-0.0277446		
34.31		-0.0276918		
34.32		-0.0276392		
34.33		-0.0275868		
34.34		-0.0275346		
34.35		-0.0274826		
34.36		-0.0274308		
34.37		-0.0273791		
34.38		-0.0273277		
34.39		-0.0272764		
34.4		-0.0272253		
34.41		-0.0271744		
34.42		-0.0271236		
34.43		-0.0270731		
34.44		-0.0270227		
34.45		-0.0269725		
34.46		-0.0269225		
34.47		-0.0268726		
34.48		-0.0268229		
34.49		-0.0267734		
34.5		-0.0267241		
34.51		-0.0266749		
34.52		-0.0266259		
34.53		-0.0265771		
34.54		-0.0265284		
34.55		-0.0264799		
34.56		-0.0264316		
34.57		-0.0263834		
34.58		-0.0263354		
34.59		-0.0262876		
34.6		-0.0262399		
34.61		-0.0261924		
34.62		-0.0261451		
34.63		-0.0260979		
34.64		-0.0260508		
34.65		-0.026004		
34.66		-0.0259573		
34.67		-0.0259107		
34.68		-0.0258643		
34.69		-0.0258181		
34.7		-0.025772		
34.71		-0.025726		
34.72		-0.0256802		
34.73		-0.0256346		
34.74		-0.0255891		
34.75		-0.0255438		
34.76		-0.0254986		
34.77		-0.0254536		
34.78		-0.0254087		
34.79		-0.025364		
34.8		-0.0253194		
34.81		-0.025275		
34.82		-0.0252307		
34.83		-0.0251865		
34.84		-0.0251425		
34.85		-0.0250987		
34.86		-0.025055		
34.87		-0.0250114		
34.88		-0.024968		
34.89		-0.0249247		
34.9		-0.0248815		
34.91		-0.0248385		
34.92		-0.0247956		
34.93		-0.0247529		
34.94		-0.0247103		
34.95		-0.0246678		
34.96		-0.0246255		
34.97		-0.0245833		
34.98		-0.0245413		
34.99		-0.0244994		
35		-0.0244576		
35.01		-0.0244159		
35.02		-0.0243744		
35.03		-0.024333		
35.04		-0.0242918		
35.05		-0.0242507		
35.06		-0.0242097		
35.07		-0.0241688		
35.08		-0.0241281		
35.09		-0.0240875		
35.1		-0.024047		
35.11		-0.0240067		
35.12		-0.0239664		
35.13		-0.0239263		
35.14		-0.0238864		
35.15		-0.0238465		
35.16		-0.0238068		
35.17		-0.0237672		
35.18		-0.0237278		
35.19		-0.0236884		
35.2		-0.0236492		
35.21		-0.0236101		
35.22		-0.0235711		
35.23		-0.0235322		
35.24		-0.0234935		
35.25		-0.0234549		
35.26		-0.0234164		
35.27		-0.023378		
35.28		-0.0233398		
35.29		-0.0233016		
35.3		-0.0232636		
35.31		-0.0232257		
35.32		-0.0231879		
35.33		-0.0231502		
35.34		-0.0231126		
35.35		-0.0230752		
35.36		-0.0230379		
35.37		-0.0230007		
35.38		-0.0229635		
35.39		-0.0229266		
35.4		-0.0228897		
35.41		-0.0228529		
35.42		-0.0228163		
35.43		-0.0227797		
35.44		-0.0227433		
35.45		-0.022707		
35.46		-0.0226708		
35.47		-0.0226347		
35.48		-0.0225987		
35.49		-0.0225628		
35.5		-0.022527		
35.51		-0.0224913		
35.52		-0.0224558		
35.53		-0.0224203		
35.54		-0.022385		
35.55		-0.0223497		
35.56		-0.0223146		
35.57		-0.0222796		
35.58		-0.0222446		
35.59		-0.0222098		
35.6		-0.0221751		
35.61		-0.0221405		
35.62		-0.022106		
35.63		-0.0220716		
35.64		-0.0220373		
35.65		-0.0220031		
35.66		-0.021969		
35.67		-0.0219349		
35.68		-0.021901		
35.69		-0.0218672		
35.7		-0.0218335		
35.71		-0.0217999		
35.72		-0.0217664		
35.73		-0.021733		
35.74		-0.0216997		
35.75		-0.0216665		
35.76		-0.0216334		
35.77		-0.0216004		
35.78		-0.0215675		
35.79		-0.0215347		
35.8		-0.0215019		
35.81		-0.0214693		
35.82		-0.0214368		
35.83		-0.0214043		
35.84		-0.021372		
35.85		-0.0213397		
35.86		-0.0213076		
35.87		-0.0212755		
35.88		-0.0212436		
35.89		-0.0212117		
35.9		-0.0211799		
35.91		-0.0211482		
35.92		-0.0211166		
35.93		-0.0210851		
35.94		-0.0210537		
35.95		-0.0210224		
35.96		-0.0209911		
35.97		-0.02096		
35.98		-0.0209289		
35.99		-0.020898		
36		-0.0208671		
36.01		-0.0208363		
36.02		-0.0208056		
36.03		-0.020775		
36.04		-0.0207444		
36.05		-0.020714		
36.06		-0.0206837		
36.07		-0.0206534		
36.08		-0.0206232		
36.09		-0.0205931		
36.1		-0.0205631		
36.11		-0.0205332		
36.12		-0.0205034		
36.13		-0.0204736		
36.14		-0.0204439		
36.15		-0.0204143		
36.16		-0.0203849		
36.17		-0.0203554		
36.18		-0.0203261		
36.19		-0.0202969		
36.2		-0.0202677		
36.21		-0.0202386		
36.22		-0.0202096		
36.23		-0.0201807		
36.24		-0.0201518		
36.25		-0.0201231		
36.26		-0.0200944		
36.27		-0.0200658		
36.28		-0.0200373		
36.29		-0.0200089		
36.3		-0.0199805		
36.31		-0.0199522		
36.32		-0.019924		
36.33		-0.0198959		
36.34		-0.0198679		
36.35		-0.0198399		
36.36		-0.019812		
36.37		-0.0197842		
36.38		-0.0197565		
36.39		-0.0197288		
36.4		-0.0197012		
36.41		-0.0196737		
36.42		-0.0196463		
36.43		-0.019619		
36.44		-0.0195917		
36.45		-0.0195645		
36.46		-0.0195374		
36.47		-0.0195103		
36.48		-0.0194834		
36.49		-0.0194565		
36.5		-0.0194296		
36.51		-0.0194029		
36.52		-0.0193762		
36.53		-0.0193496		
36.54		-0.0193231		
36.55		-0.0192966		
36.56		-0.0192702		
36.57		-0.0192439		
36.58		-0.0192177		
36.59		-0.0191915		
36.6		-0.0191654		
36.61		-0.0191394		
36.62		-0.0191134		
36.63		-0.0190876		
36.64		-0.0190617		
36.65		-0.019036		
36.66		-0.0190103		
36.67		-0.0189847		
36.68		-0.0189592		
36.69		-0.0189337		
36.7		-0.0189083		
36.71		-0.018883		
36.72		-0.0188577		
36.73		-0.0188325		
36.74		-0.0188074		
36.75		-0.0187824		
36.76		-0.0187574		
36.77		-0.0187325		
36.78		-0.0187076		
36.79		-0.0186828		
36.8		-0.0186581		
36.81		-0.0186335		
36.82		-0.0186089		
36.83		-0.0185844		
36.84		-0.0185599		
36.85		-0.0185355		
36.86		-0.0185112		
36.87		-0.0184869		
36.88		-0.0184627		
36.89		-0.0184386		
36.9		-0.0184145		
36.91		-0.0183905		
36.92		-0.0183666		
36.93		-0.0183427		
36.94		-0.0183189		
36.95		-0.0182952		
36.96		-0.0182715		
36.97		-0.0182479		
36.98		-0.0182243		
36.99		-0.0182008		
37		-0.0181774		
37.01		-0.018154		
37.02		-0.0181307		
37.03		-0.0181075		
37.04		-0.0180843		
37.05		-0.0180612		
37.06		-0.0180381		
37.07		-0.0180151		
37.08		-0.0179922		
37.09		-0.0179693		
37.1		-0.0179465		
37.11		-0.0179237		
37.12		-0.017901		
37.13		-0.0178784		
37.14		-0.0178558		
37.15		-0.0178333		
37.16		-0.0178108		
37.17		-0.0177884		
37.18		-0.017766		
37.19		-0.0177437		
37.2		-0.0177215		
37.21		-0.0176993		
37.22		-0.0176772		
37.23		-0.0176552		
37.24		-0.0176332		
37.25		-0.0176112		
37.26		-0.0175893		
37.27		-0.0175675		
37.28		-0.0175457		
37.29		-0.017524		
37.3		-0.0175024		
37.31		-0.0174808		
37.32		-0.0174592		
37.33		-0.0174377		
37.34		-0.0174163		
37.35		-0.0173949		
37.36		-0.0173736		
37.37		-0.0173523		
37.38		-0.0173311		
37.39		-0.0173099		
37.4		-0.0172888		
37.41		-0.0172678		
37.42		-0.0172468		
37.43		-0.0172258		
37.44		-0.017205		
37.45		-0.0171841		
37.46		-0.0171633		
37.47		-0.0171426		
37.48		-0.0171219		
37.49		-0.0171013		
37.5		-0.0170807		
37.51		-0.0170602		
37.52		-0.0170397		
37.53		-0.0170193		
37.54		-0.016999		
37.55		-0.0169786		
37.56		-0.0169584		
37.57		-0.0169382		
37.58		-0.016918		
37.59		-0.0168979		
37.6		-0.0168779		
37.61		-0.0168579		
37.62		-0.0168379		
37.63		-0.016818		
37.64		-0.0167982		
37.65		-0.0167783		
37.66		-0.0167586		
37.67		-0.0167389		
37.68		-0.0167192		
37.69		-0.0166996		
37.7		-0.0166801		
37.71		-0.0166606		
37.72		-0.0166411		
37.73		-0.0166217		
37.74		-0.0166024		
37.75		-0.016583		
37.76		-0.0165638		
37.77		-0.0165446		
37.78		-0.0165254		
37.79		-0.0165063		
37.8		-0.0164872		
37.81		-0.0164682		
37.82		-0.0164492		
37.83		-0.0164303		
37.84		-0.0164114		
37.85		-0.0163926		
37.86		-0.0163738		
37.87		-0.0163551		
37.88		-0.0163364		
37.89		-0.0163177		
37.9		-0.0162991		
37.91		-0.0162806		
37.92		-0.0162621		
37.93		-0.0162436		
37.94		-0.0162252		
37.95		-0.0162068		
37.96		-0.0161885		
37.97		-0.0161702		
37.98		-0.016152		
37.99		-0.0161338		
38		-0.0161156		
38.01		-0.0160975		
38.02		-0.0160795		
38.03		-0.0160615		
38.04		-0.0160435		
38.05		-0.0160256		
38.06		-0.0160077		
38.07		-0.0159899		
38.08		-0.0159721		
38.09		-0.0159543		
38.1		-0.0159366		
38.11		-0.015919		
38.12		-0.0159013		
38.13		-0.0158838		
38.14		-0.0158662		
38.15		-0.0158488		
38.16		-0.0158313		
38.17		-0.0158139		
38.18		-0.0157965		
38.19		-0.0157792		
38.2		-0.0157619		
38.21		-0.0157447		
38.22		-0.0157275		
38.23		-0.0157104		
38.24		-0.0156933		
38.25		-0.0156762		
38.26		-0.0156592		
38.27		-0.0156422		
38.28		-0.0156252		
38.29		-0.0156083		
38.3		-0.0155915		
38.31		-0.0155746		
38.32		-0.0155578		
38.33		-0.0155411		
38.34		-0.0155244		
38.35		-0.0155077		
38.36		-0.0154911		
38.37		-0.0154745		
38.38		-0.015458		
38.39		-0.0154415		
38.4		-0.015425		
38.41		-0.0154086		
38.42		-0.0153922		
38.43		-0.0153759		
38.44		-0.0153596		
38.45		-0.0153433		
38.46		-0.0153271		
38.47		-0.0153109		
38.48		-0.0152947		
38.49		-0.0152786		
38.5		-0.0152626		
38.51		-0.0152465		
38.52		-0.0152305		
38.53		-0.0152146		
38.54		-0.0151986		
38.55		-0.0151828		
38.56		-0.0151669		
38.57		-0.0151511		
38.58		-0.0151353		
38.59		-0.0151196		
38.6		-0.0151039		
38.61		-0.0150882		
38.62		-0.0150726		
38.63		-0.015057		
38.64		-0.0150415		
38.65		-0.015026		
38.66		-0.0150105		
38.67		-0.0149951		
38.68		-0.0149797		
38.69		-0.0149643		
38.7		-0.014949		
38.71		-0.0149337		
38.72		-0.0149184		
38.73		-0.0149032		
38.74		-0.014888		
38.75		-0.0148729		
38.76		-0.0148577		
38.77		-0.0148427		
38.78		-0.0148276		
38.79		-0.0148126		
38.8		-0.0147976		
38.81		-0.0147827		
38.82		-0.0147678		
38.83		-0.0147529		
38.84		-0.0147381		
38.85		-0.0147233		
38.86		-0.0147085		
38.87		-0.0146938		
38.88		-0.0146791		
38.89		-0.0146644		
38.9		-0.0146498		
38.91		-0.0146352		
38.92		-0.0146206		
38.93		-0.0146061		
38.94		-0.0145916		
38.95		-0.0145771		
38.96		-0.0145627		
38.97		-0.0145483		
38.98		-0.0145339		
38.99		-0.0145196		
39		-0.0145053		
39.01		-0.014491		
39.02		-0.0144768		
39.03		-0.0144626		
39.04		-0.0144484		
39.05		-0.0144343		
39.06		-0.0144202		
39.07		-0.0144061		
39.08		-0.0143921		
39.09		-0.0143781		
39.1		-0.0143641		
39.11		-0.0143502		
39.12		-0.0143363		
39.13		-0.0143224		
39.14		-0.0143086		
39.15		-0.0142947		
39.16		-0.014281		
39.17		-0.0142672		
39.18		-0.0142535		
39.19		-0.0142398		
39.2		-0.0142261		
39.21		-0.0142125		
39.22		-0.0141989		
39.23		-0.0141854		
39.24		-0.0141718		
39.25		-0.0141583		
39.26		-0.0141449		
39.27		-0.0141314		
39.28		-0.014118		
39.29		-0.0141046		
39.3		-0.0140913		
39.31		-0.0140779		
39.32		-0.0140647		
39.33		-0.0140514		
39.34		-0.0140382		
39.35		-0.014025		
39.36		-0.0140118		
39.37		-0.0139986		
39.38		-0.0139855		
39.39		-0.0139724		
39.4		-0.0139594		
39.41		-0.0139464		
39.42		-0.0139334		
39.43		-0.0139204		
39.44		-0.0139075		
39.45		-0.0138946		
39.46		-0.0138817		
39.47		-0.0138688		
39.48		-0.013856		
39.49		-0.0138432		
39.5		-0.0138304		
39.51		-0.0138177		
39.52		-0.013805		
39.53		-0.0137923		
39.54		-0.0137797		
39.55		-0.013767		
39.56		-0.0137544		
39.57		-0.0137419		
39.58		-0.0137293		
39.59		-0.0137168		
39.6		-0.0137043		
39.61		-0.0136919		
39.62		-0.0136794		
39.63		-0.013667		
39.64		-0.0136547		
39.65		-0.0136423		
39.66		-0.01363		
39.67		-0.0136177		
39.68		-0.0136054		
39.69		-0.0135932		
39.7		-0.013581		
39.71		-0.0135688		
39.72		-0.0135566		
39.73		-0.0135445		
39.74		-0.0135324		
39.75		-0.0135203		
39.76		-0.0135083		
39.77		-0.0134962		
39.78		-0.0134842		
39.79		-0.0134723		
39.8		-0.0134603		
39.81		-0.0134484		
39.82		-0.0134365		
39.83		-0.0134246		
39.84		-0.0134128		
39.85		-0.013401		
39.86		-0.0133892		
39.87		-0.0133774		
39.88		-0.0133657		
39.89		-0.0133539		
39.9		-0.0133423		
39.91		-0.0133306		
39.92		-0.0133189		
39.93		-0.0133073		
39.94		-0.0132957		
39.95		-0.0132842		
39.96		-0.0132726		
39.97		-0.0132611		
39.98		-0.0132496		
39.99		-0.0132382		
40		-0.0132267		
40.01		-0.0132153		
40.02		-0.0132039		
40.03		-0.0131925		
40.04		-0.0131812		
40.05		-0.0131699		
40.06		-0.0131586		
40.07		-0.0131473		
40.08		-0.0131361		
40.09		-0.0131249		
40.1		-0.0131137		
40.11		-0.0131025		
40.12		-0.0130913		
40.13		-0.0130802		
40.14		-0.0130691		
40.15		-0.013058		
40.16		-0.013047		
40.17		-0.0130359		
40.18		-0.0130249		
40.19		-0.0130139		
40.2		-0.013003		
40.21		-0.012992		
40.22		-0.0129811		
40.23		-0.0129702		
40.24		-0.0129594		
40.25		-0.0129485		
40.26		-0.0129377		
40.27		-0.0129269		
40.28		-0.0129161		
40.29		-0.0129054		
40.3		-0.0128946		
40.31		-0.0128839		
40.32		-0.0128732		
40.33		-0.0128626		
40.34		-0.0128519		
40.35		-0.0128413		
40.36		-0.0128307		
40.37		-0.0128201		
40.38		-0.0128096		
40.39		-0.0127991		
40.4		-0.0127886		
40.41		-0.0127781		
40.42		-0.0127676		
40.43		-0.0127572		
40.44		-0.0127467		
40.45		-0.0127363		
40.46		-0.012726		
40.47		-0.0127156		
40.48		-0.0127053		
40.49		-0.012695		
40.5		-0.0126847		
40.51		-0.0126744		
40.52		-0.0126642		
40.53		-0.0126539		
40.54		-0.0126437		
40.55		-0.0126335		
40.56		-0.0126234		
40.57		-0.0126132		
40.58		-0.0126031		
40.59		-0.012593		
40.6		-0.0125829		
40.61		-0.0125729		
40.62		-0.0125628		
40.63		-0.0125528		
40.64		-0.0125428		
40.65		-0.0125329		
40.66		-0.0125229		
40.67		-0.012513		
40.68		-0.0125031		
40.69		-0.0124932		
40.7		-0.0124833		
40.71		-0.0124734		
40.72		-0.0124636		
40.73		-0.0124538		
40.74		-0.012444		
40.75		-0.0124342		
40.76		-0.0124245		
40.77		-0.0124147		
40.78		-0.012405		
40.79		-0.0123953		
40.8		-0.0123857		
40.81		-0.012376		
40.82		-0.0123664		
40.83		-0.0123568		
40.84		-0.0123472		
40.85		-0.0123376		
40.86		-0.012328		
40.87		-0.0123185		
40.88		-0.012309		
40.89		-0.0122995		
40.9		-0.01229		
40.91		-0.0122806		
40.92		-0.0122711		
40.93		-0.0122617		
40.94		-0.0122523		
40.95		-0.0122429		
40.96		-0.0122336		
40.97		-0.0122242		
40.98		-0.0122149		
40.99		-0.0122056		
41		-0.0121963		
41.01		-0.012187		
41.02		-0.0121778		
41.03		-0.0121685		
41.04		-0.0121593		
41.05		-0.0121501		
41.06		-0.012141		
41.07		-0.0121318		
41.08		-0.0121227		
41.09		-0.0121135		
41.1		-0.0121044		
41.11		-0.0120953		
41.12		-0.0120863		
41.13		-0.0120772		
41.14		-0.0120682		
41.15		-0.0120592		
41.16		-0.0120502		
41.17		-0.0120412		
41.18		-0.0120323		
41.19		-0.0120233		
41.2		-0.0120144		
41.21		-0.0120055		
41.22		-0.0119966		
41.23		-0.0119877		
41.24		-0.0119789		
41.25		-0.01197		
41.26		-0.0119612		
41.27		-0.0119524		
41.28		-0.0119437		
41.29		-0.0119349		
41.3		-0.0119261		
41.31		-0.0119174		
41.32		-0.0119087		
41.33		-0.0119		
41.34		-0.0118913		
41.35		-0.0118827		
41.36		-0.011874		
41.37		-0.0118654		
41.38		-0.0118568		
41.39		-0.0118482		
41.4		-0.0118396		
41.41		-0.011831		
41.42		-0.0118225		
41.43		-0.011814		
41.44		-0.0118055		
41.45		-0.011797		
41.46		-0.0117885		
41.47		-0.01178		
41.48		-0.0117716		
41.49		-0.0117632		
41.5		-0.0117548		
41.51		-0.0117464		
41.52		-0.011738		
41.53		-0.0117296		
41.54		-0.0117213		
41.55		-0.0117129		
41.56		-0.0117046		
41.57		-0.0116963		
41.58		-0.0116881		
41.59		-0.0116798		
41.6		-0.0116715		
41.61		-0.0116633		
41.62		-0.0116551		
41.63		-0.0116469		
41.64		-0.0116387		
41.65		-0.0116305		
41.66		-0.0116224		
41.67		-0.0116143		
41.68		-0.0116061		
41.69		-0.011598		
41.7		-0.0115899		
41.71		-0.0115819		
41.72		-0.0115738		
41.73		-0.0115658		
41.74		-0.0115577		
41.75		-0.0115497		
41.76		-0.0115417		
41.77		-0.0115337		
41.78		-0.0115258		
41.79		-0.0115178		
41.8		-0.0115099		
41.81		-0.011502		
41.82		-0.011494		
41.83		-0.0114862		
41.84		-0.0114783		
41.85		-0.0114704		
41.86		-0.0114626		
41.87		-0.0114547		
41.88		-0.0114469		
41.89		-0.0114391		
41.9		-0.0114313		
41.91		-0.0114236		
41.92		-0.0114158		
41.93		-0.0114081		
41.94		-0.0114003		
41.95		-0.0113926		
41.96		-0.0113849		
41.97		-0.0113772		
41.98		-0.0113696		
41.99		-0.0113619		
42		-0.0113543		
42.01		-0.0113466		
42.02		-0.011339		
42.03		-0.0113314		
42.04		-0.0113238		
42.05		-0.0113163		
42.06		-0.0113087		
42.07		-0.0113012		
42.08		-0.0112937		
42.09		-0.0112861		
42.1		-0.0112786		
42.11		-0.0112712		
42.12		-0.0112637		
42.13		-0.0112562		
42.14		-0.0112488		
42.15		-0.0112414		
42.16		-0.0112339		
42.17		-0.0112265		
42.18		-0.0112192		
42.19		-0.0112118		
42.2		-0.0112044		
42.21		-0.0111971		
42.22		-0.0111897		
42.23		-0.0111824		
42.24		-0.0111751		
42.25		-0.0111678		
42.26		-0.0111606		
42.27		-0.0111533		
42.28		-0.011146		
42.29		-0.0111388		
42.3		-0.0111316		
42.31		-0.0111244		
42.32		-0.0111172		
42.33		-0.01111		
42.34		-0.0111028		
42.35		-0.0110957		
42.36		-0.0110885		
42.37		-0.0110814		
42.38		-0.0110743		
42.39		-0.0110672		
42.4		-0.0110601		
42.41		-0.011053		
42.42		-0.0110459		
42.43		-0.0110389		
42.44		-0.0110318		
42.45		-0.0110248		
42.46		-0.0110178		
42.47		-0.0110108		
42.48		-0.0110038		
42.49		-0.0109968		
42.5		-0.0109898		
42.51		-0.0109829		
42.52		-0.010976		
42.53		-0.010969		
42.54		-0.0109621		
42.55		-0.0109552		
42.56		-0.0109483		
42.57		-0.0109415		
42.58		-0.0109346		
42.59		-0.0109277		
42.6		-0.0109209		
42.61		-0.0109141		
42.62		-0.0109073		
42.63		-0.0109005		
42.64		-0.0108937		
42.65		-0.0108869		
42.66		-0.0108801		
42.67		-0.0108734		
42.68		-0.0108666		
42.69		-0.0108599		
42.7		-0.0108532		
42.71		-0.0108465		
42.72		-0.0108398		
42.73		-0.0108331		
42.74		-0.0108264		
42.75		-0.0108198		
42.76		-0.0108132		
42.77		-0.0108065		
42.78		-0.0107999		
42.79		-0.0107933		
42.8		-0.0107867		
42.81		-0.0107801		
42.82		-0.0107735		
42.83		-0.010767		
42.84		-0.0107604		
42.85		-0.0107539		
42.86		-0.0107474		
42.87		-0.0107408		
42.88		-0.0107343		
42.89		-0.0107279		
42.9		-0.0107214		
42.91		-0.0107149		
42.92		-0.0107084		
42.93		-0.010702		
42.94		-0.0106956		
42.95		-0.0106891		
42.96		-0.0106827		
42.97		-0.0106763		
42.98		-0.0106699		
42.99		-0.0106636		
43		-0.0106572		
43.01		-0.0106508		
43.02		-0.0106445		
43.03		-0.0106382		
43.04		-0.0106318		
43.05		-0.0106255		
43.06		-0.0106192		
43.07		-0.010613		
43.08		-0.0106067		
43.09		-0.0106004		
43.1		-0.0105942		
43.11		-0.0105879		
43.12		-0.0105817		
43.13		-0.0105755		
43.14		-0.0105692		
43.15		-0.010563		
43.16		-0.0105569		
43.17		-0.0105507		
43.18		-0.0105445		
43.19		-0.0105383		
43.2		-0.0105322		
43.21		-0.0105261		
43.22		-0.0105199		
43.23		-0.0105138		
43.24		-0.0105077		
43.25		-0.0105016		
43.26		-0.0104955		
43.27		-0.0104895		
43.28		-0.0104834		
43.29		-0.0104774		
43.3		-0.0104713		
43.31		-0.0104653		
43.32		-0.0104593		
43.33		-0.0104533		
43.34		-0.0104473		
43.35		-0.0104413		
43.36		-0.0104353		
43.37		-0.0104293		
43.38		-0.0104234		
43.39		-0.0104174		
43.4		-0.0104115		
43.41		-0.0104055		
43.42		-0.0103996		
43.43		-0.0103937		
43.44		-0.0103878		
43.45		-0.0103819		
43.46		-0.0103761		
43.47		-0.0103702		
43.48		-0.0103643		
43.49		-0.0103585		
43.5		-0.0103526		
43.51		-0.0103468		
43.52		-0.010341		
43.53		-0.0103352		
43.54		-0.0103294		
43.55		-0.0103236		
43.56		-0.0103178		
43.57		-0.0103121		
43.58		-0.0103063		
43.59		-0.0103006		
43.6		-0.0102948		
43.61		-0.0102891		
43.62		-0.0102834		
43.63		-0.0102777		
43.64		-0.010272		
43.65		-0.0102663		
43.66		-0.0102606		
43.67		-0.0102549		
43.68		-0.0102492		
43.69		-0.0102436		
43.7		-0.010238		
43.71		-0.0102323		
43.72		-0.0102267		
43.73		-0.0102211		
43.74		-0.0102155		
43.75		-0.0102099		
43.76		-0.0102043		
43.77		-0.0101987		
43.78		-0.0101932		
43.79		-0.0101876		
43.8		-0.010182		
43.81		-0.0101765		
43.82		-0.010171		
43.83		-0.0101655		
43.84		-0.0101599		
43.85		-0.0101544		
43.86		-0.0101489		
43.87		-0.0101435		
43.88		-0.010138		
43.89		-0.0101325		
43.9		-0.0101271		
43.91		-0.0101216		
43.92		-0.0101162		
43.93		-0.0101107		
43.94		-0.0101053		
43.95		-0.0100999		
43.96		-0.0100945		
43.97		-0.0100891		
43.98		-0.0100837		
43.99		-0.0100783		
44		-0.010073		
44.01		-0.0100676		
44.02		-0.0100623		
44.03		-0.0100569		
44.04		-0.0100516		
44.05		-0.0100463		
44.06		-0.010041		
44.07		-0.0100356		
44.08		-0.0100303		
44.09		-0.0100251		
44.1		-0.0100198		
44.11		-0.0100145		
44.12		-0.0100092		
44.13		-0.010004		
44.14		-0.00999874		
44.15		-0.0099935		
44.16		-0.00998827		
44.17		-0.00998305		
44.18		-0.00997784		
44.19		-0.00997264		
44.2		-0.00996744		
44.21		-0.00996225		
44.22		-0.00995707		
44.23		-0.0099519		
44.24		-0.00994674		
44.25		-0.00994159		
44.26		-0.00993644		
44.27		-0.00993131		
44.28		-0.00992618		
44.29		-0.00992106		
44.3		-0.00991595		
44.31		-0.00991084		
44.32		-0.00990575		
44.33		-0.00990066		
44.34		-0.00989558		
44.35		-0.00989051		
44.36		-0.00988545		
44.37		-0.00988039		
44.38		-0.00987535		
44.39		-0.00987031		
44.4		-0.00986528		
44.41		-0.00986026		
44.42		-0.00985524		
44.43		-0.00985024		
44.44		-0.00984524		
44.45		-0.00984025		
44.46		-0.00983526		
44.47		-0.00983029		
44.48		-0.00982532		
44.49		-0.00982036		
44.5		-0.00981541		
44.51		-0.00981047		
44.52		-0.00980554		
44.53		-0.00980061		
44.54		-0.00979569		
44.55		-0.00979078		
44.56		-0.00978587		
44.57		-0.00978098		
44.58		-0.00977609		
44.59		-0.00977121		
44.6		-0.00976634		
44.61		-0.00976147		
44.62		-0.00975661		
44.63		-0.00975176		
44.64		-0.00974692		
44.65		-0.00974209		
44.66		-0.00973726		
44.67		-0.00973244		
44.68		-0.00972763		
44.69		-0.00972282		
44.7		-0.00971803		
44.71		-0.00971324		
44.72		-0.00970846		
44.73		-0.00970368		
44.74		-0.00969892		
44.75		-0.00969416		
44.76		-0.0096894		
44.77		-0.00968466		
44.78		-0.00967992		
44.79		-0.00967519		
44.8		-0.00967047		
44.81		-0.00966576		
44.82		-0.00966105		
44.83		-0.00965635		
44.84		-0.00965165		
44.85		-0.00964697		
44.86		-0.00964229		
44.87		-0.00963762		
44.88		-0.00963296		
44.89		-0.0096283		
44.9		-0.00962365		
44.91		-0.00961901		
44.92		-0.00961437		
44.93		-0.00960974		
44.94		-0.00960512		
44.95		-0.00960051		
44.96		-0.0095959		
44.97		-0.0095913		
44.98		-0.00958671		
44.99		-0.00958212		
45		-0.00957754		
45.01		-0.00957297		
45.02		-0.00956841		
45.03		-0.00956385		
45.04		-0.0095593		
45.05		-0.00955476		
45.06		-0.00955022		
45.07		-0.00954569		
45.08		-0.00954117		
45.09		-0.00953665		
45.1		-0.00953214		
45.11		-0.00952764		
45.12		-0.00952315		
45.13		-0.00951866		
45.14		-0.00951418		
45.15		-0.0095097		
45.16		-0.00950523		
45.17		-0.00950077		
45.18		-0.00949632		
45.19		-0.00949187		
45.2		-0.00948743		
45.21		-0.00948299		
45.22		-0.00947857		
45.23		-0.00947415		
45.24		-0.00946973		
45.25		-0.00946532		
45.26		-0.00946092		
45.27		-0.00945653		
45.28		-0.00945214		
45.29		-0.00944776		
45.3		-0.00944339		
45.31		-0.00943902		
45.32		-0.00943466		
45.33		-0.0094303		
45.34		-0.00942595		
45.35		-0.00942161		
45.36		-0.00941728		
45.37		-0.00941295		
45.38		-0.00940863		
45.39		-0.00940431		
45.4		-0.0094		
45.41		-0.0093957		
45.42		-0.0093914		
45.43		-0.00938711		
45.44		-0.00938283		
45.45		-0.00937855		
45.46		-0.00937428		
45.47		-0.00937001		
45.48		-0.00936575		
45.49		-0.0093615		
45.5		-0.00935726		
45.51		-0.00935302		
45.52		-0.00934878		
45.53		-0.00934456		
45.54		-0.00934034		
45.55		-0.00933612		
45.56		-0.00933191		
45.57		-0.00932771		
45.58		-0.00932352		
45.59		-0.00931933		
45.6		-0.00931514		
45.61		-0.00931096		
45.62		-0.00930679		
45.63		-0.00930263		
45.64		-0.00929847		
45.65		-0.00929432		
45.66		-0.00929017		
45.67		-0.00928603		
45.68		-0.00928189		
45.69		-0.00927777		
45.7		-0.00927364		
45.71		-0.00926953		
45.72		-0.00926542		
45.73		-0.00926131		
45.74		-0.00925721		
45.75		-0.00925312		
45.76		-0.00924903		
45.77		-0.00924495		
45.78		-0.00924088		
45.79		-0.00923681		
45.8		-0.00923274		
45.81		-0.00922869		
45.82		-0.00922464		
45.83		-0.00922059		
45.84		-0.00921655		
45.85		-0.00921252		
45.86		-0.00920849		
45.87		-0.00920447		
45.88		-0.00920045		
45.89		-0.00919644		
45.9		-0.00919244		
45.91		-0.00918844		
45.92		-0.00918444		
45.93		-0.00918046		
45.94		-0.00917647		
45.95		-0.0091725		
45.96		-0.00916853		
45.97		-0.00916456		
45.98		-0.0091606		
45.99		-0.00915665		
46		-0.0091527		
46.01		-0.00914876		
46.02		-0.00914482		
46.03		-0.00914089		
46.04		-0.00913697		
46.05		-0.00913305		
46.06		-0.00912913		
46.07		-0.00912523		
46.08		-0.00912132		
46.09		-0.00911742		
46.1		-0.00911353		
46.11		-0.00910965		
46.12		-0.00910577		
46.13		-0.00910189		
46.14		-0.00909802		
46.15		-0.00909416		
46.16		-0.0090903		
46.17		-0.00908644		
46.18		-0.0090826		
46.19		-0.00907875		
46.2		-0.00907492		
46.21		-0.00907108		
46.22		-0.00906726		
46.23		-0.00906344		
46.24		-0.00905962		
46.25		-0.00905581		
46.26		-0.00905201		
46.27		-0.00904821		
46.28		-0.00904441		
46.29		-0.00904062		
46.3		-0.00903684		
46.31		-0.00903306		
46.32		-0.00902929		
46.33		-0.00902552		
46.34		-0.00902176		
46.35		-0.009018		
46.36		-0.00901425		
46.37		-0.0090105		
46.38		-0.00900676		
46.39		-0.00900302		
46.4		-0.00899929		
46.41		-0.00899556		
46.42		-0.00899184		
46.43		-0.00898813		
46.44		-0.00898442		
46.45		-0.00898071		
46.46		-0.00897701		
46.47		-0.00897332		
46.48		-0.00896963		
46.49		-0.00896594		
46.5		-0.00896226		
46.51		-0.00895859		
46.52		-0.00895492		
46.53		-0.00895125		
46.54		-0.00894759		
46.55		-0.00894394		
46.56		-0.00894029		
46.57		-0.00893664		
46.58		-0.008933		
46.59		-0.00892937		
46.6		-0.00892574		
46.61		-0.00892211		
46.62		-0.00891849		
46.63		-0.00891488		
46.64		-0.00891127		
46.65		-0.00890766		
46.66		-0.00890406		
46.67		-0.00890047		
46.68		-0.00889688		
46.69		-0.00889329		
46.7		-0.00888971		
46.71		-0.00888613		
46.72		-0.00888256		
46.73		-0.008879		
46.74		-0.00887544		
46.75		-0.00887188		
46.76		-0.00886833		
46.77		-0.00886478		
46.78		-0.00886124		
46.79		-0.0088577		
46.8		-0.00885417		
46.81		-0.00885064		
46.82		-0.00884712		
46.83		-0.0088436		
46.84		-0.00884009		
46.85		-0.00883658		
46.86		-0.00883307		
46.87		-0.00882957		
46.88		-0.00882608		
46.89		-0.00882259		
46.9		-0.0088191		
46.91		-0.00881562		
46.92		-0.00881215		
46.93		-0.00880868		
46.94		-0.00880521		
46.95		-0.00880175		
46.96		-0.00879829		
46.97		-0.00879484		
46.98		-0.00879139		
46.99		-0.00878794		
47		-0.00878451		
47.01		-0.00878107		
47.02		-0.00877764		
47.03		-0.00877422		
47.04		-0.00877079		
47.05		-0.00876738		
47.06		-0.00876397		
47.07		-0.00876056		
47.08		-0.00875716		
47.09		-0.00875376		
47.1		-0.00875036		
47.11		-0.00874697		
47.12		-0.00874359		
47.13		-0.00874021		
47.14		-0.00873683		
47.15		-0.00873346		
47.16		-0.00873009		
47.17		-0.00872673		
47.18		-0.00872337		
47.19		-0.00872002		
47.2		-0.00871667		
47.21		-0.00871332		
47.22		-0.00870998		
47.23		-0.00870665		
47.24		-0.00870332		
47.25		-0.00869999		
47.26		-0.00869666		
47.27		-0.00869335		
47.28		-0.00869003		
47.29		-0.00868672		
47.3		-0.00868341		
47.31		-0.00868011		
47.32		-0.00867681		
47.33		-0.00867352		
47.34		-0.00867023		
47.35		-0.00866695		
47.36		-0.00866367		
47.37		-0.00866039		
47.38		-0.00865712		
47.39		-0.00865385		
47.4		-0.00865059		
47.41		-0.00864733		
47.42		-0.00864407		
47.43		-0.00864082		
47.44		-0.00863758		
47.45		-0.00863433		
47.46		-0.00863109		
47.47		-0.00862786		
47.48		-0.00862463		
47.49		-0.0086214		
47.5		-0.00861818		
47.51		-0.00861496		
47.52		-0.00861175		
47.53		-0.00860854		
47.54		-0.00860534		
47.55		-0.00860213		
47.56		-0.00859894		
47.57		-0.00859574		
47.58		-0.00859256		
47.59		-0.00858937		
47.6		-0.00858619		
47.61		-0.00858301		
47.62		-0.00857984		
47.63		-0.00857667		
47.64		-0.00857351		
47.65		-0.00857034		
47.66		-0.00856719		
47.67		-0.00856404		
47.68		-0.00856089		
47.69		-0.00855774		
47.7		-0.0085546		
47.71		-0.00855146		
47.72		-0.00854833		
47.73		-0.0085452		
47.74		-0.00854208		
47.75		-0.00853896		
47.76		-0.00853584		
47.77		-0.00853272		
47.78		-0.00852962		
47.79		-0.00852651		
47.8		-0.00852341		
47.81		-0.00852031		
47.82		-0.00851722		
47.83		-0.00851413		
47.84		-0.00851104		
47.85		-0.00850796		
47.86		-0.00850488		
47.87		-0.0085018		
47.88		-0.00849873		
47.89		-0.00849567		
47.9		-0.0084926		
47.91		-0.00848954		
47.92		-0.00848649		
47.93		-0.00848344		
47.94		-0.00848039		
47.95		-0.00847735		
47.96		-0.0084743		
47.97		-0.00847127		
47.98		-0.00846824		
47.99		-0.00846521		
48		-0.00846218		
48.01		-0.00845916		
48.02		-0.00845614		
48.03		-0.00845313		
48.04		-0.00845012		
48.05		-0.00844711		
48.06		-0.00844411		
48.07		-0.00844111		
48.08		-0.00843811		
48.09		-0.00843512		
48.1		-0.00843213		
48.11		-0.00842915		
48.12		-0.00842616		
48.13		-0.00842319		
48.14		-0.00842021		
48.15		-0.00841724		
48.16		-0.00841428		
48.17		-0.00841131		
48.18		-0.00840835		
48.19		-0.0084054		
48.2		-0.00840245		
48.21		-0.0083995		
48.22		-0.00839655		
48.23		-0.00839361		
48.24		-0.00839067		
48.25		-0.00838774		
48.26		-0.00838481		
48.27		-0.00838188		
48.28		-0.00837896		
48.29		-0.00837604		
48.3		-0.00837312		
48.31		-0.00837021		
48.32		-0.0083673		
48.33		-0.00836439		
48.34		-0.00836149		
48.35		-0.00835859		
48.36		-0.00835569		
48.37		-0.0083528		
48.38		-0.00834991		
48.39		-0.00834703		
48.4		-0.00834415		
48.41		-0.00834127		
48.42		-0.00833839		
48.43		-0.00833552		
48.44		-0.00833265		
48.45		-0.00832979		
48.46		-0.00832693		
48.47		-0.00832407		
48.48		-0.00832122		
48.49		-0.00831837		
48.5		-0.00831552		
48.51		-0.00831267		
48.52		-0.00830983		
48.53		-0.008307		
48.54		-0.00830416		
48.55		-0.00830133		
48.56		-0.0082985		
48.57		-0.00829568		
48.58		-0.00829286		
48.59		-0.00829004		
48.6		-0.00828723		
48.61		-0.00828442		
48.62		-0.00828161		
48.63		-0.00827881		
48.64		-0.00827601		
48.65		-0.00827321		
48.66		-0.00827041		
48.67		-0.00826762		
48.68		-0.00826484		
48.69		-0.00826205		
48.7		-0.00825927		
48.71		-0.00825649		
48.72		-0.00825372		
48.73		-0.00825095		
48.74		-0.00824818		
48.75		-0.00824541		
48.76		-0.00824265		
48.77		-0.00823989		
48.78		-0.00823714		
48.79		-0.00823439		
48.8		-0.00823164		
48.81		-0.00822889		
48.82		-0.00822615		
48.83		-0.00822341		
48.84		-0.00822067		
48.85		-0.00821794		
48.86		-0.00821521		
48.87		-0.00821249		
48.88		-0.00820976		
48.89		-0.00820704		
48.9		-0.00820432		
48.91		-0.00820161		
48.92		-0.0081989		
48.93		-0.00819619		
48.94		-0.00819349		
48.95		-0.00819079		
48.96		-0.00818809		
48.97		-0.00818539		
48.98		-0.0081827		
48.99		-0.00818001		
49		-0.00817732		
49.01		-0.00817464		
49.02		-0.00817196		
49.03		-0.00816928		
49.04		-0.00816661		
49.05		-0.00816394		
49.06		-0.00816127		
49.07		-0.00815861		
49.08		-0.00815595		
49.09		-0.00815329		
49.1		-0.00815063		
49.11		-0.00814798		
49.12		-0.00814533		
49.13		-0.00814268		
49.14		-0.00814004		
49.15		-0.0081374		
49.16		-0.00813476		
49.17		-0.00813213		
49.18		-0.0081295		
49.19		-0.00812687		
49.2		-0.00812424		
49.21		-0.00812162		
49.22		-0.008119		
49.23		-0.00811638		
49.24		-0.00811377		
49.25		-0.00811116		
49.26		-0.00810855		
49.27		-0.00810595		
49.28		-0.00810334		
49.29		-0.00810074		
49.3		-0.00809815		
49.31		-0.00809555		
49.32		-0.00809296		
49.33		-0.00809038		
49.34		-0.00808779		
49.35		-0.00808521		
49.36		-0.00808263		
49.37		-0.00808005		
49.38		-0.00807748		
49.39		-0.00807491		
49.4		-0.00807234		
49.41		-0.00806978		
49.42		-0.00806722		
49.43		-0.00806466		
49.44		-0.0080621		
49.45		-0.00805955		
49.46		-0.008057		
49.47		-0.00805445		
49.48		-0.00805191		
49.49		-0.00804936		
49.5		-0.00804683		
49.51		-0.00804429		
49.52		-0.00804176		
49.53		-0.00803922		
49.54		-0.0080367		
49.55		-0.00803417		
49.56		-0.00803165		
49.57		-0.00802913		
49.58		-0.00802661		
49.59		-0.0080241		
49.6		-0.00802159		
49.61		-0.00801908		
49.62		-0.00801657		
49.63		-0.00801407		
49.64		-0.00801157		
49.65		-0.00800907		
49.66		-0.00800658		
49.67		-0.00800408		
49.68		-0.00800159		
49.69		-0.00799911		
49.7		-0.00799662		
49.71		-0.00799414		
49.72		-0.00799166		
49.73		-0.00798919		
49.74		-0.00798671		
49.75		-0.00798424		
49.76		-0.00798177		
49.77		-0.00797931		
49.78		-0.00797685		
49.79		-0.00797439		
49.8		-0.00797193		
49.81		-0.00796947		
49.82		-0.00796702		
49.83		-0.00796457		
49.84		-0.00796213		
49.85		-0.00795968		
49.86		-0.00795724		
49.87		-0.0079548		
49.88		-0.00795237		
49.89		-0.00794993		
49.9		-0.0079475		
49.91		-0.00794507		
49.92		-0.00794265		
49.93		-0.00794022		
49.94		-0.0079378		
49.95		-0.00793538		
49.96		-0.00793297		
49.97		-0.00793056		
49.98		-0.00792814		
49.99		-0.00792574		
50		-0.00792333		
