tau [fm]		R_pi^-1
0.25		0
0.26		0.0475334		
0.27		0.0918296		
0.28		0.133148		
0.29		0.171722		
0.3		0.207767		
0.31		0.241474		
0.32		0.27302		
0.33		0.302564		
0.34		0.330252		
0.35		0.356218		
0.36		0.380581		
0.37		0.403455		
0.38		0.424939		
0.39		0.445127		
0.4		0.464105		
0.41		0.481952		
0.42		0.49874		
0.43		0.514536		
0.44		0.529401		
0.45		0.543392		
0.46		0.556563		
0.47		0.568962		
0.48		0.580635		
0.49		0.591622		
0.5		0.601964		
0.51		0.611698		
0.52		0.620856		
0.53		0.62947		
0.54		0.637571		
0.55		0.645185		
0.56		0.652338		
0.57		0.659055		
0.58		0.665359		
0.59		0.67127		
0.6		0.676808		
0.61		0.681992		
0.62		0.68684		
0.63		0.691369		
0.64		0.695593		
0.65		0.699529		
0.66		0.703189		
0.67		0.706587		
0.68		0.709735		
0.69		0.712644		
0.7		0.715327		
0.71		0.717794		
0.72		0.720054		
0.73		0.722117		
0.74		0.723991		
0.75		0.725686		
0.76		0.72721		
0.77		0.728569		
0.78		0.729772		
0.79		0.730825		
0.8		0.731735		
0.81		0.732508		
0.82		0.73315		
0.83		0.733667		
0.84		0.734064		
0.85		0.734346		
0.86		0.734519		
0.87		0.734587		
0.88		0.734555		
0.89		0.734426		
0.9		0.734205		
0.91		0.733896		
0.92		0.733503		
0.93		0.733029		
0.94		0.732478		
0.95		0.731853		
0.96		0.731157		
0.97		0.730393		
0.98		0.729564		
0.99		0.728673		
1		0.727723		
1.01		0.726716		
1.02		0.725654		
1.03		0.72454		
1.04		0.723376		
1.05		0.722164		
1.06		0.720907		
1.07		0.719606		
1.08		0.718264		
1.09		0.716882		
1.1		0.715461		
1.11		0.714004		
1.12		0.712513		
1.13		0.710988		
1.14		0.709431		
1.15		0.707844		
1.16		0.706229		
1.17		0.704586		
1.18		0.702917		
1.19		0.701223		
1.2		0.699505		
1.21		0.697764		
1.22		0.696003		
1.23		0.69422		
1.24		0.692419		
1.25		0.690599		
1.26		0.688762		
1.27		0.686908		
1.28		0.685039		
1.29		0.683155		
1.3		0.681257		
1.31		0.679346		
1.32		0.677423		
1.33		0.675488		
1.34		0.673542		
1.35		0.671586		
1.36		0.669621		
1.37		0.667647		
1.38		0.665664		
1.39		0.663674		
1.4		0.661677		
1.41		0.659673		
1.42		0.657663		
1.43		0.655648		
1.44		0.653628		
1.45		0.651603		
1.46		0.649574		
1.47		0.647542		
1.48		0.645507		
1.49		0.643469		
1.5		0.641428		
1.51		0.639386		
1.52		0.637341		
1.53		0.635296		
1.54		0.63325		
1.55		0.631203		
1.56		0.629156		
1.57		0.627109		
1.58		0.625063		
1.59		0.623017		
1.6		0.620972		
1.61		0.618929		
1.62		0.616886		
1.63		0.614846		
1.64		0.612808		
1.65		0.610771		
1.66		0.608738		
1.67		0.606706		
1.68		0.604678		
1.69		0.602653		
1.7		0.600631		
1.71		0.598612		
1.72		0.596597		
1.73		0.594586		
1.74		0.592579		
1.75		0.590575		
1.76		0.588576		
1.77		0.586582		
1.78		0.584592		
1.79		0.582607		
1.8		0.580626		
1.81		0.57865		
1.82		0.57668		
1.83		0.574714		
1.84		0.572754		
1.85		0.5708		
1.86		0.56885		
1.87		0.566907		
1.88		0.564969		
1.89		0.563036		
1.9		0.56111		
1.91		0.559189		
1.92		0.557275		
1.93		0.555367		
1.94		0.553464		
1.95		0.551568		
1.96		0.549679		
1.97		0.547795		
1.98		0.545918		
1.99		0.544048		
2		0.542184		
2.01		0.540326		
2.02		0.538476		
2.03		0.536632		
2.04		0.534794		
2.05		0.532963		
2.06		0.531139		
2.07		0.529322		
2.08		0.527512		
2.09		0.525709		
2.1		0.523912		
2.11		0.522123		
2.12		0.52034		
2.13		0.518565		
2.14		0.516796		
2.15		0.515035		
2.16		0.51328		
2.17		0.511533		
2.18		0.509792		
2.19		0.508059		
2.2		0.506333		
2.21		0.504614		
2.22		0.502902		
2.23		0.501197		
2.24		0.4995		
2.25		0.497809		
2.26		0.496126		
2.27		0.49445		
2.28		0.492781		
2.29		0.491119		
2.3		0.489464		
2.31		0.487817		
2.32		0.486176		
2.33		0.484543		
2.34		0.482917		
2.35		0.481298		
2.36		0.479686		
2.37		0.478082		
2.38		0.476484		
2.39		0.474894		
2.4		0.47331		
2.41		0.471734		
2.42		0.470165		
2.43		0.468603		
2.44		0.467048		
2.45		0.4655		
2.46		0.463959		
2.47		0.462425		
2.48		0.460898		
2.49		0.459378		
2.5		0.457865		
2.51		0.456359		
2.52		0.45486		
2.53		0.453368		
2.54		0.451883		
2.55		0.450404		
2.56		0.448933		
2.57		0.447468		
2.58		0.44601		
2.59		0.444559		
2.6		0.443115		
2.61		0.441678		
2.62		0.440247		
2.63		0.438823		
2.64		0.437406		
2.65		0.435995		
2.66		0.434591		
2.67		0.433194		
2.68		0.431803		
2.69		0.430419		
2.7		0.429042		
2.71		0.427671		
2.72		0.426306		
2.73		0.424948		
2.74		0.423597		
2.75		0.422252		
2.76		0.420913		
2.77		0.419581		
2.78		0.418255		
2.79		0.416936		
2.8		0.415622		
2.81		0.414316		
2.82		0.413015		
2.83		0.411721		
2.84		0.410433		
2.85		0.409151		
2.86		0.407875		
2.87		0.406605		
2.88		0.405342		
2.89		0.404084		
2.9		0.402833		
2.91		0.401588		
2.92		0.400349		
2.93		0.399115		
2.94		0.397888		
2.95		0.396667		
2.96		0.395451		
2.97		0.394242		
2.98		0.393038		
2.99		0.39184		
3		0.390648		
3.01		0.389461		
3.02		0.388281		
3.03		0.387106		
3.04		0.385937		
3.05		0.384773		
3.06		0.383615		
3.07		0.382463		
3.08		0.381316		
3.09		0.380175		
3.1		0.37904		
3.11		0.37791		
3.12		0.376785		
3.13		0.375666		
3.14		0.374552		
3.15		0.373444		
3.16		0.372341		
3.17		0.371243		
3.18		0.370151		
3.19		0.369064		
3.2		0.367982		
3.21		0.366906		
3.22		0.365834		
3.23		0.364768		
3.24		0.363707		
3.25		0.362651		
3.26		0.361601		
3.27		0.360555		
3.28		0.359515		
3.29		0.358479		
3.3		0.357448		
3.31		0.356423		
3.32		0.355402		
3.33		0.354387		
3.34		0.353376		
3.35		0.35237		
3.36		0.351369		
3.37		0.350372		
3.38		0.349381		
3.39		0.348394		
3.4		0.347412		
3.41		0.346435		
3.42		0.345463		
3.43		0.344495		
3.44		0.343532		
3.45		0.342573		
3.46		0.341619		
3.47		0.34067		
3.48		0.339725		
3.49		0.338785		
3.5		0.337849		
3.51		0.336917		
3.52		0.33599		
3.53		0.335068		
3.54		0.33415		
3.55		0.333236		
3.56		0.332327		
3.57		0.331422		
3.58		0.330521		
3.59		0.329625		
3.6		0.328733		
3.61		0.327845		
3.62		0.326961		
3.63		0.326081		
3.64		0.325206		
3.65		0.324335		
3.66		0.323468		
3.67		0.322605		
3.68		0.321746		
3.69		0.320891		
3.7		0.32004		
3.71		0.319194		
3.72		0.318351		
3.73		0.317512		
3.74		0.316677		
3.75		0.315846		
3.76		0.315019		
3.77		0.314196		
3.78		0.313377		
3.79		0.312561		
3.8		0.31175		
3.81		0.310942		
3.82		0.310138		
3.83		0.309337		
3.84		0.308541		
3.85		0.307748		
3.86		0.306959		
3.87		0.306173		
3.88		0.305391		
3.89		0.304613		
3.9		0.303838		
3.91		0.303067		
3.92		0.3023		
3.93		0.301536		
3.94		0.300775		
3.95		0.300018		
3.96		0.299265		
3.97		0.298515		
3.98		0.297769		
3.99		0.297025		
4		0.296286		
4.01		0.29555		
4.02		0.294817		
4.03		0.294087		
4.04		0.293361		
4.05		0.292638		
4.06		0.291918		
4.07		0.291202		
4.08		0.290489		
4.09		0.289779		
4.1		0.289073		
4.11		0.288369		
4.12		0.287669		
4.13		0.286972		
4.14		0.286278		
4.15		0.285588		
4.16		0.2849		
4.17		0.284215		
4.18		0.283534		
4.19		0.282856		
4.2		0.28218		
4.21		0.281508		
4.22		0.280839		
4.23		0.280172		
4.24		0.279509		
4.25		0.278849		
4.26		0.278191		
4.27		0.277537		
4.28		0.276886		
4.29		0.276237		
4.3		0.275591		
4.31		0.274948		
4.32		0.274308		
4.33		0.273671		
4.34		0.273037		
4.35		0.272405		
4.36		0.271776		
4.37		0.27115		
4.38		0.270527		
4.39		0.269906		
4.4		0.269288		
4.41		0.268673		
4.42		0.268061		
4.43		0.267451		
4.44		0.266844		
4.45		0.26624		
4.46		0.265638		
4.47		0.265039		
4.48		0.264442		
4.49		0.263848		
4.5		0.263257		
4.51		0.262668		
4.52		0.262081		
4.53		0.261498		
4.54		0.260916		
4.55		0.260338		
4.56		0.259761		
4.57		0.259187		
4.58		0.258616		
4.59		0.258047		
4.6		0.257481		
4.61		0.256917		
4.62		0.256355		
4.63		0.255796		
4.64		0.255239		
4.65		0.254685		
4.66		0.254132		
4.67		0.253583		
4.68		0.253035		
4.69		0.25249		
4.7		0.251947		
4.71		0.251407		
4.72		0.250868		
4.73		0.250332		
4.74		0.249798		
4.75		0.249267		
4.76		0.248738		
4.77		0.248211		
4.78		0.247686		
4.79		0.247163		
4.8		0.246642		
4.81		0.246124		
4.82		0.245608		
4.83		0.245094		
4.84		0.244582		
4.85		0.244072		
4.86		0.243564		
4.87		0.243059		
4.88		0.242555		
4.89		0.242054		
4.9		0.241554		
4.91		0.241057		
4.92		0.240562		
4.93		0.240068		
4.94		0.239577		
4.95		0.239088		
4.96		0.238601		
4.97		0.238115		
4.98		0.237632		
4.99		0.237151		
5		0.236671		
5.01		0.236194		
5.02		0.235718		
5.03		0.235245		
5.04		0.234773		
5.05		0.234303		
5.06		0.233835		
5.07		0.233369		
5.08		0.232905		
5.09		0.232443		
5.1		0.231982		
5.11		0.231523		
5.12		0.231067		
5.13		0.230612		
5.14		0.230158		
5.15		0.229707		
5.16		0.229257		
5.17		0.22881		
5.18		0.228364		
5.19		0.227919		
5.2		0.227477		
5.21		0.227036		
5.22		0.226597		
5.23		0.22616		
5.24		0.225724		
5.25		0.22529		
5.26		0.224858		
5.27		0.224427		
5.28		0.223998		
5.29		0.223571		
5.3		0.223146		
5.31		0.222722		
5.32		0.222299		
5.33		0.221879		
5.34		0.22146		
5.35		0.221042		
5.36		0.220627		
5.37		0.220212		
5.38		0.2198		
5.39		0.219389		
5.4		0.218979		
5.41		0.218571		
5.42		0.218165		
5.43		0.21776		
5.44		0.217357		
5.45		0.216955		
5.46		0.216555		
5.47		0.216157		
5.48		0.215759		
5.49		0.215364		
5.5		0.21497		
5.51		0.214577		
5.52		0.214186		
5.53		0.213796		
5.54		0.213408		
5.55		0.213021		
5.56		0.212636		
5.57		0.212252		
5.58		0.211869		
5.59		0.211488		
5.6		0.211108		
5.61		0.21073		
5.62		0.210353		
5.63		0.209978		
5.64		0.209604		
5.65		0.209231		
5.66		0.20886		
5.67		0.20849		
5.68		0.208121		
5.69		0.207754		
5.7		0.207388		
5.71		0.207023		
5.72		0.20666		
5.73		0.206298		
5.74		0.205938		
5.75		0.205578		
5.76		0.20522		
5.77		0.204864		
5.78		0.204508		
5.79		0.204154		
5.8		0.203801		
5.81		0.20345		
5.82		0.203099		
5.83		0.20275		
5.84		0.202402		
5.85		0.202056		
5.86		0.201711		
5.87		0.201366		
5.88		0.201024		
5.89		0.200682		
5.9		0.200342		
5.91		0.200002		
5.92		0.199664		
5.93		0.199327		
5.94		0.198992		
5.95		0.198657		
5.96		0.198324		
5.97		0.197992		
5.98		0.197661		
5.99		0.197331		
6		0.197003		
6.01		0.196675		
6.02		0.196349		
6.03		0.196024		
6.04		0.1957		
6.05		0.195377		
6.06		0.195055		
6.07		0.194734		
6.08		0.194415		
6.09		0.194096		
6.1		0.193779		
6.11		0.193462		
6.12		0.193147		
6.13		0.192833		
6.14		0.19252		
6.15		0.192208		
6.16		0.191897		
6.17		0.191587		
6.18		0.191279		
6.19		0.190971		
6.2		0.190664		
6.21		0.190358		
6.22		0.190054		
6.23		0.18975		
6.24		0.189448		
6.25		0.189146		
6.26		0.188846		
6.27		0.188546		
6.28		0.188247		
6.29		0.18795		
6.3		0.187653		
6.31		0.187358		
6.32		0.187063		
6.33		0.18677		
6.34		0.186477		
6.35		0.186186		
6.36		0.185895		
6.37		0.185605		
6.38		0.185317		
6.39		0.185029		
6.4		0.184742		
6.41		0.184456		
6.42		0.184171		
6.43		0.183887		
6.44		0.183604		
6.45		0.183322		
6.46		0.183041		
6.47		0.18276		
6.48		0.182481		
6.49		0.182202		
6.5		0.181925		
6.51		0.181648		
6.52		0.181372		
6.53		0.181098		
6.54		0.180824		
6.55		0.18055		
6.56		0.180278		
6.57		0.180007		
6.58		0.179736		
6.59		0.179467		
6.6		0.179198		
6.61		0.17893		
6.62		0.178663		
6.63		0.178397		
6.64		0.178131		
6.65		0.177867		
6.66		0.177603		
6.67		0.17734		
6.68		0.177078		
6.69		0.176817		
6.7		0.176557		
6.71		0.176297		
6.72		0.176039		
6.73		0.175781		
6.74		0.175524		
6.75		0.175267		
6.76		0.175012		
6.77		0.174757		
6.78		0.174503		
6.79		0.17425		
6.8		0.173998		
6.81		0.173746		
6.82		0.173495		
6.83		0.173245		
6.84		0.172996		
6.85		0.172748		
6.86		0.1725		
6.87		0.172253		
6.88		0.172007		
6.89		0.171762		
6.9		0.171517		
6.91		0.171273		
6.92		0.17103		
6.93		0.170788		
6.94		0.170546		
6.95		0.170305		
6.96		0.170065		
6.97		0.169825		
6.98		0.169586		
6.99		0.169348		
7		0.169111		
7.01		0.168875		
7.02		0.168639		
7.03		0.168403		
7.04		0.168169		
7.05		0.167935		
7.06		0.167702		
7.07		0.16747		
7.08		0.167238		
7.09		0.167007		
7.1		0.166777		
7.11		0.166547		
7.12		0.166318		
7.13		0.16609		
7.14		0.165862		
7.15		0.165636		
7.16		0.165409		
7.17		0.165184		
7.18		0.164959		
7.19		0.164735		
7.2		0.164511		
7.21		0.164288		
7.22		0.164066		
7.23		0.163844		
7.24		0.163623		
7.25		0.163403		
7.26		0.163183		
7.27		0.162964		
7.28		0.162746		
7.29		0.162528		
7.3		0.162311		
7.31		0.162094		
7.32		0.161878		
7.33		0.161663		
7.34		0.161448		
7.35		0.161234		
7.36		0.161021		
7.37		0.160808		
7.38		0.160596		
7.39		0.160384		
7.4		0.160173		
7.41		0.159963		
7.42		0.159753		
7.43		0.159544		
7.44		0.159335		
7.45		0.159127		
7.46		0.158919		
7.47		0.158713		
7.48		0.158506		
7.49		0.158301		
7.5		0.158095		
7.51		0.157891		
7.52		0.157687		
7.53		0.157484		
7.54		0.157281		
7.55		0.157078		
7.56		0.156877		
7.57		0.156676		
7.58		0.156475		
7.59		0.156275		
7.6		0.156076		
7.61		0.155877		
7.62		0.155678		
7.63		0.15548		
7.64		0.155283		
7.65		0.155086		
7.66		0.15489		
7.67		0.154695		
7.68		0.154499		
7.69		0.154305		
7.7		0.154111		
7.71		0.153917		
7.72		0.153724		
7.73		0.153532		
7.74		0.15334		
7.75		0.153149		
7.76		0.152958		
7.77		0.152767		
7.78		0.152577		
7.79		0.152388		
7.8		0.152199		
7.81		0.152011		
7.82		0.151823		
7.83		0.151636		
7.84		0.151449		
7.85		0.151263		
7.86		0.151077		
7.87		0.150891		
7.88		0.150707		
7.89		0.150522		
7.9		0.150338		
7.91		0.150155		
7.92		0.149972		
7.93		0.14979		
7.94		0.149608		
7.95		0.149426		
7.96		0.149245		
7.97		0.149065		
7.98		0.148885		
7.99		0.148705		
8		0.148526		
8.01		0.148348		
8.02		0.14817		
8.03		0.147992		
8.04		0.147815		
8.05		0.147638		
8.06		0.147462		
8.07		0.147286		
8.08		0.147111		
8.09		0.146936		
8.1		0.146761		
8.11		0.146587		
8.12		0.146414		
8.13		0.146241		
8.14		0.146068		
8.15		0.145896		
8.16		0.145724		
8.17		0.145553		
8.18		0.145382		
8.19		0.145212		
8.2		0.145042		
8.21		0.144872		
8.22		0.144703		
8.23		0.144534		
8.24		0.144366		
8.25		0.144198		
8.26		0.144031		
8.27		0.143864		
8.28		0.143697		
8.29		0.143531		
8.3		0.143365		
8.31		0.1432		
8.32		0.143035		
8.33		0.14287		
8.34		0.142706		
8.35		0.142543		
8.36		0.142379		
8.37		0.142217		
8.38		0.142054		
8.39		0.141892		
8.4		0.14173		
8.41		0.141569		
8.42		0.141408		
8.43		0.141248		
8.44		0.141088		
8.45		0.140928		
8.46		0.140769		
8.47		0.14061		
8.48		0.140452		
8.49		0.140294		
8.5		0.140136		
8.51		0.139979		
8.52		0.139822		
8.53		0.139665		
8.54		0.139509		
8.55		0.139353		
8.56		0.139198		
8.57		0.139043		
8.58		0.138888		
8.59		0.138734		
8.6		0.13858		
8.61		0.138427		
8.62		0.138273		
8.63		0.138121		
8.64		0.137968		
8.65		0.137816		
8.66		0.137665		
8.67		0.137513		
8.68		0.137362		
8.69		0.137212		
8.7		0.137062		
8.71		0.136912		
8.72		0.136762		
8.73		0.136613		
8.74		0.136464		
8.75		0.136316		
8.76		0.136168		
8.77		0.13602		
8.78		0.135873		
8.79		0.135726		
8.8		0.135579		
8.81		0.135433		
8.82		0.135287		
8.83		0.135141		
8.84		0.134996		
8.85		0.134851		
8.86		0.134706		
8.87		0.134562		
8.88		0.134418		
8.89		0.134274		
8.9		0.134131		
8.91		0.133988		
8.92		0.133846		
8.93		0.133703		
8.94		0.133561		
8.95		0.13342		
8.96		0.133279		
8.97		0.133138		
8.98		0.132997		
8.99		0.132857		
9		0.132717		
9.01		0.132577		
9.02		0.132438		
9.03		0.132299		
9.04		0.13216		
9.05		0.132022		
9.06		0.131884		
9.07		0.131746		
9.08		0.131608		
9.09		0.131471		
9.1		0.131334		
9.11		0.131198		
9.12		0.131062		
9.13		0.130926		
9.14		0.13079		
9.15		0.130655		
9.16		0.13052		
9.17		0.130386		
9.18		0.130251		
9.19		0.130117		
9.2		0.129983		
9.21		0.12985		
9.22		0.129717		
9.23		0.129584		
9.24		0.129451		
9.25		0.129319		
9.26		0.129187		
9.27		0.129056		
9.28		0.128924		
9.29		0.128793		
9.3		0.128662		
9.31		0.128532		
9.32		0.128402		
9.33		0.128272		
9.34		0.128142		
9.35		0.128013		
9.36		0.127884		
9.37		0.127755		
9.38		0.127627		
9.39		0.127498		
9.4		0.12737		
9.41		0.127243		
9.42		0.127115		
9.43		0.126988		
9.44		0.126862		
9.45		0.126735		
9.46		0.126609		
9.47		0.126483		
9.48		0.126357		
9.49		0.126232		
9.5		0.126107		
9.51		0.125982		
9.52		0.125857		
9.53		0.125733		
9.54		0.125609		
9.55		0.125485		
9.56		0.125361		
9.57		0.125238		
9.58		0.125115		
9.59		0.124992		
9.6		0.12487		
9.61		0.124748		
9.62		0.124626		
9.63		0.124504		
9.64		0.124382		
9.65		0.124261		
9.66		0.12414		
9.67		0.12402		
9.68		0.123899		
9.69		0.123779		
9.7		0.123659		
9.71		0.12354		
9.72		0.12342		
9.73		0.123301		
9.74		0.123182		
9.75		0.123064		
9.76		0.122945		
9.77		0.122827		
9.78		0.122709		
9.79		0.122592		
9.8		0.122474		
9.81		0.122357		
9.82		0.12224		
9.83		0.122123		
9.84		0.122007		
9.85		0.121891		
9.86		0.121775		
9.87		0.121659		
9.88		0.121544		
9.89		0.121429		
9.9		0.121314		
9.91		0.121199		
9.92		0.121084		
9.93		0.12097		
9.94		0.120856		
9.95		0.120742		
9.96		0.120629		
9.97		0.120515		
9.98		0.120402		
9.99		0.12029		
10		0.120177		
10.01		0.120064		
10.02		0.119952		
10.03		0.11984		
10.04		0.119729		
10.05		0.119617		
10.06		0.119506		
10.07		0.119395		
10.08		0.119284		
10.09		0.119174		
10.1		0.119063		
10.11		0.118953		
10.12		0.118843		
10.13		0.118733		
10.14		0.118624		
10.15		0.118515		
10.16		0.118406		
10.17		0.118297		
10.18		0.118188		
10.19		0.11808		
10.2		0.117972		
10.21		0.117864		
10.22		0.117756		
10.23		0.117649		
10.24		0.117541		
10.25		0.117434		
10.26		0.117327		
10.27		0.117221		
10.28		0.117114		
10.29		0.117008		
10.3		0.116902		
10.31		0.116796		
10.32		0.116691		
10.33		0.116585		
10.34		0.11648		
10.35		0.116375		
10.36		0.11627		
10.37		0.116166		
10.38		0.116061		
10.39		0.115957		
10.4		0.115853		
10.41		0.115749		
10.42		0.115646		
10.43		0.115543		
10.44		0.115439		
10.45		0.115336		
10.46		0.115234		
10.47		0.115131		
10.48		0.115029		
10.49		0.114927		
10.5		0.114825		
10.51		0.114723		
10.52		0.114621		
10.53		0.11452		
10.54		0.114419		
10.55		0.114318		
10.56		0.114217		
10.57		0.114117		
10.58		0.114016		
10.59		0.113916		
10.6		0.113816		
10.61		0.113716		
10.62		0.113617		
10.63		0.113517		
10.64		0.113418		
10.65		0.113319		
10.66		0.11322		
10.67		0.113121		
10.68		0.113023		
10.69		0.112924		
10.7		0.112826		
10.71		0.112728		
10.72		0.112631		
10.73		0.112533		
10.74		0.112436		
10.75		0.112339		
10.76		0.112241		
10.77		0.112145		
10.78		0.112048		
10.79		0.111952		
10.8		0.111855		
10.81		0.111759		
10.82		0.111663		
10.83		0.111567		
10.84		0.111472		
10.85		0.111377		
10.86		0.111281		
10.87		0.111186		
10.88		0.111091		
10.89		0.110997		
10.9		0.110902		
10.91		0.110808		
10.92		0.110714		
10.93		0.11062		
10.94		0.110526		
10.95		0.110432		
10.96		0.110339		
10.97		0.110245		
10.98		0.110152		
10.99		0.110059		
11		0.109967		
11.01		0.109874		
11.02		0.109782		
11.03		0.109689		
11.04		0.109597		
11.05		0.109505		
11.06		0.109413		
11.07		0.109322		
11.08		0.10923		
11.09		0.109139		
11.1		0.109048		
11.11		0.108957		
11.12		0.108866		
11.13		0.108776		
11.14		0.108685		
11.15		0.108595		
11.16		0.108505		
11.17		0.108415		
11.18		0.108325		
11.19		0.108235		
11.2		0.108146		
11.21		0.108057		
11.22		0.107967		
11.23		0.107878		
11.24		0.10779		
11.25		0.107701		
11.26		0.107612		
11.27		0.107524		
11.28		0.107436		
11.29		0.107348		
11.3		0.10726		
11.31		0.107172		
11.32		0.107085		
11.33		0.106997		
11.34		0.10691		
11.35		0.106823		
11.36		0.106736		
11.37		0.106649		
11.38		0.106562		
11.39		0.106476		
11.4		0.106389		
11.41		0.106303		
11.42		0.106217		
11.43		0.106131		
11.44		0.106046		
11.45		0.10596		
11.46		0.105875		
11.47		0.105789		
11.48		0.105704		
11.49		0.105619		
11.5		0.105534		
11.51		0.10545		
11.52		0.105365		
11.53		0.105281		
11.54		0.105196		
11.55		0.105112		
11.56		0.105028		
11.57		0.104944		
11.58		0.104861		
11.59		0.104777		
11.6		0.104694		
11.61		0.10461		
11.62		0.104527		
11.63		0.104444		
11.64		0.104361		
11.65		0.104279		
11.66		0.104196		
11.67		0.104114		
11.68		0.104032		
11.69		0.103949		
11.7		0.103867		
11.71		0.103786		
11.72		0.103704		
11.73		0.103622		
11.74		0.103541		
11.75		0.10346		
11.76		0.103378		
11.77		0.103297		
11.78		0.103217		
11.79		0.103136		
11.8		0.103055		
11.81		0.102975		
11.82		0.102894		
11.83		0.102814		
11.84		0.102734		
11.85		0.102654		
11.86		0.102574		
11.87		0.102495		
11.88		0.102415		
11.89		0.102336		
11.9		0.102257		
11.91		0.102177		
11.92		0.102098		
11.93		0.10202		
11.94		0.101941		
11.95		0.101862		
11.96		0.101784		
11.97		0.101705		
11.98		0.101627		
11.99		0.101549		
12		0.101471		
12.01		0.101393		
12.02		0.101316		
12.03		0.101238		
12.04		0.101161		
12.05		0.101083		
12.06		0.101006		
12.07		0.100929		
12.08		0.100852		
12.09		0.100775		
12.1		0.100698		
12.11		0.100622		
12.12		0.100545		
12.13		0.100469		
12.14		0.100393		
12.15		0.100317		
12.16		0.100241		
12.17		0.100165		
12.18		0.100089		
12.19		0.100014		
12.2		0.0999384		
12.21		0.0998631		
12.22		0.0997879		
12.23		0.0997128		
12.24		0.0996378		
12.25		0.099563		
12.26		0.0994883		
12.27		0.0994137		
12.28		0.0993392		
12.29		0.0992648		
12.3		0.0991906		
12.31		0.0991164		
12.32		0.0990424		
12.33		0.0989685		
12.34		0.0988948		
12.35		0.0988211		
12.36		0.0987476		
12.37		0.0986742		
12.38		0.0986009		
12.39		0.0985277		
12.4		0.0984546		
12.41		0.0983816		
12.42		0.0983088		
12.43		0.0982361		
12.44		0.0981635		
12.45		0.098091		
12.46		0.0980186		
12.47		0.0979463		
12.48		0.0978742		
12.49		0.0978021		
12.5		0.0977302		
12.51		0.0976584		
12.52		0.0975867		
12.53		0.0975151		
12.54		0.0974436		
12.55		0.0973723		
12.56		0.097301		
12.57		0.0972299		
12.58		0.0971588		
12.59		0.0970879		
12.6		0.0970171		
12.61		0.0969464		
12.62		0.0968758		
12.63		0.0968053		
12.64		0.096735		
12.65		0.0966647		
12.66		0.0965946		
12.67		0.0965245		
12.68		0.0964546		
12.69		0.0963847		
12.7		0.096315		
12.71		0.0962454		
12.72		0.0961759		
12.73		0.0961065		
12.74		0.0960372		
12.75		0.095968		
12.76		0.0958989		
12.77		0.09583		
12.78		0.0957611		
12.79		0.0956923		
12.8		0.0956237		
12.81		0.0955551		
12.82		0.0954867		
12.83		0.0954183		
12.84		0.0953501		
12.85		0.0952819		
12.86		0.0952139		
12.87		0.095146		
12.88		0.0950781		
12.89		0.0950104		
12.9		0.0949428		
12.91		0.0948753		
12.92		0.0948078		
12.93		0.0947405		
12.94		0.0946733		
12.95		0.0946062		
12.96		0.0945392		
12.97		0.0944722		
12.98		0.0944054		
12.99		0.0943387		
13		0.0942721		
13.01		0.0942056		
13.02		0.0941392		
13.03		0.0940728		
13.04		0.0940066		
13.05		0.0939405		
13.06		0.0938745		
13.07		0.0938086		
13.08		0.0937427		
13.09		0.093677		
13.1		0.0936114		
13.11		0.0935458		
13.12		0.0934804		
13.13		0.0934151		
13.14		0.0933498		
13.15		0.0932847		
13.16		0.0932196		
13.17		0.0931547		
13.18		0.0930898		
13.19		0.093025		
13.2		0.0929604		
13.21		0.0928958		
13.22		0.0928313		
13.23		0.0927669		
13.24		0.0927026		
13.25		0.0926384		
13.26		0.0925743		
13.27		0.0925103		
13.28		0.0924464		
13.29		0.0923826		
13.3		0.0923188		
13.31		0.0922552		
13.32		0.0921917		
13.33		0.0921282		
13.34		0.0920648		
13.35		0.0920016		
13.36		0.0919384		
13.37		0.0918753		
13.38		0.0918123		
13.39		0.0917494		
13.4		0.0916866		
13.41		0.0916238		
13.42		0.0915612		
13.43		0.0914987		
13.44		0.0914362		
13.45		0.0913738		
13.46		0.0913116		
13.47		0.0912494		
13.48		0.0911873		
13.49		0.0911253		
13.5		0.0910633		
13.51		0.0910015		
13.52		0.0909398		
13.53		0.0908781		
13.54		0.0908165		
13.55		0.090755		
13.56		0.0906936		
13.57		0.0906323		
13.58		0.0905711		
13.59		0.09051		
13.6		0.0904489		
13.61		0.090388		
13.62		0.0903271		
13.63		0.0902663		
13.64		0.0902056		
13.65		0.090145		
13.66		0.0900844		
13.67		0.090024		
13.68		0.0899636		
13.69		0.0899033		
13.7		0.0898431		
13.71		0.089783		
13.72		0.089723		
13.73		0.089663		
13.74		0.0896032		
13.75		0.0895434		
13.76		0.0894837		
13.77		0.0894241		
13.78		0.0893646		
13.79		0.0893051		
13.8		0.0892457		
13.81		0.0891865		
13.82		0.0891273		
13.83		0.0890681		
13.84		0.0890091		
13.85		0.0889502		
13.86		0.0888913		
13.87		0.0888325		
13.88		0.0887738		
13.89		0.0887151		
13.9		0.0886566		
13.91		0.0885981		
13.92		0.0885397		
13.93		0.0884814		
13.94		0.0884232		
13.95		0.088365		
13.96		0.088307		
13.97		0.088249		
13.98		0.0881911		
13.99		0.0881332		
14		0.0880755		
14.01		0.0880178		
14.02		0.0879602		
14.03		0.0879027		
14.04		0.0878452		
14.05		0.0877879		
14.06		0.0877306		
14.07		0.0876734		
14.08		0.0876162		
14.09		0.0875592		
14.1		0.0875022		
14.11		0.0874453		
14.12		0.0873885		
14.13		0.0873317		
14.14		0.087275		
14.15		0.0872184		
14.16		0.0871619		
14.17		0.0871055		
14.18		0.0870491		
14.19		0.0869928		
14.2		0.0869366		
14.21		0.0868804		
14.22		0.0868244		
14.23		0.0867684		
14.24		0.0867125		
14.25		0.0866566		
14.26		0.0866008		
14.27		0.0865451		
14.28		0.0864895		
14.29		0.086434		
14.3		0.0863785		
14.31		0.0863231		
14.32		0.0862677		
14.33		0.0862125		
14.34		0.0861573		
14.35		0.0861022		
14.36		0.0860471		
14.37		0.0859922		
14.38		0.0859373		
14.39		0.0858825		
14.4		0.0858277		
14.41		0.085773		
14.42		0.0857184		
14.43		0.0856639		
14.44		0.0856094		
14.45		0.085555		
14.46		0.0855007		
14.47		0.0854464		
14.48		0.0853923		
14.49		0.0853381		
14.5		0.0852841		
14.51		0.0852301		
14.52		0.0851762		
14.53		0.0851224		
14.54		0.0850686		
14.55		0.0850149		
14.56		0.0849613		
14.57		0.0849078		
14.58		0.0848543		
14.59		0.0848008		
14.6		0.0847475		
14.61		0.0846942		
14.62		0.084641		
14.63		0.0845879		
14.64		0.0845348		
14.65		0.0844818		
14.66		0.0844288		
14.67		0.084376		
14.68		0.0843232		
14.69		0.0842704		
14.7		0.0842178		
14.71		0.0841652		
14.72		0.0841126		
14.73		0.0840601		
14.74		0.0840077		
14.75		0.0839554		
14.76		0.0839031		
14.77		0.0838509		
14.78		0.0837988		
14.79		0.0837467		
14.8		0.0836947		
14.81		0.0836428		
14.82		0.0835909		
14.83		0.0835391		
14.84		0.0834874		
14.85		0.0834357		
14.86		0.0833841		
14.87		0.0833325		
14.88		0.083281		
14.89		0.0832296		
14.9		0.0831783		
14.91		0.083127		
14.92		0.0830757		
14.93		0.0830246		
14.94		0.0829735		
14.95		0.0829224		
14.96		0.0828715		
14.97		0.0828205		
14.98		0.0827697		
14.99		0.0827189		
15		0.0826682		
15.01		0.0826175		
15.02		0.0825669		
15.03		0.0825164		
15.04		0.0824659		
15.05		0.0824155		
15.06		0.0823652		
15.07		0.0823149		
15.08		0.0822647		
15.09		0.0822145		
15.1		0.0821644		
15.11		0.0821144		
15.12		0.0820644		
15.13		0.0820145		
15.14		0.0819647		
15.15		0.0819149		
15.16		0.0818651		
15.17		0.0818155		
15.18		0.0817658		
15.19		0.0817163		
15.2		0.0816668		
15.21		0.0816174		
15.22		0.081568		
15.23		0.0815187		
15.24		0.0814695		
15.25		0.0814203		
15.26		0.0813711		
15.27		0.0813221		
15.28		0.0812731		
15.29		0.0812241		
15.3		0.0811752		
15.31		0.0811264		
15.32		0.0810776		
15.33		0.0810289		
15.34		0.0809802		
15.35		0.0809316		
15.36		0.0808831		
15.37		0.0808346		
15.38		0.0807862		
15.39		0.0807378		
15.4		0.0806895		
15.41		0.0806413		
15.42		0.0805931		
15.43		0.0805449		
15.44		0.0804968		
15.45		0.0804488		
15.46		0.0804009		
15.47		0.0803529		
15.48		0.0803051		
15.49		0.0802573		
15.5		0.0802096		
15.51		0.0801619		
15.52		0.0801143		
15.53		0.0800667		
15.54		0.0800192		
15.55		0.0799717		
15.56		0.0799243		
15.57		0.079877		
15.58		0.0798297		
15.59		0.0797825		
15.6		0.0797353		
15.61		0.0796882		
15.62		0.0796411		
15.63		0.0795941		
15.64		0.0795471		
15.65		0.0795002		
15.66		0.0794534		
15.67		0.0794066		
15.68		0.0793598		
15.69		0.0793132		
15.7		0.0792665		
15.71		0.0792199		
15.72		0.0791734		
15.73		0.079127		
15.74		0.0790805		
15.75		0.0790342		
15.76		0.0789879		
15.77		0.0789416		
15.78		0.0788954		
15.79		0.0788493		
15.8		0.0788032		
15.81		0.0787572		
15.82		0.0787112		
15.83		0.0786652		
15.84		0.0786194		
15.85		0.0785735		
15.86		0.0785277		
15.87		0.078482		
15.88		0.0784364		
15.89		0.0783907		
15.9		0.0783452		
15.91		0.0782997		
15.92		0.0782542		
15.93		0.0782088		
15.94		0.0781634		
15.95		0.0781181		
15.96		0.0780729		
15.97		0.0780277		
15.98		0.0779825		
15.99		0.0779374		
16		0.0778924		
16.01		0.0778474		
16.02		0.0778024		
16.03		0.0777575		
16.04		0.0777127		
16.05		0.0776679		
16.06		0.0776231		
16.07		0.0775784		
16.08		0.0775338		
16.09		0.0774892		
16.1		0.0774446		
16.11		0.0774001		
16.12		0.0773557		
16.13		0.0773113		
16.14		0.0772669		
16.15		0.0772226		
16.16		0.0771784		
16.17		0.0771342		
16.18		0.0770901		
16.19		0.077046		
16.2		0.0770019		
16.21		0.0769579		
16.22		0.0769139		
16.23		0.07687		
16.24		0.0768262		
16.25		0.0767824		
16.26		0.0767386		
16.27		0.0766949		
16.28		0.0766513		
16.29		0.0766076		
16.3		0.0765641		
16.31		0.0765206		
16.32		0.0764771		
16.33		0.0764337		
16.34		0.0763903		
16.35		0.076347		
16.36		0.0763037		
16.37		0.0762605		
16.38		0.0762173		
16.39		0.0761741		
16.4		0.076131		
16.41		0.076088		
16.42		0.076045		
16.43		0.0760021		
16.44		0.0759592		
16.45		0.0759163		
16.46		0.0758735		
16.47		0.0758307		
16.48		0.075788		
16.49		0.0757453		
16.5		0.0757027		
16.51		0.0756601		
16.52		0.0756176		
16.53		0.0755751		
16.54		0.0755327		
16.55		0.0754903		
16.56		0.075448		
16.57		0.0754056		
16.58		0.0753634		
16.59		0.0753212		
16.6		0.075279		
16.61		0.0752369		
16.62		0.0751948		
16.63		0.0751528		
16.64		0.0751108		
16.65		0.0750689		
16.66		0.075027		
16.67		0.0749851		
16.68		0.0749433		
16.69		0.0749016		
16.7		0.0748598		
16.71		0.0748182		
16.72		0.0747765		
16.73		0.0747349		
16.74		0.0746934		
16.75		0.0746519		
16.76		0.0746105		
16.77		0.0745691		
16.78		0.0745277		
16.79		0.0744864		
16.8		0.0744451		
16.81		0.0744039		
16.82		0.0743627		
16.83		0.0743215		
16.84		0.0742804		
16.85		0.0742394		
16.86		0.0741983		
16.87		0.0741574		
16.88		0.0741164		
16.89		0.0740755		
16.9		0.0740347		
16.91		0.0739939		
16.92		0.0739531		
16.93		0.0739124		
16.94		0.0738717		
16.95		0.0738311		
16.96		0.0737905		
16.97		0.07375		
16.98		0.0737095		
16.99		0.073669		
17		0.0736286		
17.01		0.0735882		
17.02		0.0735479		
17.03		0.0735076		
17.04		0.0734673		
17.05		0.0734271		
17.06		0.0733869		
17.07		0.0733468		
17.08		0.0733067		
17.09		0.0732667		
17.1		0.0732267		
17.11		0.0731867		
17.12		0.0731468		
17.13		0.0731069		
17.14		0.073067		
17.15		0.0730272		
17.16		0.0729875		
17.17		0.0729478		
17.18		0.0729081		
17.19		0.0728684		
17.2		0.0728288		
17.21		0.0727893		
17.22		0.0727498		
17.23		0.0727103		
17.24		0.0726708		
17.25		0.0726314		
17.26		0.0725921		
17.27		0.0725528		
17.28		0.0725135		
17.29		0.0724743		
17.3		0.0724351		
17.31		0.0723959		
17.32		0.0723568		
17.33		0.0723177		
17.34		0.0722787		
17.35		0.0722397		
17.36		0.0722007		
17.37		0.0721618		
17.38		0.0721229		
17.39		0.072084		
17.4		0.0720452		
17.41		0.0720065		
17.42		0.0719677		
17.43		0.0719291		
17.44		0.0718904		
17.45		0.0718518		
17.46		0.0718132		
17.47		0.0717747		
17.48		0.0717362		
17.49		0.0716977		
17.5		0.0716593		
17.51		0.0716209		
17.52		0.0715826		
17.53		0.0715443		
17.54		0.071506		
17.55		0.0714678		
17.56		0.0714296		
17.57		0.0713914		
17.58		0.0713533		
17.59		0.0713152		
17.6		0.0712772		
17.61		0.0712392		
17.62		0.0712012		
17.63		0.0711633		
17.64		0.0711254		
17.65		0.0710875		
17.66		0.0710497		
17.67		0.071012		
17.68		0.0709742		
17.69		0.0709365		
17.7		0.0708988		
17.71		0.0708612		
17.72		0.0708236		
17.73		0.070786		
17.74		0.0707485		
17.75		0.070711		
17.76		0.0706736		
17.77		0.0706362		
17.78		0.0705988		
17.79		0.0705615		
17.8		0.0705242		
17.81		0.0704869		
17.82		0.0704497		
17.83		0.0704125		
17.84		0.0703753		
17.85		0.0703382		
17.86		0.0703011		
17.87		0.070264		
17.88		0.070227		
17.89		0.07019		
17.9		0.0701531		
17.91		0.0701162		
17.92		0.0700793		
17.93		0.0700425		
17.94		0.0700057		
17.95		0.0699689		
17.96		0.0699322		
17.97		0.0698955		
17.98		0.0698588		
17.99		0.0698222		
18		0.0697856		
18.01		0.069749		
18.02		0.0697125		
18.03		0.069676		
18.04		0.0696396		
18.05		0.0696031		
18.06		0.0695668		
18.07		0.0695304		
18.08		0.0694941		
18.09		0.0694578		
18.1		0.0694216		
18.11		0.0693853		
18.12		0.0693492		
18.13		0.069313		
18.14		0.0692769		
18.15		0.0692408		
18.16		0.0692048		
18.17		0.0691688		
18.18		0.0691328		
18.19		0.0690969		
18.2		0.069061		
18.21		0.0690251		
18.22		0.0689893		
18.23		0.0689535		
18.24		0.0689177		
18.25		0.0688819		
18.26		0.0688462		
18.27		0.0688106		
18.28		0.0687749		
18.29		0.0687393		
18.3		0.0687038		
18.31		0.0686682		
18.32		0.0686327		
18.33		0.0685972		
18.34		0.0685618		
18.35		0.0685264		
18.36		0.068491		
18.37		0.0684557		
18.38		0.0684204		
18.39		0.0683851		
18.4		0.0683499		
18.41		0.0683146		
18.42		0.0682795		
18.43		0.0682443		
18.44		0.0682092		
18.45		0.0681741		
18.46		0.0681391		
18.47		0.0681041		
18.48		0.0680691		
18.49		0.0680341		
18.5		0.0679992		
18.51		0.0679643		
18.52		0.0679295		
18.53		0.0678946		
18.54		0.0678598		
18.55		0.0678251		
18.56		0.0677904		
18.57		0.0677557		
18.58		0.067721		
18.59		0.0676864		
18.6		0.0676518		
18.61		0.0676172		
18.62		0.0675827		
18.63		0.0675482		
18.64		0.0675137		
18.65		0.0674792		
18.66		0.0674448		
18.67		0.0674104		
18.68		0.0673761		
18.69		0.0673418		
18.7		0.0673075		
18.71		0.0672732		
18.72		0.067239		
18.73		0.0672048		
18.74		0.0671706		
18.75		0.0671365		
18.76		0.0671024		
18.77		0.0670683		
18.78		0.0670343		
18.79		0.0670003		
18.8		0.0669663		
18.81		0.0669323		
18.82		0.0668984		
18.83		0.0668645		
18.84		0.0668307		
18.85		0.0667968		
18.86		0.066763		
18.87		0.0667293		
18.88		0.0666955		
18.89		0.0666618		
18.9		0.0666281		
18.91		0.0665945		
18.92		0.0665609		
18.93		0.0665273		
18.94		0.0664937		
18.95		0.0664602		
18.96		0.0664267		
18.97		0.0663933		
18.98		0.0663598		
18.99		0.0663264		
19		0.066293		
19.01		0.0662597		
19.02		0.0662264		
19.03		0.0661931		
19.04		0.0661599		
19.05		0.0661266		
19.06		0.0660934		
19.07		0.0660603		
19.08		0.0660272		
19.09		0.0659941		
19.1		0.065961		
19.11		0.0659279		
19.12		0.0658949		
19.13		0.0658619		
19.14		0.065829		
19.15		0.0657961		
19.16		0.0657632		
19.17		0.0657303		
19.18		0.0656975		
19.19		0.0656647		
19.2		0.0656319		
19.21		0.0655992		
19.22		0.0655665		
19.23		0.0655338		
19.24		0.0655011		
19.25		0.0654685		
19.26		0.0654359		
19.27		0.0654034		
19.28		0.0653708		
19.29		0.0653383		
19.3		0.0653058		
19.31		0.0652734		
19.32		0.065241		
19.33		0.0652086		
19.34		0.0651762		
19.35		0.0651439		
19.36		0.0651116		
19.37		0.0650794		
19.38		0.0650471		
19.39		0.0650149		
19.4		0.0649827		
19.41		0.0649506		
19.42		0.0649185		
19.43		0.0648864		
19.44		0.0648543		
19.45		0.0648223		
19.46		0.0647903		
19.47		0.0647583		
19.48		0.0647263		
19.49		0.0646944		
19.5		0.0646625		
19.51		0.0646307		
19.52		0.0645989		
19.53		0.0645671		
19.54		0.0645353		
19.55		0.0645035		
19.56		0.0644718		
19.57		0.0644401		
19.58		0.0644085		
19.59		0.0643769		
19.6		0.0643453		
19.61		0.0643137		
19.62		0.0642821		
19.63		0.0642506		
19.64		0.0642192		
19.65		0.0641877		
19.66		0.0641563		
19.67		0.0641249		
19.68		0.0640935		
19.69		0.0640622		
19.7		0.0640309		
19.71		0.0639996		
19.72		0.0639683		
19.73		0.0639371		
19.74		0.0639059		
19.75		0.0638747		
19.76		0.0638436		
19.77		0.0638125		
19.78		0.0637814		
19.79		0.0637503		
19.8		0.0637193		
19.81		0.0636883		
19.82		0.0636573		
19.83		0.0636264		
19.84		0.0635955		
19.85		0.0635646		
19.86		0.0635337		
19.87		0.0635029		
19.88		0.0634721		
19.89		0.0634413		
19.9		0.0634105		
19.91		0.0633798		
19.92		0.0633491		
19.93		0.0633185		
19.94		0.0632878		
19.95		0.0632572		
19.96		0.0632266		
19.97		0.0631961		
19.98		0.0631655		
19.99		0.063135		
20		0.0631046		
20.01		0.0630741		
20.02		0.0630437		
20.03		0.0630133		
20.04		0.062983		
20.05		0.0629526		
20.06		0.0629223		
20.07		0.062892		
20.08		0.0628618		
20.09		0.0628316		
20.1		0.0628014		
20.11		0.0627712		
20.12		0.062741		
20.13		0.0627109		
20.14		0.0626808		
20.15		0.0626508		
20.16		0.0626207		
20.17		0.0625907		
20.18		0.0625608		
20.19		0.0625308		
20.2		0.0625009		
20.21		0.062471		
20.22		0.0624411		
20.23		0.0624112		
20.24		0.0623814		
20.25		0.0623516		
20.26		0.0623219		
20.27		0.0622921		
20.28		0.0622624		
20.29		0.0622327		
20.3		0.0622031		
20.31		0.0621734		
20.32		0.0621438		
20.33		0.0621142		
20.34		0.0620847		
20.35		0.0620552		
20.36		0.0620257		
20.37		0.0619962		
20.38		0.0619667		
20.39		0.0619373		
20.4		0.0619079		
20.41		0.0618786		
20.42		0.0618492		
20.43		0.0618199		
20.44		0.0617906		
20.45		0.0617613		
20.46		0.0617321		
20.47		0.0617029		
20.48		0.0616737		
20.49		0.0616445		
20.5		0.0616154		
20.51		0.0615863		
20.52		0.0615572		
20.53		0.0615281		
20.54		0.0614991		
20.55		0.0614701		
20.56		0.0614411		
20.57		0.0614122		
20.58		0.0613832		
20.59		0.0613543		
20.6		0.0613255		
20.61		0.0612966		
20.62		0.0612678		
20.63		0.061239		
20.64		0.0612102		
20.65		0.0611815		
20.66		0.0611527		
20.67		0.061124		
20.68		0.0610954		
20.69		0.0610667		
20.7		0.0610381		
20.71		0.0610095		
20.72		0.0609809		
20.73		0.0609524		
20.74		0.0609239		
20.75		0.0608954		
20.76		0.0608669		
20.77		0.0608384		
20.78		0.06081		
20.79		0.0607816		
20.8		0.0607533		
20.81		0.0607249		
20.82		0.0606966		
20.83		0.0606683		
20.84		0.06064		
20.85		0.0606118		
20.86		0.0605836		
20.87		0.0605554		
20.88		0.0605272		
20.89		0.060499		
20.9		0.0604709		
20.91		0.0604428		
20.92		0.0604148		
20.93		0.0603867		
20.94		0.0603587		
20.95		0.0603307		
20.96		0.0603027		
20.97		0.0602748		
20.98		0.0602468		
20.99		0.0602189		
21		0.0601911		
21.01		0.0601632		
21.02		0.0601354		
21.03		0.0601076		
21.04		0.0600798		
21.05		0.060052		
21.06		0.0600243		
21.07		0.0599966		
21.08		0.0599689		
21.09		0.0599413		
21.1		0.0599136		
21.11		0.059886		
21.12		0.0598584		
21.13		0.0598309		
21.14		0.0598033		
21.15		0.0597758		
21.16		0.0597483		
21.17		0.0597208		
21.18		0.0596934		
21.19		0.059666		
21.2		0.0596386		
21.21		0.0596112		
21.22		0.0595839		
21.23		0.0595565		
21.24		0.0595292		
21.25		0.059502		
21.26		0.0594747		
21.27		0.0594475		
21.28		0.0594203		
21.29		0.0593931		
21.3		0.0593659		
21.31		0.0593388		
21.32		0.0593117		
21.33		0.0592846		
21.34		0.0592575		
21.35		0.0592305		
21.36		0.0592035		
21.37		0.0591765		
21.38		0.0591495		
21.39		0.0591226		
21.4		0.0590956		
21.41		0.0590687		
21.42		0.0590419		
21.43		0.059015		
21.44		0.0589882		
21.45		0.0589614		
21.46		0.0589346		
21.47		0.0589078		
21.48		0.0588811		
21.49		0.0588544		
21.5		0.0588277		
21.51		0.058801		
21.52		0.0587743		
21.53		0.0587477		
21.54		0.0587211		
21.55		0.0586945		
21.56		0.058668		
21.57		0.0586414		
21.58		0.0586149		
21.59		0.0585884		
21.6		0.058562		
21.61		0.0585355		
21.62		0.0585091		
21.63		0.0584827		
21.64		0.0584563		
21.65		0.05843		
21.66		0.0584037		
21.67		0.0583773		
21.68		0.0583511		
21.69		0.0583248		
21.7		0.0582986		
21.71		0.0582723		
21.72		0.0582461		
21.73		0.05822		
21.74		0.0581938		
21.75		0.0581677		
21.76		0.0581416		
21.77		0.0581155		
21.78		0.0580894		
21.79		0.0580634		
21.8		0.0580374		
21.81		0.0580114		
21.82		0.0579854		
21.83		0.0579594		
21.84		0.0579335		
21.85		0.0579076		
21.86		0.0578817		
21.87		0.0578558		
21.88		0.05783		
21.89		0.0578042		
21.9		0.0577784		
21.91		0.0577526		
21.92		0.0577268		
21.93		0.0577011		
21.94		0.0576754		
21.95		0.0576497		
21.96		0.057624		
21.97		0.0575984		
21.98		0.0575728		
21.99		0.0575472		
22		0.0575216		
22.01		0.057496		
22.02		0.0574705		
22.03		0.057445		
22.04		0.0574195		
22.05		0.057394		
22.06		0.0573685		
22.07		0.0573431		
22.08		0.0573177		
22.09		0.0572923		
22.1		0.0572669		
22.11		0.0572416		
22.12		0.0572163		
22.13		0.0571909		
22.14		0.0571657		
22.15		0.0571404		
22.16		0.0571152		
22.17		0.0570899		
22.18		0.0570647		
22.19		0.0570396		
22.2		0.0570144		
22.21		0.0569893		
22.22		0.0569642		
22.23		0.0569391		
22.24		0.056914		
22.25		0.0568889		
22.26		0.0568639		
22.27		0.0568389		
22.28		0.0568139		
22.29		0.0567889		
22.3		0.056764		
22.31		0.0567391		
22.32		0.0567142		
22.33		0.0566893		
22.34		0.0566644		
22.35		0.0566396		
22.36		0.0566147		
22.37		0.0565899		
22.38		0.0565652		
22.39		0.0565404		
22.4		0.0565156		
22.41		0.0564909		
22.42		0.0564662		
22.43		0.0564415		
22.44		0.0564169		
22.45		0.0563922		
22.46		0.0563676		
22.47		0.056343		
22.48		0.0563185		
22.49		0.0562939		
22.5		0.0562694		
22.51		0.0562448		
22.52		0.0562203		
22.53		0.0561959		
22.54		0.0561714		
22.55		0.056147		
22.56		0.0561226		
22.57		0.0560982		
22.58		0.0560738		
22.59		0.0560494		
22.6		0.0560251		
22.61		0.0560008		
22.62		0.0559765		
22.63		0.0559522		
22.64		0.055928		
22.65		0.0559037		
22.66		0.0558795		
22.67		0.0558553		
22.68		0.0558311		
22.69		0.055807		
22.7		0.0557828		
22.71		0.0557587		
22.72		0.0557346		
22.73		0.0557106		
22.74		0.0556865		
22.75		0.0556625		
22.76		0.0556384		
22.77		0.0556144		
22.78		0.0555905		
22.79		0.0555665		
22.8		0.0555426		
22.81		0.0555186		
22.82		0.0554947		
22.83		0.0554709		
22.84		0.055447		
22.85		0.0554232		
22.86		0.0553993		
22.87		0.0553755		
22.88		0.0553518		
22.89		0.055328		
22.9		0.0553042		
22.91		0.0552805		
22.92		0.0552568		
22.93		0.0552331		
22.94		0.0552095		
22.95		0.0551858		
22.96		0.0551622		
22.97		0.0551386		
22.98		0.055115		
22.99		0.0550914		
23		0.0550679		
23.01		0.0550443		
23.02		0.0550208		
23.03		0.0549973		
23.04		0.0549738		
23.05		0.0549504		
23.06		0.0549269		
23.07		0.0549035		
23.08		0.0548801		
23.09		0.0548567		
23.1		0.0548334		
23.11		0.05481		
23.12		0.0547867		
23.13		0.0547634		
23.14		0.0547401		
23.15		0.0547169		
23.16		0.0546936		
23.17		0.0546704		
23.18		0.0546472		
23.19		0.054624		
23.2		0.0546008		
23.21		0.0545776		
23.22		0.0545545		
23.23		0.0545314		
23.24		0.0545083		
23.25		0.0544852		
23.26		0.0544621		
23.27		0.0544391		
23.28		0.0544161		
23.29		0.0543931		
23.3		0.0543701		
23.31		0.0543471		
23.32		0.0543242		
23.33		0.0543012		
23.34		0.0542783		
23.35		0.0542554		
23.36		0.0542325		
23.37		0.0542097		
23.38		0.0541868		
23.39		0.054164		
23.4		0.0541412		
23.41		0.0541184		
23.42		0.0540957		
23.43		0.0540729		
23.44		0.0540502		
23.45		0.0540275		
23.46		0.0540048		
23.47		0.0539821		
23.48		0.0539594		
23.49		0.0539368		
23.5		0.0539142		
23.51		0.0538916		
23.52		0.053869		
23.53		0.0538464		
23.54		0.0538238		
23.55		0.0538013		
23.56		0.0537788		
23.57		0.0537563		
23.58		0.0537338		
23.59		0.0537114		
23.6		0.0536889		
23.61		0.0536665		
23.62		0.0536441		
23.63		0.0536217		
23.64		0.0535993		
23.65		0.053577		
23.66		0.0535546		
23.67		0.0535323		
23.68		0.05351		
23.69		0.0534877		
23.7		0.0534655		
23.71		0.0534432		
23.72		0.053421		
23.73		0.0533988		
23.74		0.0533766		
23.75		0.0533544		
23.76		0.0533322		
23.77		0.0533101		
23.78		0.053288		
23.79		0.0532658		
23.8		0.0532438		
23.81		0.0532217		
23.82		0.0531996		
23.83		0.0531776		
23.84		0.0531556		
23.85		0.0531336		
23.86		0.0531116		
23.87		0.0530896		
23.88		0.0530677		
23.89		0.0530457		
23.9		0.0530238		
23.91		0.0530019		
23.92		0.05298		
23.93		0.0529582		
23.94		0.0529363		
23.95		0.0529145		
23.96		0.0528927		
23.97		0.0528709		
23.98		0.0528491		
23.99		0.0528273		
24		0.0528056		
24.01		0.0527838		
24.02		0.0527621		
24.03		0.0527404		
24.04		0.0527188		
24.05		0.0526971		
24.06		0.0526755		
24.07		0.0526538		
24.08		0.0526322		
24.09		0.0526106		
24.1		0.052589		
24.11		0.0525675		
24.12		0.0525459		
24.13		0.0525244		
24.14		0.0525029		
24.15		0.0524814		
24.16		0.0524599		
24.17		0.0524385		
24.18		0.052417		
24.19		0.0523956		
24.2		0.0523742		
24.21		0.0523528		
24.22		0.0523314		
24.23		0.0523101		
24.24		0.0522887		
24.25		0.0522674		
24.26		0.0522461		
24.27		0.0522248		
24.28		0.0522035		
24.29		0.0521823		
24.3		0.052161		
24.31		0.0521398		
24.32		0.0521186		
24.33		0.0520974		
24.34		0.0520762		
24.35		0.0520551		
24.36		0.0520339		
24.37		0.0520128		
24.38		0.0519917		
24.39		0.0519706		
24.4		0.0519495		
24.41		0.0519284		
24.42		0.0519074		
24.43		0.0518864		
24.44		0.0518653		
24.45		0.0518444		
24.46		0.0518234		
24.47		0.0518024		
24.48		0.0517815		
24.49		0.0517605		
24.5		0.0517396		
24.51		0.0517187		
24.52		0.0516978		
24.53		0.051677		
24.54		0.0516561		
24.55		0.0516353		
24.56		0.0516144		
24.57		0.0515936		
24.58		0.0515729		
24.59		0.0515521		
24.6		0.0515313		
24.61		0.0515106		
24.62		0.0514899		
24.63		0.0514692		
24.64		0.0514485		
24.65		0.0514278		
24.66		0.0514071		
24.67		0.0513865		
24.68		0.0513659		
24.69		0.0513453		
24.7		0.0513247		
24.71		0.0513041		
24.72		0.0512836		
24.73		0.051263		
24.74		0.0512425		
24.75		0.051222		
24.76		0.0512015		
24.77		0.0511811		
24.78		0.0511607		
24.79		0.0511403		
24.8		0.0511199		
24.81		0.0510995		
24.82		0.0510791		
24.83		0.0510588		
24.84		0.0510385		
24.85		0.0510182		
24.86		0.0509979		
24.87		0.0509777		
24.88		0.0509575		
24.89		0.0509373		
24.9		0.0509171		
24.91		0.050897		
24.92		0.0508768		
24.93		0.0508567		
24.94		0.0508366		
24.95		0.0508166		
24.96		0.0507965		
24.97		0.0507765		
24.98		0.0507565		
24.99		0.0507366		
25		0.0507166		
25.01		0.0506967		
25.02		0.0506768		
25.03		0.0506569		
25.04		0.0506371		
25.05		0.0506172		
25.06		0.0505974		
25.07		0.0505777		
25.08		0.0505579		
25.09		0.0505382		
25.1		0.0505185		
25.11		0.0504988		
25.12		0.0504792		
25.13		0.0504595		
25.14		0.0504399		
25.15		0.0504204		
25.16		0.0504008		
25.17		0.0503813		
25.18		0.0503618		
25.19		0.0503423		
25.2		0.0503229		
25.21		0.0503034		
25.22		0.050284		
25.23		0.0502647		
25.24		0.0502453		
25.25		0.050226		
25.26		0.0502067		
25.27		0.0501874		
25.28		0.0501682		
25.29		0.050149		
25.3		0.0501298		
25.31		0.0501106		
25.32		0.0500915		
25.33		0.0500724		
25.34		0.0500533		
25.35		0.0500342		
25.36		0.0500152		
25.37		0.0499962		
25.38		0.0499772		
25.39		0.0499582		
25.4		0.0499393		
25.41		0.0499204		
25.42		0.0499015		
25.43		0.0498827		
25.44		0.0498638		
25.45		0.049845		
25.46		0.0498262		
25.47		0.0498075		
25.48		0.0497888		
25.49		0.0497701		
25.5		0.0497514		
25.51		0.0497328		
25.52		0.0497141		
25.53		0.0496955		
25.54		0.049677		
25.55		0.0496584		
25.56		0.0496399		
25.57		0.0496214		
25.58		0.049603		
25.59		0.0495845		
25.6		0.0495661		
25.61		0.0495477		
25.62		0.0495294		
25.63		0.049511		
25.64		0.0494927		
25.65		0.0494744		
25.66		0.0494562		
25.67		0.049438		
25.68		0.0494197		
25.69		0.0494016		
25.7		0.0493834		
25.71		0.0493653		
25.72		0.0493472		
25.73		0.0493291		
25.74		0.049311		
25.75		0.049293		
25.76		0.049275		
25.77		0.049257		
25.78		0.0492391		
25.79		0.0492212		
25.8		0.0492033		
25.81		0.0491854		
25.82		0.0491675		
25.83		0.0491497		
25.84		0.0491319		
25.85		0.0491141		
25.86		0.0490964		
25.87		0.0490786		
25.88		0.0490609		
25.89		0.0490433		
25.9		0.0490256		
25.91		0.049008		
25.92		0.0489904		
25.93		0.0489728		
25.94		0.0489553		
25.95		0.0489377		
25.96		0.0489202		
25.97		0.0489027		
25.98		0.0488853		
25.99		0.0488679		
26		0.0488504		
26.01		0.0488331		
26.02		0.0488157		
26.03		0.0487984		
26.04		0.0487811		
26.05		0.0487638		
26.06		0.0487465		
26.07		0.0487293		
26.08		0.0487121		
26.09		0.0486949		
26.1		0.0486777		
26.11		0.0486606		
26.12		0.0486434		
26.13		0.0486264		
26.14		0.0486093		
26.15		0.0485922		
26.16		0.0485752		
26.17		0.0485582		
26.18		0.0485412		
26.19		0.0485243		
26.2		0.0485074		
26.21		0.0484904		
26.22		0.0484736		
26.23		0.0484567		
26.24		0.0484399		
26.25		0.0484231		
26.26		0.0484063		
26.27		0.0483895		
26.28		0.0483728		
26.29		0.048356		
26.3		0.0483393		
26.31		0.0483227		
26.32		0.048306		
26.33		0.0482894		
26.34		0.0482728		
26.35		0.0482562		
26.36		0.0482396		
26.37		0.0482231		
26.38		0.0482066		
26.39		0.0481901		
26.4		0.0481736		
26.41		0.0481572		
26.42		0.0481407		
26.43		0.0481243		
26.44		0.0481079		
26.45		0.0480916		
26.46		0.0480753		
26.47		0.0480589		
26.48		0.0480426		
26.49		0.0480264		
26.5		0.0480101		
26.51		0.0479939		
26.52		0.0479777		
26.53		0.0479615		
26.54		0.0479453		
26.55		0.0479292		
26.56		0.0479131		
26.57		0.047897		
26.58		0.0478809		
26.59		0.0478649		
26.6		0.0478488		
26.61		0.0478328		
26.62		0.0478168		
26.63		0.0478009		
26.64		0.0477849		
26.65		0.047769		
26.66		0.0477531		
26.67		0.0477372		
26.68		0.0477213		
26.69		0.0477055		
26.7		0.0476897		
26.71		0.0476739		
26.72		0.0476581		
26.73		0.0476424		
26.74		0.0476266		
26.75		0.0476109		
26.76		0.0475952		
26.77		0.0475795		
26.78		0.0475639		
26.79		0.0475483		
26.8		0.0475326		
26.81		0.0475171		
26.82		0.0475015		
26.83		0.0474859		
26.84		0.0474704		
26.85		0.0474549		
26.86		0.0474394		
26.87		0.0474239		
26.88		0.0474085		
26.89		0.0473931		
26.9		0.0473777		
26.91		0.0473623		
26.92		0.0473469		
26.93		0.0473316		
26.94		0.0473162		
26.95		0.0473009		
26.96		0.0472856		
26.97		0.0472704		
26.98		0.0472551		
26.99		0.0472399		
27		0.0472247		
27.01		0.0472095		
27.02		0.0471943		
27.03		0.0471792		
27.04		0.047164		
27.05		0.0471489		
27.06		0.0471338		
27.07		0.0471188		
27.08		0.0471037		
27.09		0.0470887		
27.1		0.0470737		
27.11		0.0470587		
27.12		0.0470437		
27.13		0.0470288		
27.14		0.0470138		
27.15		0.0469989		
27.16		0.046984		
27.17		0.0469691		
27.18		0.0469543		
27.19		0.0469394		
27.2		0.0469246		
27.21		0.0469098		
27.22		0.046895		
27.23		0.0468803		
27.24		0.0468655		
27.25		0.0468508		
27.26		0.0468361		
27.27		0.0468214		
27.28		0.0468067		
27.29		0.0467921		
27.3		0.0467774		
27.31		0.0467628		
27.32		0.0467482		
27.33		0.0467336		
27.34		0.0467191		
27.35		0.0467045		
27.36		0.04669		
27.37		0.0466755		
27.38		0.046661		
27.39		0.0466465		
27.4		0.0466321		
27.41		0.0466176		
27.42		0.0466032		
27.43		0.0465888		
27.44		0.0465744		
27.45		0.0465601		
27.46		0.0465457		
27.47		0.0465314		
27.48		0.0465171		
27.49		0.0465028		
27.5		0.0464885		
27.51		0.0464743		
27.52		0.04646		
27.53		0.0464458		
27.54		0.0464316		
27.55		0.0464174		
27.56		0.0464033		
27.57		0.0463891		
27.58		0.046375		
27.59		0.0463609		
27.6		0.0463468		
27.61		0.0463327		
27.62		0.0463186		
27.63		0.0463046		
27.64		0.0462905		
27.65		0.0462765		
27.66		0.0462625		
27.67		0.0462485		
27.68		0.0462346		
27.69		0.0462206		
27.7		0.0462067		
27.71		0.0461928		
27.72		0.0461789		
27.73		0.046165		
27.74		0.0461512		
27.75		0.0461373		
27.76		0.0461235		
27.77		0.0461097		
27.78		0.0460959		
27.79		0.0460821		
27.8		0.0460683		
27.81		0.0460546		
27.82		0.0460408		
27.83		0.0460271		
27.84		0.0460134		
27.85		0.0459998		
27.86		0.0459861		
27.87		0.0459724		
27.88		0.0459588		
27.89		0.0459452		
27.9		0.0459316		
27.91		0.045918		
27.92		0.0459044		
27.93		0.0458909		
27.94		0.0458773		
27.95		0.0458638		
27.96		0.0458503		
27.97		0.0458368		
27.98		0.0458234		
27.99		0.0458099		
28		0.0457965		
28.01		0.045783		
28.02		0.0457696		
28.03		0.0457562		
28.04		0.0457428		
28.05		0.0457295		
28.06		0.0457161		
28.07		0.0457028		
28.08		0.0456895		
28.09		0.0456762		
28.1		0.0456629		
28.11		0.0456496		
28.12		0.0456363		
28.13		0.0456231		
28.14		0.0456099		
28.15		0.0455967		
28.16		0.0455835		
28.17		0.0455703		
28.18		0.0455571		
28.19		0.045544		
28.2		0.0455308		
28.21		0.0455177		
28.22		0.0455046		
28.23		0.0454915		
28.24		0.0454784		
28.25		0.0454654		
28.26		0.0454523		
28.27		0.0454393		
28.28		0.0454263		
28.29		0.0454132		
28.3		0.0454003		
28.31		0.0453873		
28.32		0.0453743		
28.33		0.0453614		
28.34		0.0453484		
28.35		0.0453355		
28.36		0.0453226		
28.37		0.0453097		
28.38		0.0452968		
28.39		0.045284		
28.4		0.0452711		
28.41		0.0452583		
28.42		0.0452455		
28.43		0.0452327		
28.44		0.0452199		
28.45		0.0452071		
28.46		0.0451943		
28.47		0.0451816		
28.48		0.0451688		
28.49		0.0451561		
28.5		0.0451434		
28.51		0.0451307		
28.52		0.045118		
28.53		0.0451053		
28.54		0.0450927		
28.55		0.04508		
28.56		0.0450674		
28.57		0.0450548		
28.58		0.0450422		
28.59		0.0450296		
28.6		0.045017		
28.61		0.0450045		
28.62		0.0449919		
28.63		0.0449794		
28.64		0.0449668		
28.65		0.0449543		
28.66		0.0449418		
28.67		0.0449294		
28.68		0.0449169		
28.69		0.0449044		
28.7		0.044892		
28.71		0.0448795		
28.72		0.0448671		
28.73		0.0448547		
28.74		0.0448423		
28.75		0.0448299		
28.76		0.0448176		
28.77		0.0448052		
28.78		0.0447929		
28.79		0.0447805		
28.8		0.0447682		
28.81		0.0447559		
28.82		0.0447436		
28.83		0.0447313		
28.84		0.0447191		
28.85		0.0447068		
28.86		0.0446945		
28.87		0.0446823		
28.88		0.0446701		
28.89		0.0446579		
28.9		0.0446457		
28.91		0.0446335		
28.92		0.0446213		
28.93		0.0446092		
28.94		0.044597		
28.95		0.0445849		
28.96		0.0445728		
28.97		0.0445606		
28.98		0.0445485		
28.99		0.0445364		
29		0.0445244		
29.01		0.0445123		
29.02		0.0445002		
29.03		0.0444882		
29.04		0.0444762		
29.05		0.0444641		
29.06		0.0444521		
29.07		0.0444401		
29.08		0.0444281		
29.09		0.0444162		
29.1		0.0444042		
29.11		0.0443923		
29.12		0.0443803		
29.13		0.0443684		
29.14		0.0443565		
29.15		0.0443446		
29.16		0.0443327		
29.17		0.0443208		
29.18		0.0443089		
29.19		0.044297		
29.2		0.0442852		
29.21		0.0442733		
29.22		0.0442615		
29.23		0.0442497		
29.24		0.0442379		
29.25		0.0442261		
29.26		0.0442143		
29.27		0.0442025		
29.28		0.0441907		
29.29		0.044179		
29.3		0.0441672		
29.31		0.0441555		
29.32		0.0441438		
29.33		0.044132		
29.34		0.0441203		
29.35		0.0441086		
29.36		0.044097		
29.37		0.0440853		
29.38		0.0440736		
29.39		0.044062		
29.4		0.0440503		
29.41		0.0440387		
29.42		0.0440271		
29.43		0.0440155		
29.44		0.0440038		
29.45		0.0439923		
29.46		0.0439807		
29.47		0.0439691		
29.48		0.0439575		
29.49		0.043946		
29.5		0.0439344		
29.51		0.0439229		
29.52		0.0439114		
29.53		0.0438999		
29.54		0.0438884		
29.55		0.0438769		
29.56		0.0438654		
29.57		0.0438539		
29.58		0.0438424		
29.59		0.043831		
29.6		0.0438195		
29.61		0.0438081		
29.62		0.0437966		
29.63		0.0437852		
29.64		0.0437738		
29.65		0.0437624		
29.66		0.043751		
29.67		0.0437396		
29.68		0.0437283		
29.69		0.0437169		
29.7		0.0437055		
29.71		0.0436942		
29.72		0.0436828		
29.73		0.0436715		
29.74		0.0436602		
29.75		0.0436489		
29.76		0.0436376		
29.77		0.0436263		
29.78		0.043615		
29.79		0.0436037		
29.8		0.0435924		
29.81		0.0435812		
29.82		0.0435699		
29.83		0.0435587		
29.84		0.0435474		
29.85		0.0435362		
29.86		0.043525		
29.87		0.0435138		
29.88		0.0435026		
29.89		0.0434914		
29.9		0.0434802		
29.91		0.043469		
29.92		0.0434579		
29.93		0.0434467		
29.94		0.0434355		
29.95		0.0434244		
29.96		0.0434133		
29.97		0.0434021		
29.98		0.043391		
29.99		0.0433799		
30		0.0433688		
