tau [fm]		R_pi^-1
0.25		1.28533
0.26		1.28541		
0.27		1.28481		
0.28		1.28362		
0.29		1.28189		
0.3		1.2797		
0.31		1.27709		
0.32		1.27411		
0.33		1.27079		
0.34		1.26718		
0.35		1.26331		
0.36		1.2592		
0.37		1.25489		
0.38		1.25038		
0.39		1.24571		
0.4		1.2409		
0.41		1.23595		
0.42		1.23088		
0.43		1.22571		
0.44		1.22045		
0.45		1.21511		
0.46		1.2097		
0.47		1.20423		
0.48		1.19871		
0.49		1.19314		
0.5		1.18754		
0.51		1.1819		
0.52		1.17624		
0.53		1.17056		
0.54		1.16486		
0.55		1.15915		
0.56		1.15344		
0.57		1.14772		
0.58		1.142		
0.59		1.13629		
0.6		1.13058		
0.61		1.12488		
0.62		1.11919		
0.63		1.11351		
0.64		1.10785		
0.65		1.10221		
0.66		1.09658		
0.67		1.09097		
0.68		1.08538		
0.69		1.07982		
0.7		1.07427		
0.71		1.06875		
0.72		1.06326		
0.73		1.05779		
0.74		1.05235		
0.75		1.04693		
0.76		1.04154		
0.77		1.03618		
0.78		1.03085		
0.79		1.02554		
0.8		1.02027		
0.81		1.01502		
0.82		1.0098		
0.83		1.00461		
0.84		0.999453		
0.85		0.994323		
0.86		0.989224		
0.87		0.984154		
0.88		0.979115		
0.89		0.974105		
0.9		0.969125		
0.91		0.964175		
0.92		0.959256		
0.93		0.954366		
0.94		0.949506		
0.95		0.944676		
0.96		0.939875		
0.97		0.935104		
0.98		0.930363		
0.99		0.925651		
1		0.920969		
1.01		0.916316		
1.02		0.911692		
1.03		0.907097		
1.04		0.902531		
1.05		0.897994		
1.06		0.893485		
1.07		0.889005		
1.08		0.884554		
1.09		0.88013		
1.1		0.875735		
1.11		0.871367		
1.12		0.867028		
1.13		0.862716		
1.14		0.858431		
1.15		0.854174		
1.16		0.849944		
1.17		0.845741		
1.18		0.841565		
1.19		0.837416		
1.2		0.833293		
1.21		0.829197		
1.22		0.825127		
1.23		0.821083		
1.24		0.817065		
1.25		0.813073		
1.26		0.809107		
1.27		0.805166		
1.28		0.801251		
1.29		0.79736		
1.3		0.793495		
1.31		0.789655		
1.32		0.785839		
1.33		0.782048		
1.34		0.778282		
1.35		0.77454		
1.36		0.770822		
1.37		0.767128		
1.38		0.763458		
1.39		0.759811		
1.4		0.756188		
1.41		0.752589		
1.42		0.749012		
1.43		0.745459		
1.44		0.741929		
1.45		0.738422		
1.46		0.734937		
1.47		0.731475		
1.48		0.728035		
1.49		0.724618		
1.5		0.721222		
1.51		0.717849		
1.52		0.714497		
1.53		0.711168		
1.54		0.707859		
1.55		0.704572		
1.56		0.701307		
1.57		0.698062		
1.58		0.694838		
1.59		0.691636		
1.6		0.688454		
1.61		0.685292		
1.62		0.682151		
1.63		0.679031		
1.64		0.67593		
1.65		0.67285		
1.66		0.669789		
1.67		0.666748		
1.68		0.663727		
1.69		0.660726		
1.7		0.657743		
1.71		0.65478		
1.72		0.651837		
1.73		0.648912		
1.74		0.646006		
1.75		0.643119		
1.76		0.64025		
1.77		0.6374		
1.78		0.634569		
1.79		0.631755		
1.8		0.62896		
1.81		0.626183		
1.82		0.623423		
1.83		0.620682		
1.84		0.617958		
1.85		0.615251		
1.86		0.612562		
1.87		0.609891		
1.88		0.607236		
1.89		0.604599		
1.9		0.601978		
1.91		0.599374		
1.92		0.596787		
1.93		0.594217		
1.94		0.591663		
1.95		0.589126		
1.96		0.586604		
1.97		0.584099		
1.98		0.58161		
1.99		0.579137		
2		0.57668		
2.01		0.574238		
2.02		0.571812		
2.03		0.569401		
2.04		0.567006		
2.05		0.564626		
2.06		0.562262		
2.07		0.559912		
2.08		0.557578		
2.09		0.555258		
2.1		0.552953		
2.11		0.550662		
2.12		0.548387		
2.13		0.546125		
2.14		0.543878		
2.15		0.541645		
2.16		0.539427		
2.17		0.537222		
2.18		0.535032		
2.19		0.532855		
2.2		0.530692		
2.21		0.528543		
2.22		0.526407		
2.23		0.524285		
2.24		0.522176		
2.25		0.52008		
2.26		0.517998		
2.27		0.515929		
2.28		0.513872		
2.29		0.511829		
2.3		0.509798		
2.31		0.507781		
2.32		0.505776		
2.33		0.503783		
2.34		0.501803		
2.35		0.499835		
2.36		0.49788		
2.37		0.495937		
2.38		0.494005		
2.39		0.492086		
2.4		0.490179		
2.41		0.488284		
2.42		0.486401		
2.43		0.484529		
2.44		0.482669		
2.45		0.48082		
2.46		0.478983		
2.47		0.477157		
2.48		0.475343		
2.49		0.47354		
2.5		0.471748		
2.51		0.469967		
2.52		0.468196		
2.53		0.466437		
2.54		0.464689		
2.55		0.462951		
2.56		0.461224		
2.57		0.459508		
2.58		0.457802		
2.59		0.456107		
2.6		0.454422		
2.61		0.452747		
2.62		0.451083		
2.63		0.449428		
2.64		0.447784		
2.65		0.44615		
2.66		0.444526		
2.67		0.442911		
2.68		0.441307		
2.69		0.439712		
2.7		0.438127		
2.71		0.436551		
2.72		0.434985		
2.73		0.433428		
2.74		0.431881		
2.75		0.430343		
2.76		0.428814		
2.77		0.427294		
2.78		0.425784		
2.79		0.424283		
2.8		0.42279		
2.81		0.421307		
2.82		0.419832		
2.83		0.418367		
2.84		0.41691		
2.85		0.415461		
2.86		0.414021		
2.87		0.41259		
2.88		0.411168		
2.89		0.409753		
2.9		0.408347		
2.91		0.40695		
2.92		0.405561		
2.93		0.40418		
2.94		0.402807		
2.95		0.401442		
2.96		0.400085		
2.97		0.398736		
2.98		0.397395		
2.99		0.396062		
3		0.394737		
3.01		0.393419		
3.02		0.392109		
3.03		0.390807		
3.04		0.389512		
3.05		0.388225		
3.06		0.386945		
3.07		0.385673		
3.08		0.384408		
3.09		0.383151		
3.1		0.3819		
3.11		0.380657		
3.12		0.379421		
3.13		0.378193		
3.14		0.376971		
3.15		0.375756		
3.16		0.374548		
3.17		0.373347		
3.18		0.372153		
3.19		0.370966		
3.2		0.369786		
3.21		0.368612		
3.22		0.367445		
3.23		0.366285		
3.24		0.365131		
3.25		0.363984		
3.26		0.362843		
3.27		0.361708		
3.28		0.360581		
3.29		0.359459		
3.3		0.358344		
3.31		0.357235		
3.32		0.356132		
3.33		0.355035		
3.34		0.353945		
3.35		0.35286		
3.36		0.351782		
3.37		0.35071		
3.38		0.349643		
3.39		0.348583		
3.4		0.347528		
3.41		0.346479		
3.42		0.345436		
3.43		0.344399		
3.44		0.343368		
3.45		0.342342		
3.46		0.341322		
3.47		0.340307		
3.48		0.339298		
3.49		0.338295		
3.5		0.337297		
3.51		0.336304		
3.52		0.335317		
3.53		0.334335		
3.54		0.333359		
3.55		0.332387		
3.56		0.331422		
3.57		0.330461		
3.58		0.329505		
3.59		0.328555		
3.6		0.32761		
3.61		0.32667		
3.62		0.325735		
3.63		0.324804		
3.64		0.323879		
3.65		0.322959		
3.66		0.322044		
3.67		0.321133		
3.68		0.320228		
3.69		0.319327		
3.7		0.318431		
3.71		0.31754		
3.72		0.316653		
3.73		0.315772		
3.74		0.314894		
3.75		0.314022		
3.76		0.313154		
3.77		0.31229		
3.78		0.311431		
3.79		0.310577		
3.8		0.309727		
3.81		0.308881		
3.82		0.30804		
3.83		0.307203		
3.84		0.306371		
3.85		0.305543		
3.86		0.304719		
3.87		0.303899		
3.88		0.303084		
3.89		0.302273		
3.9		0.301466		
3.91		0.300663		
3.92		0.299864		
3.93		0.299069		
3.94		0.298278		
3.95		0.297492		
3.96		0.296709		
3.97		0.29593		
3.98		0.295156		
3.99		0.294385		
4		0.293618		
4.01		0.292855		
4.02		0.292096		
4.03		0.29134		
4.04		0.290589		
4.05		0.289841		
4.06		0.289097		
4.07		0.288356		
4.08		0.28762		
4.09		0.286887		
4.1		0.286157		
4.11		0.285432		
4.12		0.284709		
4.13		0.283991		
4.14		0.283276		
4.15		0.282564		
4.16		0.281856		
4.17		0.281152		
4.18		0.28045		
4.19		0.279753		
4.2		0.279059		
4.21		0.278368		
4.22		0.27768		
4.23		0.276996		
4.24		0.276315		
4.25		0.275638		
4.26		0.274963		
4.27		0.274292		
4.28		0.273624		
4.29		0.27296		
4.3		0.272298		
4.31		0.27164		
4.32		0.270985		
4.33		0.270333		
4.34		0.269684		
4.35		0.269039		
4.36		0.268396		
4.37		0.267756		
4.38		0.26712		
4.39		0.266486		
4.4		0.265856		
4.41		0.265228		
4.42		0.264603		
4.43		0.263982		
4.44		0.263363		
4.45		0.262747		
4.46		0.262134		
4.47		0.261524		
4.48		0.260916		
4.49		0.260312		
4.5		0.25971		
4.51		0.259111		
4.52		0.258515		
4.53		0.257921		
4.54		0.257331		
4.55		0.256743		
4.56		0.256158		
4.57		0.255575		
4.58		0.254995		
4.59		0.254418		
4.6		0.253843		
4.61		0.253271		
4.62		0.252702		
4.63		0.252135		
4.64		0.251571		
4.65		0.251009		
4.66		0.25045		
4.67		0.249893		
4.68		0.249339		
4.69		0.248787		
4.7		0.248238		
4.71		0.247691		
4.72		0.247147		
4.73		0.246605		
4.74		0.246066		
4.75		0.245529		
4.76		0.244994		
4.77		0.244462		
4.78		0.243932		
4.79		0.243404		
4.8		0.242879		
4.81		0.242356		
4.82		0.241835		
4.83		0.241317		
4.84		0.2408		
4.85		0.240286		
4.86		0.239775		
4.87		0.239265		
4.88		0.238758		
4.89		0.238253		
4.9		0.23775		
4.91		0.23725		
4.92		0.236751		
4.93		0.236255		
4.94		0.23576		
4.95		0.235268		
4.96		0.234778		
4.97		0.23429		
4.98		0.233804		
4.99		0.233321		
5		0.232839		
5.01		0.232359		
5.02		0.231882		
5.03		0.231406		
5.04		0.230932		
5.05		0.230461		
5.06		0.229991		
5.07		0.229524		
5.08		0.229058		
5.09		0.228594		
5.1		0.228132		
5.11		0.227672		
5.12		0.227214		
5.13		0.226758		
5.14		0.226304		
5.15		0.225852		
5.16		0.225401		
5.17		0.224953		
5.18		0.224506		
5.19		0.224061		
5.2		0.223618		
5.21		0.223177		
5.22		0.222737		
5.23		0.2223		
5.24		0.221864		
5.25		0.22143		
5.26		0.220997		
5.27		0.220567		
5.28		0.220138		
5.29		0.219711		
5.3		0.219286		
5.31		0.218862		
5.32		0.21844		
5.33		0.21802		
5.34		0.217601		
5.35		0.217184		
5.36		0.216769		
5.37		0.216355		
5.38		0.215943		
5.39		0.215533		
5.4		0.215124		
5.41		0.214717		
5.42		0.214312		
5.43		0.213908		
5.44		0.213505		
5.45		0.213105		
5.46		0.212706		
5.47		0.212308		
5.48		0.211912		
5.49		0.211518		
5.5		0.211125		
5.51		0.210733		
5.52		0.210343		
5.53		0.209955		
5.54		0.209568		
5.55		0.209183		
5.56		0.208799		
5.57		0.208416		
5.58		0.208035		
5.59		0.207656		
5.6		0.207278		
5.61		0.206901		
5.62		0.206526		
5.63		0.206152		
5.64		0.20578		
5.65		0.205409		
5.66		0.20504		
5.67		0.204671		
5.68		0.204305		
5.69		0.203939		
5.7		0.203575		
5.71		0.203213		
5.72		0.202852		
5.73		0.202492		
5.74		0.202133		
5.75		0.201776		
5.76		0.20142		
5.77		0.201066		
5.78		0.200712		
5.79		0.20036		
5.8		0.20001		
5.81		0.199661		
5.82		0.199313		
5.83		0.198966		
5.84		0.19862		
5.85		0.198276		
5.86		0.197933		
5.87		0.197591		
5.88		0.197251		
5.89		0.196912		
5.9		0.196574		
5.91		0.196237		
5.92		0.195901		
5.93		0.195567		
5.94		0.195234		
5.95		0.194902		
5.96		0.194571		
5.97		0.194242		
5.98		0.193914		
5.99		0.193586		
6		0.19326		
6.01		0.192936		
6.02		0.192612		
6.03		0.192289		
6.04		0.191968		
6.05		0.191648		
6.06		0.191329		
6.07		0.191011		
6.08		0.190694		
6.09		0.190378		
6.1		0.190063		
6.11		0.18975		
6.12		0.189437		
6.13		0.189126		
6.14		0.188816		
6.15		0.188507		
6.16		0.188198		
6.17		0.187891		
6.18		0.187585		
6.19		0.187281		
6.2		0.186977		
6.21		0.186674		
6.22		0.186372		
6.23		0.186071		
6.24		0.185772		
6.25		0.185473		
6.26		0.185176		
6.27		0.184879		
6.28		0.184583		
6.29		0.184289		
6.3		0.183995		
6.31		0.183702		
6.32		0.183411		
6.33		0.18312		
6.34		0.182831		
6.35		0.182542		
6.36		0.182254		
6.37		0.181968		
6.38		0.181682		
6.39		0.181397		
6.4		0.181113		
6.41		0.18083		
6.42		0.180548		
6.43		0.180267		
6.44		0.179987		
6.45		0.179708		
6.46		0.17943		
6.47		0.179153		
6.48		0.178876		
6.49		0.178601		
6.5		0.178326		
6.51		0.178052		
6.52		0.17778		
6.53		0.177508		
6.54		0.177237		
6.55		0.176967		
6.56		0.176698		
6.57		0.176429		
6.58		0.176162		
6.59		0.175895		
6.6		0.175629		
6.61		0.175364		
6.62		0.1751		
6.63		0.174837		
6.64		0.174575		
6.65		0.174314		
6.66		0.174053		
6.67		0.173793		
6.68		0.173534		
6.69		0.173276		
6.7		0.173019		
6.71		0.172762		
6.72		0.172506		
6.73		0.172252		
6.74		0.171998		
6.75		0.171744		
6.76		0.171492		
6.77		0.17124		
6.78		0.170989		
6.79		0.170739		
6.8		0.17049		
6.81		0.170241		
6.82		0.169994		
6.83		0.169747		
6.84		0.1695		
6.85		0.169255		
6.86		0.16901		
6.87		0.168766		
6.88		0.168523		
6.89		0.168281		
6.9		0.168039		
6.91		0.167798		
6.92		0.167558		
6.93		0.167319		
6.94		0.16708		
6.95		0.166842		
6.96		0.166605		
6.97		0.166369		
6.98		0.166133		
6.99		0.165898		
7		0.165663		
7.01		0.16543		
7.02		0.165197		
7.03		0.164965		
7.04		0.164733		
7.05		0.164502		
7.06		0.164272		
7.07		0.164043		
7.08		0.163814		
7.09		0.163586		
7.1		0.163359		
7.11		0.163132		
7.12		0.162906		
7.13		0.162681		
7.14		0.162456		
7.15		0.162232		
7.16		0.162009		
7.17		0.161786		
7.18		0.161564		
7.19		0.161343		
7.2		0.161122		
7.21		0.160902		
7.22		0.160683		
7.23		0.160464		
7.24		0.160246		
7.25		0.160029		
7.26		0.159812		
7.27		0.159596		
7.28		0.15938		
7.29		0.159165		
7.3		0.158951		
7.31		0.158737		
7.32		0.158524		
7.33		0.158312		
7.34		0.1581		
7.35		0.157889		
7.36		0.157678		
7.37		0.157468		
7.38		0.157259		
7.39		0.15705		
7.4		0.156842		
7.41		0.156634		
7.42		0.156427		
7.43		0.156221		
7.44		0.156015		
7.45		0.15581		
7.46		0.155605		
7.47		0.155401		
7.48		0.155198		
7.49		0.154995		
7.5		0.154793		
7.51		0.154591		
7.52		0.15439		
7.53		0.154189		
7.54		0.153989		
7.55		0.153789		
7.56		0.153591		
7.57		0.153392		
7.58		0.153194		
7.59		0.152997		
7.6		0.1528		
7.61		0.152604		
7.62		0.152409		
7.63		0.152214		
7.64		0.152019		
7.65		0.151825		
7.66		0.151632		
7.67		0.151439		
7.68		0.151246		
7.69		0.151054		
7.7		0.150863		
7.71		0.150672		
7.72		0.150482		
7.73		0.150292		
7.74		0.150103		
7.75		0.149914		
7.76		0.149726		
7.77		0.149538		
7.78		0.149351		
7.79		0.149164		
7.8		0.148978		
7.81		0.148793		
7.82		0.148607		
7.83		0.148423		
7.84		0.148239		
7.85		0.148055		
7.86		0.147872		
7.87		0.147689		
7.88		0.147507		
7.89		0.147325		
7.9		0.147144		
7.91		0.146963		
7.92		0.146783		
7.93		0.146603		
7.94		0.146424		
7.95		0.146245		
7.96		0.146067		
7.97		0.145889		
7.98		0.145711		
7.99		0.145534		
8		0.145358		
8.01		0.145182		
8.02		0.145006		
8.03		0.144831		
8.04		0.144657		
8.05		0.144483		
8.06		0.144309		
8.07		0.144136		
8.08		0.143963		
8.09		0.14379		
8.1		0.143619		
8.11		0.143447		
8.12		0.143276		
8.13		0.143106		
8.14		0.142935		
8.15		0.142766		
8.16		0.142596		
8.17		0.142428		
8.18		0.142259		
8.19		0.142091		
8.2		0.141924		
8.21		0.141757		
8.22		0.14159		
8.23		0.141424		
8.24		0.141258		
8.25		0.141093		
8.26		0.140928		
8.27		0.140763		
8.28		0.140599		
8.29		0.140435		
8.3		0.140272		
8.31		0.140109		
8.32		0.139947		
8.33		0.139785		
8.34		0.139623		
8.35		0.139462		
8.36		0.139301		
8.37		0.139141		
8.38		0.138981		
8.39		0.138821		
8.4		0.138662		
8.41		0.138503		
8.42		0.138345		
8.43		0.138187		
8.44		0.138029		
8.45		0.137872		
8.46		0.137715		
8.47		0.137558		
8.48		0.137402		
8.49		0.137247		
8.5		0.137091		
8.51		0.136936		
8.52		0.136782		
8.53		0.136628		
8.54		0.136474		
8.55		0.136321		
8.56		0.136168		
8.57		0.136015		
8.58		0.135863		
8.59		0.135711		
8.6		0.135559		
8.61		0.135408		
8.62		0.135257		
8.63		0.135107		
8.64		0.134957		
8.65		0.134807		
8.66		0.134658		
8.67		0.134509		
8.68		0.13436		
8.69		0.134212		
8.7		0.134064		
8.71		0.133916		
8.72		0.133769		
8.73		0.133622		
8.74		0.133476		
8.75		0.13333		
8.76		0.133184		
8.77		0.133039		
8.78		0.132894		
8.79		0.132749		
8.8		0.132604		
8.81		0.13246		
8.82		0.132317		
8.83		0.132173		
8.84		0.13203		
8.85		0.131888		
8.86		0.131745		
8.87		0.131603		
8.88		0.131461		
8.89		0.13132		
8.9		0.131179		
8.91		0.131038		
8.92		0.130898		
8.93		0.130758		
8.94		0.130618		
8.95		0.130479		
8.96		0.13034		
8.97		0.130201		
8.98		0.130063		
8.99		0.129925		
9		0.129787		
9.01		0.12965		
9.02		0.129512		
9.03		0.129376		
9.04		0.129239		
9.05		0.129103		
9.06		0.128967		
9.07		0.128832		
9.08		0.128696		
9.09		0.128561		
9.1		0.128427		
9.11		0.128292		
9.12		0.128158		
9.13		0.128025		
9.14		0.127891		
9.15		0.127758		
9.16		0.127626		
9.17		0.127493		
9.18		0.127361		
9.19		0.127229		
9.2		0.127097		
9.21		0.126966		
9.22		0.126835		
9.23		0.126705		
9.24		0.126574		
9.25		0.126444		
9.26		0.126314		
9.27		0.126185		
9.28		0.126056		
9.29		0.125927		
9.3		0.125798		
9.31		0.12567		
9.32		0.125542		
9.33		0.125414		
9.34		0.125286		
9.35		0.125159		
9.36		0.125032		
9.37		0.124905		
9.38		0.124779		
9.39		0.124653		
9.4		0.124527		
9.41		0.124402		
9.42		0.124276		
9.43		0.124152		
9.44		0.124027		
9.45		0.123902		
9.46		0.123778		
9.47		0.123654		
9.48		0.123531		
9.49		0.123407		
9.5		0.123284		
9.51		0.123162		
9.52		0.123039		
9.53		0.122917		
9.54		0.122795		
9.55		0.122673		
9.56		0.122552		
9.57		0.12243		
9.58		0.12231		
9.59		0.122189		
9.6		0.122068		
9.61		0.121948		
9.62		0.121828		
9.63		0.121709		
9.64		0.121589		
9.65		0.12147		
9.66		0.121351		
9.67		0.121233		
9.68		0.121115		
9.69		0.120996		
9.7		0.120879		
9.71		0.120761		
9.72		0.120644		
9.73		0.120527		
9.74		0.12041		
9.75		0.120293		
9.76		0.120177		
9.77		0.120061		
9.78		0.119945		
9.79		0.119829		
9.8		0.119714		
9.81		0.119599		
9.82		0.119484		
9.83		0.119369		
9.84		0.119255		
9.85		0.119141		
9.86		0.119027		
9.87		0.118913		
9.88		0.1188		
9.89		0.118687		
9.9		0.118574		
9.91		0.118461		
9.92		0.118348		
9.93		0.118236		
9.94		0.118124		
9.95		0.118012		
9.96		0.117901		
9.97		0.11779		
9.98		0.117678		
9.99		0.117568		
10		0.117457		
10.01		0.117347		
10.02		0.117236		
10.03		0.117126		
10.04		0.117017		
10.05		0.116907		
10.06		0.116798		
10.07		0.116689		
10.08		0.11658		
10.09		0.116472		
10.1		0.116363		
10.11		0.116255		
10.12		0.116147		
10.13		0.116039		
10.14		0.115932		
10.15		0.115825		
10.16		0.115718		
10.17		0.115611		
10.18		0.115504		
10.19		0.115398		
10.2		0.115292		
10.21		0.115186		
10.22		0.11508		
10.23		0.114974		
10.24		0.114869		
10.25		0.114764		
10.26		0.114659		
10.27		0.114554		
10.28		0.11445		
10.29		0.114346		
10.3		0.114242		
10.31		0.114138		
10.32		0.114034		
10.33		0.113931		
10.34		0.113827		
10.35		0.113724		
10.36		0.113622		
10.37		0.113519		
10.38		0.113416		
10.39		0.113314		
10.4		0.113212		
10.41		0.11311		
10.42		0.113009		
10.43		0.112907		
10.44		0.112806		
10.45		0.112705		
10.46		0.112604		
10.47		0.112504		
10.48		0.112403		
10.49		0.112303		
10.5		0.112203		
10.51		0.112103		
10.52		0.112004		
10.53		0.111904		
10.54		0.111805		
10.55		0.111706		
10.56		0.111607		
10.57		0.111509		
10.58		0.11141		
10.59		0.111312		
10.6		0.111214		
10.61		0.111116		
10.62		0.111018		
10.63		0.110921		
10.64		0.110823		
10.65		0.110726		
10.66		0.110629		
10.67		0.110533		
10.68		0.110436		
10.69		0.11034		
10.7		0.110243		
10.71		0.110147		
10.72		0.110052		
10.73		0.109956		
10.74		0.10986		
10.75		0.109765		
10.76		0.10967		
10.77		0.109575		
10.78		0.10948		
10.79		0.109386		
10.8		0.109291		
10.81		0.109197		
10.82		0.109103		
10.83		0.109009		
10.84		0.108916		
10.85		0.108822		
10.86		0.108729		
10.87		0.108636		
10.88		0.108543		
10.89		0.10845		
10.9		0.108358		
10.91		0.108265		
10.92		0.108173		
10.93		0.108081		
10.94		0.107989		
10.95		0.107897		
10.96		0.107806		
10.97		0.107714		
10.98		0.107623		
10.99		0.107532		
11		0.107441		
11.01		0.10735		
11.02		0.10726		
11.03		0.107169		
11.04		0.107079		
11.05		0.106989		
11.06		0.106899		
11.07		0.106809		
11.08		0.10672		
11.09		0.106631		
11.1		0.106541		
11.11		0.106452		
11.12		0.106363		
11.13		0.106275		
11.14		0.106186		
11.15		0.106098		
11.16		0.106009		
11.17		0.105921		
11.18		0.105833		
11.19		0.105746		
11.2		0.105658		
11.21		0.105571		
11.22		0.105483		
11.23		0.105396		
11.24		0.105309		
11.25		0.105223		
11.26		0.105136		
11.27		0.105049		
11.28		0.104963		
11.29		0.104877		
11.3		0.104791		
11.31		0.104705		
11.32		0.104619		
11.33		0.104534		
11.34		0.104448		
11.35		0.104363		
11.36		0.104278		
11.37		0.104193		
11.38		0.104108		
11.39		0.104024		
11.4		0.103939		
11.41		0.103855		
11.42		0.103771		
11.43		0.103687		
11.44		0.103603		
11.45		0.103519		
11.46		0.103436		
11.47		0.103352		
11.48		0.103269		
11.49		0.103186		
11.5		0.103103		
11.51		0.10302		
11.52		0.102937		
11.53		0.102855		
11.54		0.102772		
11.55		0.10269		
11.56		0.102608		
11.57		0.102526		
11.58		0.102444		
11.59		0.102363		
11.6		0.102281		
11.61		0.1022		
11.62		0.102118		
11.63		0.102037		
11.64		0.101956		
11.65		0.101876		
11.66		0.101795		
11.67		0.101714		
11.68		0.101634		
11.69		0.101554		
11.7		0.101474		
11.71		0.101394		
11.72		0.101314		
11.73		0.101234		
11.74		0.101154		
11.75		0.101075		
11.76		0.100996		
11.77		0.100917		
11.78		0.100838		
11.79		0.100759		
11.8		0.10068		
11.81		0.100601		
11.82		0.100523		
11.83		0.100445		
11.84		0.100366		
11.85		0.100288		
11.86		0.10021		
11.87		0.100133		
11.88		0.100055		
11.89		0.0999774		
11.9		0.0999		
11.91		0.0998227		
11.92		0.0997456		
11.93		0.0996686		
11.94		0.0995917		
11.95		0.099515		
11.96		0.0994384		
11.97		0.0993619		
11.98		0.0992855		
11.99		0.0992093		
12		0.0991332		
12.01		0.0990572		
12.02		0.0989814		
12.03		0.0989057		
12.04		0.0988301		
12.05		0.0987546		
12.06		0.0986793		
12.07		0.0986041		
12.08		0.098529		
12.09		0.0984541		
12.1		0.0983793		
12.11		0.0983046		
12.12		0.09823		
12.13		0.0981555		
12.14		0.0980812		
12.15		0.098007		
12.16		0.0979329		
12.17		0.097859		
12.18		0.0977851		
12.19		0.0977114		
12.2		0.0976379		
12.21		0.0975644		
12.22		0.097491		
12.23		0.0974178		
12.24		0.0973447		
12.25		0.0972717		
12.26		0.0971989		
12.27		0.0971261		
12.28		0.0970535		
12.29		0.096981		
12.3		0.0969086		
12.31		0.0968364		
12.32		0.0967642		
12.33		0.0966922		
12.34		0.0966203		
12.35		0.0965485		
12.36		0.0964768		
12.37		0.0964053		
12.38		0.0963338		
12.39		0.0962625		
12.4		0.0961913		
12.41		0.0961202		
12.42		0.0960493		
12.43		0.0959784		
12.44		0.0959077		
12.45		0.095837		
12.46		0.0957665		
12.47		0.0956961		
12.48		0.0956258		
12.49		0.0955556		
12.5		0.0954856		
12.51		0.0954156		
12.52		0.0953458		
12.53		0.0952761		
12.54		0.0952065		
12.55		0.095137		
12.56		0.0950676		
12.57		0.0949983		
12.58		0.0949291		
12.59		0.0948601		
12.6		0.0947912		
12.61		0.0947223		
12.62		0.0946536		
12.63		0.094585		
12.64		0.0945165		
12.65		0.0944481		
12.66		0.0943798		
12.67		0.0943116		
12.68		0.0942436		
12.69		0.0941756		
12.7		0.0941077		
12.71		0.09404		
12.72		0.0939723		
12.73		0.0939048		
12.74		0.0938374		
12.75		0.0937701		
12.76		0.0937029		
12.77		0.0936358		
12.78		0.0935687		
12.79		0.0935019		
12.8		0.0934351		
12.81		0.0933684		
12.82		0.0933018		
12.83		0.0932353		
12.84		0.0931689		
12.85		0.0931027		
12.86		0.0930365		
12.87		0.0929704		
12.88		0.0929045		
12.89		0.0928386		
12.9		0.0927729		
12.91		0.0927072		
12.92		0.0926417		
12.93		0.0925762		
12.94		0.0925109		
12.95		0.0924456		
12.96		0.0923805		
12.97		0.0923154		
12.98		0.0922505		
12.99		0.0921856		
13		0.0921209		
13.01		0.0920562		
13.02		0.0919917		
13.03		0.0919273		
13.04		0.0918629		
13.05		0.0917987		
13.06		0.0917345		
13.07		0.0916705		
13.08		0.0916065		
13.09		0.0915427		
13.1		0.0914789		
13.11		0.0914152		
13.12		0.0913517		
13.13		0.0912882		
13.14		0.0912248		
13.15		0.0911616		
13.16		0.0910984		
13.17		0.0910353		
13.18		0.0909723		
13.19		0.0909094		
13.2		0.0908466		
13.21		0.0907839		
13.22		0.0907213		
13.23		0.0906588		
13.24		0.0905964		
13.25		0.0905341		
13.26		0.0904719		
13.27		0.0904097		
13.28		0.0903477		
13.29		0.0902857		
13.3		0.0902239		
13.31		0.0901621		
13.32		0.0901004		
13.33		0.0900389		
13.34		0.0899774		
13.35		0.089916		
13.36		0.0898547		
13.37		0.0897935		
13.38		0.0897324		
13.39		0.0896713		
13.4		0.0896104		
13.41		0.0895496		
13.42		0.0894888		
13.43		0.0894281		
13.44		0.0893676		
13.45		0.0893071		
13.46		0.0892467		
13.47		0.0891864		
13.48		0.0891261		
13.49		0.089066		
13.5		0.089006		
13.51		0.088946		
13.52		0.0888862		
13.53		0.0888264		
13.54		0.0887667		
13.55		0.0887071		
13.56		0.0886476		
13.57		0.0885882		
13.58		0.0885288		
13.59		0.0884696		
13.6		0.0884104		
13.61		0.0883513		
13.62		0.0882923		
13.63		0.0882334		
13.64		0.0881746		
13.65		0.0881159		
13.66		0.0880572		
13.67		0.0879987		
13.68		0.0879402		
13.69		0.0878818		
13.7		0.0878235		
13.71		0.0877652		
13.72		0.0877071		
13.73		0.087649		
13.74		0.0875911		
13.75		0.0875332		
13.76		0.0874754		
13.77		0.0874176		
13.78		0.08736		
13.79		0.0873024		
13.8		0.087245		
13.81		0.0871876		
13.82		0.0871303		
13.83		0.087073		
13.84		0.0870159		
13.85		0.0869588		
13.86		0.0869018		
13.87		0.0868449		
13.88		0.0867881		
13.89		0.0867314		
13.9		0.0866747		
13.91		0.0866181		
13.92		0.0865616		
13.93		0.0865052		
13.94		0.0864489		
13.95		0.0863926		
13.96		0.0863365		
13.97		0.0862804		
13.98		0.0862243		
13.99		0.0861684		
14		0.0861125		
14.01		0.0860568		
14.02		0.086001		
14.03		0.0859454		
14.04		0.0858899		
14.05		0.0858344		
14.06		0.085779		
14.07		0.0857237		
14.08		0.0856685		
14.09		0.0856133		
14.1		0.0855582		
14.11		0.0855032		
14.12		0.0854483		
14.13		0.0853934		
14.14		0.0853387		
14.15		0.085284		
14.16		0.0852293		
14.17		0.0851748		
14.18		0.0851203		
14.19		0.0850659		
14.2		0.0850116		
14.21		0.0849574		
14.22		0.0849032		
14.23		0.0848491		
14.24		0.0847951		
14.25		0.0847411		
14.26		0.0846873		
14.27		0.0846335		
14.28		0.0845797		
14.29		0.0845261		
14.3		0.0844725		
14.31		0.084419		
14.32		0.0843656		
14.33		0.0843122		
14.34		0.0842589		
14.35		0.0842057		
14.36		0.0841526		
14.37		0.0840995		
14.38		0.0840465		
14.39		0.0839936		
14.4		0.0839408		
14.41		0.083888		
14.42		0.0838353		
14.43		0.0837827		
14.44		0.0837301		
14.45		0.0836776		
14.46		0.0836252		
14.47		0.0835728		
14.48		0.0835206		
14.49		0.0834684		
14.5		0.0834162		
14.51		0.0833642		
14.52		0.0833122		
14.53		0.0832602		
14.54		0.0832084		
14.55		0.0831566		
14.56		0.0831049		
14.57		0.0830532		
14.58		0.0830017		
14.59		0.0829501		
14.6		0.0828987		
14.61		0.0828473		
14.62		0.082796		
14.63		0.0827448		
14.64		0.0826936		
14.65		0.0826425		
14.66		0.0825915		
14.67		0.0825406		
14.68		0.0824897		
14.69		0.0824388		
14.7		0.0823881		
14.71		0.0823374		
14.72		0.0822868		
14.73		0.0822362		
14.74		0.0821857		
14.75		0.0821353		
14.76		0.0820849		
14.77		0.0820346		
14.78		0.0819844		
14.79		0.0819343		
14.8		0.0818842		
14.81		0.0818341		
14.82		0.0817842		
14.83		0.0817343		
14.84		0.0816845		
14.85		0.0816347		
14.86		0.081585		
14.87		0.0815354		
14.88		0.0814858		
14.89		0.0814363		
14.9		0.0813869		
14.91		0.0813375		
14.92		0.0812882		
14.93		0.0812389		
14.94		0.0811897		
14.95		0.0811406		
14.96		0.0810916		
14.97		0.0810426		
14.98		0.0809936		
14.99		0.0809448		
15		0.080896		
15.01		0.0808472		
15.02		0.0807986		
15.03		0.0807499		
15.04		0.0807014		
15.05		0.0806529		
15.06		0.0806045		
15.07		0.0805561		
15.08		0.0805078		
15.09		0.0804596		
15.1		0.0804114		
15.11		0.0803633		
15.12		0.0803152		
15.13		0.0802672		
15.14		0.0802193		
15.15		0.0801714		
15.16		0.0801236		
15.17		0.0800759		
15.18		0.0800282		
15.19		0.0799806		
15.2		0.079933		
15.21		0.0798855		
15.22		0.079838		
15.23		0.0797906		
15.24		0.0797433		
15.25		0.0796961		
15.26		0.0796488		
15.27		0.0796017		
15.28		0.0795546		
15.29		0.0795076		
15.3		0.0794606		
15.31		0.0794137		
15.32		0.0793669		
15.33		0.0793201		
15.34		0.0792733		
15.35		0.0792266		
15.36		0.07918		
15.37		0.0791335		
15.38		0.079087		
15.39		0.0790405		
15.4		0.0789941		
15.41		0.0789478		
15.42		0.0789016		
15.43		0.0788553		
15.44		0.0788092		
15.45		0.0787631		
15.46		0.078717		
15.47		0.0786711		
15.48		0.0786251		
15.49		0.0785793		
15.5		0.0785335		
15.51		0.0784877		
15.52		0.078442		
15.53		0.0783964		
15.54		0.0783508		
15.55		0.0783052		
15.56		0.0782598		
15.57		0.0782144		
15.58		0.078169		
15.59		0.0781237		
15.6		0.0780784		
15.61		0.0780332		
15.62		0.0779881		
15.63		0.077943		
15.64		0.077898		
15.65		0.077853		
15.66		0.0778081		
15.67		0.0777632		
15.68		0.0777184		
15.69		0.0776737		
15.7		0.077629		
15.71		0.0775843		
15.72		0.0775397		
15.73		0.0774952		
15.74		0.0774507		
15.75		0.0774063		
15.76		0.0773619		
15.77		0.0773176		
15.78		0.0772733		
15.79		0.0772291		
15.8		0.0771849		
15.81		0.0771408		
15.82		0.0770967		
15.83		0.0770527		
15.84		0.0770088		
15.85		0.0769649		
15.86		0.076921		
15.87		0.0768772		
15.88		0.0768335		
15.89		0.0767898		
15.9		0.0767462		
15.91		0.0767026		
15.92		0.076659		
15.93		0.0766155		
15.94		0.0765721		
15.95		0.0765287		
15.96		0.0764854		
15.97		0.0764421		
15.98		0.0763989		
15.99		0.0763557		
16		0.0763126		
16.01		0.0762695		
16.02		0.0762265		
16.03		0.0761835		
16.04		0.0761406		
16.05		0.0760978		
16.06		0.0760549		
16.07		0.0760122		
16.08		0.0759695		
16.09		0.0759268		
16.1		0.0758842		
16.11		0.0758416		
16.12		0.0757991		
16.13		0.0757566		
16.14		0.0757142		
16.15		0.0756718		
16.16		0.0756295		
16.17		0.0755872		
16.18		0.075545		
16.19		0.0755028		
16.2		0.0754607		
16.21		0.0754186		
16.22		0.0753766		
16.23		0.0753346		
16.24		0.0752927		
16.25		0.0752508		
16.26		0.075209		
16.27		0.0751672		
16.28		0.0751255		
16.29		0.0750838		
16.3		0.0750421		
16.31		0.0750006		
16.32		0.074959		
16.33		0.0749175		
16.34		0.0748761		
16.35		0.0748347		
16.36		0.0747933		
16.37		0.074752		
16.38		0.0747107		
16.39		0.0746695		
16.4		0.0746284		
16.41		0.0745873		
16.42		0.0745462		
16.43		0.0745052		
16.44		0.0744642		
16.45		0.0744232		
16.46		0.0743824		
16.47		0.0743415		
16.48		0.0743007		
16.49		0.07426		
16.5		0.0742193		
16.51		0.0741786		
16.52		0.074138		
16.53		0.0740975		
16.54		0.0740569		
16.55		0.0740165		
16.56		0.073976		
16.57		0.0739357		
16.58		0.0738953		
16.59		0.073855		
16.6		0.0738148		
16.61		0.0737746		
16.62		0.0737344		
16.63		0.0736943		
16.64		0.0736543		
16.65		0.0736142		
16.66		0.0735743		
16.67		0.0735343		
16.68		0.0734944		
16.69		0.0734546		
16.7		0.0734148		
16.71		0.073375		
16.72		0.0733353		
16.73		0.0732957		
16.74		0.073256		
16.75		0.0732165		
16.76		0.0731769		
16.77		0.0731374		
16.78		0.073098		
16.79		0.0730586		
16.8		0.0730192		
16.81		0.0729799		
16.82		0.0729406		
16.83		0.0729014		
16.84		0.0728622		
16.85		0.0728231		
16.86		0.072784		
16.87		0.0727449		
16.88		0.0727059		
16.89		0.0726669		
16.9		0.072628		
16.91		0.0725891		
16.92		0.0725502		
16.93		0.0725114		
16.94		0.0724726		
16.95		0.0724339		
16.96		0.0723952		
16.97		0.0723566		
16.98		0.072318		
16.99		0.0722795		
17		0.0722409		
17.01		0.0722025		
17.02		0.072164		
17.03		0.0721256		
17.04		0.0720873		
17.05		0.072049		
17.06		0.0720107		
17.07		0.0719725		
17.08		0.0719343		
17.09		0.0718962		
17.1		0.0718581		
17.11		0.07182		
17.12		0.071782		
17.13		0.071744		
17.14		0.0717061		
17.15		0.0716682		
17.16		0.0716303		
17.17		0.0715925		
17.18		0.0715547		
17.19		0.071517		
17.2		0.0714793		
17.21		0.0714416		
17.22		0.071404		
17.23		0.0713664		
17.24		0.0713289		
17.25		0.0712914		
17.26		0.0712539		
17.27		0.0712165		
17.28		0.0711791		
17.29		0.0711417		
17.3		0.0711044		
17.31		0.0710672		
17.32		0.0710299		
17.33		0.0709928		
17.34		0.0709556		
17.35		0.0709185		
17.36		0.0708814		
17.37		0.0708444		
17.38		0.0708074		
17.39		0.0707704		
17.4		0.0707335		
17.41		0.0706966		
17.42		0.0706598		
17.43		0.070623		
17.44		0.0705862		
17.45		0.0705495		
17.46		0.0705128		
17.47		0.0704762		
17.48		0.0704396		
17.49		0.070403		
17.5		0.0703664		
17.51		0.0703299		
17.52		0.0702935		
17.53		0.070257		
17.54		0.0702207		
17.55		0.0701843		
17.56		0.070148		
17.57		0.0701117		
17.58		0.0700755		
17.59		0.0700393		
17.6		0.0700031		
17.61		0.069967		
17.62		0.0699309		
17.63		0.0698948		
17.64		0.0698588		
17.65		0.0698228		
17.66		0.0697869		
17.67		0.069751		
17.68		0.0697151		
17.69		0.0696792		
17.7		0.0696434		
17.71		0.0696077		
17.72		0.0695719		
17.73		0.0695362		
17.74		0.0695006		
17.75		0.069465		
17.76		0.0694294		
17.77		0.0693938		
17.78		0.0693583		
17.79		0.0693228		
17.8		0.0692874		
17.81		0.069252		
17.82		0.0692166		
17.83		0.0691813		
17.84		0.069146		
17.85		0.0691107		
17.86		0.0690755		
17.87		0.0690403		
17.88		0.0690051		
17.89		0.06897		
17.9		0.0689349		
17.91		0.0688998		
17.92		0.0688648		
17.93		0.0688298		
17.94		0.0687948		
17.95		0.0687599		
17.96		0.068725		
17.97		0.0686902		
17.98		0.0686553		
17.99		0.0686206		
18		0.0685858		
18.01		0.0685511		
18.02		0.0685164		
18.03		0.0684818		
18.04		0.0684471		
18.05		0.0684126		
18.06		0.068378		
18.07		0.0683435		
18.08		0.068309		
18.09		0.0682746		
18.1		0.0682401		
18.11		0.0682058		
18.12		0.0681714		
18.13		0.0681371		
18.14		0.0681028		
18.15		0.0680686		
18.16		0.0680343		
18.17		0.0680002		
18.18		0.067966		
18.19		0.0679319		
18.2		0.0678978		
18.21		0.0678637		
18.22		0.0678297		
18.23		0.0677957		
18.24		0.0677618		
18.25		0.0677279		
18.26		0.067694		
18.27		0.0676601		
18.28		0.0676263		
18.29		0.0675925		
18.3		0.0675587		
18.31		0.067525		
18.32		0.0674913		
18.33		0.0674576		
18.34		0.067424		
18.35		0.0673904		
18.36		0.0673568		
18.37		0.0673233		
18.38		0.0672898		
18.39		0.0672563		
18.4		0.0672228		
18.41		0.0671894		
18.42		0.0671561		
18.43		0.0671227		
18.44		0.0670894		
18.45		0.0670561		
18.46		0.0670228		
18.47		0.0669896		
18.48		0.0669564		
18.49		0.0669232		
18.5		0.0668901		
18.51		0.066857		
18.52		0.0668239		
18.53		0.0667909		
18.54		0.0667579		
18.55		0.0667249		
18.56		0.0666919		
18.57		0.066659		
18.58		0.0666261		
18.59		0.0665933		
18.6		0.0665604		
18.61		0.0665276		
18.62		0.0664949		
18.63		0.0664621		
18.64		0.0664294		
18.65		0.0663967		
18.66		0.0663641		
18.67		0.0663315		
18.68		0.0662989		
18.69		0.0662663		
18.7		0.0662338		
18.71		0.0662013		
18.72		0.0661688		
18.73		0.0661364		
18.74		0.0661039		
18.75		0.0660716		
18.76		0.0660392		
18.77		0.0660069		
18.78		0.0659746		
18.79		0.0659423		
18.8		0.0659101		
18.81		0.0658779		
18.82		0.0658457		
18.83		0.0658135		
18.84		0.0657814		
18.85		0.0657493		
18.86		0.0657172		
18.87		0.0656852		
18.88		0.0656532		
18.89		0.0656212		
18.9		0.0655893		
18.91		0.0655573		
18.92		0.0655254		
18.93		0.0654936		
18.94		0.0654617		
18.95		0.0654299		
18.96		0.0653981		
18.97		0.0653664		
18.98		0.0653347		
18.99		0.065303		
19		0.0652713		
19.01		0.0652396		
19.02		0.065208		
19.03		0.0651764		
19.04		0.0651449		
19.05		0.0651133		
19.06		0.0650818		
19.07		0.0650504		
19.08		0.0650189		
19.09		0.0649875		
19.1		0.0649561		
19.11		0.0649247		
19.12		0.0648934		
19.13		0.0648621		
19.14		0.0648308		
19.15		0.0647995		
19.16		0.0647683		
19.17		0.0647371		
19.18		0.0647059		
19.19		0.0646747		
19.2		0.0646436		
19.21		0.0646125		
19.22		0.0645815		
19.23		0.0645504		
19.24		0.0645194		
19.25		0.0644884		
19.26		0.0644574		
19.27		0.0644265		
19.28		0.0643956		
19.29		0.0643647		
19.3		0.0643338		
19.31		0.064303		
19.32		0.0642722		
19.33		0.0642414		
19.34		0.0642107		
19.35		0.0641799		
19.36		0.0641492		
19.37		0.0641185		
19.38		0.0640879		
19.39		0.0640573		
19.4		0.0640267		
19.41		0.0639961		
19.42		0.0639655		
19.43		0.063935		
19.44		0.0639045		
19.45		0.063874		
19.46		0.0638436		
19.47		0.0638132		
19.48		0.0637828		
19.49		0.0637524		
19.5		0.0637221		
19.51		0.0636917		
19.52		0.0636614		
19.53		0.0636312		
19.54		0.0636009		
19.55		0.0635707		
19.56		0.0635405		
19.57		0.0635103		
19.58		0.0634802		
19.59		0.0634501		
19.6		0.06342		
19.61		0.0633899		
19.62		0.0633599		
19.63		0.0633298		
19.64		0.0632998		
19.65		0.0632699		
19.66		0.0632399		
19.67		0.06321		
19.68		0.0631801		
19.69		0.0631502		
19.7		0.0631204		
19.71		0.0630905		
19.72		0.0630607		
19.73		0.063031		
19.74		0.0630012		
19.75		0.0629715		
19.76		0.0629418		
19.77		0.0629121		
19.78		0.0628824		
19.79		0.0628528		
19.8		0.0628232		
19.81		0.0627936		
19.82		0.062764		
19.83		0.0627345		
19.84		0.062705		
19.85		0.0626755		
19.86		0.062646		
19.87		0.0626166		
19.88		0.0625871		
19.89		0.0625577		
19.9		0.0625284		
19.91		0.062499		
19.92		0.0624697		
19.93		0.0624404		
19.94		0.0624111		
19.95		0.0623818		
19.96		0.0623526		
19.97		0.0623234		
19.98		0.0622942		
19.99		0.062265		
20		0.0622359		
20.01		0.0622068		
20.02		0.0621777		
20.03		0.0621486		
20.04		0.0621195		
20.05		0.0620905		
20.06		0.0620615		
20.07		0.0620325		
20.08		0.0620035		
20.09		0.0619746		
20.1		0.0619457		
20.11		0.0619168		
20.12		0.0618879		
20.13		0.0618591		
20.14		0.0618302		
20.15		0.0618014		
20.16		0.0617726		
20.17		0.0617439		
20.18		0.0617151		
20.19		0.0616864		
20.2		0.0616577		
20.21		0.061629		
20.22		0.0616004		
20.23		0.0615717		
20.24		0.0615431		
20.25		0.0615146		
20.26		0.061486		
20.27		0.0614574		
20.28		0.0614289		
20.29		0.0614004		
20.3		0.0613719		
20.31		0.0613435		
20.32		0.061315		
20.33		0.0612866		
20.34		0.0612582		
20.35		0.0612299		
20.36		0.0612015		
20.37		0.0611732		
20.38		0.0611449		
20.39		0.0611166		
20.4		0.0610883		
20.41		0.0610601		
20.42		0.0610318		
20.43		0.0610036		
20.44		0.0609755		
20.45		0.0609473		
20.46		0.0609192		
20.47		0.060891		
20.48		0.0608629		
20.49		0.0608349		
20.5		0.0608068		
20.51		0.0607788		
20.52		0.0607507		
20.53		0.0607227		
20.54		0.0606948		
20.55		0.0606668		
20.56		0.0606389		
20.57		0.060611		
20.58		0.0605831		
20.59		0.0605552		
20.6		0.0605273		
20.61		0.0604995		
20.62		0.0604717		
20.63		0.0604439		
20.64		0.0604161		
20.65		0.0603884		
20.66		0.0603607		
20.67		0.0603329		
20.68		0.0603052		
20.69		0.0602776		
20.7		0.0602499		
20.71		0.0602223		
20.72		0.0601947		
20.73		0.0601671		
20.74		0.0601395		
20.75		0.060112		
20.76		0.0600844		
20.77		0.0600569		
20.78		0.0600294		
20.79		0.0600019		
20.8		0.0599745		
20.81		0.0599471		
20.82		0.0599196		
20.83		0.0598922		
20.84		0.0598649		
20.85		0.0598375		
20.86		0.0598102		
20.87		0.0597828		
20.88		0.0597555		
20.89		0.0597283		
20.9		0.059701		
20.91		0.0596738		
20.92		0.0596465		
20.93		0.0596193		
20.94		0.0595921		
20.95		0.059565		
20.96		0.0595378		
20.97		0.0595107		
20.98		0.0594836		
20.99		0.0594565		
21		0.0594294		
21.01		0.0594024		
21.02		0.0593753		
21.03		0.0593483		
21.04		0.0593213		
21.05		0.0592943		
21.06		0.0592674		
21.07		0.0592404		
21.08		0.0592135		
21.09		0.0591866		
21.1		0.0591597		
21.11		0.0591328		
21.12		0.059106		
21.13		0.0590792		
21.14		0.0590524		
21.15		0.0590256		
21.16		0.0589988		
21.17		0.058972		
21.18		0.0589453		
21.19		0.0589186		
21.2		0.0588918		
21.21		0.0588652		
21.22		0.0588385		
21.23		0.0588118		
21.24		0.0587852		
21.25		0.0587586		
21.26		0.058732		
21.27		0.0587054		
21.28		0.0586789		
21.29		0.0586523		
21.3		0.0586258		
21.31		0.0585993		
21.32		0.0585728		
21.33		0.0585463		
21.34		0.0585198		
21.35		0.0584934		
21.36		0.058467		
21.37		0.0584406		
21.38		0.0584142		
21.39		0.0583878		
21.4		0.0583615		
21.41		0.0583351		
21.42		0.0583088		
21.43		0.0582825		
21.44		0.0582562		
21.45		0.05823		
21.46		0.0582037		
21.47		0.0581775		
21.48		0.0581513		
21.49		0.0581251		
21.5		0.0580989		
21.51		0.0580727		
21.52		0.0580466		
21.53		0.0580205		
21.54		0.0579944		
21.55		0.0579683		
21.56		0.0579422		
21.57		0.0579161		
21.58		0.0578901		
21.59		0.057864		
21.6		0.057838		
21.61		0.057812		
21.62		0.0577861		
21.63		0.0577601		
21.64		0.0577341		
21.65		0.0577082		
21.66		0.0576823		
21.67		0.0576564		
21.68		0.0576305		
21.69		0.0576047		
21.7		0.0575788		
21.71		0.057553		
21.72		0.0575272		
21.73		0.0575014		
21.74		0.0574756		
21.75		0.0574498		
21.76		0.0574241		
21.77		0.0573983		
21.78		0.0573726		
21.79		0.0573469		
21.8		0.0573212		
21.81		0.0572956		
21.82		0.0572699		
21.83		0.0572443		
21.84		0.0572187		
21.85		0.0571931		
21.86		0.0571675		
21.87		0.0571419		
21.88		0.0571163		
21.89		0.0570908		
21.9		0.0570653		
21.91		0.0570398		
21.92		0.0570143		
21.93		0.0569888		
21.94		0.0569633		
21.95		0.0569379		
21.96		0.0569124		
21.97		0.056887		
21.98		0.0568616		
21.99		0.0568362		
22		0.0568109		
22.01		0.0567855		
22.02		0.0567602		
22.03		0.0567348		
22.04		0.0567095		
22.05		0.0566842		
22.06		0.056659		
22.07		0.0566337		
22.08		0.0566085		
22.09		0.0565832		
22.1		0.056558		
22.11		0.0565328		
22.12		0.0565076		
22.13		0.0564824		
22.14		0.0564573		
22.15		0.0564321		
22.16		0.056407		
22.17		0.0563819		
22.18		0.0563568		
22.19		0.0563317		
22.2		0.0563066		
22.21		0.0562816		
22.22		0.0562566		
22.23		0.0562315		
22.24		0.0562065		
22.25		0.0561815		
22.26		0.0561565		
22.27		0.0561316		
22.28		0.0561066		
22.29		0.0560817		
22.3		0.0560568		
22.31		0.0560319		
22.32		0.056007		
22.33		0.0559821		
22.34		0.0559572		
22.35		0.0559324		
22.36		0.0559075		
22.37		0.0558827		
22.38		0.0558579		
22.39		0.0558331		
22.4		0.0558084		
22.41		0.0557836		
22.42		0.0557588		
22.43		0.0557341		
22.44		0.0557094		
22.45		0.0556847		
22.46		0.05566		
22.47		0.0556353		
22.48		0.0556106		
22.49		0.055586		
22.5		0.0555614		
22.51		0.0555367		
22.52		0.0555121		
22.53		0.0554875		
22.54		0.055463		
22.55		0.0554384		
22.56		0.0554138		
22.57		0.0553893		
22.58		0.0553648		
22.59		0.0553402		
22.6		0.0553157		
22.61		0.0552912		
22.62		0.0552668		
22.63		0.0552423		
22.64		0.0552179		
22.65		0.0551934		
22.66		0.055169		
22.67		0.0551446		
22.68		0.0551202		
22.69		0.0550959		
22.7		0.0550715		
22.71		0.0550472		
22.72		0.0550229		
22.73		0.0549986		
22.74		0.0549743		
22.75		0.05495		
22.76		0.0549258		
22.77		0.0549016		
22.78		0.0548774		
22.79		0.0548532		
22.8		0.054829		
22.81		0.0548049		
22.82		0.0547808		
22.83		0.0547567		
22.84		0.0547326		
22.85		0.0547085		
22.86		0.0546845		
22.87		0.0546605		
22.88		0.0546365		
22.89		0.0546125		
22.9		0.0545886		
22.91		0.0545646		
22.92		0.0545407		
22.93		0.0545168		
22.94		0.054493		
22.95		0.0544691		
22.96		0.0544453		
22.97		0.0544215		
22.98		0.0543978		
22.99		0.054374		
23		0.0543503		
23.01		0.0543266		
23.02		0.0543029		
23.03		0.0542792		
23.04		0.0542556		
23.05		0.054232		
23.06		0.0542084		
23.07		0.0541849		
23.08		0.0541613		
23.09		0.0541378		
23.1		0.0541143		
23.11		0.0540909		
23.12		0.0540674		
23.13		0.054044		
23.14		0.0540206		
23.15		0.0539973		
23.16		0.0539739		
23.17		0.0539506		
23.18		0.0539273		
23.19		0.0539041		
23.2		0.0538808		
23.21		0.0538576		
23.22		0.0538344		
23.23		0.0538113		
23.24		0.0537881		
23.25		0.053765		
23.26		0.0537419		
23.27		0.0537189		
23.28		0.0536958		
23.29		0.0536728		
23.3		0.0536498		
23.31		0.0536269		
23.32		0.053604		
23.33		0.0535811		
23.34		0.0535582		
23.35		0.0535353		
23.36		0.0535125		
23.37		0.0534897		
23.38		0.0534669		
23.39		0.0534442		
23.4		0.0534214		
23.41		0.0533987		
23.42		0.0533761		
23.43		0.0533534		
23.44		0.0533308		
23.45		0.0533082		
23.46		0.0532856		
23.47		0.0532631		
23.48		0.0532406		
23.49		0.0532181		
23.5		0.0531956		
23.51		0.0531732		
23.52		0.0531508		
23.53		0.0531284		
23.54		0.0531061		
23.55		0.0530837		
23.56		0.0530614		
23.57		0.0530391		
23.58		0.0530169		
23.59		0.0529947		
23.6		0.0529725		
23.61		0.0529503		
23.62		0.0529281		
23.63		0.052906		
23.64		0.0528839		
23.65		0.0528619		
23.66		0.0528398		
23.67		0.0528178		
23.68		0.0527958		
23.69		0.0527738		
23.7		0.0527519		
23.71		0.05273		
23.72		0.0527081		
23.73		0.0526862		
23.74		0.0526644		
23.75		0.0526426		
23.76		0.0526208		
23.77		0.052599		
23.78		0.0525773		
23.79		0.0525556		
23.8		0.0525339		
23.81		0.0525123		
23.82		0.0524906		
23.83		0.052469		
23.84		0.0524475		
23.85		0.0524259		
23.86		0.0524044		
23.87		0.0523829		
23.88		0.0523614		
23.89		0.05234		
23.9		0.0523185		
23.91		0.0522971		
23.92		0.0522758		
23.93		0.0522544		
23.94		0.0522331		
23.95		0.0522118		
23.96		0.0521905		
23.97		0.0521693		
23.98		0.0521481		
23.99		0.0521269		
24		0.0521057		
24.01		0.0520845		
24.02		0.0520634		
24.03		0.0520423		
24.04		0.0520213		
24.05		0.0520002		
24.06		0.0519792		
24.07		0.0519582		
24.08		0.0519372		
24.09		0.0519163		
24.1		0.0518954		
24.11		0.0518745		
24.12		0.0518536		
24.13		0.0518327		
24.14		0.0518119		
24.15		0.0517911		
24.16		0.0517704		
24.17		0.0517496		
24.18		0.0517289		
24.19		0.0517082		
24.2		0.0516875		
24.21		0.0516669		
24.22		0.0516462		
24.23		0.0516256		
24.24		0.051605		
24.25		0.0515845		
24.26		0.051564		
24.27		0.0515434		
24.28		0.051523		
24.29		0.0515025		
24.3		0.0514821		
24.31		0.0514617		
24.32		0.0514413		
24.33		0.0514209		
24.34		0.0514006		
24.35		0.0513803		
24.36		0.05136		
24.37		0.0513397		
24.38		0.0513194		
24.39		0.0512992		
24.4		0.051279		
24.41		0.0512588		
24.42		0.0512387		
24.43		0.0512186		
24.44		0.0511985		
24.45		0.0511784		
24.46		0.0511583		
24.47		0.0511383		
24.48		0.0511183		
24.49		0.0510983		
24.5		0.0510783		
24.51		0.0510584		
24.52		0.0510384		
24.53		0.0510185		
24.54		0.0509987		
24.55		0.0509788		
24.56		0.050959		
24.57		0.0509392		
24.58		0.0509194		
24.59		0.0508996		
24.6		0.0508799		
24.61		0.0508602		
24.62		0.0508405		
24.63		0.0508208		
24.64		0.0508011		
24.65		0.0507815		
24.66		0.0507619		
24.67		0.0507423		
24.68		0.0507228		
24.69		0.0507032		
24.7		0.0506837		
24.71		0.0506642		
24.72		0.0506447		
24.73		0.0506253		
24.74		0.0506059		
24.75		0.0505864		
24.76		0.0505671		
24.77		0.0505477		
24.78		0.0505283		
24.79		0.050509		
24.8		0.0504897		
24.81		0.0504704		
24.82		0.0504512		
24.83		0.0504319		
24.84		0.0504127		
24.85		0.0503935		
24.86		0.0503744		
24.87		0.0503552		
24.88		0.0503361		
24.89		0.050317		
24.9		0.0502979		
24.91		0.0502788		
24.92		0.0502598		
24.93		0.0502407		
24.94		0.0502217		
24.95		0.0502027		
24.96		0.0501838		
24.97		0.0501648		
24.98		0.0501459		
24.99		0.050127		
25		0.0501081		
25.01		0.0500893		
25.02		0.0500704		
25.03		0.0500516		
25.04		0.0500328		
25.05		0.050014		
25.06		0.0499953		
25.07		0.0499765		
25.08		0.0499578		
25.09		0.0499391		
25.1		0.0499204		
25.11		0.0499018		
25.12		0.0498831		
25.13		0.0498645		
25.14		0.0498459		
25.15		0.0498273		
25.16		0.0498088		
25.17		0.0497902		
25.18		0.0497717		
25.19		0.0497532		
25.2		0.0497347		
25.21		0.0497163		
25.22		0.0496978		
25.23		0.0496794		
25.24		0.049661		
25.25		0.0496426		
25.26		0.0496243		
25.27		0.0496059		
25.28		0.0495876		
25.29		0.0495693		
25.3		0.049551		
25.31		0.0495328		
25.32		0.0495145		
25.33		0.0494963		
25.34		0.0494781		
25.35		0.0494599		
25.36		0.0494417		
25.37		0.0494236		
25.38		0.0494054		
25.39		0.0493873		
25.4		0.0493692		
25.41		0.0493511		
25.42		0.0493331		
25.43		0.049315		
25.44		0.049297		
25.45		0.049279		
25.46		0.049261		
25.47		0.0492431		
25.48		0.0492251		
25.49		0.0492072		
25.5		0.0491893		
25.51		0.0491714		
25.52		0.0491535		
25.53		0.0491356		
25.54		0.0491178		
25.55		0.0491		
25.56		0.0490822		
25.57		0.0490644		
25.58		0.0490466		
25.59		0.0490289		
25.6		0.0490112		
25.61		0.0489934		
25.62		0.0489758		
25.63		0.0489581		
25.64		0.0489404		
25.65		0.0489228		
25.66		0.0489052		
25.67		0.0488875		
25.68		0.04887		
25.69		0.0488524		
25.7		0.0488348		
25.71		0.0488173		
25.72		0.0487998		
25.73		0.0487823		
25.74		0.0487648		
25.75		0.0487473		
25.76		0.0487299		
25.77		0.0487125		
25.78		0.048695		
25.79		0.0486776		
25.8		0.0486603		
25.81		0.0486429		
25.82		0.0486256		
25.83		0.0486082		
25.84		0.0485909		
25.85		0.0485736		
25.86		0.0485564		
25.87		0.0485391		
25.88		0.0485218		
25.89		0.0485046		
25.9		0.0484874		
25.91		0.0484702		
25.92		0.048453		
25.93		0.0484359		
25.94		0.0484187		
25.95		0.0484016		
25.96		0.0483845		
25.97		0.0483674		
25.98		0.0483503		
25.99		0.0483333		
26		0.0483162		
26.01		0.0482992		
26.02		0.0482822		
26.03		0.0482652		
26.04		0.0482482		
26.05		0.0482313		
26.06		0.0482143		
26.07		0.0481974		
26.08		0.0481805		
26.09		0.0481636		
26.1		0.0481467		
26.11		0.0481298		
26.12		0.048113		
26.13		0.0480961		
26.14		0.0480793		
26.15		0.0480625		
26.16		0.0480457		
26.17		0.048029		
26.18		0.0480122		
26.19		0.0479955		
26.2		0.0479787		
26.21		0.047962		
26.22		0.0479453		
26.23		0.0479287		
26.24		0.047912		
26.25		0.0478954		
26.26		0.0478787		
26.27		0.0478621		
26.28		0.0478455		
26.29		0.0478289		
26.3		0.0478124		
26.31		0.0477958		
26.32		0.0477793		
26.33		0.0477628		
26.34		0.0477463		
26.35		0.0477298		
26.36		0.0477133		
26.37		0.0476968		
26.38		0.0476804		
26.39		0.047664		
26.4		0.0476475		
26.41		0.0476311		
26.42		0.0476148		
26.43		0.0475984		
26.44		0.047582		
26.45		0.0475657		
26.46		0.0475494		
26.47		0.047533		
26.48		0.0475168		
26.49		0.0475005		
26.5		0.0474842		
26.51		0.047468		
26.52		0.0474517		
26.53		0.0474355		
26.54		0.0474193		
26.55		0.0474031		
26.56		0.0473869		
26.57		0.0473707		
26.58		0.0473546		
26.59		0.0473385		
26.6		0.0473223		
26.61		0.0473062		
26.62		0.0472901		
26.63		0.0472741		
26.64		0.047258		
26.65		0.047242		
26.66		0.0472259		
26.67		0.0472099		
26.68		0.0471939		
26.69		0.0471779		
26.7		0.0471619		
26.71		0.047146		
26.72		0.04713		
26.73		0.0471141		
26.74		0.0470982		
26.75		0.0470823		
26.76		0.0470664		
26.77		0.0470505		
26.78		0.0470346		
26.79		0.0470188		
26.8		0.0470029		
26.81		0.0469871		
26.82		0.0469713		
26.83		0.0469555		
26.84		0.0469397		
26.85		0.0469239		
26.86		0.0469082		
26.87		0.0468924		
26.88		0.0468767		
26.89		0.046861		
26.9		0.0468453		
26.91		0.0468296		
26.92		0.0468139		
26.93		0.0467983		
26.94		0.0467826		
26.95		0.046767		
26.96		0.0467514		
26.97		0.0467358		
26.98		0.0467202		
26.99		0.0467046		
27		0.046689		
27.01		0.0466735		
27.02		0.046658		
27.03		0.0466424		
27.04		0.0466269		
27.05		0.0466114		
27.06		0.0465959		
27.07		0.0465805		
27.08		0.046565		
27.09		0.0465495		
27.1		0.0465341		
27.11		0.0465187		
27.12		0.0465033		
27.13		0.0464879		
27.14		0.0464725		
27.15		0.0464571		
27.16		0.0464418		
27.17		0.0464264		
27.18		0.0464111		
27.19		0.0463958		
27.2		0.0463805		
27.21		0.0463652		
27.22		0.0463499		
27.23		0.0463346		
27.24		0.0463194		
27.25		0.0463042		
27.26		0.0462889		
27.27		0.0462737		
27.28		0.0462585		
27.29		0.0462433		
27.3		0.0462281		
27.31		0.046213		
27.32		0.0461978		
27.33		0.0461827		
27.34		0.0461676		
27.35		0.0461524		
27.36		0.0461373		
27.37		0.0461222		
27.38		0.0461072		
27.39		0.0460921		
27.4		0.046077		
27.41		0.046062		
27.42		0.046047		
27.43		0.046032		
27.44		0.046017		
27.45		0.046002		
27.46		0.045987		
27.47		0.045972		
27.48		0.0459571		
27.49		0.0459421		
27.5		0.0459272		
27.51		0.0459123		
27.52		0.0458974		
27.53		0.0458825		
27.54		0.0458676		
27.55		0.0458527		
27.56		0.0458379		
27.57		0.045823		
27.58		0.0458082		
27.59		0.0457934		
27.6		0.0457785		
27.61		0.0457637		
27.62		0.045749		
27.63		0.0457342		
27.64		0.0457194		
27.65		0.0457047		
27.66		0.0456899		
27.67		0.0456752		
27.68		0.0456605		
27.69		0.0456458		
27.7		0.0456311		
27.71		0.0456164		
27.72		0.0456017		
27.73		0.0455871		
27.74		0.0455724		
27.75		0.0455578		
27.76		0.0455432		
27.77		0.0455285		
27.78		0.0455139		
27.79		0.0454994		
27.8		0.0454848		
27.81		0.0454702		
27.82		0.0454557		
27.83		0.0454411		
27.84		0.0454266		
27.85		0.0454121		
27.86		0.0453976		
27.87		0.0453831		
27.88		0.0453686		
27.89		0.0453541		
27.9		0.0453396		
27.91		0.0453252		
27.92		0.0453107		
27.93		0.0452963		
27.94		0.0452819		
27.95		0.0452675		
27.96		0.0452531		
27.97		0.0452387		
27.98		0.0452243		
27.99		0.04521		
28		0.0451956		
28.01		0.0451813		
28.02		0.0451669		
28.03		0.0451526		
28.04		0.0451383		
28.05		0.045124		
28.06		0.0451097		
28.07		0.0450954		
28.08		0.0450812		
28.09		0.0450669		
28.1		0.0450527		
28.11		0.0450384		
28.12		0.0450242		
28.13		0.04501		
28.14		0.0449958		
28.15		0.0449816		
28.16		0.0449674		
28.17		0.0449533		
28.18		0.0449391		
28.19		0.044925		
28.2		0.0449108		
28.21		0.0448967		
28.22		0.0448826		
28.23		0.0448685		
28.24		0.0448544		
28.25		0.0448403		
28.26		0.0448262		
28.27		0.0448122		
28.28		0.0447981		
28.29		0.0447841		
28.3		0.0447701		
28.31		0.044756		
28.32		0.044742		
28.33		0.044728		
28.34		0.0447141		
28.35		0.0447001		
28.36		0.0446861		
28.37		0.0446721		
28.38		0.0446582		
28.39		0.0446443		
28.4		0.0446303		
28.41		0.0446164		
28.42		0.0446025		
28.43		0.0445886		
28.44		0.0445747		
28.45		0.0445609		
28.46		0.044547		
28.47		0.0445331		
28.48		0.0445193		
28.49		0.0445055		
28.5		0.0444916		
28.51		0.0444778		
28.52		0.044464		
28.53		0.0444502		
28.54		0.0444365		
28.55		0.0444227		
28.56		0.0444089		
28.57		0.0443952		
28.58		0.0443814		
28.59		0.0443677		
28.6		0.044354		
28.61		0.0443403		
28.62		0.0443266		
28.63		0.0443129		
28.64		0.0442992		
28.65		0.0442855		
28.66		0.0442718		
28.67		0.0442582		
28.68		0.0442445		
28.69		0.0442309		
28.7		0.0442173		
28.71		0.0442037		
28.72		0.0441901		
28.73		0.0441765		
28.74		0.0441629		
28.75		0.0441493		
28.76		0.0441357		
28.77		0.0441222		
28.78		0.0441086		
28.79		0.0440951		
28.8		0.0440816		
28.81		0.0440681		
28.82		0.0440546		
28.83		0.0440411		
28.84		0.0440276		
28.85		0.0440141		
28.86		0.0440006		
28.87		0.0439872		
28.88		0.0439737		
28.89		0.0439603		
28.9		0.0439468		
28.91		0.0439334		
28.92		0.04392		
28.93		0.0439066		
28.94		0.0438932		
28.95		0.0438798		
28.96		0.0438665		
28.97		0.0438531		
28.98		0.0438397		
28.99		0.0438264		
29		0.0438131		
29.01		0.0437997		
29.02		0.0437864		
29.03		0.0437731		
29.04		0.0437598		
29.05		0.0437465		
29.06		0.0437332		
29.07		0.04372		
29.08		0.0437067		
29.09		0.0436935		
29.1		0.0436802		
29.11		0.043667		
29.12		0.0436538		
29.13		0.0436405		
29.14		0.0436273		
29.15		0.0436141		
29.16		0.0436009		
29.17		0.0435878		
29.18		0.0435746		
29.19		0.0435614		
29.2		0.0435483		
29.21		0.0435351		
29.22		0.043522		
29.23		0.0435089		
29.24		0.0434958		
29.25		0.0434827		
29.26		0.0434696		
29.27		0.0434565		
29.28		0.0434434		
29.29		0.0434303		
29.3		0.0434173		
29.31		0.0434042		
29.32		0.0433912		
29.33		0.0433781		
29.34		0.0433651		
29.35		0.0433521		
29.36		0.0433391		
29.37		0.0433261		
29.38		0.0433131		
29.39		0.0433001		
29.4		0.0432871		
29.41		0.0432742		
29.42		0.0432612		
29.43		0.0432483		
29.44		0.0432353		
29.45		0.0432224		
29.46		0.0432095		
29.47		0.0431966		
29.48		0.0431836		
29.49		0.0431708		
29.5		0.0431579		
29.51		0.043145		
29.52		0.0431321		
29.53		0.0431193		
29.54		0.0431064		
29.55		0.0430936		
29.56		0.0430807		
29.57		0.0430679		
29.58		0.0430551		
29.59		0.0430423		
29.6		0.0430295		
29.61		0.0430167		
29.62		0.0430039		
29.63		0.0429911		
29.64		0.0429784		
29.65		0.0429656		
29.66		0.0429529		
29.67		0.0429401		
29.68		0.0429274		
29.69		0.0429147		
29.7		0.042902		
29.71		0.0428893		
29.72		0.0428766		
29.73		0.042864		
29.74		0.0428514		
29.75		0.0428388		
29.76		0.0428263		
29.77		0.0428137		
29.78		0.0428013		
29.79		0.0427888		
29.8		0.0427764		
29.81		0.0427641		
29.82		0.0427517		
29.83		0.0427395		
29.84		0.0427272		
29.85		0.0427151		
29.86		0.0427029		
29.87		0.0426909		
29.88		0.0426788		
29.89		0.0426669		
29.9		0.042655		
29.91		0.0426431		
29.92		0.0426313		
29.93		0.0426196		
29.94		0.0426079		
29.95		0.0425963		
29.96		0.0425847		
29.97		0.0425732		
29.98		0.0425618		
29.99		0.0425504		
30		0.0425391		
30.01		0.0425279		
30.02		0.0425168		
30.03		0.0425057		
30.04		0.0424946		
30.05		0.0424837		
30.06		0.0424728		
30.07		0.042462		
30.08		0.0424512		
30.09		0.0424405		
30.1		0.0424299		
30.11		0.0424194		
30.12		0.0424089		
30.13		0.0423985		
30.14		0.0423882		
30.15		0.042378		
30.16		0.0423678		
30.17		0.0423577		
30.18		0.0423476		
30.19		0.0423376		
30.2		0.0423277		
30.21		0.0423179		
30.22		0.0423081		
30.23		0.0422984		
30.24		0.0422888		
30.25		0.0422793		
30.26		0.0422698		
30.27		0.0422604		
30.28		0.042251		
30.29		0.0422417		
30.3		0.0422325		
30.31		0.0422233		
30.32		0.0422143		
30.33		0.0422052		
30.34		0.0421963		
30.35		0.0421874		
30.36		0.0421786		
30.37		0.0421698		
30.38		0.0421611		
30.39		0.0421525		
30.4		0.0421439		
30.41		0.0421353		
30.42		0.0421269		
30.43		0.0421185		
30.44		0.0421101		
30.45		0.0421018		
30.46		0.0420936		
30.47		0.0420854		
30.48		0.0420773		
30.49		0.0420692		
30.5		0.0420612		
30.51		0.0420533		
30.52		0.0420454		
30.53		0.0420375		
30.54		0.0420297		
30.55		0.0420219		
30.56		0.0420142		
30.57		0.0420065		
30.58		0.0419989		
30.59		0.0419913		
30.6		0.0419838		
30.61		0.0419763		
30.62		0.0419689		
30.63		0.0419615		
30.64		0.0419541		
30.65		0.0419468		
30.66		0.0419395		
30.67		0.0419323		
30.68		0.0419251		
30.69		0.0419179		
30.7		0.0419108		
30.71		0.0419037		
30.72		0.0418966		
30.73		0.0418896		
30.74		0.0418826		
30.75		0.0418756		
30.76		0.0418686		
30.77		0.0418617		
30.78		0.0418549		
30.79		0.041848		
30.8		0.0418412		
30.81		0.0418344		
30.82		0.0418276		
30.83		0.0418209		
30.84		0.0418141		
30.85		0.0418074		
30.86		0.0418007		
30.87		0.0417941		
30.88		0.0417874		
30.89		0.0417808		
30.9		0.0417742		
30.91		0.0417676		
30.92		0.0417611		
30.93		0.0417545		
30.94		0.041748		
30.95		0.0417415		
30.96		0.0417349		
30.97		0.0417285		
30.98		0.041722		
30.99		0.0417155		
31		0.0417091		
31.01		0.0417026		
31.02		0.0416962		
31.03		0.0416897		
31.04		0.0416833		
31.05		0.0416769		
31.06		0.0416705		
31.07		0.0416641		
31.08		0.0416577		
31.09		0.0416513		
31.1		0.0416449		
31.11		0.0416386		
31.12		0.0416322		
31.13		0.0416258		
31.14		0.0416194		
31.15		0.0416131		
31.16		0.0416067		
31.17		0.0416003		
31.18		0.041594		
31.19		0.0415876		
31.2		0.0415812		
31.21		0.0415749		
31.22		0.0415685		
31.23		0.0415621		
31.24		0.0415557		
31.25		0.0415493		
31.26		0.0415429		
31.27		0.0415365		
31.28		0.0415301		
31.29		0.0415237		
31.3		0.0415173		
31.31		0.0415109		
31.32		0.0415045		
31.33		0.0414981		
31.34		0.0414916		
31.35		0.0414852		
31.36		0.0414787		
31.37		0.0414723		
31.38		0.0414658		
31.39		0.0414593		
31.4		0.0414528		
31.41		0.0414463		
31.42		0.0414398		
31.43		0.0414333		
31.44		0.0414267		
31.45		0.0414202		
31.46		0.0414136		
31.47		0.041407		
31.48		0.0414004		
31.49		0.0413938		
31.5		0.0413872		
31.51		0.0413806		
31.52		0.041374		
31.53		0.0413673		
31.54		0.0413606		
31.55		0.041354		
31.56		0.0413473		
31.57		0.0413405		
31.58		0.0413338		
31.59		0.0413271		
31.6		0.0413203		
31.61		0.0413135		
31.62		0.0413068		
31.63		0.0412999		
31.64		0.0412931		
31.65		0.0412863		
31.66		0.0412794		
31.67		0.0412726		
31.68		0.0412657		
31.69		0.0412588		
31.7		0.0412518		
31.71		0.0412449		
31.72		0.0412379		
31.73		0.041231		
31.74		0.041224		
31.75		0.041217		
31.76		0.0412099		
31.77		0.0412029		
31.78		0.0411958		
31.79		0.0411887		
31.8		0.0411816		
31.81		0.0411745		
31.82		0.0411674		
31.83		0.0411602		
31.84		0.041153		
31.85		0.0411459		
31.86		0.0411386		
31.87		0.0411314		
31.88		0.0411242		
31.89		0.0411169		
31.9		0.0411096		
31.91		0.0411023		
31.92		0.041095		
31.93		0.0410876		
31.94		0.0410803		
31.95		0.0410729		
31.96		0.0410655		
31.97		0.0410581		
31.98		0.0410506		
31.99		0.0410432		
32		0.0410357		
32.01		0.0410282		
32.02		0.0410207		
32.03		0.0410131		
32.04		0.0410056		
32.05		0.040998		
32.06		0.0409904		
32.07		0.0409828		
32.08		0.0409752		
32.09		0.0409676		
32.1		0.0409599		
32.11		0.0409522		
32.12		0.0409445		
32.13		0.0409368		
32.14		0.040929		
32.15		0.0409213		
32.16		0.0409135		
32.17		0.0409057		
32.18		0.0408979		
32.19		0.0408901		
32.2		0.0408822		
32.21		0.0408743		
32.22		0.0408665		
32.23		0.0408586		
32.24		0.0408506		
32.25		0.0408427		
32.26		0.0408347		
32.27		0.0408268		
32.28		0.0408188		
32.29		0.0408108		
32.3		0.0408027		
32.31		0.0407947		
32.32		0.0407866		
32.33		0.0407785		
32.34		0.0407704		
32.35		0.0407623		
32.36		0.0407542		
32.37		0.040746		
32.38		0.0407379		
32.39		0.0407297		
32.4		0.0407215		
32.41		0.0407133		
32.42		0.040705		
32.43		0.0406968		
32.44		0.0406885		
32.45		0.0406803		
32.46		0.040672		
32.47		0.0406636		
32.48		0.0406553		
32.49		0.040647		
32.5		0.0406386		
32.51		0.0406302		
32.52		0.0406218		
32.53		0.0406134		
32.54		0.040605		
32.55		0.0405966		
32.56		0.0405881		
32.57		0.0405797		
32.58		0.0405712		
32.59		0.0405627		
32.6		0.0405542		
32.61		0.0405456		
32.62		0.0405371		
32.63		0.0405286		
32.64		0.04052		
32.65		0.0405114		
32.66		0.0405028		
32.67		0.0404942		
32.68		0.0404856		
32.69		0.0404769		
32.7		0.0404683		
32.71		0.0404596		
32.72		0.040451		
32.73		0.0404423		
32.74		0.0404336		
32.75		0.0404248		
32.76		0.0404161		
32.77		0.0404074		
32.78		0.0403986		
32.79		0.0403899		
32.8		0.0403811		
32.81		0.0403723		
32.82		0.0403635		
32.83		0.0403547		
32.84		0.0403458		
32.85		0.040337		
32.86		0.0403282		
32.87		0.0403193		
32.88		0.0403104		
32.89		0.0403015		
32.9		0.0402926		
32.91		0.0402837		
32.92		0.0402748		
32.93		0.0402659		
32.94		0.0402569		
32.95		0.040248		
32.96		0.040239		
32.97		0.0402301		
32.98		0.0402211		
32.99		0.0402121		
33		0.0402031		
33.01		0.0401941		
33.02		0.0401851		
33.03		0.040176		
33.04		0.040167		
33.05		0.0401579		
33.06		0.0401489		
33.07		0.0401398		
33.08		0.0401307		
33.09		0.0401216		
33.1		0.0401126		
33.11		0.0401034		
33.12		0.0400943		
33.13		0.0400852		
33.14		0.0400761		
33.15		0.0400669		
33.16		0.0400578		
33.17		0.0400486		
33.18		0.0400395		
33.19		0.0400303		
33.2		0.0400211		
33.21		0.0400119		
33.22		0.0400027		
33.23		0.0399935		
33.24		0.0399843		
33.25		0.0399751		
33.26		0.0399659		
33.27		0.0399566		
33.28		0.0399474		
33.29		0.0399381		
33.3		0.0399289		
33.31		0.0399196		
33.32		0.0399104		
33.33		0.0399011		
33.34		0.0398918		
33.35		0.0398825		
33.36		0.0398732		
33.37		0.0398639		
33.38		0.0398546		
33.39		0.0398453		
33.4		0.039836		
33.41		0.0398266		
33.42		0.0398173		
33.43		0.039808		
33.44		0.0397986		
33.45		0.0397893		
33.46		0.0397799		
33.47		0.0397705		
33.48		0.0397612		
33.49		0.0397518		
33.5		0.0397424		
33.51		0.039733		
33.52		0.0397237		
33.53		0.0397143		
33.54		0.0397049		
33.55		0.0396955		
33.56		0.0396861		
33.57		0.0396766		
33.58		0.0396672		
33.59		0.0396578		
33.6		0.0396484		
33.61		0.0396389		
33.62		0.0396295		
33.63		0.0396201		
33.64		0.0396106		
33.65		0.0396012		
33.66		0.0395917		
33.67		0.0395823		
33.68		0.0395728		
33.69		0.0395633		
33.7		0.0395539		
33.71		0.0395444		
33.72		0.0395349		
33.73		0.0395254		
33.74		0.039516		
33.75		0.0395065		
33.76		0.039497		
33.77		0.0394875		
33.78		0.039478		
33.79		0.0394685		
33.8		0.039459		
33.81		0.0394495		
33.82		0.03944		
33.83		0.0394305		
33.84		0.039421		
33.85		0.0394114		
33.86		0.0394019		
33.87		0.0393924		
33.88		0.0393829		
33.89		0.0393733		
33.9		0.0393638		
33.91		0.0393543		
33.92		0.0393447		
33.93		0.0393352		
33.94		0.0393257		
33.95		0.0393161		
33.96		0.0393066		
33.97		0.039297		
33.98		0.0392875		
33.99		0.0392779		
34		0.0392684		
34.01		0.0392588		
34.02		0.0392493		
34.03		0.0392397		
34.04		0.0392302		
34.05		0.0392206		
34.06		0.039211		
34.07		0.0392015		
34.08		0.0391919		
34.09		0.0391823		
34.1		0.0391728		
34.11		0.0391632		
34.12		0.0391536		
34.13		0.039144		
34.14		0.0391345		
34.15		0.0391249		
34.16		0.0391153		
34.17		0.0391057		
34.18		0.0390961		
34.19		0.0390866		
34.2		0.039077		
34.21		0.0390674		
34.22		0.0390578		
34.23		0.0390482		
34.24		0.0390386		
34.25		0.0390291		
34.26		0.0390195		
34.27		0.0390099		
34.28		0.0390003		
34.29		0.0389907		
34.3		0.0389811		
34.31		0.0389715		
34.32		0.0389619		
34.33		0.0389523		
34.34		0.0389428		
34.35		0.0389332		
34.36		0.0389236		
34.37		0.038914		
34.38		0.0389044		
34.39		0.0388948		
34.4		0.0388852		
34.41		0.0388756		
34.42		0.038866		
34.43		0.0388564		
34.44		0.0388468		
34.45		0.0388372		
34.46		0.0388276		
34.47		0.038818		
34.48		0.0388084		
34.49		0.0387988		
34.5		0.0387892		
34.51		0.0387796		
34.52		0.0387701		
34.53		0.0387605		
34.54		0.0387509		
34.55		0.0387413		
34.56		0.0387317		
34.57		0.0387221		
34.58		0.0387125		
34.59		0.0387029		
34.6		0.0386933		
34.61		0.0386837		
34.62		0.0386741		
34.63		0.0386645		
34.64		0.0386549		
34.65		0.0386453		
34.66		0.0386358		
34.67		0.0386262		
34.68		0.0386166		
34.69		0.038607		
34.7		0.0385974		
34.71		0.0385878		
34.72		0.0385782		
34.73		0.0385687		
34.74		0.0385591		
34.75		0.0385495		
34.76		0.0385399		
34.77		0.0385303		
34.78		0.0385207		
34.79		0.0385112		
34.8		0.0385016		
34.81		0.038492		
34.82		0.0384824		
34.83		0.0384729		
34.84		0.0384633		
34.85		0.0384537		
34.86		0.0384441		
34.87		0.0384346		
34.88		0.038425		
34.89		0.0384154		
34.9		0.0384059		
34.91		0.0383963		
34.92		0.0383867		
34.93		0.0383772		
34.94		0.0383676		
34.95		0.038358		
34.96		0.0383485		
34.97		0.0383389		
34.98		0.0383293		
34.99		0.0383198		
35		0.0383102		
35.01		0.0383007		
35.02		0.0382911		
35.03		0.0382816		
35.04		0.038272		
35.05		0.0382625		
35.06		0.0382529		
35.07		0.0382434		
35.08		0.0382338		
35.09		0.0382243		
35.1		0.0382148		
35.11		0.0382052		
35.12		0.0381957		
35.13		0.0381861		
35.14		0.0381766		
35.15		0.0381671		
35.16		0.0381575		
35.17		0.038148		
35.18		0.0381385		
35.19		0.038129		
35.2		0.0381194		
35.21		0.0381099		
35.22		0.0381004		
35.23		0.0380909		
35.24		0.0380813		
35.25		0.0380718		
35.26		0.0380623		
35.27		0.0380528		
35.28		0.0380433		
35.29		0.0380338		
35.3		0.0380243		
35.31		0.0380148		
35.32		0.0380053		
35.33		0.0379958		
35.34		0.0379863		
35.35		0.0379768		
35.36		0.0379673		
35.37		0.0379578		
35.38		0.0379483		
35.39		0.0379388		
35.4		0.0379293		
35.41		0.0379198		
35.42		0.0379103		
35.43		0.0379008		
35.44		0.0378914		
35.45		0.0378819		
35.46		0.0378724		
35.47		0.0378629		
35.48		0.0378535		
35.49		0.037844		
35.5		0.0378345		
35.51		0.0378251		
35.52		0.0378156		
35.53		0.0378061		
35.54		0.0377967		
35.55		0.0377872		
35.56		0.0377778		
35.57		0.0377683		
35.58		0.0377588		
35.59		0.0377494		
35.6		0.03774		
35.61		0.0377305		
35.62		0.0377211		
35.63		0.0377116		
35.64		0.0377022		
35.65		0.0376928		
35.66		0.0376833		
35.67		0.0376739		
35.68		0.0376645		
35.69		0.037655		
35.7		0.0376456		
35.71		0.0376362		
35.72		0.0376268		
35.73		0.0376173		
35.74		0.0376079		
35.75		0.0375985		
35.76		0.0375891		
35.77		0.0375797		
35.78		0.0375703		
35.79		0.0375609		
35.8		0.0375515		
35.81		0.0375421		
35.82		0.0375327		
35.83		0.0375233		
35.84		0.0375139		
35.85		0.0375045		
35.86		0.0374951		
35.87		0.0374857		
35.88		0.0374764		
35.89		0.037467		
35.9		0.0374576		
35.91		0.0374482		
35.92		0.0374389		
35.93		0.0374295		
35.94		0.0374201		
35.95		0.0374108		
35.96		0.0374014		
35.97		0.037392		
35.98		0.0373827		
35.99		0.0373733		
36		0.037364		
36.01		0.0373546		
36.02		0.0373453		
36.03		0.0373359		
36.04		0.0373266		
36.05		0.0373172		
36.06		0.0373079		
36.07		0.0372986		
36.08		0.0372892		
36.09		0.0372799		
36.1		0.0372706		
36.11		0.0372613		
36.12		0.0372519		
36.13		0.0372426		
36.14		0.0372333		
36.15		0.037224		
36.16		0.0372147		
36.17		0.0372054		
36.18		0.0371961		
36.19		0.0371868		
36.2		0.0371775		
36.21		0.0371682		
36.22		0.0371589		
36.23		0.0371496		
36.24		0.0371403		
36.25		0.037131		
36.26		0.0371217		
36.27		0.0371124		
36.28		0.0371032		
36.29		0.0370939		
36.3		0.0370846		
36.31		0.0370753		
36.32		0.0370661		
36.33		0.0370568		
36.34		0.0370475		
36.35		0.0370383		
36.36		0.037029		
36.37		0.0370198		
36.38		0.0370105		
36.39		0.0370013		
36.4		0.036992		
36.41		0.0369828		
36.42		0.0369735		
36.43		0.0369643		
36.44		0.0369551		
36.45		0.0369458		
36.46		0.0369366		
36.47		0.0369274		
36.48		0.0369182		
36.49		0.0369089		
36.5		0.0368997		
36.51		0.0368905		
36.52		0.0368813		
36.53		0.0368721		
36.54		0.0368629		
36.55		0.0368537		
36.56		0.0368445		
36.57		0.0368353		
36.58		0.0368261		
36.59		0.0368169		
36.6		0.0368077		
36.61		0.0367985		
36.62		0.0367893		
36.63		0.0367801		
36.64		0.036771		
36.65		0.0367618		
36.66		0.0367526		
36.67		0.0367434		
36.68		0.0367343		
36.69		0.0367251		
36.7		0.0367159		
36.71		0.0367068		
36.72		0.0366976		
36.73		0.0366885		
36.74		0.0366793		
36.75		0.0366702		
36.76		0.036661		
36.77		0.0366519		
36.78		0.0366428		
36.79		0.0366336		
36.8		0.0366245		
36.81		0.0366154		
36.82		0.0366062		
36.83		0.0365971		
36.84		0.036588		
36.85		0.0365789		
36.86		0.0365698		
36.87		0.0365606		
36.88		0.0365515		
36.89		0.0365424		
36.9		0.0365333		
36.91		0.0365242		
36.92		0.0365151		
36.93		0.036506		
36.94		0.0364969		
36.95		0.0364879		
36.96		0.0364788		
36.97		0.0364697		
36.98		0.0364606		
36.99		0.0364515		
37		0.0364425		
37.01		0.0364334		
37.02		0.0364243		
37.03		0.0364153		
37.04		0.0364062		
37.05		0.0363971		
37.06		0.0363881		
37.07		0.036379		
37.08		0.03637		
37.09		0.0363609		
37.1		0.0363519		
37.11		0.0363428		
37.12		0.0363338		
37.13		0.0363248		
37.14		0.0363157		
37.15		0.0363067		
37.16		0.0362977		
37.17		0.0362887		
37.18		0.0362796		
37.19		0.0362706		
37.2		0.0362616		
37.21		0.0362526		
37.22		0.0362436		
37.23		0.0362346		
37.24		0.0362256		
37.25		0.0362166		
37.26		0.0362076		
37.27		0.0361986		
37.28		0.0361896		
37.29		0.0361806		
37.3		0.0361716		
37.31		0.0361627		
37.32		0.0361537		
37.33		0.0361447		
37.34		0.0361357		
37.35		0.0361268		
37.36		0.0361178		
37.37		0.0361088		
37.38		0.0360999		
37.39		0.0360909		
37.4		0.036082		
37.41		0.036073		
37.42		0.0360641		
37.43		0.0360551		
37.44		0.0360462		
37.45		0.0360373		
37.46		0.0360283		
37.47		0.0360194		
37.48		0.0360105		
37.49		0.0360015		
37.5		0.0359926		
37.51		0.0359837		
37.52		0.0359748		
37.53		0.0359659		
37.54		0.035957		
37.55		0.0359481		
37.56		0.0359391		
37.57		0.0359302		
37.58		0.0359213		
37.59		0.0359125		
37.6		0.0359036		
37.61		0.0358947		
37.62		0.0358858		
37.63		0.0358769		
37.64		0.035868		
37.65		0.0358592		
37.66		0.0358503		
37.67		0.0358414		
37.68		0.0358325		
37.69		0.0358237		
37.7		0.0358148		
37.71		0.035806		
37.72		0.0357971		
37.73		0.0357883		
37.74		0.0357794		
37.75		0.0357706		
37.76		0.0357617		
37.77		0.0357529		
37.78		0.035744		
37.79		0.0357352		
37.8		0.0357264		
37.81		0.0357176		
37.82		0.0357087		
37.83		0.0356999		
37.84		0.0356911		
37.85		0.0356823		
37.86		0.0356735		
37.87		0.0356647		
37.88		0.0356559		
37.89		0.0356471		
37.9		0.0356383		
37.91		0.0356295		
37.92		0.0356207		
37.93		0.0356119		
37.94		0.0356031		
37.95		0.0355943		
37.96		0.0355855		
37.97		0.0355768		
37.98		0.035568		
37.99		0.0355592		
38		0.0355505		
38.01		0.0355417		
38.02		0.0355329		
38.03		0.0355242		
38.04		0.0355154		
38.05		0.0355067		
38.06		0.0354979		
38.07		0.0354892		
38.08		0.0354804		
38.09		0.0354717		
38.1		0.035463		
38.11		0.0354542		
38.12		0.0354455		
38.13		0.0354368		
38.14		0.035428		
38.15		0.0354193		
38.16		0.0354106		
38.17		0.0354019		
38.18		0.0353932		
38.19		0.0353845		
38.2		0.0353758		
38.21		0.0353671		
38.22		0.0353584		
38.23		0.0353497		
38.24		0.035341		
38.25		0.0353323		
38.26		0.0353236		
38.27		0.0353149		
38.28		0.0353062		
38.29		0.0352976		
38.3		0.0352889		
38.31		0.0352802		
38.32		0.0352716		
38.33		0.0352629		
38.34		0.0352542		
38.35		0.0352456		
38.36		0.0352369		
38.37		0.0352283		
38.38		0.0352196		
38.39		0.035211		
38.4		0.0352023		
38.41		0.0351937		
38.42		0.0351851		
38.43		0.0351764		
38.44		0.0351678		
38.45		0.0351592		
38.46		0.0351506		
38.47		0.0351419		
38.48		0.0351333		
38.49		0.0351247		
38.5		0.0351161		
38.51		0.0351075		
38.52		0.0350989		
38.53		0.0350903		
38.54		0.0350817		
38.55		0.0350731		
38.56		0.0350645		
38.57		0.0350559		
38.58		0.0350473		
38.59		0.0350387		
38.6		0.0350302		
38.61		0.0350216		
38.62		0.035013		
38.63		0.0350045		
38.64		0.0349959		
38.65		0.0349873		
38.66		0.0349788		
38.67		0.0349702		
38.68		0.0349617		
38.69		0.0349531		
38.7		0.0349446		
38.71		0.034936		
38.72		0.0349275		
38.73		0.0349189		
38.74		0.0349104		
38.75		0.0349019		
38.76		0.0348933		
38.77		0.0348848		
38.78		0.0348763		
38.79		0.0348678		
38.8		0.0348593		
38.81		0.0348507		
38.82		0.0348422		
38.83		0.0348337		
38.84		0.0348252		
38.85		0.0348167		
38.86		0.0348082		
38.87		0.0347997		
38.88		0.0347912		
38.89		0.0347828		
38.9		0.0347743		
38.91		0.0347658		
38.92		0.0347573		
38.93		0.0347488		
38.94		0.0347404		
38.95		0.0347319		
38.96		0.0347234		
38.97		0.034715		
38.98		0.0347065		
38.99		0.0346981		
39		0.0346896		
39.01		0.0346812		
39.02		0.0346727		
39.03		0.0346643		
39.04		0.0346558		
39.05		0.0346474		
39.06		0.034639		
39.07		0.0346305		
39.08		0.0346221		
39.09		0.0346137		
39.1		0.0346053		
39.11		0.0345968		
39.12		0.0345884		
39.13		0.03458		
39.14		0.0345716		
39.15		0.0345632		
39.16		0.0345548		
39.17		0.0345464		
39.18		0.034538		
39.19		0.0345296		
39.2		0.0345212		
39.21		0.0345128		
39.22		0.0345044		
39.23		0.0344961		
39.24		0.0344877		
39.25		0.0344793		
39.26		0.0344709		
39.27		0.0344626		
39.28		0.0344542		
39.29		0.0344458		
39.3		0.0344375		
39.31		0.0344291		
39.32		0.0344208		
39.33		0.0344124		
39.34		0.0344041		
39.35		0.0343957		
39.36		0.0343874		
39.37		0.0343791		
39.38		0.0343707		
39.39		0.0343624		
39.4		0.0343541		
39.41		0.0343458		
39.42		0.0343374		
39.43		0.0343291		
39.44		0.0343208		
39.45		0.0343125		
39.46		0.0343042		
39.47		0.0342959		
39.48		0.0342876		
39.49		0.0342793		
39.5		0.034271		
39.51		0.0342627		
39.52		0.0342544		
39.53		0.0342461		
39.54		0.0342378		
39.55		0.0342295		
39.56		0.0342213		
39.57		0.034213		
39.58		0.0342047		
39.59		0.0341965		
39.6		0.0341882		
39.61		0.0341799		
39.62		0.0341717		
39.63		0.0341634		
39.64		0.0341552		
39.65		0.0341469		
39.66		0.0341387		
39.67		0.0341304		
39.68		0.0341222		
39.69		0.034114		
39.7		0.0341057		
39.71		0.0340975		
39.72		0.0340893		
39.73		0.034081		
39.74		0.0340728		
39.75		0.0340646		
39.76		0.0340564		
39.77		0.0340482		
39.78		0.03404		
39.79		0.0340318		
39.8		0.0340236		
39.81		0.0340154		
39.82		0.0340072		
39.83		0.033999		
39.84		0.0339908		
39.85		0.0339826		
39.86		0.0339744		
39.87		0.0339662		
39.88		0.033958		
39.89		0.0339499		
39.9		0.0339417		
39.91		0.0339335		
39.92		0.0339254		
39.93		0.0339172		
39.94		0.0339091		
39.95		0.0339009		
39.96		0.0338927		
39.97		0.0338846		
39.98		0.0338764		
39.99		0.0338683		
40		0.0338602		
40.01		0.033852		
40.02		0.0338439		
40.03		0.0338358		
40.04		0.0338276		
40.05		0.0338195		
40.06		0.0338114		
40.07		0.0338033		
40.08		0.0337952		
40.09		0.033787		
40.1		0.0337789		
40.11		0.0337708		
40.12		0.0337627		
40.13		0.0337546		
40.14		0.0337465		
40.15		0.0337384		
40.16		0.0337303		
40.17		0.0337223		
40.18		0.0337142		
40.19		0.0337061		
40.2		0.033698		
40.21		0.0336899		
40.22		0.0336819		
40.23		0.0336738		
40.24		0.0336657		
40.25		0.0336577		
40.26		0.0336496		
40.27		0.0336415		
40.28		0.0336335		
40.29		0.0336254		
40.3		0.0336174		
40.31		0.0336093		
40.32		0.0336013		
40.33		0.0335933		
40.34		0.0335852		
40.35		0.0335772		
40.36		0.0335692		
40.37		0.0335611		
40.38		0.0335531		
40.39		0.0335451		
40.4		0.0335371		
40.41		0.0335291		
40.42		0.0335211		
40.43		0.0335131		
40.44		0.033505		
40.45		0.033497		
40.46		0.033489		
40.47		0.0334811		
40.48		0.0334731		
40.49		0.0334651		
40.5		0.0334571		
40.51		0.0334491		
40.52		0.0334411		
40.53		0.0334331		
40.54		0.0334252		
40.55		0.0334172		
40.56		0.0334092		
40.57		0.0334013		
40.58		0.0333933		
40.59		0.0333853		
40.6		0.0333774		
40.61		0.0333694		
40.62		0.0333615		
40.63		0.0333535		
40.64		0.0333456		
40.65		0.0333377		
40.66		0.0333297		
40.67		0.0333218		
40.68		0.0333139		
40.69		0.0333059		
40.7		0.033298		
40.71		0.0332901		
40.72		0.0332822		
40.73		0.0332742		
40.74		0.0332663		
40.75		0.0332584		
40.76		0.0332505		
40.77		0.0332426		
40.78		0.0332347		
40.79		0.0332268		
40.8		0.0332189		
40.81		0.033211		
40.82		0.0332031		
40.83		0.0331952		
40.84		0.0331874		
40.85		0.0331795		
40.86		0.0331716		
40.87		0.0331637		
40.88		0.0331559		
40.89		0.033148		
40.9		0.0331401		
40.91		0.0331323		
40.92		0.0331244		
40.93		0.0331165		
40.94		0.0331087		
40.95		0.0331008		
40.96		0.033093		
40.97		0.0330852		
40.98		0.0330773		
40.99		0.0330695		
41		0.0330616		
41.01		0.0330538		
41.02		0.033046		
41.03		0.0330382		
41.04		0.0330303		
41.05		0.0330225		
41.06		0.0330147		
41.07		0.0330069		
41.08		0.0329991		
41.09		0.0329913		
41.1		0.0329835		
41.11		0.0329757		
41.12		0.0329679		
41.13		0.0329601		
41.14		0.0329523		
41.15		0.0329445		
41.16		0.0329367		
41.17		0.0329289		
41.18		0.0329211		
41.19		0.0329133		
41.2		0.0329056		
41.21		0.0328978		
41.22		0.03289		
41.23		0.0328823		
41.24		0.0328745		
41.25		0.0328667		
41.26		0.032859		
41.27		0.0328512		
41.28		0.0328435		
41.29		0.0328357		
41.3		0.032828		
41.31		0.0328202		
41.32		0.0328125		
41.33		0.0328048		
41.34		0.032797		
41.35		0.0327893		
41.36		0.0327816		
41.37		0.0327739		
41.38		0.0327661		
41.39		0.0327584		
41.4		0.0327507		
41.41		0.032743		
41.42		0.0327353		
41.43		0.0327276		
41.44		0.0327199		
41.45		0.0327122		
41.46		0.0327045		
41.47		0.0326968		
41.48		0.0326891		
41.49		0.0326814		
41.5		0.0326737		
41.51		0.032666		
41.52		0.0326583		
41.53		0.0326507		
41.54		0.032643		
41.55		0.0326353		
41.56		0.0326277		
41.57		0.03262		
41.58		0.0326123		
41.59		0.0326047		
41.6		0.032597		
41.61		0.0325894		
41.62		0.0325817		
41.63		0.0325741		
41.64		0.0325664		
41.65		0.0325588		
41.66		0.0325511		
41.67		0.0325435		
41.68		0.0325359		
41.69		0.0325282		
41.7		0.0325206		
41.71		0.032513		
41.72		0.0325054		
41.73		0.0324977		
41.74		0.0324901		
41.75		0.0324825		
41.76		0.0324749		
41.77		0.0324673		
41.78		0.0324597		
41.79		0.0324521		
41.8		0.0324445		
41.81		0.0324369		
41.82		0.0324293		
41.83		0.0324217		
41.84		0.0324141		
41.85		0.0324066		
41.86		0.032399		
41.87		0.0323914		
41.88		0.0323838		
41.89		0.0323762		
41.9		0.0323687		
41.91		0.0323611		
41.92		0.0323536		
41.93		0.032346		
41.94		0.0323384		
41.95		0.0323309		
41.96		0.0323233		
41.97		0.0323158		
41.98		0.0323082		
41.99		0.0323007		
42		0.0322932		
42.01		0.0322856		
42.02		0.0322781		
42.03		0.0322706		
42.04		0.032263		
42.05		0.0322555		
42.06		0.032248		
42.07		0.0322405		
42.08		0.0322329		
42.09		0.0322254		
42.1		0.0322179		
42.11		0.0322104		
42.12		0.0322029		
42.13		0.0321954		
42.14		0.0321879		
42.15		0.0321804		
42.16		0.0321729		
42.17		0.0321654		
42.18		0.0321579		
42.19		0.0321504		
42.2		0.032143		
42.21		0.0321355		
42.22		0.032128		
42.23		0.0321205		
42.24		0.0321131		
42.25		0.0321056		
42.26		0.0320981		
42.27		0.0320907		
42.28		0.0320832		
42.29		0.0320758		
42.3		0.0320683		
42.31		0.0320609		
42.32		0.0320534		
42.33		0.032046		
42.34		0.0320385		
42.35		0.0320311		
42.36		0.0320236		
42.37		0.0320162		
42.38		0.0320088		
42.39		0.0320014		
42.4		0.0319939		
42.41		0.0319865		
42.42		0.0319791		
42.43		0.0319717		
42.44		0.0319643		
42.45		0.0319568		
42.46		0.0319494		
42.47		0.031942		
42.48		0.0319346		
42.49		0.0319272		
42.5		0.0319198		
42.51		0.0319124		
42.52		0.0319051		
42.53		0.0318977		
42.54		0.0318903		
42.55		0.0318829		
42.56		0.0318755		
42.57		0.0318681		
42.58		0.0318608		
42.59		0.0318534		
42.6		0.031846		
42.61		0.0318387		
42.62		0.0318313		
42.63		0.0318239		
42.64		0.0318166		
42.65		0.0318092		
42.66		0.0318019		
42.67		0.0317945		
42.68		0.0317872		
42.69		0.0317798		
42.7		0.0317725		
42.71		0.0317652		
42.72		0.0317578		
42.73		0.0317505		
42.74		0.0317432		
42.75		0.0317359		
42.76		0.0317285		
42.77		0.0317212		
42.78		0.0317139		
42.79		0.0317066		
42.8		0.0316993		
42.81		0.031692		
42.82		0.0316847		
42.83		0.0316773		
42.84		0.03167		
42.85		0.0316627		
42.86		0.0316555		
42.87		0.0316482		
42.88		0.0316409		
42.89		0.0316336		
42.9		0.0316263		
42.91		0.031619		
42.92		0.0316117		
42.93		0.0316045		
42.94		0.0315972		
42.95		0.0315899		
42.96		0.0315827		
42.97		0.0315754		
42.98		0.0315681		
42.99		0.0315609		
43		0.0315536		
43.01		0.0315464		
43.02		0.0315391		
43.03		0.0315319		
43.04		0.0315246		
43.05		0.0315174		
43.06		0.0315101		
43.07		0.0315029		
43.08		0.0314957		
43.09		0.0314884		
43.1		0.0314812		
43.11		0.031474		
43.12		0.0314668		
43.13		0.0314595		
43.14		0.0314523		
43.15		0.0314451		
43.16		0.0314379		
43.17		0.0314307		
43.18		0.0314235		
43.19		0.0314163		
43.2		0.0314091		
43.21		0.0314019		
43.22		0.0313947		
43.23		0.0313875		
43.24		0.0313803		
43.25		0.0313731		
43.26		0.0313659		
43.27		0.0313588		
43.28		0.0313516		
43.29		0.0313444		
43.3		0.0313372		
43.31		0.0313301		
43.32		0.0313229		
43.33		0.0313157		
43.34		0.0313086		
43.35		0.0313014		
43.36		0.0312942		
43.37		0.0312871		
43.38		0.0312799		
43.39		0.0312728		
43.4		0.0312656		
43.41		0.0312585		
43.42		0.0312514		
43.43		0.0312442		
43.44		0.0312371		
43.45		0.03123		
43.46		0.0312228		
43.47		0.0312157		
43.48		0.0312086		
43.49		0.0312015		
43.5		0.0311943		
43.51		0.0311872		
43.52		0.0311801		
43.53		0.031173		
43.54		0.0311659		
43.55		0.0311588		
43.56		0.0311517		
43.57		0.0311446		
43.58		0.0311375		
43.59		0.0311304		
43.6		0.0311233		
43.61		0.0311162		
43.62		0.0311091		
43.63		0.031102		
43.64		0.031095		
43.65		0.0310879		
43.66		0.0310808		
43.67		0.0310737		
43.68		0.0310667		
43.69		0.0310596		
43.7		0.0310525		
43.71		0.0310455		
43.72		0.0310384		
43.73		0.0310314		
43.74		0.0310243		
43.75		0.0310173		
43.76		0.0310102		
43.77		0.0310032		
43.78		0.0309961		
43.79		0.0309891		
43.8		0.030982		
43.81		0.030975		
43.82		0.030968		
43.83		0.0309609		
43.84		0.0309539		
43.85		0.0309469		
43.86		0.0309399		
43.87		0.0309328		
43.88		0.0309258		
43.89		0.0309188		
43.9		0.0309118		
43.91		0.0309048		
43.92		0.0308978		
43.93		0.0308908		
43.94		0.0308838		
43.95		0.0308768		
43.96		0.0308698		
43.97		0.0308628		
43.98		0.0308558		
43.99		0.0308488		
44		0.0308418		
44.01		0.0308349		
44.02		0.0308279		
44.03		0.0308209		
44.04		0.0308139		
44.05		0.030807		
44.06		0.0308		
44.07		0.030793		
44.08		0.0307861		
44.09		0.0307791		
44.1		0.0307721		
44.11		0.0307652		
44.12		0.0307582		
44.13		0.0307513		
44.14		0.0307443		
44.15		0.0307374		
44.16		0.0307305		
44.17		0.0307235		
44.18		0.0307166		
44.19		0.0307096		
44.2		0.0307027		
44.21		0.0306958		
44.22		0.0306889		
44.23		0.0306819		
44.24		0.030675		
44.25		0.0306681		
44.26		0.0306612		
44.27		0.0306543		
44.28		0.0306474		
44.29		0.0306404		
44.3		0.0306335		
44.31		0.0306266		
44.32		0.0306197		
44.33		0.0306128		
44.34		0.0306059		
44.35		0.0305991		
44.36		0.0305922		
44.37		0.0305853		
44.38		0.0305784		
44.39		0.0305715		
44.4		0.0305646		
44.41		0.0305578		
44.42		0.0305509		
44.43		0.030544		
44.44		0.0305371		
44.45		0.0305303		
44.46		0.0305234		
44.47		0.0305166		
44.48		0.0305097		
44.49		0.0305028		
44.5		0.030496		
44.51		0.0304891		
44.52		0.0304823		
44.53		0.0304754		
44.54		0.0304686		
44.55		0.0304618		
44.56		0.0304549		
44.57		0.0304481		
44.58		0.0304413		
44.59		0.0304344		
44.6		0.0304276		
44.61		0.0304208		
44.62		0.0304139		
44.63		0.0304071		
44.64		0.0304003		
44.65		0.0303935		
44.66		0.0303867		
44.67		0.0303799		
44.68		0.0303731		
44.69		0.0303663		
44.7		0.0303595		
44.71		0.0303527		
44.72		0.0303459		
44.73		0.0303391		
44.74		0.0303323		
44.75		0.0303255		
44.76		0.0303187		
44.77		0.0303119		
44.78		0.0303051		
44.79		0.0302984		
44.8		0.0302916		
44.81		0.0302848		
44.82		0.030278		
44.83		0.0302713		
44.84		0.0302645		
44.85		0.0302577		
44.86		0.030251		
44.87		0.0302442		
44.88		0.0302375		
44.89		0.0302307		
44.9		0.030224		
44.91		0.0302172		
44.92		0.0302105		
44.93		0.0302037		
44.94		0.030197		
44.95		0.0301903		
44.96		0.0301835		
44.97		0.0301768		
44.98		0.0301701		
44.99		0.0301633		
45		0.0301566		
45.01		0.0301499		
45.02		0.0301432		
45.03		0.0301364		
45.04		0.0301297		
45.05		0.030123		
45.06		0.0301163		
45.07		0.0301096		
45.08		0.0301029		
45.09		0.0300962		
45.1		0.0300895		
45.11		0.0300828		
45.12		0.0300761		
45.13		0.0300694		
45.14		0.0300627		
45.15		0.030056		
45.16		0.0300494		
45.17		0.0300427		
45.18		0.030036		
45.19		0.0300293		
45.2		0.0300226		
45.21		0.030016		
45.22		0.0300093		
45.23		0.0300026		
45.24		0.029996		
45.25		0.0299893		
45.26		0.0299826		
45.27		0.029976		
45.28		0.0299693		
45.29		0.0299627		
45.3		0.029956		
45.31		0.0299494		
45.32		0.0299427		
45.33		0.0299361		
45.34		0.0299295		
45.35		0.0299228		
45.36		0.0299162		
45.37		0.0299096		
45.38		0.0299029		
45.39		0.0298963		
45.4		0.0298897		
45.41		0.029883		
45.42		0.0298764		
45.43		0.0298698		
45.44		0.0298632		
45.45		0.0298566		
45.46		0.02985		
45.47		0.0298434		
45.48		0.0298368		
45.49		0.0298302		
45.5		0.0298236		
45.51		0.029817		
45.52		0.0298104		
45.53		0.0298038		
45.54		0.0297972		
45.55		0.0297906		
45.56		0.029784		
45.57		0.0297774		
45.58		0.0297708		
45.59		0.0297643		
45.6		0.0297577		
45.61		0.0297511		
45.62		0.0297446		
45.63		0.029738		
45.64		0.0297314		
45.65		0.0297249		
45.66		0.0297183		
45.67		0.0297117		
45.68		0.0297052		
45.69		0.0296986		
45.7		0.0296921		
45.71		0.0296855		
45.72		0.029679		
45.73		0.0296724		
45.74		0.0296659		
45.75		0.0296594		
45.76		0.0296528		
45.77		0.0296463		
45.78		0.0296398		
45.79		0.0296332		
45.8		0.0296267		
45.81		0.0296202		
45.82		0.0296137		
45.83		0.0296071		
45.84		0.0296006		
45.85		0.0295941		
45.86		0.0295876		
45.87		0.0295811		
45.88		0.0295746		
45.89		0.0295681		
45.9		0.0295616		
45.91		0.0295551		
45.92		0.0295486		
45.93		0.0295421		
45.94		0.0295356		
45.95		0.0295291		
45.96		0.0295226		
45.97		0.0295161		
45.98		0.0295096		
45.99		0.0295032		
46		0.0294967		
46.01		0.0294902		
46.02		0.0294837		
46.03		0.0294773		
46.04		0.0294708		
46.05		0.0294643		
46.06		0.0294579		
46.07		0.0294514		
46.08		0.029445		
46.09		0.0294385		
46.1		0.029432		
46.11		0.0294256		
46.12		0.0294191		
46.13		0.0294127		
46.14		0.0294063		
46.15		0.0293998		
46.16		0.0293934		
46.17		0.0293869		
46.18		0.0293805		
46.19		0.0293741		
46.2		0.0293676		
46.21		0.0293612		
46.22		0.0293548		
46.23		0.0293484		
46.24		0.0293419		
46.25		0.0293355		
46.26		0.0293291		
46.27		0.0293227		
46.28		0.0293163		
46.29		0.0293099		
46.3		0.0293035		
46.31		0.0292971		
46.32		0.0292907		
46.33		0.0292843		
46.34		0.0292779		
46.35		0.0292715		
46.36		0.0292651		
46.37		0.0292587		
46.38		0.0292523		
46.39		0.0292459		
46.4		0.0292395		
46.41		0.0292332		
46.42		0.0292268		
46.43		0.0292204		
46.44		0.029214		
46.45		0.0292077		
46.46		0.0292013		
46.47		0.0291949		
46.48		0.0291886		
46.49		0.0291822		
46.5		0.0291759		
46.51		0.0291695		
46.52		0.0291631		
46.53		0.0291568		
46.54		0.0291504		
46.55		0.0291441		
46.56		0.0291377		
46.57		0.0291314		
46.58		0.0291251		
46.59		0.0291187		
46.6		0.0291124		
46.61		0.0291061		
46.62		0.0290997		
46.63		0.0290934		
46.64		0.0290871		
46.65		0.0290808		
46.66		0.0290744		
46.67		0.0290681		
46.68		0.0290618		
46.69		0.0290555		
46.7		0.0290492		
46.71		0.0290429		
46.72		0.0290366		
46.73		0.0290303		
46.74		0.0290239		
46.75		0.0290176		
46.76		0.0290114		
46.77		0.0290051		
46.78		0.0289988		
46.79		0.0289925		
46.8		0.0289862		
46.81		0.0289799		
46.82		0.0289736		
46.83		0.0289673		
46.84		0.0289611		
46.85		0.0289548		
46.86		0.0289485		
46.87		0.0289422		
46.88		0.028936		
46.89		0.0289297		
46.9		0.0289234		
46.91		0.0289172		
46.92		0.0289109		
46.93		0.0289046		
46.94		0.0288984		
46.95		0.0288921		
46.96		0.0288859		
46.97		0.0288796		
46.98		0.0288734		
46.99		0.0288671		
47		0.0288609		
47.01		0.0288547		
47.02		0.0288484		
47.03		0.0288422		
47.04		0.028836		
47.05		0.0288297		
47.06		0.0288235		
47.07		0.0288173		
47.08		0.028811		
47.09		0.0288048		
47.1		0.0287986		
47.11		0.0287924		
47.12		0.0287862		
47.13		0.02878		
47.14		0.0287737		
47.15		0.0287675		
47.16		0.0287613		
47.17		0.0287551		
47.18		0.0287489		
47.19		0.0287427		
47.2		0.0287365		
47.21		0.0287303		
47.22		0.0287241		
47.23		0.028718		
47.24		0.0287118		
47.25		0.0287056		
47.26		0.0286994		
47.27		0.0286932		
47.28		0.028687		
47.29		0.0286809		
47.3		0.0286747		
47.31		0.0286685		
47.32		0.0286624		
47.33		0.0286562		
47.34		0.02865		
47.35		0.0286439		
47.36		0.0286377		
47.37		0.0286315		
47.38		0.0286254		
47.39		0.0286192		
47.4		0.0286131		
47.41		0.0286069		
47.42		0.0286008		
47.43		0.0285946		
47.44		0.0285885		
47.45		0.0285824		
47.46		0.0285762		
47.47		0.0285701		
47.48		0.0285639		
47.49		0.0285578		
47.5		0.0285517		
47.51		0.0285456		
47.52		0.0285394		
47.53		0.0285333		
47.54		0.0285272		
47.55		0.0285211		
47.56		0.028515		
47.57		0.0285089		
47.58		0.0285027		
47.59		0.0284966		
47.6		0.0284905		
47.61		0.0284844		
47.62		0.0284783		
47.63		0.0284722		
47.64		0.0284661		
47.65		0.02846		
47.66		0.0284539		
47.67		0.0284478		
47.68		0.0284418		
47.69		0.0284357		
47.7		0.0284296		
47.71		0.0284235		
47.72		0.0284174		
47.73		0.0284113		
47.74		0.0284053		
47.75		0.0283992		
47.76		0.0283931		
47.77		0.0283871		
47.78		0.028381		
47.79		0.0283749		
47.8		0.0283689		
47.81		0.0283628		
47.82		0.0283567		
47.83		0.0283507		
47.84		0.0283446		
47.85		0.0283386		
47.86		0.0283325		
47.87		0.0283265		
47.88		0.0283204		
47.89		0.0283144		
47.9		0.0283084		
47.91		0.0283023		
47.92		0.0282963		
47.93		0.0282903		
47.94		0.0282842		
47.95		0.0282782		
47.96		0.0282722		
47.97		0.0282661		
47.98		0.0282601		
47.99		0.0282541		
48		0.0282481		
48.01		0.0282421		
48.02		0.0282361		
48.03		0.02823		
48.04		0.028224		
48.05		0.028218		
48.06		0.028212		
48.07		0.028206		
48.08		0.0282		
48.09		0.028194		
48.1		0.028188		
48.11		0.028182		
48.12		0.028176		
48.13		0.02817		
48.14		0.0281641		
48.15		0.0281581		
48.16		0.0281521		
48.17		0.0281461		
48.18		0.0281401		
48.19		0.0281342		
48.2		0.0281282		
48.21		0.0281222		
48.22		0.0281162		
48.23		0.0281103		
48.24		0.0281043		
48.25		0.0280983		
48.26		0.0280924		
48.27		0.0280864		
48.28		0.0280805		
48.29		0.0280745		
48.3		0.0280686		
48.31		0.0280626		
48.32		0.0280567		
48.33		0.0280507		
48.34		0.0280448		
48.35		0.0280388		
48.36		0.0280329		
48.37		0.0280269		
48.38		0.028021		
48.39		0.0280151		
48.4		0.0280091		
48.41		0.0280032		
48.42		0.0279973		
48.43		0.0279914		
48.44		0.0279854		
48.45		0.0279795		
48.46		0.0279736		
48.47		0.0279677		
48.48		0.0279618		
48.49		0.0279559		
48.5		0.0279499		
48.51		0.027944		
48.52		0.0279381		
48.53		0.0279322		
48.54		0.0279263		
48.55		0.0279204		
48.56		0.0279145		
48.57		0.0279086		
48.58		0.0279027		
48.59		0.0278969		
48.6		0.027891		
48.61		0.0278851		
48.62		0.0278792		
48.63		0.0278733		
48.64		0.0278674		
48.65		0.0278616		
48.66		0.0278557		
48.67		0.0278498		
48.68		0.0278439		
48.69		0.0278381		
48.7		0.0278322		
48.71		0.0278263		
48.72		0.0278205		
48.73		0.0278146		
48.74		0.0278087		
48.75		0.0278029		
48.76		0.027797		
48.77		0.0277912		
48.78		0.0277853		
48.79		0.0277795		
48.8		0.0277736		
48.81		0.0277678		
48.82		0.0277619		
48.83		0.0277561		
48.84		0.0277503		
48.85		0.0277444		
48.86		0.0277386		
48.87		0.0277328		
48.88		0.0277269		
48.89		0.0277211		
48.9		0.0277153		
48.91		0.0277095		
48.92		0.0277036		
48.93		0.0276978		
48.94		0.027692		
48.95		0.0276862		
48.96		0.0276804		
48.97		0.0276746		
48.98		0.0276688		
48.99		0.0276629		
49		0.0276571		
49.01		0.0276513		
49.02		0.0276455		
49.03		0.0276397		
49.04		0.0276339		
49.05		0.0276282		
49.06		0.0276224		
49.07		0.0276166		
49.08		0.0276108		
49.09		0.027605		
49.1		0.0275992		
49.11		0.0275934		
49.12		0.0275876		
49.13		0.0275819		
49.14		0.0275761		
49.15		0.0275703		
49.16		0.0275646		
49.17		0.0275588		
49.18		0.027553		
49.19		0.0275472		
49.2		0.0275415		
49.21		0.0275357		
49.22		0.02753		
49.23		0.0275242		
49.24		0.0275185		
49.25		0.0275127		
49.26		0.027507		
49.27		0.0275012		
49.28		0.0274955		
49.29		0.0274897		
49.3		0.027484		
49.31		0.0274782		
49.32		0.0274725		
49.33		0.0274668		
49.34		0.027461		
49.35		0.0274553		
49.36		0.0274496		
49.37		0.0274438		
49.38		0.0274381		
49.39		0.0274324		
49.4		0.0274267		
49.41		0.0274209		
49.42		0.0274152		
49.43		0.0274095		
49.44		0.0274038		
49.45		0.0273981		
49.46		0.0273924		
49.47		0.0273867		
49.48		0.027381		
49.49		0.0273752		
49.5		0.0273695		
49.51		0.0273638		
49.52		0.0273581		
49.53		0.0273525		
49.54		0.0273468		
49.55		0.0273411		
49.56		0.0273354		
49.57		0.0273297		
49.58		0.027324		
49.59		0.0273183		
49.6		0.0273126		
49.61		0.027307		
49.62		0.0273013		
49.63		0.0272956		
49.64		0.0272899		
49.65		0.0272843		
49.66		0.0272786		
49.67		0.0272729		
49.68		0.0272673		
49.69		0.0272616		
49.7		0.0272559		
49.71		0.0272503		
49.72		0.0272446		
49.73		0.027239		
49.74		0.0272333		
49.75		0.0272277		
49.76		0.027222		
49.77		0.0272164		
49.78		0.0272107		
49.79		0.0272051		
49.8		0.0271994		
49.81		0.0271938		
49.82		0.0271882		
49.83		0.0271825		
49.84		0.0271769		
49.85		0.0271713		
49.86		0.0271656		
49.87		0.02716		
49.88		0.0271544		
49.89		0.0271488		
49.9		0.0271431		
49.91		0.0271375		
49.92		0.0271319		
49.93		0.0271263		
49.94		0.0271207		
49.95		0.0271151		
49.96		0.0271094		
49.97		0.0271038		
49.98		0.0270982		
49.99		0.0270926		
50		0.027087		
