tau [fm]		tau_Pi
0.25		0.20276
0.26		0.198367		
0.27		0.194208		
0.28		0.190262		
0.29		0.186513		
0.3		0.182944		
0.31		0.17954		
0.32		0.176288		
0.33		0.173179		
0.34		0.1702		
0.35		0.167343		
0.36		0.1646		
0.37		0.161964		
0.38		0.159427		
0.39		0.156983		
0.4		0.154627		
0.41		0.152354		
0.42		0.150158		
0.43		0.148037		
0.44		0.145984		
0.45		0.143997		
0.46		0.142073		
0.47		0.140208		
0.48		0.138399		
0.49		0.136644		
0.5		0.13494		
0.51		0.133285		
0.52		0.131676		
0.53		0.130111		
0.54		0.128589		
0.55		0.127107		
0.56		0.125664		
0.57		0.124259		
0.58		0.122889		
0.59		0.121554		
0.6		0.120251		
0.61		0.11898		
0.62		0.11774		
0.63		0.116529		
0.64		0.115347		
0.65		0.114192		
0.66		0.113063		
0.67		0.111959		
0.68		0.110881		
0.69		0.109825		
0.7		0.108793		
0.71		0.107783		
0.72		0.106794		
0.73		0.105826		
0.74		0.104879		
0.75		0.103951		
0.76		0.103041		
0.77		0.10215		
0.78		0.101277		
0.79		0.100421		
0.8		0.0995824		
0.81		0.0987598		
0.82		0.097953		
0.83		0.0971617		
0.84		0.0963854		
0.85		0.0956237		
0.86		0.0948762		
0.87		0.0941426		
0.88		0.0934226		
0.89		0.0927157		
0.9		0.0920216		
0.91		0.0913401		
0.92		0.0906708		
0.93		0.0900134		
0.94		0.0893677		
0.95		0.0887334		
0.96		0.0881101		
0.97		0.0874978		
0.98		0.086896		
0.99		0.0863047		
1		0.0857234		
1.01		0.0851522		
1.02		0.0845906		
1.03		0.0840386		
1.04		0.0834959		
1.05		0.0829623		
1.06		0.0824377		
1.07		0.0819218		
1.08		0.0814145		
1.09		0.0809157		
1.1		0.0804251		
1.11		0.0799426		
1.12		0.0794681		
1.13		0.0790014		
1.14		0.0785423		
1.15		0.0780908		
1.16		0.0776467		
1.17		0.0772099		
1.18		0.0767801		
1.19		0.0763574		
1.2		0.0759416		
1.21		0.0755326		
1.22		0.0751303		
1.23		0.0747345		
1.24		0.0743451		
1.25		0.0739621		
1.26		0.0735854		
1.27		0.0732148		
1.28		0.0728503		
1.29		0.0724918		
1.3		0.0721391		
1.31		0.0717923		
1.32		0.0714512		
1.33		0.0711157		
1.34		0.0707857		
1.35		0.0704612		
1.36		0.0701421		
1.37		0.0698284		
1.38		0.0695199		
1.39		0.0692166		
1.4		0.0689184		
1.41		0.0686252		
1.42		0.0683371		
1.43		0.0680539		
1.44		0.0677755		
1.45		0.0675019		
1.46		0.0672331		
1.47		0.066969		
1.48		0.0667095		
1.49		0.0664546		
1.5		0.0662043		
1.51		0.0659584		
1.52		0.0657169		
1.53		0.0654798		
1.54		0.0652471		
1.55		0.0650186		
1.56		0.0647944		
1.57		0.0645744		
1.58		0.0643585		
1.59		0.0641467		
1.6		0.063939		
1.61		0.0637353		
1.62		0.0635357		
1.63		0.0633399		
1.64		0.0631481		
1.65		0.0629602		
1.66		0.0627761		
1.67		0.0625958		
1.68		0.0624193		
1.69		0.0622465		
1.7		0.0620774		
1.71		0.061912		
1.72		0.0617502		
1.73		0.061592		
1.74		0.0614374		
1.75		0.0612864		
1.76		0.0611389		
1.77		0.0609949		
1.78		0.0608543		
1.79		0.0607172		
1.8		0.0605834		
1.81		0.0604531		
1.82		0.0603261		
1.83		0.0602025		
1.84		0.0600821		
1.85		0.059965		
1.86		0.0598512		
1.87		0.0597407		
1.88		0.0596333		
1.89		0.0595291		
1.9		0.0594281		
1.91		0.0593302		
1.92		0.0592355		
1.93		0.0591439		
1.94		0.0590553		
1.95		0.0589698		
1.96		0.0588874		
1.97		0.0588079		
1.98		0.0587315		
1.99		0.0586581		
2		0.0585876		
2.01		0.0585201		
2.02		0.0584555		
2.03		0.0583938		
2.04		0.058335		
2.05		0.0582791		
2.06		0.0582261		
2.07		0.0581759		
2.08		0.0581285		
2.09		0.0580839		
2.1		0.0580421		
2.11		0.0580032		
2.12		0.0579669		
2.13		0.0579335		
2.14		0.0579027		
2.15		0.0578747		
2.16		0.0578494		
2.17		0.0578268		
2.18		0.0578069		
2.19		0.0577896		
2.2		0.057775		
2.21		0.057763		
2.22		0.0577537		
2.23		0.0577469		
2.24		0.0577428		
2.25		0.0577412		
2.26		0.0577423		
2.27		0.0577459		
2.28		0.057752		
2.29		0.0577607		
2.3		0.0577719		
2.31		0.0577856		
2.32		0.0578018		
2.33		0.0578205		
2.34		0.0578417		
2.35		0.0578654		
2.36		0.0578915		
2.37		0.05792		
2.38		0.057951		
2.39		0.0579845		
2.4		0.0580203		
2.41		0.0580586		
2.42		0.0580992		
2.43		0.0581422		
2.44		0.0581876		
2.45		0.0582354		
2.46		0.0582855		
2.47		0.058338		
2.48		0.0583928		
2.49		0.05845		
2.5		0.0585094		
2.51		0.0585712		
2.52		0.0586352		
2.53		0.0587016		
2.54		0.0587702		
2.55		0.0588411		
2.56		0.0589143		
2.57		0.0589897		
2.58		0.0590674		
2.59		0.0591473		
2.6		0.0592295		
2.61		0.0593138		
2.62		0.0594004		
2.63		0.0594892		
2.64		0.0595801		
2.65		0.0596733		
2.66		0.0597687		
2.67		0.0598662		
2.68		0.0599659		
2.69		0.0600677		
2.7		0.0601717		
2.71		0.0602778		
2.72		0.0603861		
2.73		0.0604965		
2.74		0.060609		
2.75		0.0607236		
2.76		0.0608403		
2.77		0.0609592		
2.78		0.0610801		
2.79		0.0612031		
2.8		0.0613281		
2.81		0.0614553		
2.82		0.0615845		
2.83		0.0617157		
2.84		0.0618491		
2.85		0.0619844		
2.86		0.0621218		
2.87		0.0622612		
2.88		0.0624026		
2.89		0.0625461		
2.9		0.0626915		
2.91		0.062839		
2.92		0.0629884		
2.93		0.0631399		
2.94		0.0632933		
2.95		0.0634487		
2.96		0.063606		
2.97		0.0637654		
2.98		0.0639267		
2.99		0.0640899		
3		0.0642551		
3.01		0.0644222		
3.02		0.0645912		
3.03		0.0647622		
3.04		0.0649351		
3.05		0.0651099		
3.06		0.0652867		
3.07		0.0654653		
3.08		0.0656458		
3.09		0.0658282		
3.1		0.0660125		
3.11		0.0661987		
3.12		0.0663867		
3.13		0.0665766		
3.14		0.0667684		
3.15		0.0669621		
3.16		0.0671575		
3.17		0.0673549		
3.18		0.0675541		
3.19		0.0677551		
3.2		0.0679579		
3.21		0.0681626		
3.22		0.068369		
3.23		0.0685773		
3.24		0.0687874		
3.25		0.0689993		
3.26		0.069213		
3.27		0.0694285		
3.28		0.0696458		
3.29		0.0698649		
3.3		0.0700857		
3.31		0.0703083		
3.32		0.0705327		
3.33		0.0707588		
3.34		0.0709867		
3.35		0.0712163		
3.36		0.0714477		
3.37		0.0716809		
3.38		0.0719157		
3.39		0.0721523		
3.4		0.0723906		
3.41		0.0726307		
3.42		0.0728724		
3.43		0.0731159		
3.44		0.0733611		
3.45		0.0736079		
3.46		0.0738565		
3.47		0.0741068		
3.48		0.0743587		
3.49		0.0746124		
3.5		0.0748677		
3.51		0.0751247		
3.52		0.0753833		
3.53		0.0756436		
3.54		0.0759056		
3.55		0.0761692		
3.56		0.0764345		
3.57		0.0767014		
3.58		0.07697		
3.59		0.0772402		
3.6		0.077512		
3.61		0.0777855		
3.62		0.0780606		
3.63		0.0783373		
3.64		0.0786156		
3.65		0.0788955		
3.66		0.079177		
3.67		0.0794602		
3.68		0.0797449		
3.69		0.0800312		
3.7		0.0803191		
3.71		0.0806086		
3.72		0.0808997		
3.73		0.0811923		
3.74		0.0814865		
3.75		0.0817823		
3.76		0.0820796		
3.77		0.0823785		
3.78		0.082679		
3.79		0.082981		
3.8		0.0832845		
3.81		0.0835896		
3.82		0.0838962		
3.83		0.0842043		
3.84		0.084514		
3.85		0.0848252		
3.86		0.0851379		
3.87		0.0854522		
3.88		0.0857679		
3.89		0.0860852		
3.9		0.0864039		
3.91		0.0867242		
3.92		0.0870459		
3.93		0.0873692		
3.94		0.0876939		
3.95		0.0880201		
3.96		0.0883478		
3.97		0.088677		
3.98		0.0890076		
3.99		0.0893397		
4		0.0896733		
4.01		0.0900083		
4.02		0.0903448		
4.03		0.0906827		
4.04		0.0910221		
4.05		0.091363		
4.06		0.0917052		
4.07		0.0920489		
4.08		0.0923941		
4.09		0.0927406		
4.1		0.0930886		
4.11		0.093438		
4.12		0.0937888		
4.13		0.0941411		
4.14		0.0944947		
4.15		0.0948498		
4.16		0.0952062		
4.17		0.0955641		
4.18		0.0959233		
4.19		0.096284		
4.2		0.096646		
4.21		0.0970094		
4.22		0.0973742		
4.23		0.0977403		
4.24		0.0981079		
4.25		0.0984768		
4.26		0.098847		
4.27		0.0992187		
4.28		0.0995916		
4.29		0.099966		
4.3		0.100342		
4.31		0.100719		
4.32		0.101097		
4.33		0.101477		
4.34		0.101858		
4.35		0.10224		
4.36		0.102624		
4.37		0.103009		
4.38		0.103395		
4.39		0.103783		
4.4		0.104172		
4.41		0.104562		
4.42		0.104954		
4.43		0.105347		
4.44		0.105741		
4.45		0.106136		
4.46		0.106533		
4.47		0.106931		
4.48		0.107331		
4.49		0.107731		
4.5		0.108133		
4.51		0.108537		
4.52		0.108941		
4.53		0.109347		
4.54		0.109754		
4.55		0.110162		
4.56		0.110572		
4.57		0.110982		
4.58		0.111394		
4.59		0.111808		
4.6		0.112222		
4.61		0.112638		
4.62		0.113055		
4.63		0.113473		
4.64		0.113893		
4.65		0.114313		
4.66		0.114735		
4.67		0.115158		
4.68		0.115583		
4.69		0.116008		
4.7		0.116435		
4.71		0.116863		
4.72		0.117292		
4.73		0.117723		
4.74		0.118154		
4.75		0.118587		
4.76		0.119021		
4.77		0.119456		
4.78		0.119893		
4.79		0.12033		
4.8		0.120769		
4.81		0.121209		
4.82		0.12165		
4.83		0.122092		
4.84		0.122535		
4.85		0.12298		
4.86		0.123426		
4.87		0.123873		
4.88		0.124321		
4.89		0.12477		
4.9		0.12522		
4.91		0.125672		
4.92		0.126124		
4.93		0.126578		
4.94		0.127033		
4.95		0.127489		
4.96		0.127946		
4.97		0.128404		
4.98		0.128863		
4.99		0.129324		
5		0.129785		
5.01		0.130248		
5.02		0.130712		
5.03		0.131177		
5.04		0.131643		
5.05		0.13211		
5.06		0.132578		
5.07		0.133047		
5.08		0.133518		
5.09		0.133989		
5.1		0.134462		
5.11		0.134935		
5.12		0.13541		
5.13		0.135886		
5.14		0.136362		
5.15		0.13684		
5.16		0.137319		
5.17		0.137799		
5.18		0.13828		
5.19		0.138762		
5.2		0.139246		
5.21		0.13973		
5.22		0.140215		
5.23		0.140701		
5.24		0.141189		
5.25		0.141677		
5.26		0.142167		
5.27		0.142657		
5.28		0.143148		
5.29		0.143641		
5.3		0.144134		
5.31		0.144629		
5.32		0.145124		
5.33		0.145621		
5.34		0.146118		
5.35		0.146617		
5.36		0.147117		
5.37		0.147617		
5.38		0.148119		
5.39		0.148621		
5.4		0.149125		
5.41		0.149629		
5.42		0.150135		
5.43		0.150641		
5.44		0.151148		
5.45		0.151657		
5.46		0.152166		
5.47		0.152677		
5.48		0.153188		
5.49		0.1537		
5.5		0.154213		
5.51		0.154728		
5.52		0.155243		
5.53		0.155759		
5.54		0.156276		
5.55		0.156794		
5.56		0.157313		
5.57		0.157833		
5.58		0.158353		
5.59		0.158875		
5.6		0.159398		
5.61		0.159921		
5.62		0.160446		
5.63		0.160971		
5.64		0.161497		
5.65		0.162025		
5.66		0.162553		
5.67		0.163082		
5.68		0.163612		
5.69		0.164143		
5.7		0.164674		
5.71		0.165207		
5.72		0.165741		
5.73		0.166275		
5.74		0.16681		
5.75		0.167347		
5.76		0.167884		
5.77		0.168422		
5.78		0.168961		
5.79		0.1695		
5.8		0.170041		
5.81		0.170582		
5.82		0.171125		
5.83		0.171668		
5.84		0.172212		
5.85		0.172757		
5.86		0.173302		
5.87		0.173849		
5.88		0.174396		
5.89		0.174945		
5.9		0.175494		
5.91		0.176044		
5.92		0.176594		
5.93		0.177146		
5.94		0.177698		
5.95		0.178252		
5.96		0.178806		
5.97		0.179361		
5.98		0.179916		
5.99		0.180473		
6		0.18103		
6.01		0.181588		
6.02		0.182147		
6.03		0.182707		
6.04		0.183268		
6.05		0.183829		
6.06		0.184391		
6.07		0.184954		
6.08		0.185518		
6.09		0.186082		
6.1		0.186648		
6.11		0.187214		
6.12		0.187781		
6.13		0.188348		
6.14		0.188917		
6.15		0.189486		
6.16		0.190056		
6.17		0.190626		
6.18		0.191198		
6.19		0.19177		
6.2		0.192343		
6.21		0.192917		
6.22		0.193491		
6.23		0.194066		
6.24		0.194642		
6.25		0.195219		
6.26		0.195796		
6.27		0.196375		
6.28		0.196953		
6.29		0.197533		
6.3		0.198113		
6.31		0.198694		
6.32		0.199276		
6.33		0.199859		
6.34		0.200442		
6.35		0.201026		
6.36		0.201611		
6.37		0.202196		
6.38		0.202782		
6.39		0.203369		
6.4		0.203956		
6.41		0.204544		
6.42		0.205133		
6.43		0.205722		
6.44		0.206313		
6.45		0.206904		
6.46		0.207495		
6.47		0.208087		
6.48		0.20868		
6.49		0.209274		
6.5		0.209868		
6.51		0.210463		
6.52		0.211059		
6.53		0.211655		
6.54		0.212252		
6.55		0.212849		
6.56		0.213447		
6.57		0.214046		
6.58		0.214646		
6.59		0.215246		
6.6		0.215847		
6.61		0.216448		
6.62		0.21705		
6.63		0.217653		
6.64		0.218256		
6.65		0.21886		
6.66		0.219465		
6.67		0.22007		
6.68		0.220676		
6.69		0.221282		
6.7		0.221889		
6.71		0.222497		
6.72		0.223105		
6.73		0.223714		
6.74		0.224324		
6.75		0.224934		
6.76		0.225544		
6.77		0.226156		
6.78		0.226767		
6.79		0.22738		
6.8		0.227993		
6.81		0.228606		
6.82		0.229221		
6.83		0.229835		
6.84		0.230451		
6.85		0.231067		
6.86		0.231683		
6.87		0.2323		
6.88		0.232918		
6.89		0.233536		
6.9		0.234155		
6.91		0.234774		
6.92		0.235394		
6.93		0.236014		
6.94		0.236635		
6.95		0.237257		
6.96		0.237879		
6.97		0.238502		
6.98		0.239125		
6.99		0.239748		
7		0.240373		
7.01		0.240997		
7.02		0.241622		
7.03		0.242248		
7.04		0.242875		
7.05		0.243501		
7.06		0.244129		
7.07		0.244757		
7.08		0.245385		
7.09		0.246014		
7.1		0.246643		
7.11		0.247273		
7.12		0.247903		
7.13		0.248534		
7.14		0.249166		
7.15		0.249797		
7.16		0.25043		
7.17		0.251063		
7.18		0.251696		
7.19		0.25233		
7.2		0.252964		
7.21		0.253599		
7.22		0.254234		
7.23		0.25487		
7.24		0.255506		
7.25		0.256143		
7.26		0.25678		
7.27		0.257417		
7.28		0.258055		
7.29		0.258694		
7.3		0.259333		
7.31		0.259972		
7.32		0.260612		
7.33		0.261252		
7.34		0.261893		
7.35		0.262534		
7.36		0.263176		
7.37		0.263818		
7.38		0.26446		
7.39		0.265103		
7.4		0.265746		
7.41		0.26639		
7.42		0.267034		
7.43		0.267679		
7.44		0.268324		
7.45		0.268969		
7.46		0.269615		
7.47		0.270261		
7.48		0.270908		
7.49		0.271555		
7.5		0.272202		
7.51		0.27285		
7.52		0.273499		
7.53		0.274147		
7.54		0.274796		
7.55		0.275446		
7.56		0.276095		
7.57		0.276746		
7.58		0.277396		
7.59		0.278047		
7.6		0.278698		
7.61		0.27935		
7.62		0.280002		
7.63		0.280655		
7.64		0.281307		
7.65		0.281961		
7.66		0.282614		
7.67		0.283268		
7.68		0.283922		
7.69		0.284577		
7.7		0.285232		
7.71		0.285887		
7.72		0.286543		
7.73		0.287199		
7.74		0.287855		
7.75		0.288512		
7.76		0.289169		
7.77		0.289826		
7.78		0.290484		
7.79		0.291142		
7.8		0.2918		
7.81		0.292459		
7.82		0.293117		
7.83		0.293777		
7.84		0.294436		
7.85		0.295096		
7.86		0.295756		
7.87		0.296417		
7.88		0.297078		
7.89		0.297739		
7.9		0.2984		
7.91		0.299062		
7.92		0.299724		
7.93		0.300386		
7.94		0.301049		
7.95		0.301712		
7.96		0.302375		
7.97		0.303039		
7.98		0.303702		
7.99		0.304366		
8		0.305031		
8.01		0.305695		
8.02		0.30636		
8.03		0.307025		
8.04		0.307691		
8.05		0.308356		
8.06		0.309022		
8.07		0.309689		
8.08		0.310355		
8.09		0.311022		
8.1		0.311689		
8.11		0.312356		
8.12		0.313023		
8.13		0.313691		
8.14		0.314359		
8.15		0.315027		
8.16		0.315696		
8.17		0.316364		
8.18		0.317033		
8.19		0.317702		
8.2		0.318372		
8.21		0.319041		
8.22		0.319711		
8.23		0.320381		
8.24		0.321051		
8.25		0.321722		
8.26		0.322392		
8.27		0.323063		
8.28		0.323735		
8.29		0.324406		
8.3		0.325077		
8.31		0.325749		
8.32		0.326421		
8.33		0.327093		
8.34		0.327766		
8.35		0.328438		
8.36		0.329111		
8.37		0.329784		
8.38		0.330457		
8.39		0.33113		
8.4		0.331804		
8.41		0.332477		
8.42		0.333151		
8.43		0.333825		
8.44		0.334499		
8.45		0.335174		
8.46		0.335848		
8.47		0.336523		
8.48		0.337198		
8.49		0.337873		
8.5		0.338548		
8.51		0.339223		
8.52		0.339899		
8.53		0.340574		
8.54		0.34125		
8.55		0.341926		
8.56		0.342602		
8.57		0.343279		
8.58		0.343955		
8.59		0.344632		
8.6		0.345308		
8.61		0.345985		
8.62		0.346662		
8.63		0.347339		
8.64		0.348016		
8.65		0.348694		
8.66		0.349371		
8.67		0.350049		
8.68		0.350726		
8.69		0.351404		
8.7		0.352082		
8.71		0.35276		
8.72		0.353439		
8.73		0.354117		
8.74		0.354795		
8.75		0.355474		
8.76		0.356152		
8.77		0.356831		
8.78		0.35751		
8.79		0.358189		
8.8		0.358868		
8.81		0.359547		
8.82		0.360226		
8.83		0.360906		
8.84		0.361585		
8.85		0.362265		
8.86		0.362944		
8.87		0.363624		
8.88		0.364304		
8.89		0.364983		
8.9		0.365663		
8.91		0.366343		
8.92		0.367023		
8.93		0.367703		
8.94		0.368384		
8.95		0.369064		
8.96		0.369744		
8.97		0.370424		
8.98		0.371105		
8.99		0.371785		
9		0.372466		
9.01		0.373147		
9.02		0.373827		
9.03		0.374508		
9.04		0.375189		
9.05		0.375869		
9.06		0.37655		
9.07		0.377231		
9.08		0.377912		
9.09		0.378593		
9.1		0.379274		
9.11		0.379955		
9.12		0.380636		
9.13		0.381317		
9.14		0.381999		
9.15		0.38268		
9.16		0.383361		
9.17		0.384042		
9.18		0.384723		
9.19		0.385405		
9.2		0.386086		
9.21		0.386767		
9.22		0.387449		
9.23		0.38813		
9.24		0.388811		
9.25		0.389493		
9.26		0.390174		
9.27		0.390855		
9.28		0.391537		
9.29		0.392218		
9.3		0.392899		
9.31		0.393581		
9.32		0.394262		
9.33		0.394943		
9.34		0.395625		
9.35		0.396306		
9.36		0.396987		
9.37		0.397669		
9.38		0.39835		
9.39		0.399031		
9.4		0.399713		
9.41		0.400394		
9.42		0.401075		
9.43		0.401756		
9.44		0.402437		
9.45		0.403118		
9.46		0.4038		
9.47		0.404481		
9.48		0.405162		
9.49		0.405843		
9.5		0.406524		
9.51		0.407205		
9.52		0.407886		
9.53		0.408566		
9.54		0.409247		
9.55		0.409928		
9.56		0.410609		
9.57		0.41129		
9.58		0.41197		
9.59		0.412651		
9.6		0.413331		
9.61		0.414012		
9.62		0.414692		
9.63		0.415373		
9.64		0.416053		
9.65		0.416733		
9.66		0.417413		
9.67		0.418093		
9.68		0.418774		
9.69		0.419454		
9.7		0.420133		
9.71		0.420813		
9.72		0.421493		
9.73		0.422173		
9.74		0.422852		
9.75		0.423532		
9.76		0.424212		
9.77		0.424891		
9.78		0.42557		
9.79		0.42625		
9.8		0.426929		
9.81		0.427608		
9.82		0.428287		
9.83		0.428966		
9.84		0.429644		
9.85		0.430323		
9.86		0.431002		
9.87		0.43168		
9.88		0.432359		
9.89		0.433037		
9.9		0.433715		
9.91		0.434394		
9.92		0.435072		
9.93		0.43575		
9.94		0.436427		
9.95		0.437105		
9.96		0.437783		
9.97		0.43846		
9.98		0.439138		
9.99		0.439815		
10		0.440492		
10.01		0.441169		
10.02		0.441846		
10.03		0.442523		
10.04		0.4432		
10.05		0.443876		
10.06		0.444553		
10.07		0.445229		
10.08		0.445905		
10.09		0.446581		
10.1		0.447257		
10.11		0.447933		
10.12		0.448609		
10.13		0.449285		
10.14		0.44996		
10.15		0.450635		
10.16		0.451311		
10.17		0.451986		
10.18		0.452661		
10.19		0.453335		
10.2		0.45401		
10.21		0.454685		
10.22		0.455359		
10.23		0.456033		
10.24		0.456707		
10.25		0.457381		
10.26		0.458055		
10.27		0.458729		
10.28		0.459402		
10.29		0.460076		
10.3		0.460749		
10.31		0.461422		
10.32		0.462095		
10.33		0.462767		
10.34		0.46344		
10.35		0.464112		
10.36		0.464785		
10.37		0.465457		
10.38		0.466129		
10.39		0.4668		
10.4		0.467472		
10.41		0.468144		
10.42		0.468815		
10.43		0.469486		
10.44		0.470157		
10.45		0.470828		
10.46		0.471498		
10.47		0.472169		
10.48		0.472839		
10.49		0.473509		
10.5		0.474179		
10.51		0.474849		
10.52		0.475519		
10.53		0.476188		
10.54		0.476857		
10.55		0.477526		
10.56		0.478195		
10.57		0.478864		
10.58		0.479532		
10.59		0.480201		
10.6		0.480869		
10.61		0.481537		
10.62		0.482205		
10.63		0.482872		
10.64		0.48354		
10.65		0.484207		
10.66		0.484874		
10.67		0.485541		
10.68		0.486207		
10.69		0.486874		
10.7		0.48754		
10.71		0.488206		
10.72		0.488872		
10.73		0.489538		
10.74		0.490203		
10.75		0.490869		
10.76		0.491534		
10.77		0.492199		
10.78		0.492863		
10.79		0.493528		
10.8		0.494192		
10.81		0.494856		
10.82		0.49552		
10.83		0.496184		
10.84		0.496847		
10.85		0.497511		
10.86		0.498174		
10.87		0.498837		
10.88		0.499499		
10.89		0.500162		
10.9		0.500824		
10.91		0.501486		
10.92		0.502148		
10.93		0.50281		
10.94		0.503471		
10.95		0.504132		
10.96		0.504793		
10.97		0.505454		
10.98		0.506115		
10.99		0.506775		
11		0.507435		
11.01		0.508095		
11.02		0.508755		
11.03		0.509414		
11.04		0.510074		
11.05		0.510733		
11.06		0.511392		
11.07		0.51205		
11.08		0.512709		
11.09		0.513367		
11.1		0.514025		
11.11		0.514682		
11.12		0.51534		
11.13		0.515997		
11.14		0.516654		
11.15		0.517311		
11.16		0.517968		
11.17		0.518624		
11.18		0.51928		
11.19		0.519936		
11.2		0.520592		
11.21		0.521248		
11.22		0.521903		
11.23		0.522558		
11.24		0.523213		
11.25		0.523867		
11.26		0.524522		
11.27		0.525176		
11.28		0.52583		
11.29		0.526484		
11.3		0.527137		
11.31		0.52779		
11.32		0.528443		
11.33		0.529096		
11.34		0.529749		
11.35		0.530401		
11.36		0.531053		
11.37		0.531705		
11.38		0.532356		
11.39		0.533008		
11.4		0.533659		
11.41		0.53431		
11.42		0.53496		
11.43		0.535611		
11.44		0.536261		
11.45		0.536911		
11.46		0.537561		
11.47		0.53821		
11.48		0.53886		
11.49		0.539509		
11.5		0.540157		
11.51		0.540806		
11.52		0.541454		
11.53		0.542102		
11.54		0.54275		
11.55		0.543398		
11.56		0.544045		
11.57		0.544692		
11.58		0.545339		
11.59		0.545986		
11.6		0.546632		
11.61		0.547279		
11.62		0.547925		
11.63		0.54857		
11.64		0.549216		
11.65		0.549861		
11.66		0.550506		
11.67		0.551151		
11.68		0.551795		
11.69		0.55244		
11.7		0.553084		
11.71		0.553727		
11.72		0.554371		
11.73		0.555014		
11.74		0.555657		
11.75		0.5563		
11.76		0.556943		
11.77		0.557585		
11.78		0.558227		
11.79		0.558869		
11.8		0.559511		
11.81		0.560152		
11.82		0.560794		
11.83		0.561435		
11.84		0.562075		
11.85		0.562716		
11.86		0.563356		
11.87		0.563996		
11.88		0.564636		
11.89		0.565275		
11.9		0.565915		
11.91		0.566554		
11.92		0.567193		
11.93		0.567831		
11.94		0.56847		
11.95		0.569108		
11.96		0.569746		
11.97		0.570383		
11.98		0.571021		
11.99		0.571658		
12		0.572295		
12.01		0.572931		
12.02		0.573568		
12.03		0.574204		
12.04		0.57484		
12.05		0.575476		
12.06		0.576111		
12.07		0.576747		
12.08		0.577382		
12.09		0.578017		
12.1		0.578651		
12.11		0.579286		
12.12		0.57992		
12.13		0.580554		
12.14		0.581187		
12.15		0.581821		
12.16		0.582454		
12.17		0.583087		
12.18		0.58372		
12.19		0.584352		
12.2		0.584985		
12.21		0.585617		
12.22		0.586249		
12.23		0.58688		
12.24		0.587512		
12.25		0.588143		
12.26		0.588774		
12.27		0.589405		
12.28		0.590035		
12.29		0.590665		
12.3		0.591295		
12.31		0.591925		
12.32		0.592555		
12.33		0.593184		
12.34		0.593813		
12.35		0.594442		
12.36		0.595071		
12.37		0.5957		
12.38		0.596328		
12.39		0.596956		
12.4		0.597584		
12.41		0.598212		
12.42		0.598839		
12.43		0.599466		
12.44		0.600093		
12.45		0.60072		
12.46		0.601347		
12.47		0.601973		
12.48		0.602599		
12.49		0.603225		
12.5		0.603851		
12.51		0.604476		
12.52		0.605102		
12.53		0.605727		
12.54		0.606352		
12.55		0.606976		
12.56		0.607601		
12.57		0.608225		
12.58		0.608849		
12.59		0.609473		
12.6		0.610097		
12.61		0.61072		
12.62		0.611344		
12.63		0.611967		
12.64		0.612589		
12.65		0.613212		
12.66		0.613835		
12.67		0.614457		
12.68		0.615079		
12.69		0.615701		
12.7		0.616323		
12.71		0.616944		
12.72		0.617565		
12.73		0.618187		
12.74		0.618807		
12.75		0.619428		
12.76		0.620049		
12.77		0.620669		
12.78		0.621289		
12.79		0.621909		
12.8		0.622529		
12.81		0.623149		
12.82		0.623768		
12.83		0.624387		
12.84		0.625007		
12.85		0.625625		
12.86		0.626244		
12.87		0.626863		
12.88		0.627481		
12.89		0.628099		
12.9		0.628717		
12.91		0.629335		
12.92		0.629953		
12.93		0.630571		
12.94		0.631188		
12.95		0.631805		
12.96		0.632422		
12.97		0.633039		
12.98		0.633656		
12.99		0.634272		
13		0.634889		
13.01		0.635505		
13.02		0.636121		
13.03		0.636737		
13.04		0.637352		
13.05		0.637968		
13.06		0.638583		
13.07		0.639199		
13.08		0.639814		
13.09		0.640429		
13.1		0.641044		
13.11		0.641658		
13.12		0.642273		
13.13		0.642887		
13.14		0.643502		
13.15		0.644116		
13.16		0.64473		
13.17		0.645343		
13.18		0.645957		
13.19		0.646571		
13.2		0.647184		
13.21		0.647797		
13.22		0.648411		
13.23		0.649024		
13.24		0.649637		
13.25		0.650249		
13.26		0.650862		
13.27		0.651475		
13.28		0.652087		
13.29		0.652699		
13.3		0.653311		
13.31		0.653923		
13.32		0.654535		
13.33		0.655147		
13.34		0.655759		
13.35		0.65637		
13.36		0.656982		
13.37		0.657593		
13.38		0.658205		
13.39		0.658816		
13.4		0.659427		
13.41		0.660038		
13.42		0.660649		
13.43		0.661259		
13.44		0.66187		
13.45		0.662481		
13.46		0.663091		
13.47		0.663702		
13.48		0.664312		
13.49		0.664922		
13.5		0.665532		
13.51		0.666142		
13.52		0.666752		
13.53		0.667362		
13.54		0.667972		
13.55		0.668582		
13.56		0.669191		
13.57		0.669801		
13.58		0.67041		
13.59		0.67102		
13.6		0.671629		
13.61		0.672238		
13.62		0.672848		
13.63		0.673457		
13.64		0.674066		
13.65		0.674675		
13.66		0.675284		
13.67		0.675893		
13.68		0.676502		
13.69		0.677111		
13.7		0.677719		
13.71		0.678328		
13.72		0.678937		
13.73		0.679545		
13.74		0.680154		
13.75		0.680763		
13.76		0.681371		
13.77		0.68198		
13.78		0.682588		
13.79		0.683197		
13.8		0.683805		
13.81		0.684413		
13.82		0.685022		
13.83		0.68563		
13.84		0.686238		
13.85		0.686847		
13.86		0.687455		
13.87		0.688063		
13.88		0.688671		
13.89		0.68928		
13.9		0.689888		
13.91		0.690496		
13.92		0.691104		
13.93		0.691713		
13.94		0.692321		
13.95		0.692929		
13.96		0.693537		
13.97		0.694146		
13.98		0.694754		
13.99		0.695362		
14		0.69597		
14.01		0.696579		
14.02		0.697187		
14.03		0.697795		
14.04		0.698404		
14.05		0.699012		
14.06		0.699621		
14.07		0.700229		
14.08		0.700838		
14.09		0.701446		
14.1		0.702055		
14.11		0.702663		
14.12		0.703272		
14.13		0.703881		
14.14		0.704489		
14.15		0.705098		
14.16		0.705707		
14.17		0.706316		
14.18		0.706925		
14.19		0.707534		
14.2		0.708143		
14.21		0.708752		
14.22		0.709361		
14.23		0.709971		
14.24		0.71058		
14.25		0.71119		
14.26		0.711799		
14.27		0.712409		
14.28		0.713018		
14.29		0.713628		
14.3		0.714238		
14.31		0.714848		
14.32		0.715458		
14.33		0.716068		
14.34		0.716679		
14.35		0.717289		
14.36		0.717899		
14.37		0.71851		
14.38		0.719121		
14.39		0.719731		
14.4		0.720342		
14.41		0.720953		
14.42		0.721565		
14.43		0.722176		
14.44		0.722787		
14.45		0.723399		
14.46		0.72401		
14.47		0.724622		
14.48		0.725234		
14.49		0.725846		
14.5		0.726459		
14.51		0.727071		
14.52		0.727683		
14.53		0.728296		
14.54		0.728909		
14.55		0.729522		
14.56		0.730135		
14.57		0.730748		
14.58		0.731362		
14.59		0.731976		
14.6		0.732589		
14.61		0.733203		
14.62		0.733818		
14.63		0.734432		
14.64		0.735046		
14.65		0.735661		
14.66		0.736276		
14.67		0.736891		
14.68		0.737507		
14.69		0.738122		
14.7		0.738738		
14.71		0.739354		
14.72		0.73997		
14.73		0.740586		
14.74		0.741203		
14.75		0.74182		
14.76		0.742437		
14.77		0.743054		
14.78		0.743671		
14.79		0.744289		
14.8		0.744907		
14.81		0.745525		
14.82		0.746144		
14.83		0.746762		
14.84		0.747381		
14.85		0.748		
14.86		0.74862		
14.87		0.749239		
14.88		0.749859		
14.89		0.75048		
14.9		0.7511		
14.91		0.751721		
14.92		0.752342		
14.93		0.752963		
14.94		0.753585		
14.95		0.754207		
14.96		0.754829		
14.97		0.755451		
14.98		0.756074		
14.99		0.756697		
15		0.75732		
15.01		0.757944		
15.02		0.758568		
15.03		0.759192		
15.04		0.759817		
15.05		0.760441		
15.06		0.761067		
15.07		0.761692		
15.08		0.762318		
15.09		0.762944		
15.1		0.763571		
15.11		0.764198		
15.12		0.764825		
15.13		0.765452		
15.14		0.76608		
15.15		0.766709		
15.16		0.767337		
15.17		0.767966		
15.18		0.768595		
15.19		0.769225		
15.2		0.769855		
15.21		0.770486		
15.22		0.771117		
15.23		0.771748		
15.24		0.772379		
15.25		0.773011		
15.26		0.773644		
15.27		0.774277		
15.28		0.77491		
15.29		0.775543		
15.3		0.776177		
15.31		0.776812		
15.32		0.777447		
15.33		0.778082		
15.34		0.778717		
15.35		0.779354		
15.36		0.77999		
15.37		0.780627		
15.38		0.781265		
15.39		0.781902		
15.4		0.782541		
15.41		0.783179		
15.42		0.783819		
15.43		0.784458		
15.44		0.785098		
15.45		0.785739		
15.46		0.78638		
15.47		0.787022		
15.48		0.787664		
15.49		0.788306		
15.5		0.788949		
15.51		0.789593		
15.52		0.790237		
15.53		0.790881		
15.54		0.791526		
15.55		0.792171		
15.56		0.792817		
15.57		0.793464		
15.58		0.794111		
15.59		0.794759		
15.6		0.795407		
15.61		0.796055		
15.62		0.796704		
15.63		0.797354		
15.64		0.798004		
15.65		0.798655		
15.66		0.799306		
15.67		0.799958		
15.68		0.800611		
15.69		0.801264		
15.7		0.801917		
15.71		0.802571		
15.72		0.803226		
15.73		0.803881		
15.74		0.804537		
15.75		0.805194		
15.76		0.805851		
15.77		0.806508		
15.78		0.807167		
15.79		0.807826		
15.8		0.808485		
15.81		0.809145		
15.82		0.809806		
15.83		0.810467		
15.84		0.811129		
15.85		0.811792		
15.86		0.812455		
15.87		0.813119		
15.88		0.813784		
15.89		0.814449		
15.9		0.815115		
15.91		0.815781		
15.92		0.816448		
15.93		0.817116		
15.94		0.817785		
15.95		0.818454		
15.96		0.819124		
15.97		0.819794		
15.98		0.820465		
15.99		0.821137		
16		0.82181		
16.01		0.822483		
16.02		0.823157		
16.03		0.823832		
16.04		0.824508		
16.05		0.825184		
16.06		0.825861		
16.07		0.826539		
16.08		0.827217		
16.09		0.827896		
16.1		0.828576		
16.11		0.829257		
16.12		0.829938		
16.13		0.83062		
16.14		0.831303		
16.15		0.831987		
16.16		0.832671		
16.17		0.833357		
16.18		0.834043		
16.19		0.83473		
16.2		0.835417		
16.21		0.836106		
16.22		0.836795		
16.23		0.837485		
16.24		0.838176		
16.25		0.838868		
16.26		0.83956		
16.27		0.840253		
16.28		0.840948		
16.29		0.841643		
16.3		0.842338		
16.31		0.843035		
16.32		0.843733		
16.33		0.844431		
16.34		0.84513		
16.35		0.84583		
16.36		0.846531		
16.37		0.847233		
16.38		0.847936		
16.39		0.84864		
16.4		0.849344		
16.41		0.85005		
16.42		0.850756		
16.43		0.851463		
16.44		0.852172		
16.45		0.852881		
16.46		0.853591		
16.47		0.854302		
16.48		0.855014		
16.49		0.855726		
16.5		0.85644		
16.51		0.857155		
16.52		0.857871		
16.53		0.858587		
16.54		0.859305		
16.55		0.860023		
16.56		0.860743		
16.57		0.861463		
16.58		0.862185		
16.59		0.862907		
16.6		0.863631		
16.61		0.864355		
16.62		0.865081		
16.63		0.865807		
16.64		0.866535		
16.65		0.867263		
16.66		0.867993		
16.67		0.868724		
16.68		0.869455		
16.69		0.870188		
16.7		0.870922		
16.71		0.871656		
16.72		0.872392		
16.73		0.873129		
16.74		0.873867		
16.75		0.874606		
16.76		0.875346		
16.77		0.876088		
16.78		0.87683		
16.79		0.877573		
16.8		0.878318		
16.81		0.879064		
16.82		0.87981		
16.83		0.880558		
16.84		0.881307		
16.85		0.882057		
16.86		0.882809		
16.87		0.883561		
16.88		0.884315		
16.89		0.885069		
16.9		0.885825		
16.91		0.886582		
16.92		0.887341		
16.93		0.8881		
16.94		0.888861		
16.95		0.889622		
16.96		0.890385		
16.97		0.891149		
16.98		0.891915		
16.99		0.892681		
17		0.893449		
17.01		0.894218		
17.02		0.894988		
17.03		0.89576		
17.04		0.896533		
17.05		0.897307		
17.06		0.898082		
17.07		0.898858		
17.08		0.899636		
17.09		0.900415		
17.1		0.901195		
17.11		0.901977		
17.12		0.90276		
17.13		0.903544		
17.14		0.904329		
17.15		0.905116		
17.16		0.905904		
17.17		0.906694		
17.18		0.907484		
17.19		0.908276		
17.2		0.90907		
17.21		0.909864		
17.22		0.91066		
17.23		0.911458		
17.24		0.912256		
17.25		0.913057		
17.26		0.913858		
17.27		0.914661		
17.28		0.915465		
17.29		0.916271		
17.3		0.917078		
17.31		0.917886		
17.32		0.918696		
17.33		0.919507		
17.34		0.92032		
17.35		0.921134		
17.36		0.92195		
17.37		0.922767		
17.38		0.923585		
17.39		0.924405		
17.4		0.925226		
17.41		0.926049		
17.42		0.926873		
17.43		0.927699		
17.44		0.928526		
17.45		0.929355		
17.46		0.930185		
17.47		0.931017		
17.48		0.93185		
17.49		0.932685		
17.5		0.933521		
17.51		0.934358		
17.52		0.935198		
17.53		0.936039		
17.54		0.936881		
17.55		0.937725		
17.56		0.93857		
17.57		0.939417		
17.58		0.940266		
17.59		0.941116		
17.6		0.941968		
17.61		0.942821		
17.62		0.943676		
17.63		0.944533		
17.64		0.945391		
17.65		0.946251		
17.66		0.947112		
17.67		0.947975		
17.68		0.94884		
17.69		0.949706		
17.7		0.950574		
17.71		0.951444		
17.72		0.952315		
17.73		0.953188		
17.74		0.954062		
17.75		0.954939		
17.76		0.955817		
17.77		0.956696		
17.78		0.957578		
17.79		0.958461		
17.8		0.959345		
17.81		0.960232		
17.82		0.96112		
17.83		0.96201		
17.84		0.962902		
17.85		0.963795		
17.86		0.964691		
17.87		0.965588		
17.88		0.966486		
17.89		0.967387		
17.9		0.968289		
17.91		0.969193		
17.92		0.970099		
17.93		0.971007		
17.94		0.971916		
17.95		0.972828		
17.96		0.973741		
17.97		0.974656		
17.98		0.975573		
17.99		0.976491		
18		0.977412		
18.01		0.978334		
18.02		0.979258		
18.03		0.980184		
18.04		0.981112		
18.05		0.982042		
18.06		0.982974		
18.07		0.983908		
18.08		0.984843		
18.09		0.985781		
18.1		0.98672		
18.11		0.987661		
18.12		0.988605		
18.13		0.98955		
18.14		0.990497		
18.15		0.991446		
18.16		0.992397		
18.17		0.99335		
18.18		0.994305		
18.19		0.995262		
18.2		0.996221		
18.21		0.997182		
18.22		0.998145		
18.23		0.99911		
18.24		1.00008		
18.25		1.00105		
18.26		1.00202		
18.27		1.00299		
18.28		1.00397		
18.29		1.00494		
18.3		1.00592		
18.31		1.0069		
18.32		1.00789		
18.33		1.00887		
18.34		1.00986		
18.35		1.01085		
18.36		1.01184		
18.37		1.01284		
18.38		1.01383		
18.39		1.01483		
18.4		1.01583		
18.41		1.01683		
18.42		1.01784		
18.43		1.01884		
18.44		1.01985		
18.45		1.02086		
18.46		1.02188		
18.47		1.02289		
18.48		1.02391		
18.49		1.02493		
18.5		1.02595		
18.51		1.02698		
18.52		1.028		
18.53		1.02903		
18.54		1.03006		
18.55		1.0311		
18.56		1.03213		
18.57		1.03317		
18.58		1.03421		
18.59		1.03525		
18.6		1.0363		
18.61		1.03734		
18.62		1.03839		
18.63		1.03945		
18.64		1.0405		
18.65		1.04156		
18.66		1.04261		
18.67		1.04367		
18.68		1.04474		
18.69		1.0458		
18.7		1.04687		
18.71		1.04794		
18.72		1.04901		
18.73		1.05009		
18.74		1.05117		
18.75		1.05225		
18.76		1.05333		
18.77		1.05441		
18.78		1.0555		
18.79		1.05659		
18.8		1.05768		
18.81		1.05878		
18.82		1.05987		
18.83		1.06097		
18.84		1.06208		
18.85		1.06318		
18.86		1.06429		
18.87		1.0654		
18.88		1.06651		
18.89		1.06762		
18.9		1.06874		
18.91		1.06986		
18.92		1.07098		
18.93		1.07211		
18.94		1.07323		
18.95		1.07436		
18.96		1.07549		
18.97		1.07663		
18.98		1.07777		
18.99		1.07891		
19		1.08005		
19.01		1.08119		
19.02		1.08234		
19.03		1.08349		
19.04		1.08465		
19.05		1.0858		
19.06		1.08696		
19.07		1.08812		
19.08		1.08928		
19.09		1.09045		
19.1		1.09162		
19.11		1.09279		
19.12		1.09397		
19.13		1.09514		
19.14		1.09632		
19.15		1.09751		
19.16		1.09869		
19.17		1.09988		
19.18		1.10107		
19.19		1.10226		
19.2		1.10346		
19.21		1.10466		
19.22		1.10586		
19.23		1.10707		
19.24		1.10827		
19.25		1.10948		
19.26		1.1107		
19.27		1.11191		
19.28		1.11313		
19.29		1.11435		
19.3		1.11558		
19.31		1.1168		
19.32		1.11803		
19.33		1.11927		
19.34		1.1205		
19.35		1.12174		
19.36		1.12298		
19.37		1.12423		
19.38		1.12548		
19.39		1.12673		
19.4		1.12798		
19.41		1.12924		
19.42		1.1305		
19.43		1.13176		
19.44		1.13302		
19.45		1.13429		
19.46		1.13556		
19.47		1.13684		
19.48		1.13811		
19.49		1.13939		
19.5		1.14068		
19.51		1.14196		
19.52		1.14325		
19.53		1.14455		
19.54		1.14584		
19.55		1.14714		
19.56		1.14844		
19.57		1.14975		
19.58		1.15105		
19.59		1.15236		
19.6		1.15368		
19.61		1.155		
19.62		1.15632		
19.63		1.15764		
19.64		1.15897		
19.65		1.1603		
19.66		1.16163		
19.67		1.16296		
19.68		1.1643		
19.69		1.16565		
19.7		1.16699		
19.71		1.16834		
19.72		1.16969		
19.73		1.17105		
19.74		1.17241		
19.75		1.17377		
19.76		1.17513		
19.77		1.1765		
19.78		1.17787		
19.79		1.17925		
19.8		1.18062		
19.81		1.18201		
19.82		1.18339		
19.83		1.18478		
19.84		1.18617		
19.85		1.18756		
19.86		1.18896		
19.87		1.19036		
19.88		1.19177		
19.89		1.19318		
19.9		1.19459		
19.91		1.196		
19.92		1.19742		
19.93		1.19884		
19.94		1.20027		
19.95		1.2017		
19.96		1.20313		
19.97		1.20456		
19.98		1.206		
19.99		1.20744		
20		1.20889		
20.01		1.21034		
20.02		1.21179		
20.03		1.21325		
20.04		1.21471		
20.05		1.21617		
20.06		1.21764		
20.07		1.21911		
20.08		1.22058		
20.09		1.22206		
20.1		1.22354		
20.11		1.22502		
20.12		1.22651		
20.13		1.228		
20.14		1.2295		
20.15		1.231		
20.16		1.2325		
20.17		1.23401		
20.18		1.23552		
20.19		1.23703		
20.2		1.23855		
20.21		1.24007		
20.22		1.24159		
20.23		1.24312		
20.24		1.24465		
20.25		1.24619		
20.26		1.24773		
20.27		1.24927		
20.28		1.25081		
20.29		1.25237		
20.3		1.25392		
20.31		1.25548		
20.32		1.25704		
20.33		1.2586		
20.34		1.26017		
20.35		1.26175		
20.36		1.26332		
20.37		1.2649		
20.38		1.26649		
20.39		1.26808		
20.4		1.26967		
20.41		1.27127		
20.42		1.27287		
20.43		1.27447		
20.44		1.27608		
20.45		1.27769		
20.46		1.2793		
20.47		1.28092		
20.48		1.28255		
20.49		1.28417		
20.5		1.28581		
20.51		1.28744		
20.52		1.28908		
20.53		1.29072		
20.54		1.29237		
20.55		1.29402		
20.56		1.29568		
20.57		1.29734		
20.58		1.299		
20.59		1.30067		
20.6		1.30234		
20.61		1.30401		
20.62		1.30569		
20.63		1.30737		
20.64		1.30906		
20.65		1.31075		
20.66		1.31245		
20.67		1.31415		
20.68		1.31585		
20.69		1.31756		
20.7		1.31927		
20.71		1.32099		
20.72		1.32271		
20.73		1.32444		
20.74		1.32616		
20.75		1.3279		
20.76		1.32964		
20.77		1.33138		
20.78		1.33312		
20.79		1.33487		
20.8		1.33663		
20.81		1.33839		
20.82		1.34015		
20.83		1.34191		
20.84		1.34369		
20.85		1.34546		
20.86		1.34724		
20.87		1.34903		
20.88		1.35081		
20.89		1.35261		
20.9		1.3544		
20.91		1.35621		
20.92		1.35801		
20.93		1.35982		
20.94		1.36164		
20.95		1.36346		
20.96		1.36528		
20.97		1.36711		
20.98		1.36894		
20.99		1.37078		
21		1.37262		
21.01		1.37446		
21.02		1.37631		
21.03		1.37817		
21.04		1.38003		
21.05		1.38189		
21.06		1.38376		
21.07		1.38563		
21.08		1.38751		
21.09		1.38939		
21.1		1.39128		
21.11		1.39317		
21.12		1.39507		
21.13		1.39697		
21.14		1.39887		
21.15		1.40078		
21.16		1.40269		
21.17		1.40461		
21.18		1.40654		
21.19		1.40846		
21.2		1.4104		
21.21		1.41233		
21.22		1.41428		
21.23		1.41622		
21.24		1.41817		
21.25		1.42013		
21.26		1.42209		
21.27		1.42406		
21.28		1.42603		
21.29		1.428		
21.3		1.42998		
21.31		1.43196		
21.32		1.43395		
21.33		1.43595		
21.34		1.43795		
21.35		1.43995		
21.36		1.44196		
21.37		1.44397		
21.38		1.44599		
21.39		1.44801		
21.4		1.45004		
21.41		1.45207		
21.42		1.45411		
21.43		1.45615		
21.44		1.4582		
21.45		1.46026		
21.46		1.46231		
21.47		1.46437		
21.48		1.46644		
21.49		1.46851		
21.5		1.47059		
21.51		1.47267		
21.52		1.47476		
21.53		1.47685		
21.54		1.47895		
21.55		1.48105		
21.56		1.48316		
21.57		1.48527		
21.58		1.48739		
21.59		1.48951		
21.6		1.49164		
21.61		1.49377		
21.62		1.49591		
21.63		1.49806		
21.64		1.5002		
21.65		1.50236		
21.66		1.50452		
21.67		1.50668		
21.68		1.50885		
21.69		1.51102		
21.7		1.5132		
21.71		1.51539		
21.72		1.51758		
21.73		1.51977		
21.74		1.52197		
21.75		1.52418		
21.76		1.52639		
21.77		1.5286		
21.78		1.53082		
21.79		1.53305		
21.8		1.53528		
21.81		1.53752		
21.82		1.53976		
21.83		1.54201		
21.84		1.54426		
21.85		1.54652		
21.86		1.54879		
21.87		1.55106		
21.88		1.55333		
21.89		1.55561		
21.9		1.5579		
21.91		1.56019		
21.92		1.56248		
21.93		1.56479		
21.94		1.56709		
21.95		1.56941		
21.96		1.57172		
21.97		1.57405		
21.98		1.57638		
21.99		1.57871		
22		1.58105		
22.01		1.5834		
22.02		1.58575		
22.03		1.58811		
22.04		1.59047		
22.05		1.59284		
22.06		1.59521		
22.07		1.59759		
22.08		1.59998		
22.09		1.60237		
22.1		1.60477		
22.11		1.60717		
22.12		1.60958		
22.13		1.61199		
22.14		1.61441		
22.15		1.61683		
22.16		1.61926		
22.17		1.6217		
22.18		1.62414		
22.19		1.62659		
22.2		1.62904		
22.21		1.6315		
22.22		1.63397		
22.23		1.63644		
22.24		1.63892		
22.25		1.6414		
22.26		1.64389		
22.27		1.64638		
22.28		1.64888		
22.29		1.65139		
22.3		1.6539		
22.31		1.65642		
22.32		1.65894		
22.33		1.66147		
22.34		1.66401		
22.35		1.66655		
22.36		1.6691		
22.37		1.67165		
22.38		1.67421		
22.39		1.67678		
22.4		1.67935		
22.41		1.68193		
22.42		1.68451		
22.43		1.6871		
22.44		1.6897		
22.45		1.6923		
22.46		1.69491		
22.47		1.69752		
22.48		1.70014		
22.49		1.70277		
22.5		1.7054		
22.51		1.70804		
22.52		1.71068		
22.53		1.73044		
22.54		1.73038		
22.55		1.73032		
22.56		1.73025		
22.57		1.73019		
22.58		1.73012		
22.59		1.73006		
22.6		1.72999		
22.61		1.72992		
22.62		1.72984		
22.63		1.72977		
22.64		1.72969		
22.65		1.72961		
22.66		1.72953		
22.67		1.72945		
22.68		1.72937		
22.69		1.72928		
22.7		1.72919		
22.71		1.7291		
22.72		1.72901		
22.73		1.72892		
22.74		1.72883		
22.75		1.72873		
22.76		1.72863		
22.77		1.72853		
22.78		1.72843		
22.79		1.72833		
22.8		1.72823		
22.81		1.72812		
22.82		1.72801		
22.83		1.7279		
22.84		1.72779		
22.85		1.72768		
22.86		1.72756		
22.87		1.72745		
22.88		1.72733		
22.89		1.72721		
22.9		1.72709		
22.91		1.72697		
22.92		1.72685		
22.93		1.72672		
22.94		1.72659		
22.95		1.72646		
22.96		1.72633		
22.97		1.7262		
22.98		1.72607		
22.99		1.72593		
23		1.7258		
23.01		1.72566		
23.02		1.72552		
23.03		1.72538		
23.04		1.72524		
23.05		1.72509		
23.06		1.72495		
23.07		1.7248		
23.08		1.72465		
23.09		1.7245		
23.1		1.72435		
23.11		1.7242		
23.12		1.72404		
23.13		1.72388		
23.14		1.72373		
23.15		1.72357		
23.16		1.72341		
23.17		1.72325		
23.18		1.72308		
23.19		1.72292		
23.2		1.72275		
23.21		1.72258		
23.22		1.72241		
23.23		1.72224		
23.24		1.72207		
23.25		1.7219		
23.26		1.72172		
23.27		1.72155		
23.28		1.72137		
23.29		1.72119		
23.3		1.72101		
23.31		1.72083		
23.32		1.72064		
23.33		1.72046		
23.34		1.72027		
23.35		1.72009		
23.36		1.7199		
23.37		1.71971		
23.38		1.71952		
23.39		1.71932		
23.4		1.71913		
23.41		1.71893		
23.42		1.71874		
23.43		1.71854		
23.44		1.71834		
23.45		1.71814		
23.46		1.71794		
23.47		1.71773		
23.48		1.71753		
23.49		1.71732		
23.5		1.71712		
23.51		1.71691		
23.52		1.7167		
23.53		1.71649		
23.54		1.71627		
23.55		1.71606		
23.56		1.71585		
23.57		1.71563		
23.58		1.71541		
23.59		1.71519		
23.6		1.71497		
23.61		1.71475		
23.62		1.71453		
23.63		1.71431		
23.64		1.71408		
23.65		1.71386		
23.66		1.71363		
23.67		1.7134		
23.68		1.71317		
23.69		1.71294		
23.7		1.71271		
23.71		1.71248		
23.72		1.71224		
23.73		1.71201		
23.74		1.71177		
23.75		1.71153		
23.76		1.71129		
23.77		1.71105		
23.78		1.71081		
23.79		1.71057		
23.8		1.71033		
23.81		1.71008		
23.82		1.70984		
23.83		1.70959		
23.84		1.70934		
23.85		1.70909		
23.86		1.70884		
23.87		1.70859		
23.88		1.70834		
23.89		1.70808		
23.9		1.70783		
23.91		1.70757		
23.92		1.70732		
23.93		1.70706		
23.94		1.7068		
23.95		1.70654		
23.96		1.70628		
23.97		1.70601		
23.98		1.70575		
23.99		1.70549		
24		1.70522		
24.01		1.70495		
24.02		1.70469		
24.03		1.70442		
24.04		1.70415		
24.05		1.70388		
24.06		1.70361		
24.07		1.70333		
24.08		1.70306		
24.09		1.70278		
24.1		1.70251		
24.11		1.70223		
24.12		1.70195		
24.13		1.70167		
24.14		1.70139		
24.15		1.70111		
24.16		1.70083		
24.17		1.70055		
24.18		1.70026		
24.19		1.69998		
24.2		1.69969		
24.21		1.69941		
24.22		1.69912		
24.23		1.69883		
24.24		1.69854		
24.25		1.69825		
24.26		1.69796		
24.27		1.69766		
24.28		1.69737		
24.29		1.69708		
24.3		1.69678		
24.31		1.69648		
24.32		1.69619		
24.33		1.69589		
24.34		1.69559		
24.35		1.69529		
24.36		1.69499		
24.37		1.69469		
24.38		1.69438		
24.39		1.69408		
24.4		1.69377		
24.41		1.69347		
24.42		1.69316		
24.43		1.69285		
24.44		1.69255		
24.45		1.69224		
24.46		1.69193		
24.47		1.69162		
24.48		1.6913		
24.49		1.69099		
24.5		1.69068		
24.51		1.69036		
24.52		1.69005		
24.53		1.68973		
24.54		1.68941		
24.55		1.6891		
24.56		1.68878		
24.57		1.68846		
24.58		1.68814		
24.59		1.68782		
24.6		1.68749		
24.61		1.68717		
24.62		1.68685		
24.63		1.68652		
24.64		1.6862		
24.65		1.68587		
24.66		1.68554		
24.67		1.68522		
24.68		1.68489		
24.69		1.68456		
24.7		1.68423		
24.71		1.6839		
24.72		1.68356		
24.73		1.68323		
24.74		1.6829		
24.75		1.68256		
24.76		1.68223		
24.77		1.68189		
24.78		1.68156		
24.79		1.68122		
24.8		1.68088		
24.81		1.68054		
24.82		1.6802		
24.83		1.67986		
24.84		1.67952		
24.85		1.67918		
24.86		1.67884		
24.87		1.67849		
24.88		1.67815		
24.89		1.6778		
24.9		1.67746		
24.91		1.67711		
24.92		1.67676		
24.93		1.67642		
24.94		1.67607		
24.95		1.67572		
24.96		1.67537		
24.97		1.67502		
24.98		1.67467		
24.99		1.67431		
25		1.67396		
25.01		1.67361		
25.02		1.67325		
25.03		1.6729		
25.04		1.67254		
25.05		1.67219		
25.06		1.67183		
25.07		1.67147		
25.08		1.67111		
25.09		1.67075		
25.1		1.67039		
25.11		1.67003		
25.12		1.66967		
25.13		1.66931		
25.14		1.66895		
25.15		1.66858		
25.16		1.66822		
25.17		1.66786		
25.18		1.66749		
25.19		1.66712		
25.2		1.66676		
25.21		1.66639		
25.22		1.66602		
25.23		1.66566		
25.24		1.66529		
25.25		1.66492		
25.26		1.66455		
25.27		1.66418		
25.28		1.6638		
25.29		1.66343		
25.3		1.66306		
25.31		1.66269		
25.32		1.66231		
25.33		1.66194		
25.34		1.66156		
25.35		1.66119		
25.36		1.66081		
25.37		1.66043		
25.38		1.66005		
25.39		1.65968		
25.4		1.6593		
25.41		1.65892		
25.42		1.65854		
25.43		1.65816		
25.44		1.65778		
25.45		1.65739		
25.46		1.65701		
25.47		1.65663		
25.48		1.65624		
25.49		1.65586		
25.5		1.65548		
25.51		1.65509		
25.52		1.6547		
25.53		1.65432		
25.54		1.65393		
25.55		1.65354		
25.56		1.65316		
25.57		1.65277		
25.58		1.65238		
25.59		1.65199		
25.6		1.6516		
25.61		1.65121		
25.62		1.65081		
25.63		1.65042		
25.64		1.65003		
25.65		1.64964		
25.66		1.64924		
25.67		1.64885		
25.68		1.64846		
25.69		1.64806		
25.7		1.64766		
25.71		1.64727		
25.72		1.64687		
25.73		1.64647		
25.74		1.64608		
25.75		1.64568		
25.76		1.64528		
25.77		1.64488		
25.78		1.64448		
25.79		1.64408		
25.8		1.64368		
25.81		1.64328		
25.82		1.64288		
25.83		1.64247		
25.84		1.64207		
25.85		1.64167		
25.86		1.64127		
25.87		1.64086		
25.88		1.64046		
25.89		1.64005		
25.9		1.63965		
25.91		1.63924		
25.92		1.63883		
25.93		1.63843		
25.94		1.63802		
25.95		1.63761		
25.96		1.6372		
25.97		1.63679		
25.98		1.63638		
25.99		1.63597		
26		1.63556		
26.01		1.63515		
26.02		1.63474		
26.03		1.63433		
26.04		1.63392		
26.05		1.63351		
26.06		1.63309		
26.07		1.63268		
26.08		1.63227		
26.09		1.63185		
26.1		1.63144		
26.11		1.63102		
26.12		1.63061		
26.13		1.63019		
26.14		1.62977		
26.15		1.62936		
26.16		1.62894		
26.17		1.62852		
26.18		1.6281		
26.19		1.62768		
26.2		1.62727		
26.21		1.62685		
26.22		1.62643		
26.23		1.62601		
26.24		1.62559		
26.25		1.62517		
26.26		1.62474		
26.27		1.62432		
26.28		1.6239		
26.29		1.62348		
26.3		1.62305		
26.31		1.62263		
26.32		1.62221		
26.33		1.62178		
26.34		1.62136		
26.35		1.62093		
26.36		1.62051		
26.37		1.62008		
26.38		1.61966		
26.39		1.61923		
26.4		1.6188		
26.41		1.61838		
26.42		1.61795		
26.43		1.61752		
26.44		1.61709		
26.45		1.61666		
26.46		1.61623		
26.47		1.61581		
26.48		1.61538		
26.49		1.61495		
26.5		1.61452		
26.51		1.61408		
26.52		1.61365		
26.53		1.61322		
26.54		1.61279		
26.55		1.61236		
26.56		1.61193		
26.57		1.61149		
26.58		1.61106		
26.59		1.61063		
26.6		1.61019		
26.61		1.60976		
26.62		1.60932		
26.63		1.60889		
26.64		1.60845		
26.65		1.60802		
26.66		1.60758		
26.67		1.60714		
26.68		1.60671		
26.69		1.60627		
26.7		1.60583		
26.71		1.6054		
26.72		1.60496		
26.73		1.60452		
26.74		1.60408		
26.75		1.60364		
26.76		1.6032		
26.77		1.60276		
26.78		1.60232		
26.79		1.60188		
26.8		1.60144		
26.81		1.601		
26.82		1.60056		
26.83		1.60012		
26.84		1.59968		
26.85		1.59924		
26.86		1.5988		
26.87		1.59835		
26.88		1.59791		
26.89		1.59747		
26.9		1.59702		
26.91		1.59658		
26.92		1.59614		
26.93		1.59569		
26.94		1.59525		
26.95		1.5948		
26.96		1.59436		
26.97		1.59391		
26.98		1.59347		
26.99		1.59302		
27		1.59258		
27.01		1.59213		
27.02		1.59168		
27.03		1.59124		
27.04		1.59079		
27.05		1.59034		
27.06		1.58989		
27.07		1.58945		
27.08		1.589		
27.09		1.58855		
27.1		1.5881		
27.11		1.58765		
27.12		1.5872		
27.13		1.58675		
27.14		1.5863		
27.15		1.58585		
27.16		1.5854		
27.17		1.58495		
27.18		1.5845		
27.19		1.58405		
27.2		1.5836		
27.21		1.58315		
27.22		1.58269		
27.23		1.58224		
27.24		1.58179		
27.25		1.58134		
27.26		1.58089		
27.27		1.58043		
27.28		1.57998		
27.29		1.57953		
27.3		1.57907		
27.31		1.57862		
27.32		1.57816		
27.33		1.57771		
27.34		1.57726		
27.35		1.5768		
27.36		1.57635		
27.37		1.57589		
27.38		1.57544		
27.39		1.57498		
27.4		1.57452		
27.41		1.57407		
27.42		1.57361		
27.43		1.57315		
27.44		1.5727		
27.45		1.57224		
27.46		1.57178		
27.47		1.57133		
27.48		1.57087		
27.49		1.57041		
27.5		1.56995		
27.51		1.5695		
27.52		1.56904		
27.53		1.56858		
27.54		1.56812		
27.55		1.56766		
27.56		1.5672		
27.57		1.56674		
27.58		1.56628		
27.59		1.56582		
27.6		1.56536		
27.61		1.5649		
27.62		1.56444		
27.63		1.56398		
27.64		1.56352		
27.65		1.56306		
27.66		1.5626		
27.67		1.56214		
27.68		1.56168		
27.69		1.56122		
27.7		1.56075		
27.71		1.56029		
27.72		1.55983		
27.73		1.55937		
27.74		1.5589		
27.75		1.55844		
27.76		1.55798		
27.77		1.55752		
27.78		1.55705		
27.79		1.55659		
27.8		1.55613		
27.81		1.55566		
27.82		1.5552		
27.83		1.55473		
27.84		1.55427		
27.85		1.55381		
27.86		1.55334		
27.87		1.55288		
27.88		1.55241		
27.89		1.55195		
27.9		1.55148		
27.91		1.55102		
27.92		1.55055		
27.93		1.55009		
27.94		1.54962		
27.95		1.54915		
27.96		1.54869		
27.97		1.54822		
27.98		1.54776		
27.99		1.54729		
28		1.54682		
28.01		1.54636		
28.02		1.54589		
28.03		1.54542		
28.04		1.54496		
28.05		1.54449		
28.06		1.54402		
28.07		1.54355		
28.08		1.54309		
28.09		1.54262		
28.1		1.54215		
28.11		1.54168		
28.12		1.54121		
28.13		1.54075		
28.14		1.54028		
28.15		1.53981		
28.16		1.53934		
28.17		1.53887		
28.18		1.5384		
28.19		1.53793		
28.2		1.53746		
28.21		1.53699		
28.22		1.53652		
28.23		1.53605		
28.24		1.53559		
28.25		1.53512		
28.26		1.53465		
28.27		1.53418		
28.28		1.53371		
28.29		1.53323		
28.3		1.53276		
28.31		1.53229		
28.32		1.53182		
28.33		1.53135		
28.34		1.53088		
28.35		1.53041		
28.36		1.52994		
28.37		1.52947		
28.38		1.529		
28.39		1.52853		
28.4		1.52805		
28.41		1.52758		
28.42		1.52711		
28.43		1.52664		
28.44		1.52617		
28.45		1.5257		
28.46		1.52522		
28.47		1.52475		
28.48		1.52428		
28.49		1.52381		
28.5		1.52333		
28.51		1.52286		
28.52		1.52239		
28.53		1.52192		
28.54		1.52144		
28.55		1.52097		
28.56		1.5205		
28.57		1.52002		
28.58		1.51955		
28.59		1.51908		
28.6		1.5186		
28.61		1.51813		
28.62		1.51766		
28.63		1.51718		
28.64		1.51671		
28.65		1.51624		
28.66		1.51576		
28.67		1.51529		
28.68		1.51482		
28.69		1.51434		
28.7		1.51387		
28.71		1.51339		
28.72		1.51292		
28.73		1.51244		
28.74		1.51197		
28.75		1.5115		
28.76		1.51102		
28.77		1.51055		
28.78		1.51007		
28.79		1.5096		
28.8		1.50912		
28.81		1.50865		
28.82		1.50817		
28.83		1.5077		
28.84		1.50722		
28.85		1.50675		
28.86		1.50627		
28.87		1.5058		
28.88		1.50532		
28.89		1.50484		
28.9		1.50437		
28.91		1.50389		
28.92		1.50342		
28.93		1.50294		
28.94		1.50247		
28.95		1.50199		
28.96		1.50152		
28.97		1.50104		
28.98		1.50056		
28.99		1.50009		
29		1.49961		
29.01		1.49914		
29.02		1.49866		
29.03		1.49818		
29.04		1.49771		
29.05		1.49723		
29.06		1.49675		
29.07		1.49628		
29.08		1.4958		
29.09		1.49532		
29.1		1.49485		
29.11		1.49437		
29.12		1.49389		
29.13		1.49342		
29.14		1.49294		
29.15		1.49246		
29.16		1.49199		
29.17		1.49151		
29.18		1.49103		
29.19		1.49056		
29.2		1.49008		
29.21		1.4896		
29.22		1.48913		
29.23		1.48865		
29.24		1.48817		
29.25		1.4877		
29.26		1.48722		
29.27		1.48674		
29.28		1.48626		
29.29		1.48579		
29.3		1.48531		
29.31		1.48483		
29.32		1.48435		
29.33		1.48388		
29.34		1.4834		
29.35		1.48292		
29.36		1.48245		
29.37		1.48197		
29.38		1.48149		
29.39		1.48101		
29.4		1.48054		
29.41		1.48006		
29.42		1.47958		
29.43		1.4791		
29.44		1.47863		
29.45		1.47815		
29.46		1.47767		
29.47		1.47719		
29.48		1.47671		
29.49		1.47624		
29.5		1.47576		
29.51		1.47528		
29.52		1.4748		
29.53		1.47433		
29.54		1.47385		
29.55		1.47337		
29.56		1.47289		
29.57		1.47241		
29.58		1.47194		
29.59		1.47146		
29.6		1.47098		
29.61		1.4705		
29.62		1.47003		
29.63		1.46955		
29.64		1.46907		
29.65		1.46859		
29.66		1.46811		
29.67		1.45448		
29.68		1.43857		
29.69		1.42301		
29.7		1.40779		
29.71		1.3929		
29.72		1.37833		
29.73		1.36408		
29.74		1.35014		
29.75		1.3365		
29.76		1.32315		
29.77		1.31009		
29.78		1.2973		
29.79		1.28479		
29.8		1.27254		
29.81		1.26054		
29.82		1.2488		
29.83		1.2373		
29.84		1.22604		
29.85		1.21501		
29.86		1.20421		
29.87		1.19364		
29.88		1.18327		
29.89		1.17312		
29.9		1.16317		
29.91		1.15342		
29.92		1.14387		
29.93		1.13451		
29.94		1.12533		
29.95		1.11634		
29.96		1.10752		
29.97		1.09887		
29.98		1.09039		
29.99		1.08208		
30		1.07392		
30.01		1.06593		
30.02		1.05808		
30.03		1.05038		
30.04		1.04283		
30.05		1.03542		
30.06		1.02814		
30.07		1.021		
30.08		1.014		
30.09		1.00712		
30.1		1.00036		
30.11		0.993732		
30.12		0.987219		
30.13		0.980823		
30.14		0.97454		
30.15		0.968368		
30.16		0.962304		
30.17		0.956346		
30.18		0.950491		
30.19		0.944737		
30.2		0.939081		
30.21		0.933521		
30.22		0.928055		
30.23		0.92268		
30.24		0.917394		
30.25		0.912196		
30.26		0.907083		
30.27		0.902054		
30.28		0.897105		
30.29		0.892236		
30.3		0.887445		
30.31		0.882729		
30.32		0.878087		
30.33		0.873518		
30.34		0.869019		
30.35		0.864589		
30.36		0.860227		
30.37		0.855931		
30.38		0.851699		
30.39		0.847529		
30.4		0.843422		
30.41		0.839374		
30.42		0.835385		
30.43		0.831454		
30.44		0.827579		
30.45		0.823758		
30.46		0.819992		
30.47		0.816277		
30.48		0.812614		
30.49		0.809001		
30.5		0.805437		
30.51		0.801921		
30.52		0.798452		
30.53		0.795029		
30.54		0.791651		
30.55		0.788316		
30.56		0.785025		
30.57		0.781775		
30.58		0.778567		
30.59		0.775398		
30.6		0.772269		
30.61		0.769179		
30.62		0.766126		
30.63		0.76311		
30.64		0.76013		
30.65		0.757185		
30.66		0.754275		
30.67		0.751399		
30.68		0.748556		
30.69		0.745745		
30.7		0.742966		
30.71		0.740218		
30.72		0.737501		
30.73		0.734814		
30.74		0.732155		
30.75		0.729526		
30.76		0.726924		
30.77		0.72435		
30.78		0.721803		
30.79		0.719282		
30.8		0.716787		
30.81		0.714317		
30.82		0.711872		
30.83		0.709452		
30.84		0.707055		
30.85		0.704682		
30.86		0.702332		
30.87		0.700004		
30.88		0.697698		
30.89		0.695414		
30.9		0.693151		
30.91		0.690909		
30.92		0.688688		
30.93		0.686486		
30.94		0.684304		
30.95		0.682142		
30.96		0.679998		
30.97		0.677873		
30.98		0.675766		
30.99		0.673677		
31		0.671606		
31.01		0.669551		
31.02		0.667514		
31.03		0.665494		
31.04		0.66349		
31.05		0.661501		
31.06		0.659529		
31.07		0.657572		
31.08		0.655631		
31.09		0.653704		
31.1		0.651792		
31.11		0.649895		
31.12		0.648011		
31.13		0.646142		
31.14		0.644286		
31.15		0.642444		
31.16		0.640615		
31.17		0.6388		
31.18		0.636997		
31.19		0.635207		
31.2		0.633429		
31.21		0.631663		
31.22		0.62991		
31.23		0.628168		
31.24		0.626438		
31.25		0.624719		
31.26		0.623012		
31.27		0.621316		
31.28		0.619631		
31.29		0.617956		
31.3		0.616293		
31.31		0.614639		
31.32		0.612996		
31.33		0.611363		
31.34		0.609741		
31.35		0.608128		
31.36		0.606524		
31.37		0.604931		
31.38		0.603346		
31.39		0.601771		
31.4		0.600206		
31.41		0.598649		
31.42		0.597101		
31.43		0.595562		
31.44		0.594032		
31.45		0.59251		
31.46		0.590997		
31.47		0.589492		
31.48		0.587995		
31.49		0.586507		
31.5		0.585026		
31.51		0.583554		
31.52		0.582089		
31.53		0.580632		
31.54		0.579182		
31.55		0.57774		
31.56		0.576306		
31.57		0.574879		
31.58		0.573459		
31.59		0.572046		
31.6		0.57064		
31.61		0.569242		
31.62		0.56785		
31.63		0.566465		
31.64		0.565087		
31.65		0.563715		
31.66		0.56235		
31.67		0.560992		
31.68		0.55964		
31.69		0.558295		
31.7		0.556955		
31.71		0.555622		
31.72		0.554296		
31.73		0.552975		
31.74		0.55166		
31.75		0.550352		
31.76		0.549049		
31.77		0.547752		
31.78		0.546461		
31.79		0.545176		
31.8		0.543896		
31.81		0.542622		
31.82		0.541354		
31.83		0.540091		
31.84		0.538834		
31.85		0.537582		
31.86		0.536335		
31.87		0.535094		
31.88		0.533858		
31.89		0.532627		
31.9		0.531402		
31.91		0.530181		
31.92		0.528966		
31.93		0.527755		
31.94		0.52655		
31.95		0.52535		
31.96		0.524154		
31.97		0.522964		
31.98		0.521778		
31.99		0.520597		
32		0.51942		
32.01		0.518249		
32.02		0.517082		
32.03		0.51592		
32.04		0.514762		
32.05		0.513609		
32.06		0.51246		
32.07		0.511316		
32.08		0.510176		
32.09		0.509041		
32.1		0.50791		
32.11		0.506783		
32.12		0.505661		
32.13		0.504543		
32.14		0.503429		
32.15		0.50232		
32.16		0.501215		
32.17		0.500113		
32.18		0.499016		
32.19		0.497923		
32.2		0.496834		
32.21		0.49575		
32.22		0.494669		
32.23		0.493592		
32.24		0.492519		
32.25		0.49145		
32.26		0.490385		
32.27		0.489324		
32.28		0.488267		
32.29		0.487213		
32.3		0.486164		
32.31		0.485118		
32.32		0.484076		
32.33		0.483037		
32.34		0.482002		
32.35		0.480971		
32.36		0.479944		
32.37		0.47892		
32.38		0.4779		
32.39		0.476884		
32.4		0.475871		
32.41		0.474862		
32.42		0.473856		
32.43		0.472853		
32.44		0.471855		
32.45		0.470859		
32.46		0.469867		
32.47		0.468879		
32.48		0.467894		
32.49		0.466912		
32.5		0.465934		
32.51		0.464959		
32.52		0.463987		
32.53		0.463019		
32.54		0.462054		
32.55		0.461092		
32.56		0.460134		
32.57		0.459179		
32.58		0.458227		
32.59		0.457278		
32.6		0.456333		
32.61		0.45539		
32.62		0.454451		
32.63		0.453515		
32.64		0.452582		
32.65		0.451652		
32.66		0.450726		
32.67		0.449802		
32.68		0.448881		
32.69		0.447964		
32.7		0.447049		
32.71		0.446138		
32.72		0.445229		
32.73		0.444324		
32.74		0.443421		
32.75		0.442522		
32.76		0.441625		
32.77		0.440732		
32.78		0.439841		
32.79		0.438953		
32.8		0.438068		
32.81		0.437186		
32.82		0.436307		
32.83		0.435431		
32.84		0.434557		
32.85		0.433686		
32.86		0.432818		
32.87		0.431953		
32.88		0.431091		
32.89		0.430232		
32.9		0.429375		
32.91		0.428521		
32.92		0.42767		
32.93		0.426821		
32.94		0.425975		
32.95		0.425132		
32.96		0.424292		
32.97		0.423454		
32.98		0.422619		
32.99		0.421786		
33		0.420957		
33.01		0.420129		
33.02		0.419305		
33.03		0.418483		
33.04		0.417664		
33.05		0.416847		
33.06		0.416033		
33.07		0.415221		
33.08		0.414412		
33.09		0.413605		
33.1		0.412801		
33.11		0.412		
33.12		0.411201		
33.13		0.410404		
33.14		0.40961		
33.15		0.408819		
33.16		0.40803		
33.17		0.407243		
33.18		0.406459		
33.19		0.405678		
33.2		0.404898		
33.21		0.404121		
33.22		0.403347		
33.23		0.402575		
33.24		0.401805		
33.25		0.401038		
33.26		0.400273		
33.27		0.399511		
33.28		0.39875		
33.29		0.397993		
33.3		0.397237		
33.31		0.396484		
33.32		0.395733		
33.33		0.394984		
33.34		0.394238		
33.35		0.393494		
33.36		0.392753		
33.37		0.392013		
33.38		0.391276		
33.39		0.390541		
33.4		0.389808		
33.41		0.389078		
33.42		0.38835		
33.43		0.387624		
33.44		0.3869		
33.45		0.386178		
33.46		0.385459		
33.47		0.384742		
33.48		0.384027		
33.49		0.383314		
33.5		0.382603		
33.51		0.381895		
33.52		0.381188		
33.53		0.380484		
33.54		0.379782		
33.55		0.379082		
33.56		0.378384		
33.57		0.377688		
33.58		0.376994		
33.59		0.376302		
33.6		0.375613		
33.61		0.374925		
33.62		0.37424		
33.63		0.373557		
33.64		0.372875		
33.65		0.372196		
33.66		0.371519		
33.67		0.370844		
33.68		0.37017		
33.69		0.369499		
33.7		0.36883		
33.71		0.368163		
33.72		0.367498		
33.73		0.366834		
33.74		0.366173		
33.75		0.365514		
33.76		0.364857		
33.77		0.364201		
33.78		0.363548		
33.79		0.362896		
33.8		0.362247		
33.81		0.361599		
33.82		0.360953		
33.83		0.36031		
33.84		0.359668		
33.85		0.359028		
33.86		0.35839		
33.87		0.357753		
33.88		0.357119		
33.89		0.356487		
33.9		0.355856		
33.91		0.355227		
33.92		0.3546		
33.93		0.353975		
33.94		0.353352		
33.95		0.352731		
33.96		0.352111		
33.97		0.351493		
33.98		0.350877		
33.99		0.350263		
34		0.349651		
34.01		0.34904		
34.02		0.348432		
34.03		0.347825		
34.04		0.34722		
34.05		0.346616		
34.06		0.346014		
34.07		0.345415		
34.08		0.344816		
34.09		0.34422		
34.1		0.343625		
34.11		0.343032		
34.12		0.342441		
34.13		0.341852		
34.14		0.341264		
34.15		0.340678		
34.16		0.340093		
34.17		0.339511		
34.18		0.33893		
34.19		0.33835		
34.2		0.337773		
34.21		0.337197		
34.22		0.336622		
34.23		0.33605		
34.24		0.335479		
34.25		0.334909		
34.26		0.334342		
34.27		0.333776		
34.28		0.333211		
34.29		0.332648		
34.3		0.332087		
34.31		0.331528		
34.32		0.33097		
34.33		0.330413		
34.34		0.329859		
34.35		0.329305		
34.36		0.328754		
34.37		0.328204		
34.38		0.327655		
34.39		0.327109		
34.4		0.326563		
34.41		0.32602		
34.42		0.325477		
34.43		0.324937		
34.44		0.324398		
34.45		0.32386		
34.46		0.323324		
34.47		0.32279		
34.48		0.322257		
34.49		0.321725		
34.5		0.321195		
34.51		0.320667		
34.52		0.32014		
34.53		0.319615		
34.54		0.319091		
34.55		0.318568		
34.56		0.318047		
34.57		0.317528		
34.58		0.31701		
34.59		0.316493		
34.6		0.315978		
34.61		0.315465		
34.62		0.314953		
34.63		0.314442		
34.64		0.313933		
34.65		0.313425		
34.66		0.312918		
34.67		0.312414		
34.68		0.31191		
34.69		0.311408		
34.7		0.310907		
34.71		0.310408		
34.72		0.30991		
34.73		0.309414		
34.74		0.308918		
34.75		0.308425		
34.76		0.307932		
34.77		0.307442		
34.78		0.306952		
34.79		0.306464		
34.8		0.305977		
34.81		0.305492		
34.82		0.305007		
34.83		0.304525		
34.84		0.304043		
34.85		0.303563		
34.86		0.303085		
34.87		0.302607		
34.88		0.302131		
34.89		0.301657		
34.9		0.301183		
34.91		0.300711		
34.92		0.30024		
34.93		0.299771		
34.94		0.299303		
34.95		0.298836		
34.96		0.298371		
34.97		0.297906		
34.98		0.297443		
34.99		0.296982		
35		0.296521		
35.01		0.296062		
35.02		0.295604		
35.03		0.295148		
35.04		0.294693		
35.05		0.294239		
35.06		0.293786		
35.07		0.293334		
35.08		0.292884		
35.09		0.292435		
35.1		0.291987		
35.11		0.291541		
35.12		0.291095		
35.13		0.290651		
35.14		0.290208		
35.15		0.289767		
35.16		0.289326		
35.17		0.288887		
35.18		0.288449		
35.19		0.288012		
35.2		0.287577		
35.21		0.287142		
35.22		0.286709		
35.23		0.286277		
35.24		0.285846		
35.25		0.285416		
35.26		0.284988		
35.27		0.28456		
35.28		0.284134		
35.29		0.283709		
35.3		0.283285		
35.31		0.282863		
35.32		0.282441		
35.33		0.282021		
35.34		0.281602		
35.35		0.281184		
35.36		0.280767		
35.37		0.280351		
35.38		0.279936		
35.39		0.279523		
35.4		0.27911		
35.41		0.278699		
35.42		0.278289		
35.43		0.27788		
35.44		0.277472		
35.45		0.277065		
35.46		0.276659		
35.47		0.276254		
35.48		0.275851		
35.49		0.275448		
35.5		0.275047		
35.51		0.274647		
35.52		0.274247		
35.53		0.273849		
35.54		0.273452		
35.55		0.273056		
35.56		0.272661		
35.57		0.272268		
35.58		0.271875		
35.59		0.271483		
35.6		0.271092		
35.61		0.270703		
35.62		0.270314		
35.63		0.269927		
35.64		0.26954		
35.65		0.269155		
35.66		0.26877		
35.67		0.268387		
35.68		0.268004		
35.69		0.267623		
35.7		0.267243		
35.71		0.266863		
35.72		0.266485		
35.73		0.266108		
35.74		0.265732		
35.75		0.265356		
35.76		0.264982		
35.77		0.264609		
35.78		0.264237		
35.79		0.263865		
35.8		0.263495		
35.81		0.263126		
35.82		0.262757		
35.83		0.26239		
35.84		0.262024		
35.85		0.261658		
35.86		0.261294		
35.87		0.26093		
35.88		0.260568		
35.89		0.260206		
35.9		0.259846		
35.91		0.259486		
35.92		0.259128		
35.93		0.25877		
35.94		0.258413		
35.95		0.258057		
35.96		0.257702		
35.97		0.257349		
35.98		0.256996		
35.99		0.256643		
36		0.256292		
36.01		0.255942		
36.02		0.255593		
36.03		0.255244		
36.04		0.254897		
36.05		0.25455		
36.06		0.254205		
36.07		0.25386		
36.08		0.253516		
36.09		0.253173		
36.1		0.252831		
36.11		0.25249		
36.12		0.25215		
36.13		0.251811		
36.14		0.251472		
36.15		0.251135		
36.16		0.250798		
36.17		0.250462		
36.18		0.250127		
36.19		0.249793		
36.2		0.24946		
36.21		0.249128		
36.22		0.248796		
36.23		0.248466		
36.24		0.248136		
36.25		0.247807		
36.26		0.247479		
36.27		0.247152		
36.28		0.246826		
36.29		0.246501		
36.3		0.246176		
36.31		0.245852		
36.32		0.245529		
36.33		0.245207		
36.34		0.244886		
36.35		0.244566		
36.36		0.244246		
36.37		0.243927		
36.38		0.243609		
36.39		0.243292		
36.4		0.242976		
36.41		0.242661		
36.42		0.242346		
36.43		0.242032		
36.44		0.241719		
36.45		0.241407		
36.46		0.241096		
36.47		0.240785		
36.48		0.240475		
36.49		0.240166		
36.5		0.239858		
36.51		0.239551		
36.52		0.239244		
36.53		0.238938		
36.54		0.238633		
36.55		0.238329		
36.56		0.238025		
36.57		0.237723		
36.58		0.237421		
36.59		0.23712		
36.6		0.236819		
36.61		0.23652		
36.62		0.236221		
36.63		0.235923		
36.64		0.235625		
36.65		0.235329		
36.66		0.235033		
36.67		0.234738		
36.68		0.234444		
36.69		0.23415		
36.7		0.233857		
36.71		0.233565		
36.72		0.233274		
36.73		0.232983		
36.74		0.232694		
36.75		0.232405		
36.76		0.232116		
36.77		0.231829		
36.78		0.231542		
36.79		0.231256		
36.8		0.23097		
36.81		0.230685		
36.82		0.230401		
36.83		0.230118		
36.84		0.229836		
36.85		0.229554		
36.86		0.229273		
36.87		0.228992		
36.88		0.228712		
36.89		0.228433		
36.9		0.228155		
36.91		0.227878		
36.92		0.227601		
36.93		0.227324		
36.94		0.227049		
36.95		0.226774		
36.96		0.2265		
36.97		0.226227		
36.98		0.225954		
36.99		0.225682		
37		0.22541		
37.01		0.22514		
37.02		0.22487		
37.03		0.2246		
37.04		0.224332		
37.05		0.224064		
37.06		0.223796		
37.07		0.22353		
37.08		0.223264		
37.09		0.222999		
37.1		0.222734		
37.11		0.22247		
37.12		0.222207		
37.13		0.221944		
37.14		0.221682		
37.15		0.22142		
37.16		0.22116		
37.17		0.2209		
37.18		0.22064		
37.19		0.220381		
37.2		0.220123		
37.21		0.219866		
37.22		0.219609		
37.23		0.219353		
37.24		0.219097		
37.25		0.218842		
37.26		0.218588		
37.27		0.218334		
37.28		0.218081		
37.29		0.217829		
37.3		0.217577		
37.31		0.217326		
37.32		0.217075		
37.33		0.216825		
37.34		0.216576		
37.35		0.216327		
37.36		0.216079		
37.37		0.215832		
37.38		0.215585		
37.39		0.215339		
37.4		0.215093		
37.41		0.214848		
37.42		0.214603		
37.43		0.21436		
37.44		0.214116		
37.45		0.213874		
37.46		0.213632		
37.47		0.21339		
37.48		0.213149		
37.49		0.212909		
37.5		0.212669		
37.51		0.21243		
37.52		0.212192		
37.53		0.211954		
37.54		0.211716		
37.55		0.21148		
37.56		0.211243		
37.57		0.211008		
37.58		0.210773		
37.59		0.210538		
37.6		0.210304		
37.61		0.210071		
37.62		0.209838		
37.63		0.209606		
37.64		0.209375		
37.65		0.209143		
37.66		0.208913		
37.67		0.208683		
37.68		0.208454		
37.69		0.208225		
37.7		0.207997		
37.71		0.207769		
37.72		0.207542		
37.73		0.207315		
37.74		0.207089		
37.75		0.206863		
37.76		0.206639		
37.77		0.206414		
37.78		0.20619		
37.79		0.205967		
37.8		0.205744		
37.81		0.205522		
37.82		0.2053		
37.83		0.205079		
37.84		0.204858		
37.85		0.204638		
37.86		0.204418		
37.87		0.204199		
37.88		0.203981		
37.89		0.203763		
37.9		0.203545		
37.91		0.203328		
37.92		0.203112		
37.93		0.202896		
37.94		0.20268		
37.95		0.202466		
37.96		0.202251		
37.97		0.202037		
37.98		0.201824		
37.99		0.201611		
38		0.201399		
38.01		0.201187		
38.02		0.200976		
38.03		0.200765		
38.04		0.200554		
38.05		0.200345		
38.06		0.200135		
38.07		0.199926		
38.08		0.199718		
38.09		0.19951		
38.1		0.199303		
38.11		0.199096		
38.12		0.19889		
38.13		0.198684		
38.14		0.198479		
38.15		0.198274		
38.16		0.198069		
38.17		0.197865		
38.18		0.197662		
38.19		0.197459		
38.2		0.197256		
38.21		0.197054		
38.22		0.196853		
38.23		0.196652		
38.24		0.196451		
38.25		0.196251		
38.26		0.196052		
38.27		0.195853		
38.28		0.195654		
38.29		0.195456		
38.3		0.195258		
38.31		0.195061		
38.32		0.194864		
38.33		0.194667		
38.34		0.194472		
38.35		0.194276		
38.36		0.194081		
38.37		0.193887		
38.38		0.193693		
38.39		0.193499		
38.4		0.193306		
38.41		0.193113		
38.42		0.192921		
38.43		0.192729		
38.44		0.192538		
38.45		0.192347		
38.46		0.192157		
38.47		0.191967		
38.48		0.191777		
38.49		0.191588		
38.5		0.191399		
38.51		0.191211		
38.52		0.191023		
38.53		0.190836		
38.54		0.190649		
38.55		0.190462		
38.56		0.190276		
38.57		0.190091		
38.58		0.189906		
38.59		0.189721		
38.6		0.189536		
38.61		0.189353		
38.62		0.189169		
38.63		0.188986		
38.64		0.188803		
38.65		0.188621		
38.66		0.188439		
38.67		0.188258		
38.68		0.188077		
38.69		0.187897		
38.7		0.187716		
38.71		0.187537		
38.72		0.187358		
38.73		0.187179		
38.74		0.187		
38.75		0.186822		
38.76		0.186645		
38.77		0.186467		
38.78		0.186291		
38.79		0.186114		
38.8		0.185938		
38.81		0.185763		
38.82		0.185587		
38.83		0.185413		
38.84		0.185238		
38.85		0.185064		
38.86		0.184891		
38.87		0.184717		
38.88		0.184545		
38.89		0.184372		
38.9		0.1842		
38.91		0.184029		
38.92		0.183857		
38.93		0.183687		
38.94		0.183516		
38.95		0.183346		
38.96		0.183176		
38.97		0.183007		
38.98		0.182838		
38.99		0.18267		
39		0.182502		
39.01		0.182334		
39.02		0.182166		
39.03		0.182		
39.04		0.181833		
39.05		0.181667		
39.06		0.181501		
39.07		0.181335		
39.08		0.18117		
39.09		0.181006		
39.1		0.180841		
39.11		0.180677		
39.12		0.180514		
39.13		0.18035		
39.14		0.180188		
39.15		0.180025		
39.16		0.179863		
39.17		0.179701		
39.18		0.17954		
39.19		0.179379		
39.2		0.179218		
39.21		0.179058		
39.22		0.178898		
39.23		0.178738		
39.24		0.178579		
39.25		0.17842		
39.26		0.178262		
39.27		0.178104		
39.28		0.177946		
39.29		0.177788		
39.3		0.177631		
39.31		0.177474		
39.32		0.177318		
39.33		0.177162		
39.34		0.177006		
39.35		0.176851		
39.36		0.176696		
39.37		0.176541		
39.38		0.176387		
39.39		0.176233		
39.4		0.17608		
39.41		0.175926		
39.42		0.175773		
39.43		0.175621		
39.44		0.175468		
39.45		0.175317		
39.46		0.175165		
39.47		0.175014		
39.48		0.174863		
39.49		0.174712		
39.5		0.174562		
39.51		0.174412		
39.52		0.174263		
39.53		0.174113		
39.54		0.173965		
39.55		0.173816		
39.56		0.173668		
39.57		0.17352		
39.58		0.173372		
39.59		0.173225		
39.6		0.173078		
39.61		0.172931		
39.62		0.172785		
39.63		0.172639		
39.64		0.172494		
39.65		0.172348		
39.66		0.172203		
39.67		0.172059		
39.68		0.171914		
39.69		0.17177		
39.7		0.171626		
39.71		0.171483		
39.72		0.17134		
39.73		0.171197		
39.74		0.171055		
39.75		0.170913		
39.76		0.170771		
39.77		0.170629		
39.78		0.170488		
39.79		0.170347		
39.8		0.170207		
39.81		0.170066		
39.82		0.169926		
39.83		0.169787		
39.84		0.169647		
39.85		0.169508		
39.86		0.169369		
39.87		0.169231		
39.88		0.169093		
39.89		0.168955		
39.9		0.168817		
39.91		0.16868		
39.92		0.168543		
39.93		0.168406		
39.94		0.16827		
39.95		0.168134		
39.96		0.167998		
39.97		0.167863		
39.98		0.167728		
39.99		0.167593		
40		0.167458		
40.01		0.167324		
40.02		0.16719		
40.03		0.167056		
40.04		0.166923		
40.05		0.166789		
40.06		0.166657		
40.07		0.166524		
40.08		0.166392		
40.09		0.16626		
40.1		0.166128		
40.11		0.165997		
40.12		0.165865		
40.13		0.165735		
40.14		0.165604		
40.15		0.165474		
40.16		0.165344		
40.17		0.165214		
40.18		0.165084		
40.19		0.164955		
40.2		0.164826		
40.21		0.164698		
40.22		0.164569		
40.23		0.164441		
40.24		0.164313		
40.25		0.164186		
40.26		0.164059		
40.27		0.163932		
40.28		0.163805		
40.29		0.163679		
40.3		0.163552		
40.31		0.163426		
40.32		0.163301		
40.33		0.163175		
40.34		0.16305		
40.35		0.162926		
40.36		0.162801		
40.37		0.162677		
40.38		0.162553		
40.39		0.162429		
40.4		0.162305		
40.41		0.162182		
40.42		0.162059		
40.43		0.161936		
40.44		0.161814		
40.45		0.161692		
40.46		0.16157		
40.47		0.161448		
40.48		0.161327		
40.49		0.161205		
40.5		0.161085		
40.51		0.160964		
40.52		0.160844		
40.53		0.160723		
40.54		0.160603		
40.55		0.160484		
40.56		0.160364		
40.57		0.160245		
40.58		0.160126		
40.59		0.160008		
40.6		0.159889		
40.61		0.159771		
40.62		0.159653		
40.63		0.159536		
40.64		0.159418		
40.65		0.159301		
40.66		0.159184		
40.67		0.159068		
40.68		0.158951		
40.69		0.158835		
40.7		0.158719		
40.71		0.158603		
40.72		0.158488		
40.73		0.158373		
40.74		0.158258		
40.75		0.158143		
40.76		0.158029		
40.77		0.157914		
40.78		0.1578		
40.79		0.157687		
40.8		0.157573		
40.81		0.15746		
40.82		0.157347		
40.83		0.157234		
40.84		0.157121		
40.85		0.157009		
40.86		0.156897		
40.87		0.156785		
40.88		0.156673		
40.89		0.156562		
40.9		0.156451		
40.91		0.15634		
40.92		0.156229		
40.93		0.156119		
40.94		0.156008		
40.95		0.155898		
40.96		0.155789		
40.97		0.155679		
40.98		0.15557		
40.99		0.15546		
41		0.155352		
41.01		0.155243		
41.02		0.155134		
41.03		0.155026		
41.04		0.154918		
41.05		0.15481		
41.06		0.154703		
41.07		0.154596		
41.08		0.154488		
41.09		0.154382		
41.1		0.154275		
41.11		0.154168		
41.12		0.154062		
41.13		0.153956		
41.14		0.15385		
41.15		0.153745		
41.16		0.153639		
41.17		0.153534		
41.18		0.153429		
41.19		0.153325		
41.2		0.15322		
41.21		0.153116		
41.22		0.153012		
41.23		0.152908		
41.24		0.152804		
41.25		0.152701		
41.26		0.152597		
41.27		0.152494		
41.28		0.152392		
41.29		0.152289		
41.3		0.152187		
41.31		0.152084		
41.32		0.151982		
41.33		0.151881		
41.34		0.151779		
41.35		0.151678		
41.36		0.151576		
41.37		0.151476		
41.38		0.151375		
41.39		0.151274		
41.4		0.151174		
41.41		0.151074		
41.42		0.150974		
41.43		0.150874		
41.44		0.150775		
41.45		0.150675		
41.46		0.150576		
41.47		0.150477		
41.48		0.150378		
41.49		0.15028		
41.5		0.150182		
41.51		0.150083		
41.52		0.149986		
41.53		0.149888		
41.54		0.14979		
41.55		0.149693		
41.56		0.149596		
41.57		0.149499		
41.58		0.149402		
41.59		0.149306		
41.6		0.149209		
41.61		0.149113		
41.62		0.149017		
41.63		0.148921		
41.64		0.148826		
41.65		0.14873		
41.66		0.148635		
41.67		0.14854		
41.68		0.148445		
41.69		0.14835		
41.7		0.148256		
41.71		0.148162		
41.72		0.148068		
41.73		0.147974		
41.74		0.14788		
41.75		0.147787		
41.76		0.147693		
41.77		0.1476		
41.78		0.147507		
41.79		0.147414		
41.8		0.147322		
41.81		0.147229		
41.82		0.147137		
41.83		0.147045		
41.84		0.146953		
41.85		0.146862		
41.86		0.14677		
41.87		0.146679		
41.88		0.146588		
41.89		0.146497		
41.9		0.146406		
41.91		0.146315		
41.92		0.146225		
41.93		0.146135		
41.94		0.146045		
41.95		0.145955		
41.96		0.145865		
41.97		0.145775		
41.98		0.145686		
41.99		0.145597		
42		0.145508		
42.01		0.145419		
42.02		0.14533		
42.03		0.145242		
42.04		0.145154		
42.05		0.145066		
42.06		0.144978		
42.07		0.14489		
42.08		0.144802		
42.09		0.144715		
42.1		0.144628		
42.11		0.14454		
42.12		0.144454		
42.13		0.144367		
42.14		0.14428		
42.15		0.144194		
42.16		0.144108		
42.17		0.144021		
42.18		0.143936		
42.19		0.14385		
42.2		0.143764		
42.21		0.143679		
42.22		0.143594		
42.23		0.143508		
42.24		0.143424		
42.25		0.143339		
42.26		0.143254		
42.27		0.14317		
42.28		0.143086		
42.29		0.143001		
42.3		0.142918		
42.31		0.142834		
42.32		0.14275		
42.33		0.142667		
42.34		0.142583		
42.35		0.1425		
42.36		0.142417		
42.37		0.142335		
42.38		0.142252		
42.39		0.14217		
42.4		0.142087		
42.41		0.142005		
42.42		0.141923		
42.43		0.141841		
42.44		0.14176		
42.45		0.141678		
42.46		0.141597		
42.47		0.141515		
42.48		0.141434		
42.49		0.141353		
42.5		0.141273		
42.51		0.141192		
42.52		0.141112		
42.53		0.141031		
42.54		0.140951		
42.55		0.140871		
42.56		0.140792		
42.57		0.140712		
42.58		0.140632		
42.59		0.140553		
42.6		0.140474		
42.61		0.140395		
42.62		0.140316		
42.63		0.140237		
42.64		0.140158		
42.65		0.14008		
42.66		0.140002		
42.67		0.139924		
42.68		0.139846		
42.69		0.139768		
42.7		0.13969		
42.71		0.139612		
42.72		0.139535		
42.73		0.139458		
42.74		0.139381		
42.75		0.139304		
42.76		0.139227		
42.77		0.13915		
42.78		0.139074		
42.79		0.138997		
42.8		0.138921		
42.81		0.138845		
42.82		0.138769		
42.83		0.138693		
42.84		0.138617		
42.85		0.138542		
42.86		0.138466		
42.87		0.138391		
42.88		0.138316		
42.89		0.138241		
42.9		0.138166		
42.91		0.138092		
42.92		0.138017		
42.93		0.137943		
42.94		0.137869		
42.95		0.137794		
42.96		0.13772		
42.97		0.137647		
42.98		0.137573		
42.99		0.137499		
43		0.137426		
43.01		0.137353		
43.02		0.137279		
43.03		0.137206		
43.04		0.137134		
43.05		0.137061		
43.06		0.136988		
43.07		0.136916		
43.08		0.136843		
43.09		0.136771		
43.1		0.136699		
43.11		0.136627		
43.12		0.136556		
43.13		0.136484		
43.14		0.136412		
43.15		0.136341		
43.16		0.13627		
43.17		0.136199		
43.18		0.136128		
43.19		0.136057		
43.2		0.135986		
43.21		0.135915		
43.22		0.135845		
43.23		0.135775		
43.24		0.135704		
43.25		0.135634		
43.26		0.135564		
43.27		0.135495		
43.28		0.135425		
43.29		0.135355		
43.3		0.135286		
43.31		0.135217		
43.32		0.135147		
43.33		0.135078		
43.34		0.135009		
43.35		0.134941		
43.36		0.134872		
43.37		0.134804		
43.38		0.134735		
43.39		0.134667		
43.4		0.134599		
43.41		0.134531		
43.42		0.134463		
43.43		0.134395		
43.44		0.134327		
43.45		0.13426		
43.46		0.134192		
43.47		0.134125		
43.48		0.134058		
43.49		0.133991		
43.5		0.133924		
43.51		0.133857		
43.52		0.133791		
43.53		0.133724		
43.54		0.133658		
43.55		0.133591		
43.56		0.133525		
43.57		0.133459		
43.58		0.133393		
43.59		0.133327		
43.6		0.133262		
43.61		0.133196		
43.62		0.13313		
43.63		0.133065		
43.64		0.133		
43.65		0.132935		
43.66		0.13287		
43.67		0.132805		
43.68		0.13274		
43.69		0.132676		
43.7		0.132611		
43.71		0.132547		
43.72		0.132482		
43.73		0.132418		
43.74		0.132354		
43.75		0.13229		
43.76		0.132226		
43.77		0.132163		
43.78		0.132099		
43.79		0.132036		
43.8		0.131972		
43.81		0.131909		
43.82		0.131846		
43.83		0.131783		
43.84		0.13172		
43.85		0.131657		
43.86		0.131595		
43.87		0.131532		
43.88		0.13147		
43.89		0.131407		
43.9		0.131345		
43.91		0.131283		
43.92		0.131221		
43.93		0.131159		
43.94		0.131097		
43.95		0.131036		
43.96		0.130974		
43.97		0.130913		
43.98		0.130851		
43.99		0.13079		
44		0.130729		
44.01		0.130668		
44.02		0.130607		
44.03		0.130546		
44.04		0.130486		
44.05		0.130425		
44.06		0.130365		
44.07		0.130304		
44.08		0.130244		
44.09		0.130184		
44.1		0.130124		
44.11		0.130064		
44.12		0.130004		
44.13		0.129944		
44.14		0.129885		
44.15		0.129825		
44.16		0.129766		
44.17		0.129707		
44.18		0.129647		
44.19		0.129588		
44.2		0.129529		
44.21		0.12947		
44.22		0.129412		
44.23		0.129353		
44.24		0.129294		
44.25		0.129236		
44.26		0.129178		
44.27		0.129119		
44.28		0.129061		
44.29		0.129003		
44.3		0.128945		
44.31		0.128887		
44.32		0.12883		
44.33		0.128772		
44.34		0.128715		
44.35		0.128657		
44.36		0.1286		
44.37		0.128543		
44.38		0.128485		
44.39		0.128428		
44.4		0.128372		
44.41		0.128315		
44.42		0.128258		
44.43		0.128201		
44.44		0.128145		
44.45		0.128088		
44.46		0.128032		
44.47		0.127976		
44.48		0.12792		
44.49		0.127864		
44.5		0.127808		
44.51		0.127752		
44.52		0.127696		
44.53		0.12764		
44.54		0.127585		
44.55		0.12753		
44.56		0.127474		
44.57		0.127419		
44.58		0.127364		
44.59		0.127309		
44.6		0.127254		
44.61		0.127199		
44.62		0.127144		
44.63		0.127089		
44.64		0.127035		
44.65		0.12698		
44.66		0.126926		
44.67		0.126872		
44.68		0.126817		
44.69		0.126763		
44.7		0.126709		
44.71		0.126655		
44.72		0.126602		
44.73		0.126548		
44.74		0.126494		
44.75		0.126441		
44.76		0.126387		
44.77		0.126334		
44.78		0.12628		
44.79		0.126227		
44.8		0.126174		
44.81		0.126121		
44.82		0.126068		
44.83		0.126015		
44.84		0.125963		
44.85		0.12591		
44.86		0.125858		
44.87		0.125805		
44.88		0.125753		
44.89		0.1257		
44.9		0.125648		
44.91		0.125596		
44.92		0.125544		
44.93		0.125492		
44.94		0.12544		
44.95		0.125389		
44.96		0.125337		
44.97		0.125285		
44.98		0.125234		
44.99		0.125183		
45		0.125131		
45.01		0.12508		
45.02		0.125029		
45.03		0.124978		
45.04		0.124927		
45.05		0.124876		
45.06		0.124825		
45.07		0.124775		
45.08		0.124724		
45.09		0.124673		
45.1		0.124623		
45.11		0.124573		
45.12		0.124522		
45.13		0.124472		
45.14		0.124422		
45.15		0.124372		
45.16		0.124322		
45.17		0.124272		
45.18		0.124223		
45.19		0.124173		
45.2		0.124123		
45.21		0.124074		
45.22		0.124025		
45.23		0.123975		
45.24		0.123926		
45.25		0.123877		
45.26		0.123828		
45.27		0.123779		
45.28		0.12373		
45.29		0.123681		
45.3		0.123632		
45.31		0.123584		
45.32		0.123535		
45.33		0.123486		
45.34		0.123438		
45.35		0.12339		
45.36		0.123341		
45.37		0.123293		
45.38		0.123245		
45.39		0.123197		
45.4		0.123149		
45.41		0.123101		
45.42		0.123054		
45.43		0.123006		
45.44		0.122958		
45.45		0.122911		
45.46		0.122863		
45.47		0.122816		
45.48		0.122769		
45.49		0.122721		
45.5		0.122674		
45.51		0.122627		
45.52		0.12258		
45.53		0.122533		
45.54		0.122486		
45.55		0.12244		
45.56		0.122393		
45.57		0.122346		
45.58		0.1223		
45.59		0.122253		
45.6		0.122207		
45.61		0.122161		
45.62		0.122115		
45.63		0.122068		
45.64		0.122022		
45.65		0.121976		
45.66		0.12193		
45.67		0.121885		
45.68		0.121839		
45.69		0.121793		
45.7		0.121748		
45.71		0.121702		
45.72		0.121657		
45.73		0.121611		
45.74		0.121566		
45.75		0.121521		
45.76		0.121476		
45.77		0.121431		
45.78		0.121386		
45.79		0.121341		
45.8		0.121296		
45.81		0.121251		
45.82		0.121206		
45.83		0.121162		
45.84		0.121117		
45.85		0.121073		
45.86		0.121028		
45.87		0.120984		
45.88		0.12094		
45.89		0.120895		
45.9		0.120851		
45.91		0.120807		
45.92		0.120763		
45.93		0.120719		
45.94		0.120676		
45.95		0.120632		
45.96		0.120588		
45.97		0.120544		
45.98		0.120501		
45.99		0.120457		
46		0.120414		
46.01		0.120371		
46.02		0.120327		
46.03		0.120284		
46.04		0.120241		
46.05		0.120198		
46.06		0.120155		
46.07		0.120112		
46.08		0.120069		
46.09		0.120027		
46.1		0.119984		
46.11		0.119941		
46.12		0.119899		
46.13		0.119856		
46.14		0.119814		
46.15		0.119771		
46.16		0.119729		
46.17		0.119687		
46.18		0.119645		
46.19		0.119603		
46.2		0.119561		
46.21		0.119519		
46.22		0.119477		
46.23		0.119435		
46.24		0.119393		
46.25		0.119352		
46.26		0.11931		
46.27		0.119268		
46.28		0.119227		
46.29		0.119186		
46.3		0.119144		
46.31		0.119103		
46.32		0.119062		
46.33		0.119021		
46.34		0.118979		
46.35		0.118938		
46.36		0.118898		
46.37		0.118857		
46.38		0.118816		
46.39		0.118775		
46.4		0.118734		
46.41		0.118694		
46.42		0.118653		
46.43		0.118613		
46.44		0.118572		
46.45		0.118532		
46.46		0.118492		
46.47		0.118451		
46.48		0.118411		
46.49		0.118371		
46.5		0.118331		
46.51		0.118291		
46.52		0.118251		
46.53		0.118211		
46.54		0.118172		
46.55		0.118132		
46.56		0.118092		
46.57		0.118053		
46.58		0.118013		
46.59		0.117974		
46.6		0.117934		
46.61		0.117895		
46.62		0.117856		
46.63		0.117816		
46.64		0.117777		
46.65		0.117738		
46.66		0.117699		
46.67		0.11766		
46.68		0.117621		
46.69		0.117582		
46.7		0.117544		
46.71		0.117505		
46.72		0.117466		
46.73		0.117428		
46.74		0.117389		
46.75		0.117351		
46.76		0.117312		
46.77		0.117274		
46.78		0.117236		
46.79		0.117197		
46.8		0.117159		
46.81		0.117121		
46.82		0.117083		
46.83		0.117045		
46.84		0.117007		
46.85		0.116969		
46.86		0.116931		
46.87		0.116894		
46.88		0.116856		
46.89		0.116818		
46.9		0.116781		
46.91		0.116743		
46.92		0.116706		
46.93		0.116668		
46.94		0.116631		
46.95		0.116594		
46.96		0.116556		
46.97		0.116519		
46.98		0.116482		
46.99		0.116445		
47		0.116408		
47.01		0.116371		
47.02		0.116334		
47.03		0.116297		
47.04		0.116261		
47.05		0.116224		
47.06		0.116187		
47.07		0.116151		
47.08		0.116114		
47.09		0.116078		
47.1		0.116041		
47.11		0.116005		
47.12		0.115969		
47.13		0.115932		
47.14		0.115896		
47.15		0.11586		
47.16		0.115824		
47.17		0.115788		
47.18		0.115752		
47.19		0.115716		
47.2		0.11568		
47.21		0.115644		
47.22		0.115608		
47.23		0.115573		
47.24		0.115537		
47.25		0.115502		
47.26		0.115466		
47.27		0.115431		
47.28		0.115395		
47.29		0.11536		
47.3		0.115324		
47.31		0.115289		
47.32		0.115254		
47.33		0.115219		
47.34		0.115184		
47.35		0.115149		
47.36		0.115114		
47.37		0.115079		
47.38		0.115044		
47.39		0.115009		
47.4		0.114974		
47.41		0.114939		
47.42		0.114905		
47.43		0.11487		
47.44		0.114836		
47.45		0.114801		
47.46		0.114767		
47.47		0.114732		
47.48		0.114698		
47.49		0.114664		
47.5		0.114629		
47.51		0.114595		
47.52		0.114561		
47.53		0.114527		
47.54		0.114493		
47.55		0.114459		
47.56		0.114425		
47.57		0.114391		
47.58		0.114357		
47.59		0.114323		
47.6		0.11429		
47.61		0.114256		
47.62		0.114222		
47.63		0.114189		
47.64		0.114155		
47.65		0.114122		
47.66		0.114088		
47.67		0.114055		
47.68		0.114022		
47.69		0.113988		
47.7		0.113955		
47.71		0.113922		
47.72		0.113889		
47.73		0.113856		
47.74		0.113823		
47.75		0.11379		
47.76		0.113757		
47.77		0.113724		
47.78		0.113691		
47.79		0.113658		
47.8		0.113626		
47.81		0.113593		
47.82		0.11356		
47.83		0.113528		
47.84		0.113495		
47.85		0.113463		
47.86		0.11343		
47.87		0.113398		
47.88		0.113366		
47.89		0.113333		
47.9		0.113301		
47.91		0.113269		
47.92		0.113237		
47.93		0.113205		
47.94		0.113173		
47.95		0.113141		
47.96		0.113109		
47.97		0.113077		
47.98		0.113045		
47.99		0.113013		
48		0.112981		
48.01		0.11295		
48.02		0.112918		
48.03		0.112886		
48.04		0.112855		
48.05		0.112823		
48.06		0.112792		
48.07		0.11276		
48.08		0.112729		
48.09		0.112698		
48.1		0.112666		
48.11		0.112635		
48.12		0.112604		
48.13		0.112573		
48.14		0.112542		
48.15		0.112511		
48.16		0.11248		
48.17		0.112449		
48.18		0.112418		
48.19		0.112387		
48.2		0.112356		
48.21		0.112325		
48.22		0.112294		
48.23		0.112264		
48.24		0.112233		
48.25		0.112203		
48.26		0.112172		
48.27		0.112141		
48.28		0.112111		
48.29		0.112081		
48.3		0.11205		
48.31		0.11202		
48.32		0.11199		
48.33		0.111959		
48.34		0.111929		
48.35		0.111899		
48.36		0.111869		
48.37		0.111839		
48.38		0.111809		
48.39		0.111779		
48.4		0.111749		
48.41		0.111719		
48.42		0.111689		
48.43		0.111659		
48.44		0.11163		
48.45		0.1116		
48.46		0.11157		
48.47		0.111541		
48.48		0.111511		
48.49		0.111481		
48.5		0.111452		
48.51		0.111423		
48.52		0.111393		
48.53		0.111364		
48.54		0.111334		
48.55		0.111305		
48.56		0.111276		
48.57		0.111247		
48.58		0.111218		
48.59		0.111188		
48.6		0.111159		
48.61		0.11113		
48.62		0.111101		
48.63		0.111072		
48.64		0.111043		
48.65		0.111015		
48.66		0.110986		
48.67		0.110957		
48.68		0.110928		
48.69		0.1109		
48.7		0.110871		
48.71		0.110842		
48.72		0.110814		
48.73		0.110785		
48.74		0.110757		
48.75		0.110728		
48.76		0.1107		
48.77		0.110672		
48.78		0.110643		
48.79		0.110615		
48.8		0.110587		
48.81		0.110558		
48.82		0.11053		
48.83		0.110502		
48.84		0.110474		
48.85		0.110446		
48.86		0.110418		
48.87		0.11039		
48.88		0.110362		
48.89		0.110334		
48.9		0.110307		
48.91		0.110279		
48.92		0.110251		
48.93		0.110223		
48.94		0.110196		
48.95		0.110168		
48.96		0.11014		
48.97		0.110113		
48.98		0.110085		
48.99		0.110058		
49		0.11003		
49.01		0.110003		
49.02		0.109976		
49.03		0.109948		
49.04		0.109921		
49.05		0.109894		
49.06		0.109866		
49.07		0.109839		
49.08		0.109812		
49.09		0.109785		
49.1		0.109758		
49.11		0.109731		
49.12		0.109704		
49.13		0.109677		
49.14		0.10965		
49.15		0.109623		
49.16		0.109597		
49.17		0.10957		
49.18		0.109543		
49.19		0.109516		
49.2		0.10949		
49.21		0.109463		
49.22		0.109436		
49.23		0.10941		
49.24		0.109383		
49.25		0.109357		
49.26		0.10933		
49.27		0.109304		
49.28		0.109278		
49.29		0.109251		
49.3		0.109225		
49.31		0.109199		
49.32		0.109173		
49.33		0.109146		
49.34		0.10912		
49.35		0.109094		
49.36		0.109068		
49.37		0.109042		
49.38		0.109016		
49.39		0.10899		
49.4		0.108964		
49.41		0.108938		
49.42		0.108912		
49.43		0.108887		
49.44		0.108861		
49.45		0.108835		
49.46		0.108809		
49.47		0.108784		
49.48		0.108758		
49.49		0.108732		
49.5		0.108707		
49.51		0.108681		
49.52		0.108656		
49.53		0.10863		
49.54		0.108605		
49.55		0.10858		
49.56		0.108554		
49.57		0.108529		
49.58		0.108504		
49.59		0.108478		
49.6		0.108453		
49.61		0.108428		
49.62		0.108403		
49.63		0.108378		
49.64		0.108353		
49.65		0.108328		
49.66		0.108303		
49.67		0.108278		
49.68		0.108253		
49.69		0.108228		
49.7		0.108203		
49.71		0.108178		
49.72		0.108153		
49.73		0.108129		
49.74		0.108104		
49.75		0.108079		
49.76		0.108054		
49.77		0.10803		
49.78		0.108005		
49.79		0.107981		
49.8		0.107956		
49.81		0.107932		
49.82		0.107907		
49.83		0.107883		
49.84		0.107858		
49.85		0.107834		
49.86		0.10781		
49.87		0.107785		
49.88		0.107761		
49.89		0.107737		
49.9		0.107713		
49.91		0.107689		
49.92		0.107665		
49.93		0.10764		
49.94		0.107616		
49.95		0.107592		
49.96		0.107568		
49.97		0.107544		
49.98		0.107521		
49.99		0.107497		
50		0.107473		
