tau [fm]		tau_Pi
0.25		0.264312
0.26		0.262444		
0.27		0.260621		
0.28		0.258848		
0.29		0.257121		
0.3		0.255437		
0.31		0.253792		
0.32		0.252184		
0.33		0.25061		
0.34		0.249068		
0.35		0.247557		
0.36		0.246076		
0.37		0.244622		
0.38		0.243196		
0.39		0.241795		
0.4		0.24042		
0.41		0.239069		
0.42		0.237742		
0.43		0.236439		
0.44		0.235157		
0.45		0.233898		
0.46		0.23266		
0.47		0.231444		
0.48		0.230248		
0.49		0.229072		
0.5		0.227916		
0.51		0.226779		
0.52		0.225662		
0.53		0.224563		
0.54		0.223482		
0.55		0.22242		
0.56		0.221375		
0.57		0.220348		
0.58		0.219337		
0.59		0.218344		
0.6		0.217367		
0.61		0.216406		
0.62		0.215461		
0.63		0.214532		
0.64		0.213618		
0.65		0.212719		
0.66		0.211835		
0.67		0.210965		
0.68		0.21011		
0.69		0.209269		
0.7		0.208442		
0.71		0.207629		
0.72		0.206829		
0.73		0.206042		
0.74		0.205269		
0.75		0.204508		
0.76		0.203759		
0.77		0.203023		
0.78		0.202299		
0.79		0.201588		
0.8		0.200887		
0.81		0.200199		
0.82		0.199522		
0.83		0.198857		
0.84		0.198202		
0.85		0.197558		
0.86		0.196926		
0.87		0.196304		
0.88		0.195692		
0.89		0.195091		
0.9		0.1945		
0.91		0.193919		
0.92		0.193348		
0.93		0.192787		
0.94		0.192235		
0.95		0.191693		
0.96		0.191161		
0.97		0.190638		
0.98		0.190124		
0.99		0.18962		
1		0.189124		
1.01		0.188637		
1.02		0.188159		
1.03		0.18769		
1.04		0.18723		
1.05		0.186778		
1.06		0.186335		
1.07		0.1859		
1.08		0.185473		
1.09		0.185055		
1.1		0.184645		
1.11		0.184243		
1.12		0.183849		
1.13		0.183463		
1.14		0.183085		
1.15		0.182715		
1.16		0.182353		
1.17		0.181998		
1.18		0.181651		
1.19		0.181312		
1.2		0.180981		
1.21		0.180657		
1.22		0.18034		
1.23		0.180031		
1.24		0.17973		
1.25		0.179436		
1.26		0.179149		
1.27		0.17887		
1.28		0.178598		
1.29		0.178333		
1.3		0.178075		
1.31		0.177825		
1.32		0.177582		
1.33		0.177346		
1.34		0.177117		
1.35		0.176895		
1.36		0.176681		
1.37		0.176473		
1.38		0.176273		
1.39		0.176079		
1.4		0.175893		
1.41		0.175713		
1.42		0.175541		
1.43		0.175376		
1.44		0.175217		
1.45		0.175066		
1.46		0.174922		
1.47		0.174784		
1.48		0.174654		
1.49		0.17453		
1.5		0.174414		
1.51		0.174304		
1.52		0.174201		
1.53		0.174105		
1.54		0.174016		
1.55		0.173935		
1.56		0.17386		
1.57		0.173791		
1.58		0.17373		
1.59		0.173676		
1.6		0.173629		
1.61		0.173588		
1.62		0.173555		
1.63		0.173529		
1.64		0.173509		
1.65		0.173497		
1.66		0.173491		
1.67		0.173492		
1.68		0.173501		
1.69		0.173516		
1.7		0.173539		
1.71		0.173568		
1.72		0.173604		
1.73		0.173648		
1.74		0.173698		
1.75		0.173756		
1.76		0.17382		
1.77		0.173892		
1.78		0.17397		
1.79		0.174056		
1.8		0.174149		
1.81		0.174249		
1.82		0.174356		
1.83		0.17447		
1.84		0.174591		
1.85		0.17472		
1.86		0.174856		
1.87		0.174998		
1.88		0.175148		
1.89		0.175306		
1.9		0.17547		
1.91		0.175642		
1.92		0.175821		
1.93		0.176007		
1.94		0.1762		
1.95		0.176401		
1.96		0.176609		
1.97		0.176825		
1.98		0.177047		
1.99		0.177278		
2		0.177515		
2.01		0.17776		
2.02		0.178012		
2.03		0.178272		
2.04		0.178539		
2.05		0.178813		
2.06		0.179095		
2.07		0.179385		
2.08		0.179682		
2.09		0.179986		
2.1		0.180298		
2.11		0.180617		
2.12		0.180945		
2.13		0.181279		
2.14		0.181621		
2.15		0.181971		
2.16		0.182328		
2.17		0.182693		
2.18		0.183066		
2.19		0.183446		
2.2		0.183834		
2.21		0.18423		
2.22		0.184633		
2.23		0.185045		
2.24		0.185463		
2.25		0.18589		
2.26		0.186324		
2.27		0.186767		
2.28		0.187216		
2.29		0.187674		
2.3		0.18814		
2.31		0.188613		
2.32		0.189094		
2.33		0.189584		
2.34		0.190081		
2.35		0.190585		
2.36		0.191098		
2.37		0.191619		
2.38		0.192148		
2.39		0.192684		
2.4		0.193229		
2.41		0.193782		
2.42		0.194342		
2.43		0.194911		
2.44		0.195487		
2.45		0.196072		
2.46		0.196665		
2.47		0.197266		
2.48		0.197875		
2.49		0.198492		
2.5		0.199117		
2.51		0.19975		
2.52		0.200391		
2.53		0.201041		
2.54		0.201698		
2.55		0.202364		
2.56		0.203038		
2.57		0.20372		
2.58		0.204411		
2.59		0.20511		
2.6		0.205816		
2.61		0.206532		
2.62		0.207255		
2.63		0.207987		
2.64		0.208727		
2.65		0.209475		
2.66		0.210231		
2.67		0.210996		
2.68		0.21177		
2.69		0.212551		
2.7		0.213341		
2.71		0.214139		
2.72		0.214946		
2.73		0.215761		
2.74		0.216585		
2.75		0.217416		
2.76		0.218257		
2.77		0.219105		
2.78		0.219963		
2.79		0.220828		
2.8		0.221702		
2.81		0.222585		
2.82		0.223476		
2.83		0.224375		
2.84		0.225283		
2.85		0.2262		
2.86		0.227125		
2.87		0.228059		
2.88		0.229001		
2.89		0.229951		
2.9		0.230911		
2.91		0.231878		
2.92		0.232855		
2.93		0.23384		
2.94		0.234833		
2.95		0.235835		
2.96		0.236846		
2.97		0.237866		
2.98		0.238894		
2.99		0.23993		
3		0.240976		
3.01		0.24203		
3.02		0.243092		
3.03		0.244164		
3.04		0.245243		
3.05		0.246332		
3.06		0.247429		
3.07		0.248536		
3.08		0.24965		
3.09		0.250774		
3.1		0.251906		
3.11		0.253047		
3.12		0.254197		
3.13		0.255355		
3.14		0.256522		
3.15		0.257698		
3.16		0.258883		
3.17		0.260076		
3.18		0.261278		
3.19		0.262489		
3.2		0.263709		
3.21		0.264938		
3.22		0.266175		
3.23		0.267421		
3.24		0.268676		
3.25		0.26994		
3.26		0.271213		
3.27		0.272494		
3.28		0.273784		
3.29		0.275083		
3.3		0.276391		
3.31		0.277708		
3.32		0.279034		
3.33		0.280369		
3.34		0.281712		
3.35		0.283064		
3.36		0.284425		
3.37		0.285795		
3.38		0.287174		
3.39		0.288562		
3.4		0.289959		
3.41		0.291365		
3.42		0.292779		
3.43		0.294202		
3.44		0.295635		
3.45		0.297076		
3.46		0.298526		
3.47		0.299985		
3.48		0.301453		
3.49		0.30293		
3.5		0.304416		
3.51		0.305911		
3.52		0.307415		
3.53		0.308928		
3.54		0.310449		
3.55		0.31198		
3.56		0.313519		
3.57		0.315068		
3.58		0.316625		
3.59		0.318192		
3.6		0.319767		
3.61		0.321352		
3.62		0.322945		
3.63		0.324547		
3.64		0.326159		
3.65		0.327779		
3.66		0.329408		
3.67		0.331047		
3.68		0.332694		
3.69		0.33435		
3.7		0.336016		
3.71		0.33769		
3.72		0.339373		
3.73		0.341065		
3.74		0.342767		
3.75		0.344477		
3.76		0.346196		
3.77		0.347924		
3.78		0.349662		
3.79		0.351408		
3.8		0.353163		
3.81		0.354928		
3.82		0.356701		
3.83		0.358483		
3.84		0.360275		
3.85		0.362075		
3.86		0.363885		
3.87		0.365703		
3.88		0.367531		
3.89		0.369367		
3.9		0.371213		
3.91		0.373067		
3.92		0.374931		
3.93		0.376803		
3.94		0.378685		
3.95		0.380576		
3.96		0.382476		
3.97		0.384384		
3.98		0.386302		
3.99		0.388229		
4		0.390165		
4.01		0.39211		
4.02		0.394064		
4.03		0.396027		
4.04		0.397999		
4.05		0.39998		
4.06		0.40197		
4.07		0.403969		
4.08		0.405977		
4.09		0.407994		
4.1		0.41002		
4.11		0.412056		
4.12		0.4141		
4.13		0.416153		
4.14		0.418216		
4.15		0.420287		
4.16		0.422367		
4.17		0.424457		
4.18		0.426555		
4.19		0.428663		
4.2		0.430779		
4.21		0.432905		
4.22		0.43504		
4.23		0.437183		
4.24		0.439336		
4.25		0.441498		
4.26		0.443669		
4.27		0.445848		
4.28		0.448037		
4.29		0.450235		
4.3		0.452442		
4.31		0.454658		
4.32		0.456883		
4.33		0.459116		
4.34		0.461359		
4.35		0.463611		
4.36		0.465872		
4.37		0.468142		
4.38		0.470421		
4.39		0.472709		
4.4		0.475006		
4.41		0.477312		
4.42		0.479627		
4.43		0.481951		
4.44		0.484284		
4.45		0.486627		
4.46		0.488978		
4.47		0.491338		
4.48		0.493707		
4.49		0.496085		
4.5		0.498472		
4.51		0.500868		
4.52		0.503273		
4.53		0.505687		
4.54		0.50811		
4.55		0.510542		
4.56		0.512983		
4.57		0.515432		
4.58		0.517891		
4.59		0.520359		
4.6		0.522836		
4.61		0.525322		
4.62		0.527817		
4.63		0.53032		
4.64		0.532833		
4.65		0.535355		
4.66		0.537885		
4.67		0.540425		
4.68		0.542973		
4.69		0.545531		
4.7		0.548097		
4.71		0.550672		
4.72		0.553257		
4.73		0.55585		
4.74		0.558452		
4.75		0.561063		
4.76		0.563683		
4.77		0.566312		
4.78		0.56895		
4.79		0.571596		
4.8		0.574252		
4.81		0.576916		
4.82		0.57959		
4.83		0.582272		
4.84		0.584963		
4.85		0.587663		
4.86		0.590372		
4.87		0.59309		
4.88		0.595817		
4.89		0.598553		
4.9		0.601297		
4.91		0.604051		
4.92		0.606813		
4.93		0.609584		
4.94		0.612364		
4.95		0.615153		
4.96		0.617951		
4.97		0.620757		
4.98		0.623573		
4.99		0.626397		
5		0.62923		
5.01		0.632072		
5.02		0.634922		
5.03		0.637782		
5.04		0.64065		
5.05		0.643527		
5.06		0.646413		
5.07		0.649308		
5.08		0.652212		
5.09		0.655124		
5.1		0.658045		
5.11		0.660975		
5.12		0.663914		
5.13		0.666861		
5.14		0.669818		
5.15		0.672783		
5.16		0.675756		
5.17		0.678739		
5.18		0.68173		
5.19		0.68473		
5.2		0.687739		
5.21		0.690757		
5.22		0.693783		
5.23		0.696818		
5.24		0.699862		
5.25		0.702914		
5.26		0.705975		
5.27		0.709045		
5.28		0.712124		
5.29		0.715211		
5.3		0.718307		
5.31		0.721411		
5.32		0.724525		
5.33		0.727647		
5.34		0.730777		
5.35		0.733916		
5.36		0.737064		
5.37		0.740221		
5.38		0.743386		
5.39		0.74656		
5.4		0.749743		
5.41		0.752934		
5.42		0.756133		
5.43		0.759342		
5.44		0.762559		
5.45		0.765784		
5.46		0.769018		
5.47		0.772261		
5.48		0.775513		
5.49		0.778773		
5.5		0.782041		
5.51		0.785318		
5.52		0.788604		
5.53		0.791898		
5.54		0.795201		
5.55		0.798512		
5.56		0.801832		
5.57		0.80516		
5.58		0.808497		
5.59		0.811842		
5.6		0.815196		
5.61		0.818558		
5.62		0.821929		
5.63		0.825309		
5.64		0.828696		
5.65		0.832093		
5.66		0.835497		
5.67		0.838911		
5.68		0.842332		
5.69		0.845763		
5.7		0.849201		
5.71		0.852648		
5.72		0.856103		
5.73		0.859567		
5.74		0.86304		
5.75		0.86652		
5.76		0.870009		
5.77		0.873507		
5.78		0.877013		
5.79		0.880527		
5.8		0.884049		
5.81		0.88758		
5.82		0.89112		
5.83		0.894667		
5.84		0.898223		
5.85		0.901787		
5.86		0.90536		
5.87		0.908941		
5.88		0.91253		
5.89		0.916128		
5.9		0.919733		
5.91		0.923348		
5.92		0.92697		
5.93		0.930601		
5.94		0.93424		
5.95		0.937887		
5.96		0.941542		
5.97		0.945206		
5.98		0.948878		
5.99		0.952558		
6		0.956246		
6.01		0.959942		
6.02		0.963647		
6.03		0.96736		
6.04		0.971081		
6.05		0.97481		
6.06		0.978548		
6.07		0.982293		
6.08		0.986047		
6.09		0.989809		
6.1		0.993579		
6.11		0.997357		
6.12		1.00114		
6.13		1.00494		
6.14		1.00874		
6.15		1.01255		
6.16		1.01637		
6.17		1.0202		
6.18		1.02403		
6.19		1.02787		
6.2		1.03172		
6.21		1.03558		
6.22		1.03945		
6.23		1.04332		
6.24		1.04721		
6.25		1.0511		
6.26		1.055		
6.27		1.0589		
6.28		1.06282		
6.29		1.06674		
6.3		1.07067		
6.31		1.07461		
6.32		1.07856		
6.33		1.08251		
6.34		1.08647		
6.35		1.09044		
6.36		1.09442		
6.37		1.09841		
6.38		1.1024		
6.39		1.1064		
6.4		1.11041		
6.41		1.11443		
6.42		1.11846		
6.43		1.12249		
6.44		1.12653		
6.45		1.13058		
6.46		1.13463		
6.47		1.1387		
6.48		1.14277		
6.49		1.14685		
6.5		1.15094		
6.51		1.15503		
6.52		1.15914		
6.53		1.16325		
6.54		1.16737		
6.55		1.17149		
6.56		1.17563		
6.57		1.17977		
6.58		1.18392		
6.59		1.18808		
6.6		1.19224		
6.61		1.19641		
6.62		1.20059		
6.63		1.20478		
6.64		1.20897		
6.65		1.21318		
6.66		1.21739		
6.67		1.22161		
6.68		1.22583		
6.69		1.23006		
6.7		1.23431		
6.71		1.23855		
6.72		1.24281		
6.73		1.24707		
6.74		1.25134		
6.75		1.25562		
6.76		1.25991		
6.77		1.2642		
6.78		1.2685		
6.79		1.27281		
6.8		1.27713		
6.81		1.28145		
6.82		1.28578		
6.83		1.29012		
6.84		1.29446		
6.85		1.29881		
6.86		1.30317		
6.87		1.30754		
6.88		1.31192		
6.89		1.3163		
6.9		1.32069		
6.91		1.32509		
6.92		1.32949		
6.93		1.3339		
6.94		1.33832		
6.95		1.34275		
6.96		1.34718		
6.97		1.35162		
6.98		1.35607		
6.99		1.36052		
7		1.36498		
7.01		1.36945		
7.02		1.37393		
7.03		1.37841		
7.04		1.3829		
7.05		1.3874		
7.06		1.39191		
7.07		1.39642		
7.08		1.40094		
7.09		1.40547		
7.1		1.41		
7.11		1.41454		
7.12		1.41909		
7.13		1.42364		
7.14		1.42821		
7.15		1.43278		
7.16		1.43735		
7.17		1.44193		
7.18		1.44653		
7.19		1.45112		
7.2		1.45573		
7.21		1.46034		
7.22		1.46496		
7.23		1.46958		
7.24		1.47421		
7.25		1.47885		
7.26		1.4835		
7.27		1.48815		
7.28		1.49281		
7.29		1.49748		
7.3		1.50215		
7.31		1.50683		
7.32		1.51152		
7.33		1.51621		
7.34		1.52091		
7.35		1.52562		
7.36		1.53033		
7.37		1.53506		
7.38		1.53978		
7.39		1.54452		
7.4		1.54926		
7.41		1.55401		
7.42		1.55876		
7.43		1.56352		
7.44		1.56829		
7.45		1.57307		
7.46		1.57785		
7.47		1.58264		
7.48		1.58743		
7.49		1.59223		
7.5		1.59704		
7.51		1.60186		
7.52		1.60668		
7.53		1.61151		
7.54		1.61634		
7.55		1.62118		
7.56		1.62603		
7.57		1.63088		
7.58		1.63574		
7.59		1.64061		
7.6		1.64549		
7.61		1.65037		
7.62		1.65525		
7.63		1.66015		
7.64		1.66504		
7.65		1.66995		
7.66		1.67486		
7.67		1.67978		
7.68		1.68471		
7.69		1.68964		
7.7		1.69458		
7.71		1.69952		
7.72		1.70447		
7.73		1.70943		
7.74		1.71439		
7.75		1.71936		
7.76		1.72434		
7.77		1.72932		
7.78		1.73431		
7.79		1.7393		
7.8		1.7443		
7.81		1.74931		
7.82		1.75432		
7.83		1.75934		
7.84		1.76437		
7.85		1.7694		
7.86		1.77444		
7.87		1.77948		
7.88		1.78453		
7.89		1.78959		
7.9		1.79465		
7.91		1.79972		
7.92		1.8048		
7.93		1.80988		
7.94		1.81496		
7.95		1.82006		
7.96		1.82516		
7.97		1.83026		
7.98		1.83537		
7.99		1.84049		
8		1.84561		
8.01		1.85074		
8.02		1.85587		
8.03		1.86102		
8.04		1.86616		
8.05		1.87131		
8.06		1.87647		
8.07		1.88164		
8.08		1.88681		
8.09		1.89198		
8.1		1.89717		
8.11		1.90235		
8.12		1.90755		
8.13		1.91275		
8.14		1.91795		
8.15		1.92316		
8.16		1.92838		
8.17		1.9336		
8.18		1.93883		
8.19		1.94406		
8.2		1.9493		
8.21		1.95455		
8.22		1.9598		
8.23		1.96506		
8.24		1.97032		
8.25		1.97559		
8.26		1.98086		
8.27		1.98614		
8.28		1.99142		
8.29		1.99671		
8.3		2.00201		
8.31		2.00731		
8.32		2.01262		
8.33		2.01793		
8.34		2.02325		
8.35		2.02857		
8.36		2.0339		
8.37		2.03924		
8.38		2.04458		
8.39		2.04992		
8.4		2.05527		
8.41		2.06063		
8.42		2.06599		
8.43		2.07136		
8.44		2.07673		
8.45		2.08211		
8.46		2.08749		
8.47		2.09288		
8.48		2.09827		
8.49		2.10367		
8.5		2.10908		
8.51		2.11449		
8.52		2.1199		
8.53		2.12532		
8.54		2.13075		
8.55		2.13618		
8.56		2.14161		
8.57		2.14706		
8.58		2.1525		
8.59		2.15795		
8.6		2.16341		
8.61		2.16887		
8.62		2.17434		
8.63		2.17981		
8.64		2.18529		
8.65		2.19077		
8.66		2.19626		
8.67		2.20175		
8.68		2.20725		
8.69		2.21275		
8.7		2.21826		
8.71		2.22377		
8.72		2.22929		
8.73		2.23482		
8.74		2.24034		
8.75		2.24588		
8.76		2.25141		
8.77		2.25696		
8.78		2.2625		
8.79		2.26806		
8.8		2.27361		
8.81		2.27918		
8.82		2.28474		
8.83		2.29032		
8.84		2.29589		
8.85		2.30147		
8.86		2.30706		
8.87		2.31265		
8.88		2.31825		
8.89		2.32385		
8.9		2.32946		
8.91		2.33507		
8.92		2.34068		
8.93		2.3463		
8.94		2.35193		
8.95		2.35756		
8.96		2.36319		
8.97		2.36883		
8.98		2.37447		
8.99		2.38012		
9		2.38577		
9.01		2.39143		
9.02		2.39709		
9.03		2.40276		
9.04		2.40843		
9.05		2.41411		
9.06		2.41979		
9.07		2.42547		
9.08		2.43116		
9.09		2.43686		
9.1		2.44256		
9.11		2.44826		
9.12		2.45397		
9.13		2.45968		
9.14		2.4654		
9.15		2.47112		
9.16		2.47684		
9.17		2.48257		
9.18		2.48831		
9.19		2.49404		
9.2		2.49979		
9.21		2.50553		
9.22		2.51129		
9.23		2.51704		
9.24		2.5228		
9.25		2.52857		
9.26		2.53434		
9.27		2.54011		
9.28		2.54589		
9.29		2.55167		
9.3		2.55746		
9.31		2.56325		
9.32		2.56904		
9.33		2.57484		
9.34		2.58064		
9.35		2.58645		
9.36		2.59226		
9.37		2.59808		
9.38		2.6039		
9.39		2.60972		
9.4		2.61555		
9.41		2.62138		
9.42		2.62722		
9.43		2.63306		
9.44		2.6389		
9.45		2.64475		
9.46		2.65061		
9.47		2.65646		
9.48		2.66232		
9.49		2.66819		
9.5		2.67406		
9.51		2.67993		
9.52		2.68581		
9.53		2.69169		
9.54		2.69757		
9.55		2.70346		
9.56		2.70935		
9.57		2.71525		
9.58		2.72115		
9.59		2.72706		
9.6		2.73296		
9.61		2.73888		
9.62		2.74479		
9.63		2.75071		
9.64		2.75664		
9.65		2.76256		
9.66		2.76849		
9.67		2.77443		
9.68		2.78037		
9.69		2.78631		
9.7		2.79226		
9.71		2.79821		
9.72		2.80416		
9.73		2.81012		
9.74		2.81608		
9.75		2.82205		
9.76		2.82802		
9.77		2.83399		
9.78		2.83997		
9.79		2.84595		
9.8		2.85193		
9.81		2.85792		
9.82		2.86391		
9.83		2.86991		
9.84		2.8759		
9.85		2.88191		
9.86		2.88791		
9.87		2.89392		
9.88		2.89993		
9.89		2.90595		
9.9		2.91197		
9.91		2.91799		
9.92		2.92402		
9.93		2.93005		
9.94		2.93609		
9.95		2.94212		
9.96		2.94816		
9.97		2.95421		
9.98		2.96026		
9.99		2.96631		
10		2.97236		
10.01		2.97842		
10.02		2.98448		
10.03		2.99055		
10.04		2.99662		
10.05		3.00269		
10.06		3.00877		
10.07		3.01484		
10.08		3.02093		
10.09		3.02701		
10.1		3.0331		
10.11		3.03919		
10.12		3.04529		
10.13		3.05139		
10.14		3.05749		
10.15		3.0636		
10.16		3.06971		
10.17		3.07582		
10.18		3.08193		
10.19		3.08805		
10.2		3.09417		
10.21		3.1003		
10.22		3.10643		
10.23		3.11256		
10.24		3.11869		
10.25		3.12483		
10.26		3.13097		
10.27		3.13712		
10.28		3.14326		
10.29		3.14942		
10.3		3.15557		
10.31		3.16173		
10.32		3.16789		
10.33		3.17405		
10.34		3.18022		
10.35		3.18639		
10.36		3.19256		
10.37		3.19874		
10.38		3.20491		
10.39		3.2111		
10.4		3.21728		
10.41		3.22347		
10.42		3.22966		
10.43		3.23585		
10.44		3.24205		
10.45		3.24825		
10.46		3.25446		
10.47		3.26066		
10.48		3.26687		
10.49		3.27308		
10.5		3.2793		
10.51		3.28552		
10.52		3.29174		
10.53		3.29796		
10.54		3.30419		
10.55		3.31042		
10.56		3.31665		
10.57		3.32289		
10.58		3.32913		
10.59		3.33537		
10.6		3.34161		
10.61		3.34786		
10.62		3.35411		
10.63		3.36036		
10.64		3.36662		
10.65		3.37288		
10.66		3.37914		
10.67		3.38541		
10.68		3.39167		
10.69		3.39794		
10.7		3.40422		
10.71		3.41049		
10.72		3.41677		
10.73		3.42305		
10.74		3.42934		
10.75		3.43563		
10.76		3.44192		
10.77		3.44821		
10.78		3.4545		
10.79		3.4608		
10.8		3.4671		
10.81		3.47341		
10.82		3.47972		
10.83		3.48602		
10.84		3.49234		
10.85		3.49865		
10.86		3.50497		
10.87		3.51129		
10.88		3.51761		
10.89		3.52394		
10.9		3.53027		
10.91		3.5366		
10.92		3.54293		
10.93		3.54927		
10.94		3.55561		
10.95		3.56195		
10.96		3.56829		
10.97		3.57464		
10.98		3.58099		
10.99		3.58734		
11		3.5937		
11.01		3.60006		
11.02		3.60642		
11.03		3.61278		
11.04		3.61914		
11.05		3.62551		
11.06		3.63188		
11.07		3.63826		
11.08		3.64463		
11.09		3.65101		
11.1		3.65739		
11.11		3.66378		
11.12		3.67016		
11.13		3.67655		
11.14		3.68294		
11.15		3.68934		
11.16		3.69573		
11.17		3.70213		
11.18		3.70853		
11.19		3.71494		
11.2		3.72134		
11.21		3.72775		
11.22		3.73417		
11.23		3.74058		
11.24		3.747		
11.25		3.75342		
11.26		3.75984		
11.27		3.76626		
11.28		3.77269		
11.29		3.77912		
11.3		3.78555		
11.31		3.79198		
11.32		3.79842		
11.33		3.80486		
11.34		3.8113		
11.35		3.81775		
11.36		3.82419		
11.37		3.83064		
11.38		3.83709		
11.39		3.84355		
11.4		3.85001		
11.41		3.85646		
11.42		3.86293		
11.43		3.86939		
11.44		3.87586		
11.45		3.88233		
11.46		3.8888		
11.47		3.89527		
11.48		3.90175		
11.49		3.90823		
11.5		3.91471		
11.51		3.92119		
11.52		3.92768		
11.53		3.93417		
11.54		3.94066		
11.55		3.94715		
11.56		3.95365		
11.57		3.96014		
11.58		3.96665		
11.59		3.97315		
11.6		3.97965		
11.61		3.98616		
11.62		3.99267		
11.63		3.99918		
11.64		4.0057		
11.65		4.01222		
11.66		4.01874		
11.67		4.02526		
11.68		4.03179		
11.69		4.03831		
11.7		4.04484		
11.71		4.05137		
11.72		4.05791		
11.73		4.06445		
11.74		4.07099		
11.75		4.07753		
11.76		4.08407		
11.77		4.09062		
11.78		4.09717		
11.79		4.10372		
11.8		4.11027		
11.81		4.11683		
11.82		4.12339		
11.83		4.12995		
11.84		4.13651		
11.85		4.14308		
11.86		4.14965		
11.87		4.15622		
11.88		4.16279		
11.89		4.16937		
11.9		4.17594		
11.91		4.18252		
11.92		4.18911		
11.93		4.19569		
11.94		4.20228		
11.95		4.20887		
11.96		4.21546		
11.97		4.22206		
11.98		4.22865		
11.99		4.23525		
12		4.24186		
12.01		4.24846		
12.02		4.25507		
12.03		4.26168		
12.04		4.26829		
12.05		4.2749		
12.06		4.28152		
12.07		4.28814		
12.08		4.29476		
12.09		4.30139		
12.1		4.30801		
12.11		4.31464		
12.12		4.32127		
12.13		4.32791		
12.14		4.33454		
12.15		4.34118		
12.16		4.34782		
12.17		4.35447		
12.18		4.36111		
12.19		4.36776		
12.2		4.37441		
12.21		4.38107		
12.22		4.38772		
12.23		4.39438		
12.24		4.40104		
12.25		4.40771		
12.26		4.41437		
12.27		4.42104		
12.28		4.42771		
12.29		4.43439		
12.3		4.44106		
12.31		4.44774		
12.32		4.45442		
12.33		4.46111		
12.34		4.4678		
12.35		4.47448		
12.36		4.48118		
12.37		4.48787		
12.38		4.49457		
12.39		4.50127		
12.4		4.50797		
12.41		4.51467		
12.42		4.52138		
12.43		4.52809		
12.44		4.5348		
12.45		4.54152		
12.46		4.54823		
12.47		4.55495		
12.48		4.56167		
12.49		4.5684		
12.5		4.57513		
12.51		4.58186		
12.52		4.58859		
12.53		4.59533		
12.54		4.60207		
12.55		4.60881		
12.56		4.61555		
12.57		4.6223		
12.58		4.62905		
12.59		4.6358		
12.6		4.64255		
12.61		4.64931		
12.62		4.65607		
12.63		4.66283		
12.64		4.6696		
12.65		4.67637		
12.66		4.68314		
12.67		4.68991		
12.68		4.69669		
12.69		4.70346		
12.7		4.71025		
12.71		4.71703		
12.72		4.72382		
12.73		4.73061		
12.74		4.7374		
12.75		4.7442		
12.76		4.751		
12.77		4.7578		
12.78		4.7646		
12.79		4.77141		
12.8		4.77822		
12.81		4.78503		
12.82		4.79185		
12.83		4.79867		
12.84		4.80549		
12.85		4.81231		
12.86		4.81914		
12.87		4.82597		
12.88		4.8328		
12.89		4.83964		
12.9		4.84648		
12.91		4.85332		
12.92		4.86017		
12.93		4.86701		
12.94		4.87387		
12.95		4.88072		
12.96		4.88758		
12.97		4.89444		
12.98		4.9013		
12.99		4.90817		
13		4.91504		
13.01		4.92191		
13.02		4.92878		
13.03		4.93566		
13.04		4.94254		
13.05		4.94943		
13.06		4.95632		
13.07		4.96321		
13.08		4.9701		
13.09		4.977		
13.1		4.9839		
13.11		4.9908		
13.12		4.99771		
13.13		5.00462		
13.14		5.01154		
13.15		5.01845		
13.16		5.02537		
13.17		5.0323		
13.18		5.03922		
13.19		5.04615		
13.2		5.05309		
13.21		5.06002		
13.22		5.06696		
13.23		5.07391		
13.24		5.08085		
13.25		5.0878		
13.26		5.09476		
13.27		5.10171		
13.28		5.10867		
13.29		5.11564		
13.3		5.1226		
13.31		5.12957		
13.32		5.13655		
13.33		5.14353		
13.34		5.15051		
13.35		5.15749		
13.36		5.16448		
13.37		5.17147		
13.38		5.17847		
13.39		5.18547		
13.4		5.19247		
13.41		5.19948		
13.42		5.20649		
13.43		5.2135		
13.44		5.22052		
13.45		5.22754		
13.46		5.23456		
13.47		5.24159		
13.48		5.24862		
13.49		5.25566		
13.5		5.2627		
13.51		5.26974		
13.52		5.27679		
13.53		5.28384		
13.54		5.29089		
13.55		5.29795		
13.56		5.30502		
13.57		5.31208		
13.58		5.31915		
13.59		5.32623		
13.6		5.33331		
13.61		5.34039		
13.62		5.34747		
13.63		5.35456		
13.64		5.36166		
13.65		5.36876		
13.66		5.37586		
13.67		5.38297		
13.68		5.39008		
13.69		5.39719		
13.7		5.40431		
13.71		5.41143		
13.72		5.41856		
13.73		5.42569		
13.74		5.43283		
13.75		5.43997		
13.76		5.44711		
13.77		5.45426		
13.78		5.46141		
13.79		5.46857		
13.8		5.47573		
13.81		5.4829		
13.82		5.49007		
13.83		5.49724		
13.84		5.50442		
13.85		5.51161		
13.86		5.51879		
13.87		5.52599		
13.88		5.53318		
13.89		5.54038		
13.9		5.54759		
13.91		5.5548		
13.92		5.56202		
13.93		5.56924		
13.94		5.57646		
13.95		5.58369		
13.96		5.59092		
13.97		5.59816		
13.98		5.60541		
13.99		5.61265		
14		5.61991		
14.01		5.62716		
14.02		5.63443		
14.03		5.64169		
14.04		5.64897		
14.05		5.65624		
14.06		5.66353		
14.07		5.67081		
14.08		5.67811		
14.09		5.6854		
14.1		5.69271		
14.11		5.70001		
14.12		5.70732		
14.13		5.71464		
14.14		5.72196		
14.15		5.72929		
14.16		5.73662		
14.17		5.74396		
14.18		5.75131		
14.19		5.75865		
14.2		5.76601		
14.21		5.77337		
14.22		5.78073		
14.23		5.7881		
14.24		5.79548		
14.25		5.80286		
14.26		5.81024		
14.27		5.81764		
14.28		5.82503		
14.29		5.83243		
14.3		5.83984		
14.31		5.84726		
14.32		5.85468		
14.33		5.8621		
14.34		5.86953		
14.35		5.87697		
14.36		5.88441		
14.37		5.89186		
14.38		5.89931		
14.39		5.90677		
14.4		5.91423		
14.41		5.92171		
14.42		5.92918		
14.43		5.93667		
14.44		5.94415		
14.45		5.95165		
14.46		5.95915		
14.47		5.96666		
14.48		5.97417		
14.49		5.98169		
14.5		5.98921		
14.51		5.99674		
14.52		6.00428		
14.53		6.01183		
14.54		6.01937		
14.55		6.02693		
14.56		6.03449		
14.57		6.04206		
14.58		6.04964		
14.59		6.05722		
14.6		6.06481		
14.61		6.0724		
14.62		6.08		
14.63		6.08761		
14.64		6.09522		
14.65		6.10284		
14.66		6.11047		
14.67		6.11811		
14.68		6.12575		
14.69		6.13339		
14.7		6.14105		
14.71		6.14871		
14.72		6.15638		
14.73		6.16405		
14.74		6.17173		
14.75		6.17942		
14.76		6.18712		
14.77		6.19482		
14.78		6.20253		
14.79		6.21025		
14.8		6.21797		
14.81		6.2257		
14.82		6.23344		
14.83		6.24118		
14.84		6.24894		
14.85		6.2567		
14.86		6.26446		
14.87		6.27224		
14.88		6.28002		
14.89		6.28781		
14.9		6.2956		
14.91		6.30341		
14.92		6.31122		
14.93		6.31904		
14.94		6.32687		
14.95		6.3347		
14.96		6.34254		
14.97		6.35039		
14.98		6.35825		
14.99		6.36611		
15		6.37399		
15.01		6.38187		
15.02		6.38976		
15.03		6.39766		
15.04		6.40556		
15.05		6.41347		
15.06		6.42139		
15.07		6.42932		
15.08		6.43726		
15.09		6.44521		
15.1		6.45316		
15.11		6.46112		
15.12		6.46909		
15.13		6.47707		
15.14		6.48506		
15.15		6.49305		
15.16		6.50106		
15.17		6.50907		
15.18		6.51709		
15.19		6.52512		
15.2		6.53316		
15.21		6.5412		
15.22		6.54926		
15.23		6.55732		
15.24		6.56539		
15.25		6.57348		
15.26		6.58157		
15.27		6.58966		
15.28		6.59777		
15.29		6.60589		
15.3		6.61402		
15.31		6.62215		
15.32		6.6303		
15.33		6.63845		
15.34		6.64661		
15.35		6.65479		
15.36		6.66297		
15.37		6.67116		
15.38		6.67936		
15.39		6.68757		
15.4		6.69579		
15.41		6.70401		
15.42		6.71225		
15.43		6.7205		
15.44		6.72876		
15.45		6.73702		
15.46		6.7453		
15.47		6.75359		
15.48		6.76188		
15.49		6.77019		
15.5		6.77851		
15.51		6.78683		
15.52		6.79517		
15.53		6.80351		
15.54		6.81187		
15.55		6.82024		
15.56		6.82861		
15.57		6.837		
15.58		6.8454		
15.59		6.8538		
15.6		6.86222		
15.61		6.87065		
15.62		6.87909		
15.63		6.88754		
15.64		6.896		
15.65		6.90447		
15.66		6.91295		
15.67		6.92144		
15.68		6.92994		
15.69		6.93846		
15.7		6.94698		
15.71		6.95552		
15.72		6.96406		
15.73		6.97262		
15.74		6.98119		
15.75		6.98977		
15.76		6.99836		
15.77		7.00696		
15.78		7.01557		
15.79		7.0242		
15.8		7.03283		
15.81		7.04148		
15.82		7.05014		
15.83		7.05881		
15.84		7.06749		
15.85		7.07618		
15.86		7.08489		
15.87		7.0936		
15.88		7.10233		
15.89		7.11107		
15.9		7.11983		
15.91		7.12859		
15.92		7.13737		
15.93		7.14615		
15.94		7.15495		
15.95		7.16377		
15.96		7.17259		
15.97		7.18143		
15.98		7.19028		
15.99		7.19914		
16		7.20801		
16.01		7.2169		
16.02		7.2258		
16.03		7.23471		
16.04		7.24363		
16.05		7.25257		
16.06		7.26152		
16.07		7.27048		
16.08		7.27946		
16.09		7.28844		
16.1		7.29744		
16.11		7.30646		
16.12		7.31549		
16.13		7.32453		
16.14		7.33358		
16.15		7.34265		
16.16		7.35173		
16.17		7.36082		
16.18		7.36993		
16.19		7.37905		
16.2		7.38818		
16.21		7.39733		
16.22		7.40649		
16.23		7.41566		
16.24		7.42485		
16.25		7.43406		
16.26		7.44327		
16.27		7.4525		
16.28		7.46175		
16.29		7.47101		
16.3		7.48028		
16.31		7.48956		
16.32		7.49887		
16.33		7.50818		
16.34		7.51751		
16.35		7.52685		
16.36		7.53621		
16.37		7.54559		
16.38		7.55497		
16.39		7.56438		
16.4		7.57379		
16.41		7.58323		
16.42		7.59267		
16.43		7.60213		
16.44		7.61161		
16.45		7.6211		
16.46		7.63061		
16.47		7.64013		
16.48		7.64967		
16.49		7.65922		
16.5		7.66879		
16.51		7.67837		
16.52		7.68797		
16.53		7.69759		
16.54		7.70722		
16.55		7.71686		
16.56		7.72652		
16.57		7.7362		
16.58		7.74589		
16.59		7.7556		
16.6		7.76533		
16.61		7.77507		
16.62		7.78483		
16.63		7.7946		
16.64		7.80439		
16.65		7.8142		
16.66		7.82402		
16.67		7.83386		
16.68		7.84371		
16.69		7.85359		
16.7		7.86348		
16.71		7.87338		
16.72		7.8833		
16.73		7.89324		
16.74		7.9032		
16.75		7.91317		
16.76		7.92316		
16.77		7.93317		
16.78		7.9432		
16.79		7.95324		
16.8		7.9633		
16.81		7.97337		
16.82		7.98347		
16.83		7.99358		
16.84		8.00371		
16.85		8.01386		
16.86		8.02402		
16.87		8.0342		
16.88		8.04441		
16.89		8.05462		
16.9		8.06486		
16.91		8.07512		
16.92		8.08539		
16.93		8.09568		
16.94		8.10599		
16.95		8.11632		
16.96		8.12667		
16.97		8.13703		
16.98		8.14741		
16.99		8.15782		
17		8.16824		
17.01		8.17868		
17.02		8.18914		
17.03		8.19962		
17.04		8.21011		
17.05		8.22063		
17.06		8.23116		
17.07		8.24172		
17.08		8.25229		
17.09		8.26289		
17.1		8.2735		
17.11		8.28413		
17.12		8.29479		
17.13		8.30546		
17.14		8.31615		
17.15		8.32686		
17.16		8.33759		
17.17		8.34835		
17.18		8.35912		
17.19		8.36991		
17.2		8.38072		
17.21		8.39156		
17.22		8.40241		
17.23		8.41328		
17.24		8.42418		
17.25		8.43509		
17.26		8.44603		
17.27		8.45699		
17.28		8.46796		
17.29		8.47896		
17.3		8.48998		
17.31		8.50102		
17.32		8.51209		
17.33		8.52317		
17.34		8.53427		
17.35		8.5454		
17.36		8.55655		
17.37		8.56772		
17.38		8.57891		
17.39		8.59012		
17.4		8.60136		
17.41		8.61261		
17.42		8.62389		
17.43		8.63519		
17.44		8.64652		
17.45		8.65786		
17.46		8.66923		
17.47		8.68062		
17.48		8.69203		
17.49		8.70347		
17.5		8.71492		
17.51		8.72641		
17.52		8.73791		
17.53		8.74944		
17.54		8.76098		
17.55		8.77256		
17.56		8.78415		
17.57		8.79577		
17.58		8.80742		
17.59		8.81908		
17.6		8.83077		
17.61		8.84248		
17.62		8.85422		
17.63		8.86598		
17.64		8.87777		
17.65		8.88957		
17.66		8.90141		
17.67		8.91326		
17.68		8.92514		
17.69		8.93705		
17.7		8.94898		
17.71		8.96093		
17.72		8.97291		
17.73		8.98491		
17.74		8.99694		
17.75		9.009		
17.76		9.02107		
17.77		9.03318		
17.78		9.0453		
17.79		9.05746		
17.8		9.06964		
17.81		9.08184		
17.82		9.09407		
17.83		9.10632		
17.84		9.1186		
17.85		9.13091		
17.86		9.14324		
17.87		9.1556		
17.88		9.16798		
17.89		9.18039		
17.9		9.19283		
17.91		9.20529		
17.92		9.21778		
17.93		9.2303		
17.94		9.24284		
17.95		9.25541		
17.96		9.268		
17.97		9.28062		
17.98		9.29327		
17.99		9.30595		
18		9.31865		
18.01		9.33138		
18.02		9.34414		
18.03		9.35693		
18.04		9.36974		
18.05		9.38258		
18.06		9.39545		
18.07		9.40834		
18.08		9.42127		
18.09		9.43422		
18.1		9.4472		
18.11		9.4602		
18.12		9.47324		
18.13		9.48631		
18.14		9.4994		
18.15		9.51252		
18.16		9.52567		
18.17		9.53885		
18.18		9.55206		
18.19		9.56529		
18.2		9.57856		
18.21		9.59185		
18.22		9.60518		
18.23		9.61853		
18.24		9.63191		
18.25		9.64532		
18.26		9.65877		
18.27		9.67224		
18.28		9.68574		
18.29		9.69927		
18.3		9.71283		
18.31		9.72642		
18.32		9.74004		
18.33		9.7537		
18.34		9.76738		
18.35		9.78109		
18.36		9.79484		
18.37		9.80861		
18.38		9.82242		
18.39		9.83625		
18.4		9.85012		
18.41		9.86402		
18.42		9.87795		
18.43		9.89191		
18.44		9.9059		
18.45		9.91992		
18.46		9.93398		
18.47		9.94807		
18.48		9.96219		
18.49		9.97634		
18.5		9.99052		
18.51		10.0047		
18.52		10.019		
18.53		10.0333		
18.54		10.0476		
18.55		10.0619		
18.56		10.0763		
18.57		10.0907		
18.58		10.1052		
18.59		10.1196		
18.6		10.1341		
18.61		10.1487		
18.62		10.1633		
18.63		10.1779		
18.64		10.1925		
18.65		10.2072		
18.66		10.2219		
18.67		10.2366		
18.68		10.2514		
18.69		10.2662		
18.7		10.2811		
18.71		10.296		
18.72		10.3109		
18.73		10.3258		
18.74		10.3408		
18.75		10.3558		
18.76		10.3709		
18.77		10.386		
18.78		10.4011		
18.79		10.4163		
18.8		10.4315		
18.81		10.4467		
18.82		10.462		
18.83		10.4773		
18.84		10.4926		
18.85		10.508		
18.86		10.5234		
18.87		10.5388		
18.88		10.5543		
18.89		10.5698		
18.9		10.5854		
18.91		10.601		
18.92		10.6166		
18.93		10.6323		
18.94		10.648		
18.95		10.6637		
18.96		10.6795		
18.97		10.6953		
18.98		10.7112		
18.99		10.727		
19		10.743		
19.01		10.7589		
19.02		10.7749		
19.03		10.791		
19.04		10.8071		
19.05		10.8232		
19.06		10.8393		
19.07		10.8555		
19.08		10.8717		
19.09		10.888		
19.1		10.9043		
19.11		10.9207		
19.12		10.9371		
19.13		10.9535		
19.14		10.9699		
19.15		10.9864		
19.16		11.003		
19.17		11.0196		
19.18		11.0362		
19.19		11.0529		
19.2		11.0696		
19.21		11.0863		
19.22		11.1031		
19.23		11.1199		
19.24		11.1368		
19.25		11.1537		
19.26		11.1706		
19.27		11.1876		
19.28		11.2046		
19.29		11.2217		
19.3		11.2388		
19.31		11.256		
19.32		11.2732		
19.33		11.2904		
19.34		11.3077		
19.35		11.325		
19.36		11.3423		
19.37		11.3597		
19.38		11.3772		
19.39		11.3947		
19.4		11.4122		
19.41		11.4298		
19.42		11.4474		
19.43		11.465		
19.44		11.4827		
19.45		11.5005		
19.46		11.5183		
19.47		11.5361		
19.48		11.554		
19.49		11.5719		
19.5		11.5898		
19.51		11.6078		
19.52		11.6259		
19.53		11.644		
19.54		11.6621		
19.55		11.6803		
19.56		11.6985		
19.57		11.7168		
19.58		11.7351		
19.59		11.7534		
19.6		11.7719		
19.61		11.7903		
19.62		11.8088		
19.63		11.8273		
19.64		11.8459		
19.65		11.8645		
19.66		11.8832		
19.67		11.9019		
19.68		11.9207		
19.69		11.9395		
19.7		11.9584		
19.71		11.9773		
19.72		11.9962		
19.73		12.0152		
19.74		12.0343		
19.75		12.0534		
19.76		12.0725		
19.77		12.0917		
19.78		12.1109		
19.79		12.1302		
19.8		12.1496		
19.81		12.1689		
19.82		12.1884		
19.83		12.2078		
19.84		12.2274		
19.85		12.2469		
19.86		12.2665		
19.87		12.2862		
19.88		12.3059		
19.89		12.3257		
19.9		12.3455		
19.91		12.3654		
19.92		12.3853		
19.93		12.4052		
19.94		12.4253		
19.95		12.4453		
19.96		12.4654		
19.97		12.4856		
19.98		12.5058		
19.99		12.5261		
20		12.5464		
20.01		12.5667		
20.02		12.5872		
20.03		12.6076		
20.04		12.6281		
20.05		12.6487		
20.06		12.6693		
20.07		12.69		
20.08		12.7107		
20.09		12.7315		
20.1		12.7523		
20.11		12.7732		
20.12		12.7941		
20.13		12.8151		
20.14		12.8361		
20.15		12.8572		
20.16		12.8783		
20.17		12.8995		
20.18		12.9208		
20.19		12.9421		
20.2		12.9634		
20.21		12.9848		
20.22		13.0063		
20.23		13.0278		
20.24		13.0493		
20.25		13.071		
20.26		13.0926		
20.27		13.1144		
20.28		13.1361		
20.29		13.158		
20.3		13.1799		
20.31		13.2018		
20.32		13.2238		
20.33		13.2459		
20.34		13.268		
20.35		13.2901		
20.36		13.3123		
20.37		13.3346		
20.38		13.357		
20.39		13.3793		
20.4		13.4018		
20.41		13.4243		
20.42		13.4468		
20.43		13.4695		
20.44		13.4921		
20.45		13.5149		
20.46		13.5376		
20.47		13.5605		
20.48		13.5834		
20.49		13.6063		
20.5		13.6293		
20.51		13.6524		
20.52		13.6755		
20.53		13.6987		
20.54		13.722		
20.55		13.7453		
20.56		13.7687		
20.57		13.7921		
20.58		13.8156		
20.59		13.8391		
20.6		13.8627		
20.61		13.8864		
20.62		13.9101		
20.63		13.9338		
20.64		13.9577		
20.65		13.9816		
20.66		14.0055		
20.67		14.0296		
20.68		14.0536		
20.69		14.0778		
20.7		14.102		
20.71		14.1262		
20.72		14.1506		
20.73		14.1749		
20.74		14.1994		
20.75		14.2239		
20.76		14.2485		
20.77		14.2731		
20.78		14.2978		
20.79		14.3225		
20.8		14.3473		
20.81		14.3722		
20.82		14.3972		
20.83		14.4222		
20.84		14.4472		
20.85		14.4724		
20.86		14.4976		
20.87		14.5228		
20.88		14.5481		
20.89		14.5735		
20.9		14.599		
20.91		14.6245		
20.92		14.6501		
20.93		14.6757		
20.94		14.7014		
20.95		14.7272		
20.96		14.753		
20.97		14.7789		
20.98		14.8049		
20.99		14.8309		
21		14.857		
21.01		14.8832		
21.02		14.9094		
21.03		14.9357		
21.04		14.962		
21.05		14.9885		
21.06		15.015		
21.07		15.0415		
21.08		15.0681		
21.09		15.0948		
21.1		15.1216		
21.11		15.1484		
21.12		15.1753		
21.13		15.2023		
21.14		15.2293		
21.15		15.2564		
21.16		15.2836		
21.17		15.3108		
21.18		15.3381		
21.19		15.3655		
21.2		15.3929		
21.21		15.4205		
21.22		15.448		
21.23		15.4757		
21.24		15.5034		
21.25		15.5312		
21.26		15.5591		
21.27		15.587		
21.28		15.615		
21.29		15.6431		
21.3		15.6712		
21.31		15.6994		
21.32		15.7277		
21.33		15.756		
21.34		15.7845		
21.35		15.813		
21.36		15.8415		
21.37		15.8702		
21.38		15.8989		
21.39		15.9277		
21.4		15.9565		
21.41		15.9855		
21.42		16.0145		
21.43		16.0435		
21.44		16.0727		
21.45		16.1019		
21.46		16.1312		
21.47		16.1606		
21.48		16.19		
21.49		16.2195		
21.5		16.2491		
21.51		16.2788		
21.52		16.3085		
21.53		16.3383		
21.54		16.3682		
21.55		16.3982		
21.56		16.4282		
21.57		16.4583		
21.58		16.4885		
21.59		16.5188		
21.6		16.5491		
21.61		16.5795		
21.62		16.61		
21.63		16.6406		
21.64		16.6712		
21.65		16.702		
21.66		16.7328		
21.67		16.7636		
21.68		16.7946		
21.69		16.8256		
21.7		16.8567		
21.71		16.8879		
21.72		16.9192		
21.73		16.9505		
21.74		16.9819		
21.75		17.0134		
21.76		17.045		
21.77		17.0767		
21.78		17.1084		
21.79		17.1402		
21.8		17.1721		
21.81		17.2041		
21.82		17.2361		
21.83		17.2683		
21.84		17.3005		
21.85		17.3328		
21.86		17.3652		
21.87		17.3976		
21.88		17.4302		
21.89		17.4628		
21.9		17.4955		
21.91		17.5283		
21.92		17.5611		
21.93		17.5941		
21.94		17.6271		
21.95		17.8391		
21.96		17.8434		
21.97		17.8477		
21.98		17.852		
21.99		17.8563		
22		17.8605		
22.01		17.8647		
22.02		17.8689		
22.03		17.873		
22.04		17.8772		
22.05		17.8813		
22.06		17.8854		
22.07		17.8894		
22.08		17.8935		
22.09		17.8975		
22.1		17.9015		
22.11		17.9055		
22.12		17.9095		
22.13		17.9134		
22.14		17.9174		
22.15		17.9213		
22.16		17.9251		
22.17		17.929		
22.18		17.9329		
22.19		17.9367		
22.2		17.9405		
22.21		17.9442		
22.22		17.948		
22.23		17.9517		
22.24		17.9555		
22.25		17.9592		
22.26		17.9628		
22.27		17.9665		
22.28		17.9701		
22.29		17.9737		
22.3		17.9773		
22.31		17.9809		
22.32		17.9844		
22.33		17.988		
22.34		17.9915		
22.35		17.995		
22.36		17.9985		
22.37		18.0019		
22.38		18.0053		
22.39		18.0088		
22.4		18.0121		
22.41		18.0155		
22.42		18.0189		
22.43		18.0222		
22.44		18.0255		
22.45		18.0288		
22.46		18.0321		
22.47		18.0353		
22.48		18.0386		
22.49		18.0418		
22.5		18.045		
22.51		18.0482		
22.52		18.0513		
22.53		18.0545		
22.54		18.0576		
22.55		18.0607		
22.56		18.0638		
22.57		18.0669		
22.58		18.0699		
22.59		18.0729		
22.6		18.0759		
22.61		18.0789		
22.62		18.0819		
22.63		18.0848		
22.64		18.0878		
22.65		18.0907		
22.66		18.0936		
22.67		18.0965		
22.68		18.0993		
22.69		18.1022		
22.7		18.105		
22.71		18.1078		
22.72		18.1106		
22.73		18.1134		
22.74		18.1161		
22.75		18.1188		
22.76		18.1215		
22.77		18.1242		
22.78		18.1269		
22.79		18.1296		
22.8		18.1322		
22.81		18.1349		
22.82		18.1375		
22.83		18.14		
22.84		18.1426		
22.85		18.1452		
22.86		18.1477		
22.87		18.1502		
22.88		18.1527		
22.89		18.1552		
22.9		18.1577		
22.91		18.1601		
22.92		18.1626		
22.93		18.165		
22.94		18.1674		
22.95		18.1698		
22.96		18.1721		
22.97		18.1745		
22.98		18.1768		
22.99		18.1791		
23		18.1814		
23.01		18.1837		
23.02		18.1859		
23.03		18.1882		
23.04		18.1904		
23.05		18.1926		
23.06		18.1948		
23.07		18.197		
23.08		18.1992		
23.09		18.2013		
23.1		18.2034		
23.11		18.2056		
23.12		18.2076		
23.13		18.2097		
23.14		18.2118		
23.15		18.2138		
23.16		18.2159		
23.17		18.2179		
23.18		18.2199		
23.19		18.2219		
23.2		18.2238		
23.21		18.2258		
23.22		18.2277		
23.23		18.2296		
23.24		18.2315		
23.25		18.2334		
23.26		18.2353		
23.27		18.2371		
23.28		18.239		
23.29		18.2408		
23.3		18.2426		
23.31		18.2444		
23.32		18.2462		
23.33		18.2479		
23.34		18.2497		
23.35		18.2514		
23.36		18.2531		
23.37		18.2548		
23.38		18.2565		
23.39		18.2582		
23.4		18.2598		
23.41		18.2615		
23.42		18.2631		
23.43		18.2647		
23.44		18.2663		
23.45		18.2679		
23.46		18.2694		
23.47		18.271		
23.48		18.2725		
23.49		18.274		
23.5		18.2755		
23.51		18.277		
23.52		18.2785		
23.53		18.28		
23.54		18.2814		
23.55		18.2828		
23.56		18.2842		
23.57		18.2856		
23.58		18.287		
23.59		18.2884		
23.6		18.2898		
23.61		18.2911		
23.62		18.2924		
23.63		18.2937		
23.64		18.295		
23.65		18.2963		
23.66		18.2976		
23.67		18.2988		
23.68		18.3001		
23.69		18.3013		
23.7		18.3025		
23.71		18.3037		
23.72		18.3049		
23.73		18.3061		
23.74		18.3072		
23.75		18.3084		
23.76		18.3095		
23.77		18.3106		
23.78		18.3117		
23.79		18.3128		
23.8		18.3139		
23.81		18.315		
23.82		18.316		
23.83		18.317		
23.84		18.3181		
23.85		18.3191		
23.86		18.3201		
23.87		18.321		
23.88		18.322		
23.89		18.3229		
23.9		18.3239		
23.91		18.3248		
23.92		18.3257		
23.93		18.3266		
23.94		18.3275		
23.95		18.3284		
23.96		18.3292		
23.97		18.3301		
23.98		18.3309		
23.99		18.3317		
24		18.3325		
24.01		18.3333		
24.02		18.3341		
24.03		18.3349		
24.04		18.3356		
24.05		18.3364		
24.06		18.3371		
24.07		18.3378		
24.08		18.3385		
24.09		18.3392		
24.1		18.3399		
24.11		18.3405		
24.12		18.3412		
24.13		18.3418		
24.14		18.3425		
24.15		18.3431		
24.16		18.3437		
24.17		18.3443		
24.18		18.3448		
24.19		18.3454		
24.2		18.346		
24.21		18.3465		
24.22		18.347		
24.23		18.3475		
24.24		18.348		
24.25		18.3485		
24.26		18.349		
24.27		18.3495		
24.28		18.3499		
24.29		18.3504		
24.3		18.3508		
24.31		18.3512		
24.32		18.3516		
24.33		18.352		
24.34		18.3524		
24.35		18.3528		
24.36		18.3531		
24.37		18.3535		
24.38		18.3538		
24.39		18.3541		
24.4		18.3544		
24.41		18.3547		
24.42		18.355		
24.43		18.3553		
24.44		18.3556		
24.45		18.3558		
24.46		18.356		
24.47		18.3563		
24.48		18.3565		
24.49		18.3567		
24.5		18.3569		
24.51		18.3571		
24.52		18.3572		
24.53		18.3574		
24.54		18.3576		
24.55		18.3577		
24.56		18.3578		
24.57		18.3579		
24.58		18.358		
24.59		18.3581		
24.6		18.3582		
24.61		18.3583		
24.62		18.3583		
24.63		18.3584		
24.64		18.3584		
24.65		18.3584		
24.66		18.3585		
24.67		18.3585		
24.68		18.3584		
24.69		18.3584		
24.7		18.3584		
24.71		18.3584		
24.72		18.3583		
24.73		18.3582		
24.74		18.3582		
24.75		18.3581		
24.76		18.358		
24.77		18.3579		
24.78		18.3578		
24.79		18.3576		
24.8		18.3575		
24.81		18.3574		
24.82		18.3572		
24.83		18.357		
24.84		18.3568		
24.85		18.3567		
24.86		18.3565		
24.87		18.3562		
24.88		18.356		
24.89		18.3558		
24.9		18.3555		
24.91		18.3553		
24.92		18.355		
24.93		18.3548		
24.94		18.3545		
24.95		18.3542		
24.96		18.3539		
24.97		18.3536		
24.98		18.3532		
24.99		18.3529		
25		18.3526		
25.01		18.3522		
25.02		18.3518		
25.03		18.3515		
25.04		18.3511		
25.05		18.3507		
25.06		18.3503		
25.07		18.3499		
25.08		18.3494		
25.09		18.349		
25.1		18.3486		
25.11		18.3481		
25.12		18.3476		
25.13		18.3472		
25.14		18.3467		
25.15		18.3462		
25.16		18.3457		
25.17		18.3452		
25.18		18.3447		
25.19		18.3441		
25.2		18.3436		
25.21		18.343		
25.22		18.3425		
25.23		18.3419		
25.24		18.3413		
25.25		18.3407		
25.26		18.3401		
25.27		18.3395		
25.28		18.3389		
25.29		18.3383		
25.3		18.3377		
25.31		18.337		
25.32		18.3364		
25.33		18.3357		
25.34		18.335		
25.35		18.3343		
25.36		18.3336		
25.37		18.3329		
25.38		18.3322		
25.39		18.3315		
25.4		18.3308		
25.41		18.3301		
25.42		18.3293		
25.43		18.3286		
25.44		18.3278		
25.45		18.327		
25.46		18.3262		
25.47		18.3254		
25.48		18.3246		
25.49		18.3238		
25.5		18.323		
25.51		18.3222		
25.52		18.3214		
25.53		18.3205		
25.54		18.3197		
25.55		18.3188		
25.56		18.3179		
25.57		18.317		
25.58		18.3162		
25.59		18.3153		
25.6		18.3144		
25.61		18.3134		
25.62		18.3125		
25.63		18.3116		
25.64		18.3107		
25.65		18.3097		
25.66		18.3087		
25.67		18.3078		
25.68		18.3068		
25.69		18.3058		
25.7		18.3048		
25.71		18.3038		
25.72		18.3028		
25.73		18.3018		
25.74		18.3008		
25.75		18.2998		
25.76		18.2987		
25.77		18.2977		
25.78		18.2966		
25.79		18.2956		
25.8		18.2945		
25.81		18.2934		
25.82		18.2923		
25.83		18.2912		
25.84		18.2901		
25.85		18.289		
25.86		18.2879		
25.87		18.2867		
25.88		18.2856		
25.89		18.2845		
25.9		18.2833		
25.91		18.2821		
25.92		18.281		
25.93		18.2798		
25.94		18.2786		
25.95		18.2774		
25.96		18.2762		
25.97		18.275		
25.98		18.2738		
25.99		18.2726		
26		18.2713		
26.01		18.2701		
26.02		18.2688		
26.03		18.2676		
26.04		18.2663		
26.05		18.265		
26.06		18.2638		
26.07		18.2625		
26.08		18.2612		
26.09		18.2599		
26.1		18.2586		
26.11		18.2573		
26.12		18.2559		
26.13		18.2546		
26.14		18.2533		
26.15		18.2519		
26.16		18.2506		
26.17		18.2492		
26.18		18.2478		
26.19		18.2464		
26.2		18.2451		
26.21		18.2437		
26.22		18.2423		
26.23		18.2409		
26.24		18.2394		
26.25		18.238		
26.26		18.2366		
26.27		18.2352		
26.28		18.2337		
26.29		18.2323		
26.3		18.2308		
26.31		18.2293		
26.32		18.2279		
26.33		18.2264		
26.34		18.2249		
26.35		18.2234		
26.36		18.2219		
26.37		18.2204		
26.38		18.2189		
26.39		18.2174		
26.4		18.2158		
26.41		18.2143		
26.42		18.2128		
26.43		18.2112		
26.44		18.2097		
26.45		18.2081		
26.46		18.2065		
26.47		18.2049		
26.48		18.2034		
26.49		18.2018		
26.5		18.2002		
26.51		18.1986		
26.52		18.197		
26.53		18.1953		
26.54		18.1937		
26.55		18.1921		
26.56		18.1904		
26.57		18.1888		
26.58		18.1871		
26.59		18.1855		
26.6		18.1838		
26.61		18.1822		
26.62		18.1805		
26.63		18.1788		
26.64		18.1771		
26.65		18.1754		
26.66		18.1737		
26.67		18.172		
26.68		18.1703		
26.69		18.1685		
26.7		18.1668		
26.71		18.1651		
26.72		18.1633		
26.73		18.1616		
26.74		18.1598		
26.75		18.1581		
26.76		18.1563		
26.77		18.1545		
26.78		18.1527		
26.79		18.1509		
26.8		18.1492		
26.81		18.1474		
26.82		18.1455		
26.83		18.1437		
26.84		18.1419		
26.85		18.1401		
26.86		18.1383		
26.87		18.1364		
26.88		18.1346		
26.89		18.1327		
26.9		18.1309		
26.91		18.129		
26.92		18.1271		
26.93		18.1253		
26.94		18.1234		
26.95		18.1215		
26.96		18.1196		
26.97		18.1177		
26.98		18.1158		
26.99		18.1139		
27		18.112		
27.01		18.11		
27.02		18.1081		
27.03		18.1062		
27.04		18.1042		
27.05		18.1023		
27.06		18.1003		
27.07		18.0984		
27.08		18.0964		
27.09		18.0944		
27.1		18.0925		
27.11		18.0905		
27.12		18.0885		
27.13		18.0865		
27.14		18.0845		
27.15		18.0825		
27.16		18.0805		
27.17		18.0785		
27.18		18.0764		
27.19		18.0744		
27.2		18.0724		
27.21		18.0703		
27.22		18.0683		
27.23		18.0662		
27.24		18.0642		
27.25		18.0621		
27.26		18.06		
27.27		18.058		
27.28		18.0559		
27.29		18.0538		
27.3		18.0517		
27.31		18.0496		
27.32		18.0475		
27.33		18.0454		
27.34		18.0433		
27.35		18.0412		
27.36		18.0391		
27.37		18.0369		
27.38		18.0348		
27.39		18.0327		
27.4		18.0305		
27.41		18.0284		
27.42		18.0262		
27.43		18.024		
27.44		18.0219		
27.45		18.0197		
27.46		18.0175		
27.47		18.0153		
27.48		18.0132		
27.49		18.011		
27.5		18.0088		
27.51		18.0066		
27.52		18.0044		
27.53		18.0021		
27.54		17.9999		
27.55		17.9977		
27.56		17.9955		
27.57		17.9932		
27.58		17.991		
27.59		17.9887		
27.6		17.9865		
27.61		17.9842		
27.62		17.982		
27.63		17.9797		
27.64		17.9774		
27.65		17.9752		
27.66		17.9729		
27.67		17.9706		
27.68		17.9683		
27.69		17.966		
27.7		17.9637		
27.71		17.9614		
27.72		17.9591		
27.73		17.9568		
27.74		17.9545		
27.75		17.9521		
27.76		17.9498		
27.77		17.9475		
27.78		17.9451		
27.79		17.9428		
27.8		17.9404		
27.81		17.9381		
27.82		17.9357		
27.83		17.9334		
27.84		17.931		
27.85		17.9286		
27.86		17.9262		
27.87		17.9239		
27.88		17.9215		
27.89		17.9191		
27.9		17.9167		
27.91		17.9143		
27.92		17.9119		
27.93		17.9095		
27.94		17.9071		
27.95		17.9046		
27.96		17.9022		
27.97		17.8998		
27.98		17.8973		
27.99		17.8949		
28		17.8925		
28.01		17.89		
28.02		17.8876		
28.03		17.8851		
28.04		17.8826		
28.05		17.8802		
28.06		17.8777		
28.07		17.8752		
28.08		17.8727		
28.09		17.8703		
28.1		17.8678		
28.11		17.8653		
28.12		17.8628		
28.13		17.8603		
28.14		17.8578		
28.15		17.8553		
28.16		17.8527		
28.17		17.8502		
28.18		17.8477		
28.19		17.8452		
28.2		17.8426		
28.21		17.8401		
28.22		17.8376		
28.23		17.835		
28.24		17.8325		
28.25		17.8299		
28.26		17.8273		
28.27		17.8248		
28.28		17.8222		
28.29		17.8196		
28.3		17.8171		
28.31		17.8145		
28.32		17.8119		
28.33		17.8093		
28.34		17.8067		
28.35		17.8041		
28.36		17.8015		
28.37		17.7989		
28.38		17.7963		
28.39		17.7937		
28.4		17.7911		
28.41		17.7885		
28.42		17.7858		
28.43		17.7832		
28.44		17.7806		
28.45		17.7779		
28.46		17.7753		
28.47		17.7726		
28.48		17.77		
28.49		17.7673		
28.5		17.7647		
28.51		17.762		
28.52		17.7593		
28.53		17.7567		
28.54		17.754		
28.55		17.7513		
28.56		17.7486		
28.57		17.746		
28.58		17.7433		
28.59		17.7406		
28.6		17.7379		
28.61		17.7352		
28.62		17.7325		
28.63		17.7298		
28.64		17.727		
28.65		17.7243		
28.66		17.7216		
28.67		17.7189		
28.68		17.7162		
28.69		17.7134		
28.7		17.7107		
28.71		17.7079		
28.72		17.7052		
28.73		17.7024		
28.74		17.6997		
28.75		17.6969		
28.76		17.6942		
28.77		17.6914		
28.78		17.6887		
28.79		17.6859		
28.8		17.6831		
28.81		17.6803		
28.82		17.6776		
28.83		17.6748		
28.84		17.672		
28.85		17.4948		
28.86		17.3002		
28.87		17.11		
28.88		16.9242		
28.89		16.7425		
28.9		16.5649		
28.91		16.3913		
28.92		16.2216		
28.93		16.0556		
28.94		15.8933		
28.95		15.7346		
28.96		15.5794		
28.97		15.4276		
28.98		15.2791		
28.99		15.1339		
29		14.9917		
29.01		14.8527		
29.02		14.7166		
29.03		14.5834		
29.04		14.4531		
29.05		14.3255		
29.06		14.2006		
29.07		14.0783		
29.08		13.9586		
29.09		13.8414		
29.1		13.7266		
29.11		13.6142		
29.12		13.504		
29.13		13.3961		
29.14		13.2905		
29.15		13.1869		
29.16		13.0854		
29.17		12.986		
29.18		12.8885		
29.19		12.793		
29.2		12.6993		
29.21		12.6075		
29.22		12.5174		
29.23		12.4291		
29.24		12.3425		
29.25		12.2576		
29.26		12.1742		
29.27		12.0925		
29.28		12.0122		
29.29		11.9335		
29.3		11.8563		
29.31		11.7804		
29.32		11.706		
29.33		11.6329		
29.34		11.5611		
29.35		11.4906		
29.36		11.4214		
29.37		11.3534		
29.38		11.2866		
29.39		11.2209		
29.4		11.1564		
29.41		11.0931		
29.42		11.0308		
29.43		10.9695		
29.44		10.9093		
29.45		10.8501		
29.46		10.7919		
29.47		10.7347		
29.48		10.6784		
29.49		10.623		
29.5		10.5685		
29.51		10.5148		
29.52		10.4621		
29.53		10.4101		
29.54		10.359		
29.55		10.3086		
29.56		10.2591		
29.57		10.2103		
29.58		10.1622		
29.59		10.1148		
29.6		10.0682		
29.61		10.0222		
29.62		9.97695		
29.63		9.93232		
29.64		9.88834		
29.65		9.84498		
29.66		9.80223		
29.67		9.76008		
29.68		9.71852		
29.69		9.67752		
29.7		9.63709		
29.71		9.5972		
29.72		9.55785		
29.73		9.51902		
29.74		9.48069		
29.75		9.44287		
29.76		9.40553		
29.77		9.36867		
29.78		9.33228		
29.79		9.29634		
29.8		9.26085		
29.81		9.2258		
29.82		9.19117		
29.83		9.15696		
29.84		9.12315		
29.85		9.08975		
29.86		9.05673		
29.87		9.0241		
29.88		8.99185		
29.89		8.95996		
29.9		8.92843		
29.91		8.89724		
29.92		8.86641		
29.93		8.83591		
29.94		8.80574		
29.95		8.77589		
29.96		8.74635		
29.97		8.71713		
29.98		8.68821		
29.99		8.65958		
30		8.63125		
30.01		8.6032		
30.02		8.57543		
30.03		8.54794		
30.04		8.52071		
30.05		8.49374		
30.06		8.46703		
30.07		8.44058		
30.08		8.41437		
30.09		8.38841		
30.1		8.36268		
30.11		8.33718		
30.12		8.31192		
30.13		8.28688		
30.14		8.26206		
30.15		8.23745		
30.16		8.21306		
30.17		8.18887		
30.18		8.16489		
30.19		8.14111		
30.2		8.11752		
30.21		8.09413		
30.22		8.07093		
30.23		8.04791		
30.24		8.02508		
30.25		8.00243		
30.26		7.97995		
30.27		7.95764		
30.28		7.93551		
30.29		7.91354		
30.3		7.89174		
30.31		7.8701		
30.32		7.84861		
30.33		7.82729		
30.34		7.80611		
30.35		7.78509		
30.36		7.76421		
30.37		7.74348		
30.38		7.72289		
30.39		7.70245		
30.4		7.68214		
30.41		7.66197		
30.42		7.64193		
30.43		7.62203		
30.44		7.60225		
30.45		7.58261		
30.46		7.56309		
30.47		7.54369		
30.48		7.52442		
30.49		7.50526		
30.5		7.48623		
30.51		7.46731		
30.52		7.4485		
30.53		7.42981		
30.54		7.41123		
30.55		7.39276		
30.56		7.3744		
30.57		7.35615		
30.58		7.338		
30.59		7.31995		
30.6		7.30201		
30.61		7.28417		
30.62		7.26642		
30.63		7.24878		
30.64		7.23123		
30.65		7.21378		
30.66		7.19642		
30.67		7.17916		
30.68		7.16199		
30.69		7.1449		
30.7		7.12791		
30.71		7.11101		
30.72		7.09419		
30.73		7.07746		
30.74		7.06081		
30.75		7.04425		
30.76		7.02777		
30.77		7.01137		
30.78		6.99506		
30.79		6.97882		
30.8		6.96266		
30.81		6.94659		
30.82		6.93058		
30.83		6.91466		
30.84		6.89881		
30.85		6.88303		
30.86		6.86733		
30.87		6.85171		
30.88		6.83615		
30.89		6.82066		
30.9		6.80525		
30.91		6.78991		
30.92		6.77463		
30.93		6.75943		
30.94		6.74429		
30.95		6.72922		
30.96		6.71421		
30.97		6.69927		
30.98		6.6844		
30.99		6.66959		
31		6.65484		
31.01		6.64016		
31.02		6.62554		
31.03		6.61098		
31.04		6.59648		
31.05		6.58205		
31.06		6.56767		
31.07		6.55336		
31.08		6.5391		
31.09		6.5249		
31.1		6.51076		
31.11		6.49668		
31.12		6.48265		
31.13		6.46868		
31.14		6.45477		
31.15		6.44091		
31.16		6.42711		
31.17		6.41336		
31.18		6.39967		
31.19		6.38603		
31.2		6.37244		
31.21		6.35891		
31.22		6.34543		
31.23		6.332		
31.24		6.31862		
31.25		6.3053		
31.26		6.29202		
31.27		6.2788		
31.28		6.26562		
31.29		6.2525		
31.3		6.23942		
31.31		6.2264		
31.32		6.21342		
31.33		6.20049		
31.34		6.18761		
31.35		6.17478		
31.36		6.16199		
31.37		6.14925		
31.38		6.13656		
31.39		6.12391		
31.4		6.11131		
31.41		6.09876		
31.42		6.08625		
31.43		6.07378		
31.44		6.06136		
31.45		6.04899		
31.46		6.03666		
31.47		6.02437		
31.48		6.01213		
31.49		5.99993		
31.5		5.98777		
31.51		5.97565		
31.52		5.96358		
31.53		5.95155		
31.54		5.93956		
31.55		5.92762		
31.56		5.91571		
31.57		5.90385		
31.58		5.89203		
31.59		5.88025		
31.6		5.86851		
31.61		5.85681		
31.62		5.84515		
31.63		5.83353		
31.64		5.82194		
31.65		5.8104		
31.66		5.7989		
31.67		5.78744		
31.68		5.77601		
31.69		5.76463		
31.7		5.75328		
31.71		5.74197		
31.72		5.7307		
31.73		5.71946		
31.74		5.70827		
31.75		5.69711		
31.76		5.68598		
31.77		5.6749		
31.78		5.66385		
31.79		5.65284		
31.8		5.64186		
31.81		5.63092		
31.82		5.62002		
31.83		5.60915		
31.84		5.59832		
31.85		5.58752		
31.86		5.57676		
31.87		5.56603		
31.88		5.55534		
31.89		5.54468		
31.9		5.53406		
31.91		5.52347		
31.92		5.51292		
31.93		5.5024		
31.94		5.49191		
31.95		5.48146		
31.96		5.47104		
31.97		5.46066		
31.98		5.45031		
31.99		5.43999		
32		5.4297		
32.01		5.41945		
32.02		5.40923		
32.03		5.39904		
32.04		5.38889		
32.05		5.37876		
32.06		5.36867		
32.07		5.35861		
32.08		5.34859		
32.09		5.33859		
32.1		5.32863		
32.11		5.31869		
32.12		5.30879		
32.13		5.29892		
32.14		5.28908		
32.15		5.27927		
32.16		5.2695		
32.17		5.25975		
32.18		5.25003		
32.19		5.24035		
32.2		5.23069		
32.21		5.22106		
32.22		5.21147		
32.23		5.2019		
32.24		5.19237		
32.25		5.18286		
32.26		5.17338		
32.27		5.16393		
32.28		5.15451		
32.29		5.14512		
32.3		5.13576		
32.31		5.12643		
32.32		5.11713		
32.33		5.10785		
32.34		5.09861		
32.35		5.08939		
32.36		5.0802		
32.37		5.07104		
32.38		5.0619		
32.39		5.0528		
32.4		5.04372		
32.41		5.03467		
32.42		5.02565		
32.43		5.01665		
32.44		5.00769		
32.45		4.99875		
32.46		4.98983		
32.47		4.98095		
32.48		4.97209		
32.49		4.96325		
32.5		4.95445		
32.51		4.94567		
32.52		4.93692		
32.53		4.92819		
32.54		4.91949		
32.55		4.91082		
32.56		4.90217		
32.57		4.89355		
32.58		4.88496		
32.59		4.87639		
32.6		4.86784		
32.61		4.85932		
32.62		4.85083		
32.63		4.84237		
32.64		4.83392		
32.65		4.82551		
32.66		4.81712		
32.67		4.80875		
32.68		4.80041		
32.69		4.79209		
32.7		4.7838		
32.71		4.77553		
32.72		4.76729		
32.73		4.75908		
32.74		4.75088		
32.75		4.74271		
32.76		4.73457		
32.77		4.72645		
32.78		4.71835		
32.79		4.71028		
32.8		4.70223		
32.81		4.69421		
32.82		4.68621		
32.83		4.67823		
32.84		4.67027		
32.85		4.66234		
32.86		4.65444		
32.87		4.64655		
32.88		4.63869		
32.89		4.63086		
32.9		4.62304		
32.91		4.61525		
32.92		4.60748		
32.93		4.59974		
32.94		4.59202		
32.95		4.58431		
32.96		4.57664		
32.97		4.56898		
32.98		4.56135		
32.99		4.55374		
33		4.54615		
33.01		4.53859		
33.02		4.53104		
33.03		4.52352		
33.04		4.51602		
33.05		4.50854		
33.06		4.50109		
33.07		4.49365		
33.08		4.48624		
33.09		4.47885		
33.1		4.47148		
33.11		4.46413		
33.12		4.4568		
33.13		4.4495		
33.14		4.44221		
33.15		4.43495		
33.16		4.4277		
33.17		4.42048		
33.18		4.41328		
33.19		4.4061		
33.2		4.39894		
33.21		4.3918		
33.22		4.38469		
33.23		4.37759		
33.24		4.37051		
33.25		4.36346		
33.26		4.35642		
33.27		4.3494		
33.28		4.34241		
33.29		4.33543		
33.3		4.32848		
33.31		4.32154		
33.32		4.31463		
33.33		4.30773		
33.34		4.30085		
33.35		4.294		
33.36		4.28716		
33.37		4.28034		
33.38		4.27354		
33.39		4.26677		
33.4		4.26001		
33.41		4.25327		
33.42		4.24655		
33.43		4.23985		
33.44		4.23316		
33.45		4.2265		
33.46		4.21986		
33.47		4.21323		
33.48		4.20662		
33.49		4.20004		
33.5		4.19347		
33.51		4.18692		
33.52		4.18039		
33.53		4.17387		
33.54		4.16738		
33.55		4.1609		
33.56		4.15444		
33.57		4.14801		
33.58		4.14158		
33.59		4.13518		
33.6		4.1288		
33.61		4.12243		
33.62		4.11608		
33.63		4.10975		
33.64		4.10343		
33.65		4.09714		
33.66		4.09086		
33.67		4.0846		
33.68		4.07836		
33.69		4.07213		
33.7		4.06593		
33.71		4.05974		
33.72		4.05356		
33.73		4.04741		
33.74		4.04127		
33.75		4.03515		
33.76		4.02905		
33.77		4.02296		
33.78		4.01689		
33.79		4.01084		
33.8		4.0048		
33.81		3.99879		
33.82		3.99278		
33.83		3.9868		
33.84		3.98083		
33.85		3.97488		
33.86		3.96894		
33.87		3.96303		
33.88		3.95712		
33.89		3.95124		
33.9		3.94537		
33.91		3.93952		
33.92		3.93368		
33.93		3.92786		
33.94		3.92206		
33.95		3.91627		
33.96		3.9105		
33.97		3.90474		
33.98		3.899		
33.99		3.89328		
34		3.88757		
34.01		3.88188		
34.02		3.8762		
34.03		3.87054		
34.04		3.8649		
34.05		3.85927		
34.06		3.85365		
34.07		3.84805		
34.08		3.84247		
34.09		3.8369		
34.1		3.83135		
34.11		3.82581		
34.12		3.82029		
34.13		3.81479		
34.14		3.8093		
34.15		3.80382		
34.16		3.79836		
34.17		3.79291		
34.18		3.78748		
34.19		3.78206		
34.2		3.77666		
34.21		3.77128		
34.22		3.76591		
34.23		3.76055		
34.24		3.75521		
34.25		3.74988		
34.26		3.74457		
34.27		3.73927		
34.28		3.73398		
34.29		3.72871		
34.3		3.72346		
34.31		3.71822		
34.32		3.71299		
34.33		3.70778		
34.34		3.70258		
34.35		3.6974		
34.36		3.69223		
34.37		3.68707		
34.38		3.68193		
34.39		3.6768		
34.4		3.67169		
34.41		3.66659		
34.42		3.6615		
34.43		3.65643		
34.44		3.65137		
34.45		3.64633		
34.46		3.6413		
34.47		3.63628		
34.48		3.63127		
34.49		3.62628		
34.5		3.62131		
34.51		3.61634		
34.52		3.61139		
34.53		3.60646		
34.54		3.60154		
34.55		3.59663		
34.56		3.59173		
34.57		3.58685		
34.58		3.58198		
34.59		3.57712		
34.6		3.57227		
34.61		3.56744		
34.62		3.56263		
34.63		3.55782		
34.64		3.55303		
34.65		3.54825		
34.66		3.54348		
34.67		3.53873		
34.68		3.53399		
34.69		3.52926		
34.7		3.52455		
34.71		3.51984		
34.72		3.51515		
34.73		3.51048		
34.74		3.50581		
34.75		3.50116		
34.76		3.49652		
34.77		3.49189		
34.78		3.48728		
34.79		3.48267		
34.8		3.47808		
34.81		3.4735		
34.82		3.46894		
34.83		3.46438		
34.84		3.45984		
34.85		3.45531		
34.86		3.45079		
34.87		3.44629		
34.88		3.44179		
34.89		3.43731		
34.9		3.43284		
34.91		3.42838		
34.92		3.42394		
34.93		3.4195		
34.94		3.41508		
34.95		3.41067		
34.96		3.40627		
34.97		3.40188		
34.98		3.39751		
34.99		3.39314		
35		3.38879		
35.01		3.38445		
35.02		3.38012		
35.03		3.3758		
35.04		3.37149		
35.05		3.3672		
35.06		3.36291		
35.07		3.35864		
35.08		3.35438		
35.09		3.35013		
35.1		3.34589		
35.11		3.34166		
35.12		3.33745		
35.13		3.33324		
35.14		3.32904		
35.15		3.32486		
35.16		3.32069		
35.17		3.31653		
35.18		3.31238		
35.19		3.30824		
35.2		3.30411		
35.21		3.29999		
35.22		3.29588		
35.23		3.29178		
35.24		3.2877		
35.25		3.28362		
35.26		3.27956		
35.27		3.2755		
35.28		3.27146		
35.29		3.26743		
35.3		3.2634		
35.31		3.25939		
35.32		3.25539		
35.33		3.2514		
35.34		3.24742		
35.35		3.24345		
35.36		3.23949		
35.37		3.23554		
35.38		3.2316		
35.39		3.22767		
35.4		3.22375		
35.41		3.21984		
35.42		3.21594		
35.43		3.21206		
35.44		3.20818		
35.45		3.20431		
35.46		3.20045		
35.47		3.1966		
35.48		3.19276		
35.49		3.18894		
35.5		3.18512		
35.51		3.18131		
35.52		3.17751		
35.53		3.17372		
35.54		3.16994		
35.55		3.16617		
35.56		3.16241		
35.57		3.15866		
35.58		3.15492		
35.59		3.15119		
35.6		3.14747		
35.61		3.14376		
35.62		3.14006		
35.63		3.13636		
35.64		3.13268		
35.65		3.12901		
35.66		3.12534		
35.67		3.12169		
35.68		3.11804		
35.69		3.11441		
35.7		3.11078		
35.71		3.10716		
35.72		3.10355		
35.73		3.09996		
35.74		3.09637		
35.75		3.09279		
35.76		3.08921		
35.77		3.08565		
35.78		3.0821		
35.79		3.07856		
35.8		3.07502		
35.81		3.07149		
35.82		3.06798		
35.83		3.06447		
35.84		3.06097		
35.85		3.05748		
35.86		3.054		
35.87		3.05053		
35.88		3.04706		
35.89		3.04361		
35.9		3.04016		
35.91		3.03673		
35.92		3.0333		
35.93		3.02988		
35.94		3.02647		
35.95		3.02306		
35.96		3.01967		
35.97		3.01629		
35.98		3.01291		
35.99		3.00954		
36		3.00618		
36.01		3.00283		
36.02		2.99949		
36.03		2.99615		
36.04		2.99283		
36.05		2.98951		
36.06		2.9862		
36.07		2.9829		
36.08		2.97961		
36.09		2.97633		
36.1		2.97305		
36.11		2.96978		
36.12		2.96652		
36.13		2.96327		
36.14		2.96003		
36.15		2.95679		
36.16		2.95357		
36.17		2.95035		
36.18		2.94714		
36.19		2.94394		
36.2		2.94074		
36.21		2.93756		
36.22		2.93438		
36.23		2.93121		
36.24		2.92805		
36.25		2.92489		
36.26		2.92174		
36.27		2.91861		
36.28		2.91547		
36.29		2.91235		
36.3		2.90924		
36.31		2.90613		
36.32		2.90303		
36.33		2.89994		
36.34		2.89685		
36.35		2.89378		
36.36		2.89071		
36.37		2.88765		
36.38		2.88459		
36.39		2.88155		
36.4		2.87851		
36.41		2.87548		
36.42		2.87245		
36.43		2.86944		
36.44		2.86643		
36.45		2.86343		
36.46		2.86043		
36.47		2.85745		
36.48		2.85447		
36.49		2.8515		
36.5		2.84853		
36.51		2.84558		
36.52		2.84263		
36.53		2.83969		
36.54		2.83675		
36.55		2.83382		
36.56		2.8309		
36.57		2.82799		
36.58		2.82509		
36.59		2.82219		
36.6		2.8193		
36.61		2.81641		
36.62		2.81353		
36.63		2.81066		
36.64		2.8078		
36.65		2.80494		
36.66		2.8021		
36.67		2.79925		
36.68		2.79642		
36.69		2.79359		
36.7		2.79077		
36.71		2.78795		
36.72		2.78515		
36.73		2.78235		
36.74		2.77955		
36.75		2.77677		
36.76		2.77399		
36.77		2.77121		
36.78		2.76845		
36.79		2.76569		
36.8		2.76293		
36.81		2.76019		
36.82		2.75745		
36.83		2.75472		
36.84		2.75199		
36.85		2.74927		
36.86		2.74656		
36.87		2.74385		
36.88		2.74115		
36.89		2.73846		
36.9		2.73577		
36.91		2.73309		
36.92		2.73042		
36.93		2.72775		
36.94		2.72509		
36.95		2.72244		
36.96		2.71979		
36.97		2.71715		
36.98		2.71451		
36.99		2.71189		
37		2.70926		
37.01		2.70665		
37.02		2.70404		
37.03		2.70144		
37.04		2.69884		
37.05		2.69625		
37.06		2.69367		
37.07		2.69109		
37.08		2.68852		
37.09		2.68595		
37.1		2.68339		
37.11		2.68084		
37.12		2.67829		
37.13		2.67575		
37.14		2.67322		
37.15		2.67069		
37.16		2.66817		
37.17		2.66565		
37.18		2.66314		
37.19		2.66063		
37.2		2.65814		
37.21		2.65564		
37.22		2.65316		
37.23		2.65068		
37.24		2.6482		
37.25		2.64573		
37.26		2.64327		
37.27		2.64082		
37.28		2.63836		
37.29		2.63592		
37.3		2.63348		
37.31		2.63105		
37.32		2.62862		
37.33		2.6262		
37.34		2.62378		
37.35		2.62137		
37.36		2.61897		
37.37		2.61657		
37.38		2.61418		
37.39		2.61179		
37.4		2.60941		
37.41		2.60703		
37.42		2.60466		
37.43		2.6023		
37.44		2.59994		
37.45		2.59759		
37.46		2.59524		
37.47		2.5929		
37.48		2.59056		
37.49		2.58823		
37.5		2.5859		
37.51		2.58358		
37.52		2.58127		
37.53		2.57896		
37.54		2.57666		
37.55		2.57436		
37.56		2.57207		
37.57		2.56978		
37.58		2.5675		
37.59		2.56522		
37.6		2.56295		
37.61		2.56068		
37.62		2.55842		
37.63		2.55617		
37.64		2.55392		
37.65		2.55168		
37.66		2.54944		
37.67		2.5472		
37.68		2.54497		
37.69		2.54275		
37.7		2.54053		
37.71		2.53832		
37.72		2.53611		
37.73		2.53391		
37.74		2.53171		
37.75		2.52952		
37.76		2.52733		
37.77		2.52515		
37.78		2.52298		
37.79		2.5208		
37.8		2.51864		
37.81		2.51648		
37.82		2.51432		
37.83		2.51217		
37.84		2.51002		
37.85		2.50788		
37.86		2.50575		
37.87		2.50361		
37.88		2.50149		
37.89		2.49937		
37.9		2.49725		
37.91		2.49514		
37.92		2.49303		
37.93		2.49093		
37.94		2.48883		
37.95		2.48674		
37.96		2.48465		
37.97		2.48257		
37.98		2.4805		
37.99		2.47842		
38		2.47636		
38.01		2.47429		
38.02		2.47223		
38.03		2.47018		
38.04		2.46813		
38.05		2.46609		
38.06		2.46405		
38.07		2.46202		
38.08		2.45999		
38.09		2.45796		
38.1		2.45594		
38.11		2.45393		
38.12		2.45192		
38.13		2.44991		
38.14		2.44791		
38.15		2.44591		
38.16		2.44392		
38.17		2.44193		
38.18		2.43995		
38.19		2.43797		
38.2		2.43599		
38.21		2.43403		
38.22		2.43206		
38.23		2.4301		
38.24		2.42814		
38.25		2.42619		
38.26		2.42425		
38.27		2.4223		
38.28		2.42037		
38.29		2.41843		
38.3		2.4165		
38.31		2.41458		
38.32		2.41266		
38.33		2.41074		
38.34		2.40883		
38.35		2.40692		
38.36		2.40502		
38.37		2.40312		
38.38		2.40123		
38.39		2.39934		
38.4		2.39745		
38.41		2.39557		
38.42		2.39369		
38.43		2.39182		
38.44		2.38995		
38.45		2.38809		
38.46		2.38623		
38.47		2.38437		
38.48		2.38252		
38.49		2.38068		
38.5		2.37883		
38.51		2.377		
38.52		2.37516		
38.53		2.37333		
38.54		2.3715		
38.55		2.36968		
38.56		2.36786		
38.57		2.36605		
38.58		2.36424		
38.59		2.36244		
38.6		2.36063		
38.61		2.35884		
38.62		2.35704		
38.63		2.35525		
38.64		2.35347		
38.65		2.35169		
38.66		2.34991		
38.67		2.34814		
38.68		2.34637		
38.69		2.3446		
38.7		2.34284		
38.71		2.34109		
38.72		2.33933		
38.73		2.33758		
38.74		2.33584		
38.75		2.3341		
38.76		2.33236		
38.77		2.33063		
38.78		2.3289		
38.79		2.32717		
38.8		2.32545		
38.81		2.32373		
38.82		2.32202		
38.83		2.32031		
38.84		2.3186		
38.85		2.3169		
38.86		2.3152		
38.87		2.3135		
38.88		2.31181		
38.89		2.31012		
38.9		2.30844		
38.91		2.30676		
38.92		2.30508		
38.93		2.30341		
38.94		2.30174		
38.95		2.30008		
38.96		2.29842		
38.97		2.29676		
38.98		2.29511		
38.99		2.29346		
39		2.29181		
39.01		2.29017		
39.02		2.28853		
39.03		2.28689		
39.04		2.28526		
39.05		2.28363		
39.06		2.28201		
39.07		2.28039		
39.08		2.27877		
39.09		2.27716		
39.1		2.27555		
39.11		2.27394		
39.12		2.27234		
39.13		2.27074		
39.14		2.26914		
39.15		2.26755		
39.16		2.26596		
39.17		2.26438		
39.18		2.26279		
39.19		2.26121		
39.2		2.25964		
39.21		2.25807		
39.22		2.2565		
39.23		2.25494		
39.24		2.25338		
39.25		2.25182		
39.26		2.25026		
39.27		2.24871		
39.28		2.24717		
39.29		2.24562		
39.3		2.24408		
39.31		2.24255		
39.32		2.24101		
39.33		2.23948		
39.34		2.23795		
39.35		2.23643		
39.36		2.23491		
39.37		2.23339		
39.38		2.23188		
39.39		2.23037		
39.4		2.22886		
39.41		2.22736		
39.42		2.22586		
39.43		2.22436		
39.44		2.22287		
39.45		2.22138		
39.46		2.21989		
39.47		2.21841		
39.48		2.21693		
39.49		2.21545		
39.5		2.21397		
39.51		2.2125		
39.52		2.21104		
39.53		2.20957		
39.54		2.20811		
39.55		2.20665		
39.56		2.2052		
39.57		2.20374		
39.58		2.2023		
39.59		2.20085		
39.6		2.19941		
39.61		2.19797		
39.62		2.19653		
39.63		2.1951		
39.64		2.19367		
39.65		2.19224		
39.66		2.19082		
39.67		2.1894		
39.68		2.18798		
39.69		2.18657		
39.7		2.18516		
39.71		2.18375		
39.72		2.18234		
39.73		2.18094		
39.74		2.17954		
39.75		2.17814		
39.76		2.17675		
39.77		2.17536		
39.78		2.17397		
39.79		2.17259		
39.8		2.17121		
39.81		2.16983		
39.82		2.16846		
39.83		2.16708		
39.84		2.16571		
39.85		2.16435		
39.86		2.16298		
39.87		2.16162		
39.88		2.16027		
39.89		2.15891		
39.9		2.15756		
39.91		2.15621		
39.92		2.15486		
39.93		2.15352		
39.94		2.15218		
39.95		2.15084		
39.96		2.14951		
39.97		2.14818		
39.98		2.14685		
39.99		2.14552		
40		2.1442		
40.01		2.14288		
40.02		2.14156		
40.03		2.14025		
40.04		2.13894		
40.05		2.13763		
40.06		2.13632		
40.07		2.13502		
40.08		2.13372		
40.09		2.13242		
40.1		2.13113		
40.11		2.12983		
40.12		2.12854		
40.13		2.12726		
40.14		2.12597		
40.15		2.12469		
40.16		2.12341		
40.17		2.12214		
40.18		2.12087		
40.19		2.11959		
40.2		2.11833		
40.21		2.11706		
40.22		2.1158		
40.23		2.11454		
40.24		2.11328		
40.25		2.11203		
40.26		2.11078		
40.27		2.10953		
40.28		2.10828		
40.29		2.10704		
40.3		2.1058		
40.31		2.10456		
40.32		2.10332		
40.33		2.10209		
40.34		2.10086		
40.35		2.09963		
40.36		2.09841		
40.37		2.09718		
40.38		2.09596		
40.39		2.09475		
40.4		2.09353		
40.41		2.09232		
40.42		2.09111		
40.43		2.0899		
40.44		2.0887		
40.45		2.08749		
40.46		2.08629		
40.47		2.0851		
40.48		2.0839		
40.49		2.08271		
40.5		2.08152		
40.51		2.08033		
40.52		2.07915		
40.53		2.07796		
40.54		2.07678		
40.55		2.07561		
40.56		2.07443		
40.57		2.07326		
40.58		2.07209		
40.59		2.07092		
40.6		2.06976		
40.61		2.06859		
40.62		2.06743		
40.63		2.06628		
40.64		2.06512		
40.65		2.06397		
40.66		2.06282		
40.67		2.06167		
40.68		2.06052		
40.69		2.05938		
40.7		2.05824		
40.71		2.0571		
40.72		2.05596		
40.73		2.05483		
40.74		2.0537		
40.75		2.05257		
40.76		2.05144		
40.77		2.05032		
40.78		2.0492		
40.79		2.04808		
40.8		2.04696		
40.81		2.04584		
40.82		2.04473		
40.83		2.04362		
40.84		2.04251		
40.85		2.04141		
40.86		2.0403		
40.87		2.0392		
40.88		2.0381		
40.89		2.03701		
40.9		2.03591		
40.91		2.03482		
40.92		2.03373		
40.93		2.03264		
40.94		2.03156		
40.95		2.03047		
40.96		2.02939		
40.97		2.02831		
40.98		2.02724		
40.99		2.02616		
41		2.02509		
41.01		2.02402		
41.02		2.02295		
41.03		2.02189		
41.04		2.02082		
41.05		2.01976		
41.06		2.0187		
41.07		2.01764		
41.08		2.01659		
41.09		2.01554		
41.1		2.01449		
41.11		2.01344		
41.12		2.01239		
41.13		2.01135		
41.14		2.01031		
41.15		2.00927		
41.16		2.00823		
41.17		2.00719		
41.18		2.00616		
41.19		2.00513		
41.2		2.0041		
41.21		2.00307		
41.22		2.00205		
41.23		2.00103		
41.24		2.00001		
41.25		1.99899		
41.26		1.99797		
41.27		1.99696		
41.28		1.99594		
41.29		1.99493		
41.3		1.99392		
41.31		1.99292		
41.32		1.99191		
41.33		1.99091		
41.34		1.98991		
41.35		1.98891		
41.36		1.98792		
41.37		1.98692		
41.38		1.98593		
41.39		1.98494		
41.4		1.98395		
41.41		1.98297		
41.42		1.98198		
41.43		1.981		
41.44		1.98002		
41.45		1.97904		
41.46		1.97807		
41.47		1.97709		
41.48		1.97612		
41.49		1.97515		
41.5		1.97418		
41.51		1.97322		
41.52		1.97225		
41.53		1.97129		
41.54		1.97033		
41.55		1.96937		
41.56		1.96841		
41.57		1.96746		
41.58		1.96651		
41.59		1.96556		
41.6		1.96461		
41.61		1.96366		
41.62		1.96272		
41.63		1.96177		
41.64		1.96083		
41.65		1.95989		
41.66		1.95895		
41.67		1.95802		
41.68		1.95709		
41.69		1.95615		
41.7		1.95522		
41.71		1.9543		
41.72		1.95337		
41.73		1.95244		
41.74		1.95152		
41.75		1.9506		
41.76		1.94968		
41.77		1.94877		
41.78		1.94785		
41.79		1.94694		
41.8		1.94603		
41.81		1.94512		
41.82		1.94421		
41.83		1.9433		
41.84		1.9424		
41.85		1.94149		
41.86		1.94059		
41.87		1.9397		
41.88		1.9388		
41.89		1.9379		
41.9		1.93701		
41.91		1.93612		
41.92		1.93523		
41.93		1.93434		
41.94		1.93345		
41.95		1.93257		
41.96		1.93169		
41.97		1.9308		
41.98		1.92992		
41.99		1.92905		
42		1.92817		
42.01		1.9273		
42.02		1.92642		
42.03		1.92555		
42.04		1.92468		
42.05		1.92382		
42.06		1.92295		
42.07		1.92209		
42.08		1.92123		
42.09		1.92036		
42.1		1.91951		
42.11		1.91865		
42.12		1.91779		
42.13		1.91694		
42.14		1.91609		
42.15		1.91524		
42.16		1.91439		
42.17		1.91354		
42.18		1.9127		
42.19		1.91185		
42.2		1.91101		
42.21		1.91017		
42.22		1.90933		
42.23		1.90849		
42.24		1.90766		
42.25		1.90683		
42.26		1.90599		
42.27		1.90516		
42.28		1.90433		
42.29		1.90351		
42.3		1.90268		
42.31		1.90186		
42.32		1.90103		
42.33		1.90021		
42.34		1.89939		
42.35		1.89858		
42.36		1.89776		
42.37		1.89695		
42.38		1.89613		
42.39		1.89532		
42.4		1.89451		
42.41		1.8937		
42.42		1.8929		
42.43		1.89209		
42.44		1.89129		
42.45		1.89049		
42.46		1.88969		
42.47		1.88889		
42.48		1.88809		
42.49		1.8873		
42.5		1.8865		
42.51		1.88571		
42.52		1.88492		
42.53		1.88413		
42.54		1.88334		
42.55		1.88256		
42.56		1.88177		
42.57		1.88099		
42.58		1.88021		
42.59		1.87943		
42.6		1.87865		
42.61		1.87787		
42.62		1.87709		
42.63		1.87632		
42.64		1.87555		
42.65		1.87478		
42.66		1.87401		
42.67		1.87324		
42.68		1.87247		
42.69		1.87171		
42.7		1.87094		
42.71		1.87018		
42.72		1.86942		
42.73		1.86866		
42.74		1.8679		
42.75		1.86714		
42.76		1.86639		
42.77		1.86564		
42.78		1.86488		
42.79		1.86413		
42.8		1.86338		
42.81		1.86264		
42.82		1.86189		
42.83		1.86115		
42.84		1.8604		
42.85		1.85966		
42.86		1.85892		
42.87		1.85818		
42.88		1.85744		
42.89		1.85671		
42.9		1.85597		
42.91		1.85524		
42.92		1.8545		
42.93		1.85377		
42.94		1.85304		
42.95		1.85232		
42.96		1.85159		
42.97		1.85087		
42.98		1.85014		
42.99		1.84942		
43		1.8487		
43.01		1.84798		
43.02		1.84726		
43.03		1.84654		
43.04		1.84583		
43.05		1.84511		
43.06		1.8444		
43.07		1.84369		
43.08		1.84298		
43.09		1.84227		
43.1		1.84156		
43.11		1.84086		
43.12		1.84015		
43.13		1.83945		
43.14		1.83875		
43.15		1.83805		
43.16		1.83735		
43.17		1.83665		
43.18		1.83595		
43.19		1.83526		
43.2		1.83456		
43.21		1.83387		
43.22		1.83318		
43.23		1.83249		
43.24		1.8318		
43.25		1.83111		
43.26		1.83043		
43.27		1.82974		
43.28		1.82906		
43.29		1.82837		
43.3		1.82769		
43.31		1.82701		
43.32		1.82633		
43.33		1.82566		
43.34		1.82498		
43.35		1.82431		
43.36		1.82363		
43.37		1.82296		
43.38		1.82229		
43.39		1.82162		
43.4		1.82095		
43.41		1.82029		
43.42		1.81962		
43.43		1.81896		
43.44		1.81829		
43.45		1.81763		
43.46		1.81697		
43.47		1.81631		
43.48		1.81565		
43.49		1.81499		
43.5		1.81434		
43.51		1.81368		
43.52		1.81303		
43.53		1.81238		
43.54		1.81173		
43.55		1.81108		
43.56		1.81043		
43.57		1.80978		
43.58		1.80913		
43.59		1.80849		
43.6		1.80785		
43.61		1.8072		
43.62		1.80656		
43.63		1.80592		
43.64		1.80528		
43.65		1.80465		
43.66		1.80401		
43.67		1.80337		
43.68		1.80274		
43.69		1.80211		
43.7		1.80147		
43.71		1.80084		
43.72		1.80021		
43.73		1.79959		
43.74		1.79896		
43.75		1.79833		
43.76		1.79771		
43.77		1.79708		
43.78		1.79646		
43.79		1.79584		
43.8		1.79522		
43.81		1.7946		
43.82		1.79398		
43.83		1.79337		
43.84		1.79275		
43.85		1.79214		
43.86		1.79152		
43.87		1.79091		
43.88		1.7903		
43.89		1.78969		
43.9		1.78908		
43.91		1.78847		
43.92		1.78787		
43.93		1.78726		
43.94		1.78666		
43.95		1.78605		
43.96		1.78545		
43.97		1.78485		
43.98		1.78425		
43.99		1.78365		
44		1.78306		
44.01		1.78246		
44.02		1.78186		
44.03		1.78127		
44.04		1.78068		
44.05		1.78008		
44.06		1.77949		
44.07		1.7789		
44.08		1.77831		
44.09		1.77773		
44.1		1.77714		
44.11		1.77655		
44.12		1.77597		
44.13		1.77538		
44.14		1.7748		
44.15		1.77422		
44.16		1.77364		
44.17		1.77306		
44.18		1.77248		
44.19		1.77191		
44.2		1.77133		
44.21		1.77075		
44.22		1.77018		
44.23		1.76961		
44.24		1.76904		
44.25		1.76847		
44.26		1.7679		
44.27		1.76733		
44.28		1.76676		
44.29		1.76619		
44.3		1.76563		
44.31		1.76506		
44.32		1.7645		
44.33		1.76394		
44.34		1.76337		
44.35		1.76281		
44.36		1.76225		
44.37		1.7617		
44.38		1.76114		
44.39		1.76058		
44.4		1.76003		
44.41		1.75947		
44.42		1.75892		
44.43		1.75837		
44.44		1.75781		
44.45		1.75726		
44.46		1.75671		
44.47		1.75617		
44.48		1.75562		
44.49		1.75507		
44.5		1.75453		
44.51		1.75398		
44.52		1.75344		
44.53		1.7529		
44.54		1.75235		
44.55		1.75181		
44.56		1.75127		
44.57		1.75074		
44.58		1.7502		
44.59		1.74966		
44.6		1.74913		
44.61		1.74859		
44.62		1.74806		
44.63		1.74752		
44.64		1.74699		
44.65		1.74646		
44.66		1.74593		
44.67		1.7454		
44.68		1.74487		
44.69		1.74435		
44.7		1.74382		
44.71		1.7433		
44.72		1.74277		
44.73		1.74225		
44.74		1.74173		
44.75		1.7412		
44.76		1.74068		
44.77		1.74016		
44.78		1.73965		
44.79		1.73913		
44.8		1.73861		
44.81		1.7381		
44.82		1.73758		
44.83		1.73707		
44.84		1.73655		
44.85		1.73604		
44.86		1.73553		
44.87		1.73502		
44.88		1.73451		
44.89		1.734		
44.9		1.73349		
44.91		1.73299		
44.92		1.73248		
44.93		1.73198		
44.94		1.73147		
44.95		1.73097		
44.96		1.73047		
44.97		1.72997		
44.98		1.72947		
44.99		1.72897		
45		1.72847		
45.01		1.72797		
45.02		1.72747		
45.03		1.72698		
45.04		1.72648		
45.05		1.72599		
45.06		1.72549		
45.07		1.725		
45.08		1.72451		
45.09		1.72402		
45.1		1.72353		
45.11		1.72304		
45.12		1.72255		
45.13		1.72207		
45.14		1.72158		
45.15		1.72109		
45.16		1.72061		
45.17		1.72012		
45.18		1.71964		
45.19		1.71916		
45.2		1.71868		
45.21		1.7182		
45.22		1.71772		
45.23		1.71724		
45.24		1.71676		
45.25		1.71628		
45.26		1.71581		
45.27		1.71533		
45.28		1.71486		
45.29		1.71438		
45.3		1.71391		
45.31		1.71344		
45.32		1.71297		
45.33		1.7125		
45.34		1.71203		
45.35		1.71156		
45.36		1.71109		
45.37		1.71063		
45.38		1.71016		
45.39		1.70969		
45.4		1.70923		
45.41		1.70877		
45.42		1.7083		
45.43		1.70784		
45.44		1.70738		
45.45		1.70692		
45.46		1.70646		
45.47		1.706		
45.48		1.70554		
45.49		1.70508		
45.5		1.70463		
45.51		1.70417		
45.52		1.70372		
45.53		1.70326		
45.54		1.70281		
45.55		1.70236		
45.56		1.70191		
45.57		1.70145		
45.58		1.701		
45.59		1.70055		
45.6		1.70011		
45.61		1.69966		
45.62		1.69921		
45.63		1.69877		
45.64		1.69832		
45.65		1.69787		
45.66		1.69743		
45.67		1.69699		
45.68		1.69655		
45.69		1.6961		
45.7		1.69566		
45.71		1.69522		
45.72		1.69478		
45.73		1.69435		
45.74		1.69391		
45.75		1.69347		
45.76		1.69303		
45.77		1.6926		
45.78		1.69216		
45.79		1.69173		
45.8		1.6913		
45.81		1.69086		
45.82		1.69043		
45.83		1.69		
45.84		1.68957		
45.85		1.68914		
45.86		1.68871		
45.87		1.68828		
45.88		1.68786		
45.89		1.68743		
45.9		1.687		
45.91		1.68658		
45.92		1.68616		
45.93		1.68573		
45.94		1.68531		
45.95		1.68489		
45.96		1.68446		
45.97		1.68404		
45.98		1.68362		
45.99		1.6832		
46		1.68279		
46.01		1.68237		
46.02		1.68195		
46.03		1.68153		
46.04		1.68112		
46.05		1.6807		
46.06		1.68029		
46.07		1.67988		
46.08		1.67946		
46.09		1.67905		
46.1		1.67864		
46.11		1.67823		
46.12		1.67782		
46.13		1.67741		
46.14		1.677		
46.15		1.67659		
46.16		1.67619		
46.17		1.67578		
46.18		1.67537		
46.19		1.67497		
46.2		1.67456		
46.21		1.67416		
46.22		1.67376		
46.23		1.67336		
46.24		1.67295		
46.25		1.67255		
46.26		1.67215		
46.27		1.67175		
46.28		1.67135		
46.29		1.67096		
46.3		1.67056		
46.31		1.67016		
46.32		1.66976		
46.33		1.66937		
46.34		1.66897		
46.35		1.66858		
46.36		1.66819		
46.37		1.66779		
46.38		1.6674		
46.39		1.66701		
46.4		1.66662		
46.41		1.66623		
46.42		1.66584		
46.43		1.66545		
46.44		1.66506		
46.45		1.66467		
46.46		1.66429		
46.47		1.6639		
46.48		1.66352		
46.49		1.66313		
46.5		1.66275		
46.51		1.66236		
46.52		1.66198		
46.53		1.6616		
46.54		1.66122		
46.55		1.66084		
46.56		1.66045		
46.57		1.66007		
46.58		1.6597		
46.59		1.65932		
46.6		1.65894		
46.61		1.65856		
46.62		1.65819		
46.63		1.65781		
46.64		1.65743		
46.65		1.65706		
46.66		1.65669		
46.67		1.65631		
46.68		1.65594		
46.69		1.65557		
46.7		1.6552		
46.71		1.65482		
46.72		1.65445		
46.73		1.65409		
46.74		1.65372		
46.75		1.65335		
46.76		1.65298		
46.77		1.65261		
46.78		1.65225		
46.79		1.65188		
46.8		1.65151		
46.81		1.65115		
46.82		1.65079		
46.83		1.65042		
46.84		1.65006		
46.85		1.6497		
46.86		1.64934		
46.87		1.64897		
46.88		1.64861		
46.89		1.64825		
46.9		1.6479		
46.91		1.64754		
46.92		1.64718		
46.93		1.64682		
46.94		1.64646		
46.95		1.64611		
46.96		1.64575		
46.97		1.6454		
46.98		1.64504		
46.99		1.64469		
47		1.64434		
47.01		1.64398		
47.02		1.64363		
47.03		1.64328		
47.04		1.64293		
47.05		1.64258		
47.06		1.64223		
47.07		1.64188		
47.08		1.64153		
47.09		1.64118		
47.1		1.64083		
47.11		1.64049		
47.12		1.64014		
47.13		1.6398		
47.14		1.63945		
47.15		1.63911		
47.16		1.63876		
47.17		1.63842		
47.18		1.63808		
47.19		1.63773		
47.2		1.63739		
47.21		1.63705		
47.22		1.63671		
47.23		1.63637		
47.24		1.63603		
47.25		1.63569		
47.26		1.63535		
47.27		1.63501		
47.28		1.63468		
47.29		1.63434		
47.3		1.634		
47.31		1.63367		
47.32		1.63333		
47.33		1.633		
47.34		1.63267		
47.35		1.63233		
47.36		1.632		
47.37		1.63167		
47.38		1.63134		
47.39		1.631		
47.4		1.63067		
47.41		1.63034		
47.42		1.63001		
47.43		1.62969		
47.44		1.62936		
47.45		1.62903		
47.46		1.6287		
47.47		1.62837		
47.48		1.62805		
47.49		1.62772		
47.5		1.6274		
47.51		1.62707		
47.52		1.62675		
47.53		1.62642		
47.54		1.6261		
47.55		1.62578		
47.56		1.62546		
47.57		1.62514		
47.58		1.62481		
47.59		1.62449		
47.6		1.62417		
47.61		1.62385		
47.62		1.62354		
47.63		1.62322		
47.64		1.6229		
47.65		1.62258		
47.66		1.62227		
47.67		1.62195		
47.68		1.62163		
47.69		1.62132		
47.7		1.621		
47.71		1.62069		
47.72		1.62038		
47.73		1.62006		
47.74		1.61975		
47.75		1.61944		
47.76		1.61913		
47.77		1.61881		
47.78		1.6185		
47.79		1.61819		
47.8		1.61788		
47.81		1.61757		
47.82		1.61727		
47.83		1.61696		
47.84		1.61665		
47.85		1.61634		
47.86		1.61604		
47.87		1.61573		
47.88		1.61542		
47.89		1.61512		
47.9		1.61482		
47.91		1.61451		
47.92		1.61421		
47.93		1.6139		
47.94		1.6136		
47.95		1.6133		
47.96		1.613		
47.97		1.6127		
47.98		1.6124		
47.99		1.6121		
48		1.6118		
48.01		1.6115		
48.02		1.6112		
48.03		1.6109		
48.04		1.6106		
48.05		1.6103		
48.06		1.61001		
48.07		1.60971		
48.08		1.60941		
48.09		1.60912		
48.1		1.60882		
48.11		1.60853		
48.12		1.60824		
48.13		1.60794		
48.14		1.60765		
48.15		1.60736		
48.16		1.60706		
48.17		1.60677		
48.18		1.60648		
48.19		1.60619		
48.2		1.6059		
48.21		1.60561		
48.22		1.60532		
48.23		1.60503		
48.24		1.60474		
48.25		1.60446		
48.26		1.60417		
48.27		1.60388		
48.28		1.6036		
48.29		1.60331		
48.3		1.60302		
48.31		1.60274		
48.32		1.60245		
48.33		1.60217		
48.34		1.60189		
48.35		1.6016		
48.36		1.60132		
48.37		1.60104		
48.38		1.60076		
48.39		1.60047		
48.4		1.60019		
48.41		1.59991		
48.42		1.59963		
48.43		1.59935		
48.44		1.59907		
48.45		1.59879		
48.46		1.59852		
48.47		1.59824		
48.48		1.59796		
48.49		1.59768		
48.5		1.59741		
48.51		1.59713		
48.52		1.59685		
48.53		1.59658		
48.54		1.5963		
48.55		1.59603		
48.56		1.59576		
48.57		1.59548		
48.58		1.59521		
48.59		1.59494		
48.6		1.59466		
48.61		1.59439		
48.62		1.59412		
48.63		1.59385		
48.64		1.59358		
48.65		1.59331		
48.66		1.59304		
48.67		1.59277		
48.68		1.5925		
48.69		1.59223		
48.7		1.59197		
48.71		1.5917		
48.72		1.59143		
48.73		1.59116		
48.74		1.5909		
48.75		1.59063		
48.76		1.59037		
48.77		1.5901		
48.78		1.58984		
48.79		1.58957		
48.8		1.58931		
48.81		1.58905		
48.82		1.58878		
48.83		1.58852		
48.84		1.58826		
48.85		1.588		
48.86		1.58774		
48.87		1.58748		
48.88		1.58722		
48.89		1.58696		
48.9		1.5867		
48.91		1.58644		
48.92		1.58618		
48.93		1.58592		
48.94		1.58566		
48.95		1.5854		
48.96		1.58515		
48.97		1.58489		
48.98		1.58463		
48.99		1.58438		
49		1.58412		
49.01		1.58387		
49.02		1.58361		
49.03		1.58336		
49.04		1.5831		
49.05		1.58285		
49.06		1.5826		
49.07		1.58234		
49.08		1.58209		
49.09		1.58184		
49.1		1.58159		
49.11		1.58134		
49.12		1.58109		
49.13		1.58084		
49.14		1.58059		
49.15		1.58034		
49.16		1.58009		
49.17		1.57984		
49.18		1.57959		
49.19		1.57934		
49.2		1.57909		
49.21		1.57885		
49.22		1.5786		
49.23		1.57835		
49.24		1.57811		
49.25		1.57786		
49.26		1.57762		
49.27		1.57737		
49.28		1.57713		
49.29		1.57688		
49.3		1.57664		
49.31		1.5764		
49.32		1.57615		
49.33		1.57591		
49.34		1.57567		
49.35		1.57543		
49.36		1.57518		
49.37		1.57494		
49.38		1.5747		
49.39		1.57446		
49.4		1.57422		
49.41		1.57398		
49.42		1.57374		
49.43		1.5735		
49.44		1.57327		
49.45		1.57303		
49.46		1.57279		
49.47		1.57255		
49.48		1.57232		
49.49		1.57208		
49.5		1.57184		
49.51		1.57161		
49.52		1.57137		
49.53		1.57114		
49.54		1.5709		
49.55		1.57067		
49.56		1.57043		
49.57		1.5702		
49.58		1.56997		
49.59		1.56973		
49.6		1.5695		
49.61		1.56927		
49.62		1.56904		
49.63		1.5688		
49.64		1.56857		
49.65		1.56834		
49.66		1.56811		
49.67		1.56788		
49.68		1.56765		
49.69		1.56742		
49.7		1.56719		
49.71		1.56696		
49.72		1.56674		
49.73		1.56651		
49.74		1.56628		
49.75		1.56605		
49.76		1.56583		
49.77		1.5656		
49.78		1.56537		
49.79		1.56515		
49.8		1.56492		
49.81		1.5647		
49.82		1.56447		
49.83		1.56425		
49.84		1.56402		
49.85		1.5638		
49.86		1.56357		
49.87		1.56335		
49.88		1.56313		
49.89		1.56291		
49.9		1.56268		
49.91		1.56246		
49.92		1.56224		
49.93		1.56202		
49.94		1.5618		
49.95		1.56158		
49.96		1.56136		
49.97		1.56114		
49.98		1.56092		
49.99		1.5607		
50		1.56048		
