tau [fm]		tau_pi
0.25		0.75494
0.26		0.754126		
0.27		0.753336		
0.28		0.752569		
0.29		0.751823		
0.3		0.751096		
0.31		0.750388		
0.32		0.749697		
0.33		0.749022		
0.34		0.748363		
0.35		0.747718		
0.36		0.747086		
0.37		0.746468		
0.38		0.745863		
0.39		0.745269		
0.4		0.744686		
0.41		0.744114		
0.42		0.743553		
0.43		0.743001		
0.44		0.742458		
0.45		0.741925		
0.46		0.7414		
0.47		0.740883		
0.48		0.740374		
0.49		0.739873		
0.5		0.73938		
0.51		0.738893		
0.52		0.738413		
0.53		0.73794		
0.54		0.737473		
0.55		0.737012		
0.56		0.736557		
0.57		0.736107		
0.58		0.735663		
0.59		0.735225		
0.6		0.734792		
0.61		0.734363		
0.62		0.73394		
0.63		0.733521		
0.64		0.733107		
0.65		0.732698		
0.66		0.732292		
0.67		0.731891		
0.68		0.731494		
0.69		0.731101		
0.7		0.730712		
0.71		0.730326		
0.72		0.729944		
0.73		0.729566		
0.74		0.729191		
0.75		0.72882		
0.76		0.728452		
0.77		0.728087		
0.78		0.727725		
0.79		0.727367		
0.8		0.727011		
0.81		0.726659		
0.82		0.726309		
0.83		0.725962		
0.84		0.725618		
0.85		0.725277		
0.86		0.724938		
0.87		0.724602		
0.88		0.724268		
0.89		0.723937		
0.9		0.723608		
0.91		0.723282		
0.92		0.722958		
0.93		0.722637		
0.94		0.722317		
0.95		0.722		
0.96		0.721685		
0.97		0.721372		
0.98		0.721062		
0.99		0.720753		
1		0.720446		
1.01		0.720142		
1.02		0.719839		
1.03		0.719538		
1.04		0.71924		
1.05		0.718943		
1.06		0.718648		
1.07		0.718354		
1.08		0.718063		
1.09		0.717773		
1.1		0.717485		
1.11		0.717199		
1.12		0.716914		
1.13		0.716631		
1.14		0.716349		
1.15		0.71607		
1.16		0.715791		
1.17		0.715515		
1.18		0.71524		
1.19		0.714966		
1.2		0.714694		
1.21		0.714423		
1.22		0.714154		
1.23		0.713886		
1.24		0.71362		
1.25		0.713355		
1.26		0.713091		
1.27		0.712829		
1.28		0.712568		
1.29		0.712309		
1.3		0.71205		
1.31		0.711793		
1.32		0.711538		
1.33		0.711283		
1.34		0.71103		
1.35		0.710778		
1.36		0.710527		
1.37		0.710278		
1.38		0.710029		
1.39		0.709782		
1.4		0.709536		
1.41		0.709291		
1.42		0.709047		
1.43		0.708805		
1.44		0.708563		
1.45		0.708323		
1.46		0.708084		
1.47		0.707845		
1.48		0.707608		
1.49		0.707372		
1.5		0.707137		
1.51		0.706903		
1.52		0.70667		
1.53		0.706438		
1.54		0.706207		
1.55		0.705977		
1.56		0.705747		
1.57		0.705519		
1.58		0.705292		
1.59		0.705066		
1.6		0.704841		
1.61		0.704616		
1.62		0.704393		
1.63		0.70417		
1.64		0.703949		
1.65		0.703728		
1.66		0.703508		
1.67		0.703289		
1.68		0.703071		
1.69		0.702854		
1.7		0.702637		
1.71		0.702422		
1.72		0.702207		
1.73		0.701993		
1.74		0.70178		
1.75		0.701568		
1.76		0.701357		
1.77		0.701146		
1.78		0.700936		
1.79		0.700727		
1.8		0.700519		
1.81		0.700312		
1.82		0.700105		
1.83		0.699899		
1.84		0.699694		
1.85		0.699489		
1.86		0.699286		
1.87		0.699083		
1.88		0.69888		
1.89		0.698679		
1.9		0.698478		
1.91		0.698278		
1.92		0.698079		
1.93		0.69788		
1.94		0.697682		
1.95		0.697485		
1.96		0.697288		
1.97		0.697092		
1.98		0.696897		
1.99		0.696703		
2		0.696509		
2.01		0.696315		
2.02		0.696123		
2.03		0.695931		
2.04		0.69574		
2.05		0.695549		
2.06		0.695359		
2.07		0.69517		
2.08		0.694981		
2.09		0.694793		
2.1		0.694605		
2.11		0.694418		
2.12		0.694232		
2.13		0.694046		
2.14		0.693861		
2.15		0.693677		
2.16		0.693493		
2.17		0.693309		
2.18		0.693127		
2.19		0.692944		
2.2		0.692763		
2.21		0.692582		
2.22		0.692401		
2.23		0.692221		
2.24		0.692042		
2.25		0.691863		
2.26		0.691685		
2.27		0.691507		
2.28		0.69133		
2.29		0.691154		
2.3		0.690978		
2.31		0.690802		
2.32		0.690627		
2.33		0.690453		
2.34		0.690279		
2.35		0.690105		
2.36		0.689932		
2.37		0.68976		
2.38		0.689588		
2.39		0.689416		
2.4		0.689246		
2.41		0.689075		
2.42		0.688905		
2.43		0.688736		
2.44		0.688567		
2.45		0.688398		
2.46		0.68823		
2.47		0.688063		
2.48		0.687896		
2.49		0.687729		
2.5		0.687563		
2.51		0.687398		
2.52		0.687233		
2.53		0.687068		
2.54		0.686904		
2.55		0.68674		
2.56		0.686577		
2.57		0.686414		
2.58		0.686251		
2.59		0.686089		
2.6		0.685928		
2.61		0.685767		
2.62		0.685606		
2.63		0.685446		
2.64		0.685286		
2.65		0.685127		
2.66		0.684968		
2.67		0.68481		
2.68		0.684651		
2.69		0.684494		
2.7		0.684337		
2.71		0.68418		
2.72		0.684023		
2.73		0.683867		
2.74		0.683712		
2.75		0.683557		
2.76		0.683402		
2.77		0.683248		
2.78		0.683094		
2.79		0.68294		
2.8		0.682787		
2.81		0.682634		
2.82		0.682482		
2.83		0.68233		
2.84		0.682178		
2.85		0.682027		
2.86		0.681876		
2.87		0.681725		
2.88		0.681575		
2.89		0.681426		
2.9		0.681276		
2.91		0.681127		
2.92		0.680979		
2.93		0.68083		
2.94		0.680682		
2.95		0.680535		
2.96		0.680388		
2.97		0.680241		
2.98		0.680095		
2.99		0.679948		
3		0.679803		
3.01		0.679657		
3.02		0.679512		
3.03		0.679368		
3.04		0.679223		
3.05		0.679079		
3.06		0.678936		
3.07		0.678792		
3.08		0.678649		
3.09		0.678507		
3.1		0.678364		
3.11		0.678222		
3.12		0.678081		
3.13		0.677939		
3.14		0.677798		
3.15		0.677658		
3.16		0.677517		
3.17		0.677377		
3.18		0.677238		
3.19		0.677098		
3.2		0.676959		
3.21		0.676821		
3.22		0.676682		
3.23		0.676544		
3.24		0.676406		
3.25		0.676269		
3.26		0.676132		
3.27		0.675995		
3.28		0.675858		
3.29		0.675722		
3.3		0.675586		
3.31		0.67545		
3.32		0.675315		
3.33		0.67518		
3.34		0.675045		
3.35		0.674911		
3.36		0.674777		
3.37		0.674643		
3.38		0.674509		
3.39		0.674376		
3.4		0.674243		
3.41		0.67411		
3.42		0.673978		
3.43		0.673846		
3.44		0.673714		
3.45		0.673582		
3.46		0.673451		
3.47		0.67332		
3.48		0.673189		
3.49		0.673059		
3.5		0.672929		
3.51		0.672799		
3.52		0.672669		
3.53		0.67254		
3.54		0.672411		
3.55		0.672282		
3.56		0.672153		
3.57		0.672025		
3.58		0.671897		
3.59		0.671769		
3.6		0.671642		
3.61		0.671515		
3.62		0.671388		
3.63		0.671261		
3.64		0.671135		
3.65		0.671008		
3.66		0.670882		
3.67		0.670757		
3.68		0.670631		
3.69		0.670506		
3.7		0.670381		
3.71		0.670257		
3.72		0.670132		
3.73		0.670008		
3.74		0.669884		
3.75		0.66976		
3.76		0.669637		
3.77		0.669514		
3.78		0.669391		
3.79		0.669268		
3.8		0.669146		
3.81		0.669024		
3.82		0.668902		
3.83		0.66878		
3.84		0.668658		
3.85		0.668537		
3.86		0.668416		
3.87		0.668295		
3.88		0.668175		
3.89		0.668054		
3.9		0.667934		
3.91		0.667814		
3.92		0.667695		
3.93		0.667575		
3.94		0.667456		
3.95		0.667337		
3.96		0.667218		
3.97		0.6671		
3.98		0.666982		
3.99		0.666863		
4		0.666746		
4.01		0.666628		
4.02		0.666511		
4.03		0.666393		
4.04		0.666276		
4.05		0.66616		
4.06		0.666043		
4.07		0.665927		
4.08		0.665811		
4.09		0.665695		
4.1		0.665579		
4.11		0.665464		
4.12		0.665348		
4.13		0.665233		
4.14		0.665119		
4.15		0.665004		
4.16		0.664889		
4.17		0.664775		
4.18		0.664661		
4.19		0.664547		
4.2		0.664434		
4.21		0.66432		
4.22		0.664207		
4.23		0.664094		
4.24		0.663981		
4.25		0.663869		
4.26		0.663756		
4.27		0.663644		
4.28		0.663532		
4.29		0.66342		
4.3		0.663309		
4.31		0.663197		
4.32		0.663086		
4.33		0.662975		
4.34		0.662864		
4.35		0.662754		
4.36		0.662643		
4.37		0.662533		
4.38		0.662423		
4.39		0.662313		
4.4		0.662203		
4.41		0.662094		
4.42		0.661985		
4.43		0.661876		
4.44		0.661767		
4.45		0.661658		
4.46		0.661549		
4.47		0.661441		
4.48		0.661333		
4.49		0.661225		
4.5		0.661117		
4.51		0.661009		
4.52		0.660902		
4.53		0.660795		
4.54		0.660687		
4.55		0.660581		
4.56		0.660474		
4.57		0.660367		
4.58		0.660261		
4.59		0.660155		
4.6		0.660049		
4.61		0.659943		
4.62		0.659837		
4.63		0.659732		
4.64		0.659626		
4.65		0.659521		
4.66		0.659416		
4.67		0.659311		
4.68		0.659207		
4.69		0.659102		
4.7		0.658998		
4.71		0.658894		
4.72		0.65879		
4.73		0.658686		
4.74		0.658582		
4.75		0.658479		
4.76		0.658375		
4.77		0.658272		
4.78		0.658169		
4.79		0.658066		
4.8		0.657964		
4.81		0.657861		
4.82		0.657759		
4.83		0.657657		
4.84		0.657555		
4.85		0.657453		
4.86		0.657351		
4.87		0.65725		
4.88		0.657148		
4.89		0.657047		
4.9		0.656946		
4.91		0.656845		
4.92		0.656745		
4.93		0.656644		
4.94		0.656544		
4.95		0.656443		
4.96		0.656343		
4.97		0.656243		
4.98		0.656143		
4.99		0.656044		
5		0.655944		
5.01		0.655845		
5.02		0.655746		
5.03		0.655647		
5.04		0.655548		
5.05		0.655449		
5.06		0.655351		
5.07		0.655252		
5.08		0.655154		
5.09		0.655056		
5.1		0.654958		
5.11		0.65486		
5.12		0.654762		
5.13		0.654665		
5.14		0.654567		
5.15		0.65447		
5.16		0.654373		
5.17		0.654276		
5.18		0.654179		
5.19		0.654082		
5.2		0.653986		
5.21		0.65389		
5.22		0.653793		
5.23		0.653697		
5.24		0.653601		
5.25		0.653505		
5.26		0.65341		
5.27		0.653314		
5.28		0.653219		
5.29		0.653123		
5.3		0.653028		
5.31		0.652933		
5.32		0.652839		
5.33		0.652744		
5.34		0.652649		
5.35		0.652555		
5.36		0.652461		
5.37		0.652366		
5.38		0.652272		
5.39		0.652178		
5.4		0.652085		
5.41		0.651991		
5.42		0.651898		
5.43		0.651804		
5.44		0.651711		
5.45		0.651618		
5.46		0.651525		
5.47		0.651432		
5.48		0.651339		
5.49		0.651247		
5.5		0.651154		
5.51		0.651062		
5.52		0.65097		
5.53		0.650878		
5.54		0.650786		
5.55		0.650694		
5.56		0.650603		
5.57		0.650511		
5.58		0.65042		
5.59		0.650328		
5.6		0.650237		
5.61		0.650146		
5.62		0.650055		
5.63		0.649965		
5.64		0.649874		
5.65		0.649783		
5.66		0.649693		
5.67		0.649603		
5.68		0.649513		
5.69		0.649423		
5.7		0.649333		
5.71		0.649243		
5.72		0.649153		
5.73		0.649064		
5.74		0.648974		
5.75		0.648885		
5.76		0.648796		
5.77		0.648707		
5.78		0.648618		
5.79		0.648529		
5.8		0.648441		
5.81		0.648352		
5.82		0.648264		
5.83		0.648175		
5.84		0.648087		
5.85		0.647999		
5.86		0.647911		
5.87		0.647823		
5.88		0.647735		
5.89		0.647648		
5.9		0.64756		
5.91		0.647473		
5.92		0.647386		
5.93		0.647298		
5.94		0.647211		
5.95		0.647124		
5.96		0.647038		
5.97		0.646951		
5.98		0.646864		
5.99		0.646778		
6		0.646692		
6.01		0.646605		
6.02		0.646519		
6.03		0.646433		
6.04		0.646347		
6.05		0.646261		
6.06		0.646176		
6.07		0.64609		
6.08		0.646005		
6.09		0.645919		
6.1		0.645834		
6.11		0.645749		
6.12		0.645664		
6.13		0.645579		
6.14		0.645494		
6.15		0.64541		
6.16		0.645325		
6.17		0.645241		
6.18		0.645156		
6.19		0.645072		
6.2		0.644988		
6.21		0.644904		
6.22		0.64482		
6.23		0.644736		
6.24		0.644652		
6.25		0.644569		
6.26		0.644485		
6.27		0.644402		
6.28		0.644319		
6.29		0.644235		
6.3		0.644152		
6.31		0.644069		
6.32		0.643986		
6.33		0.643904		
6.34		0.643821		
6.35		0.643738		
6.36		0.643656		
6.37		0.643574		
6.38		0.643491		
6.39		0.643409		
6.4		0.643327		
6.41		0.643245		
6.42		0.643163		
6.43		0.643082		
6.44		0.643		
6.45		0.642918		
6.46		0.642837		
6.47		0.642756		
6.48		0.642674		
6.49		0.642593		
6.5		0.642512		
6.51		0.642431		
6.52		0.64235		
6.53		0.64227		
6.54		0.642189		
6.55		0.642108		
6.56		0.642028		
6.57		0.641948		
6.58		0.641867		
6.59		0.641787		
6.6		0.641707		
6.61		0.641627		
6.62		0.641547		
6.63		0.641467		
6.64		0.641388		
6.65		0.641308		
6.66		0.641229		
6.67		0.641149		
6.68		0.64107		
6.69		0.640991		
6.7		0.640912		
6.71		0.640833		
6.72		0.640754		
6.73		0.640675		
6.74		0.640596		
6.75		0.640518		
6.76		0.640439		
6.77		0.640361		
6.78		0.640282		
6.79		0.640204		
6.8		0.640126		
6.81		0.640048		
6.82		0.63997		
6.83		0.639892		
6.84		0.639814		
6.85		0.639736		
6.86		0.639659		
6.87		0.639581		
6.88		0.639504		
6.89		0.639426		
6.9		0.639349		
6.91		0.639272		
6.92		0.639195		
6.93		0.639118		
6.94		0.639041		
6.95		0.638964		
6.96		0.638888		
6.97		0.638811		
6.98		0.638734		
6.99		0.638658		
7		0.638582		
7.01		0.638505		
7.02		0.638429		
7.03		0.638353		
7.04		0.638277		
7.05		0.638201		
7.06		0.638125		
7.07		0.63805		
7.08		0.637974		
7.09		0.637898		
7.1		0.637823		
7.11		0.637747		
7.12		0.637672		
7.13		0.637597		
7.14		0.637522		
7.15		0.637447		
7.16		0.637372		
7.17		0.637297		
7.18		0.637222		
7.19		0.637147		
7.2		0.637073		
7.21		0.636998		
7.22		0.636924		
7.23		0.636849		
7.24		0.636775		
7.25		0.636701		
7.26		0.636627		
7.27		0.636553		
7.28		0.636479		
7.29		0.636405		
7.3		0.636331		
7.31		0.636257		
7.32		0.636184		
7.33		0.63611		
7.34		0.636037		
7.35		0.635963		
7.36		0.63589		
7.37		0.635817		
7.38		0.635744		
7.39		0.63567		
7.4		0.635597		
7.41		0.635525		
7.42		0.635452		
7.43		0.635379		
7.44		0.635306		
7.45		0.635234		
7.46		0.635161		
7.47		0.635089		
7.48		0.635017		
7.49		0.634944		
7.5		0.634872		
7.51		0.6348		
7.52		0.634728		
7.53		0.634656		
7.54		0.634584		
7.55		0.634512		
7.56		0.634441		
7.57		0.634369		
7.58		0.634297		
7.59		0.634226		
7.6		0.634155		
7.61		0.634083		
7.62		0.634012		
7.63		0.633941		
7.64		0.63387		
7.65		0.633799		
7.66		0.633728		
7.67		0.633657		
7.68		0.633586		
7.69		0.633515		
7.7		0.633445		
7.71		0.633374		
7.72		0.633304		
7.73		0.633233		
7.74		0.633163		
7.75		0.633093		
7.76		0.633023		
7.77		0.632953		
7.78		0.632883		
7.79		0.632813		
7.8		0.632743		
7.81		0.632673		
7.82		0.632603		
7.83		0.632534		
7.84		0.632464		
7.85		0.632394		
7.86		0.632325		
7.87		0.632256		
7.88		0.632186		
7.89		0.632117		
7.9		0.632048		
7.91		0.631979		
7.92		0.63191		
7.93		0.631841		
7.94		0.631772		
7.95		0.631703		
7.96		0.631635		
7.97		0.631566		
7.98		0.631497		
7.99		0.631429		
8		0.631361		
8.01		0.631292		
8.02		0.631224		
8.03		0.631156		
8.04		0.631088		
8.05		0.63102		
8.06		0.630952		
8.07		0.630884		
8.08		0.630816		
8.09		0.630748		
8.1		0.63068		
8.11		0.630613		
8.12		0.630545		
8.13		0.630478		
8.14		0.63041		
8.15		0.630343		
8.16		0.630275		
8.17		0.630208		
8.18		0.630141		
8.19		0.630074		
8.2		0.630007		
8.21		0.62994		
8.22		0.629873		
8.23		0.629806		
8.24		0.62974		
8.25		0.629673		
8.26		0.629606		
8.27		0.62954		
8.28		0.629473		
8.29		0.629407		
8.3		0.629341		
8.31		0.629274		
8.32		0.629208		
8.33		0.629142		
8.34		0.629076		
8.35		0.62901		
8.36		0.628944		
8.37		0.628878		
8.38		0.628812		
8.39		0.628747		
8.4		0.628681		
8.41		0.628615		
8.42		0.62855		
8.43		0.628484		
8.44		0.628419		
8.45		0.628354		
8.46		0.628288		
8.47		0.628223		
8.48		0.628158		
8.49		0.628093		
8.5		0.628028		
8.51		0.627963		
8.52		0.627898		
8.53		0.627833		
8.54		0.627769		
8.55		0.627704		
8.56		0.627639		
8.57		0.627575		
8.58		0.62751		
8.59		0.627446		
8.6		0.627381		
8.61		0.627317		
8.62		0.627253		
8.63		0.627189		
8.64		0.627125		
8.65		0.627061		
8.66		0.626997		
8.67		0.626933		
8.68		0.626869		
8.69		0.626805		
8.7		0.626741		
8.71		0.626678		
8.72		0.626614		
8.73		0.62655		
8.74		0.626487		
8.75		0.626424		
8.76		0.62636		
8.77		0.626297		
8.78		0.626234		
8.79		0.62617		
8.8		0.626107		
8.81		0.626044		
8.82		0.625981		
8.83		0.625918		
8.84		0.625856		
8.85		0.625793		
8.86		0.62573		
8.87		0.625667		
8.88		0.625605		
8.89		0.625542		
8.9		0.62548		
8.91		0.625417		
8.92		0.625355		
8.93		0.625293		
8.94		0.62523		
8.95		0.625168		
8.96		0.625106		
8.97		0.625044		
8.98		0.624982		
8.99		0.62492		
9		0.624858		
9.01		0.624796		
9.02		0.624734		
9.03		0.624673		
9.04		0.624611		
9.05		0.624549		
9.06		0.624488		
9.07		0.624426		
9.08		0.624365		
9.09		0.624304		
9.1		0.624242		
9.11		0.624181		
9.12		0.62412		
9.13		0.624059		
9.14		0.623998		
9.15		0.623937		
9.16		0.623876		
9.17		0.623815		
9.18		0.623754		
9.19		0.623693		
9.2		0.623632		
9.21		0.623572		
9.22		0.623511		
9.23		0.623451		
9.24		0.62339		
9.25		0.62333		
9.26		0.623269		
9.27		0.623209		
9.28		0.623149		
9.29		0.623088		
9.3		0.623028		
9.31		0.622968		
9.32		0.622908		
9.33		0.622848		
9.34		0.622788		
9.35		0.622728		
9.36		0.622668		
9.37		0.622609		
9.38		0.622549		
9.39		0.622489		
9.4		0.62243		
9.41		0.62237		
9.42		0.622311		
9.43		0.622251		
9.44		0.622192		
9.45		0.622133		
9.46		0.622073		
9.47		0.622014		
9.48		0.621955		
9.49		0.621896		
9.5		0.621837		
9.51		0.621778		
9.52		0.621719		
9.53		0.62166		
9.54		0.621601		
9.55		0.621542		
9.56		0.621484		
9.57		0.621425		
9.58		0.621366		
9.59		0.621308		
9.6		0.621249		
9.61		0.621191		
9.62		0.621133		
9.63		0.621074		
9.64		0.621016		
9.65		0.620958		
9.66		0.620899		
9.67		0.620841		
9.68		0.620783		
9.69		0.620725		
9.7		0.620667		
9.71		0.620609		
9.72		0.620552		
9.73		0.620494		
9.74		0.620436		
9.75		0.620378		
9.76		0.620321		
9.77		0.620263		
9.78		0.620205		
9.79		0.620148		
9.8		0.62009		
9.81		0.620033		
9.82		0.619976		
9.83		0.619918		
9.84		0.619861		
9.85		0.619804		
9.86		0.619747		
9.87		0.61969		
9.88		0.619633		
9.89		0.619576		
9.9		0.619519		
9.91		0.619462		
9.92		0.619405		
9.93		0.619348		
9.94		0.619292		
9.95		0.619235		
9.96		0.619178		
9.97		0.619122		
9.98		0.619065		
9.99		0.619009		
10		0.618952		
10.01		0.618896		
10.02		0.61884		
10.03		0.618784		
10.04		0.618727		
10.05		0.618671		
10.06		0.618615		
10.07		0.618559		
10.08		0.618503		
10.09		0.618447		
10.1		0.618391		
10.11		0.618335		
10.12		0.618279		
10.13		0.618224		
10.14		0.618168		
10.15		0.618112		
10.16		0.618057		
10.17		0.618001		
10.18		0.617945		
10.19		0.61789		
10.2		0.617835		
10.21		0.617779		
10.22		0.617724		
10.23		0.617669		
10.24		0.617613		
10.25		0.617558		
10.26		0.617503		
10.27		0.617448		
10.28		0.617393		
10.29		0.617338		
10.3		0.617283		
10.31		0.617228		
10.32		0.617173		
10.33		0.617119		
10.34		0.617064		
10.35		0.617009		
10.36		0.616954		
10.37		0.6169		
10.38		0.616845		
10.39		0.616791		
10.4		0.616736		
10.41		0.616682		
10.42		0.616628		
10.43		0.616573		
10.44		0.616519		
10.45		0.616465		
10.46		0.616411		
10.47		0.616356		
10.48		0.616302		
10.49		0.616248		
10.5		0.616194		
10.51		0.61614		
10.52		0.616087		
10.53		0.616033		
10.54		0.615979		
10.55		0.615925		
10.56		0.615871		
10.57		0.615818		
10.58		0.615764		
10.59		0.615711		
10.6		0.615657		
10.61		0.615604		
10.62		0.61555		
10.63		0.615497		
10.64		0.615443		
10.65		0.61539		
10.66		0.615337		
10.67		0.615284		
10.68		0.615231		
10.69		0.615177		
10.7		0.615124		
10.71		0.615071		
10.72		0.615018		
10.73		0.614965		
10.74		0.614913		
10.75		0.61486		
10.76		0.614807		
10.77		0.614754		
10.78		0.614702		
10.79		0.614649		
10.8		0.614596		
10.81		0.614544		
10.82		0.614491		
10.83		0.614439		
10.84		0.614386		
10.85		0.614334		
10.86		0.614282		
10.87		0.614229		
10.88		0.614177		
10.89		0.614125		
10.9		0.614073		
10.91		0.61402		
10.92		0.613968		
10.93		0.613916		
10.94		0.613864		
10.95		0.613812		
10.96		0.61376		
10.97		0.613709		
10.98		0.613657		
10.99		0.613605		
11		0.613553		
11.01		0.613502		
11.02		0.61345		
11.03		0.613398		
11.04		0.613347		
11.05		0.613295		
11.06		0.613244		
11.07		0.613192		
11.08		0.613141		
11.09		0.61309		
11.1		0.613038		
11.11		0.612987		
11.12		0.612936		
11.13		0.612885		
11.14		0.612834		
11.15		0.612783		
11.16		0.612732		
11.17		0.612681		
11.18		0.61263		
11.19		0.612579		
11.2		0.612528		
11.21		0.612477		
11.22		0.612426		
11.23		0.612375		
11.24		0.612325		
11.25		0.612274		
11.26		0.612223		
11.27		0.612173		
11.28		0.612122		
11.29		0.612072		
11.3		0.612021		
11.31		0.611971		
11.32		0.611921		
11.33		0.61187		
11.34		0.61182		
11.35		0.61177		
11.36		0.61172		
11.37		0.611669		
11.38		0.611619		
11.39		0.611569		
11.4		0.611519		
11.41		0.611469		
11.42		0.611419		
11.43		0.611369		
11.44		0.611319		
11.45		0.61127		
11.46		0.61122		
11.47		0.61117		
11.48		0.61112		
11.49		0.611071		
11.5		0.611021		
11.51		0.610971		
11.52		0.610922		
11.53		0.610872		
11.54		0.610823		
11.55		0.610774		
11.56		0.610724		
11.57		0.610675		
11.58		0.610625		
11.59		0.610576		
11.6		0.610527		
11.61		0.610478		
11.62		0.610429		
11.63		0.61038		
11.64		0.610331		
11.65		0.610281		
11.66		0.610233		
11.67		0.610184		
11.68		0.610135		
11.69		0.610086		
11.7		0.610037		
11.71		0.609988		
11.72		0.609939		
11.73		0.609891		
11.74		0.609842		
11.75		0.609793		
11.76		0.609745		
11.77		0.609696		
11.78		0.609648		
11.79		0.609599		
11.8		0.609551		
11.81		0.609502		
11.82		0.609454		
11.83		0.609406		
11.84		0.609357		
11.85		0.609309		
11.86		0.609261		
11.87		0.609213		
11.88		0.609165		
11.89		0.609117		
11.9		0.609069		
11.91		0.609021		
11.92		0.608973		
11.93		0.608925		
11.94		0.608877		
11.95		0.608829		
11.96		0.608781		
11.97		0.608733		
11.98		0.608686		
11.99		0.608638		
12		0.60859		
12.01		0.608543		
12.02		0.608495		
12.03		0.608447		
12.04		0.6084		
12.05		0.608353		
12.06		0.608305		
12.07		0.608258		
12.08		0.60821		
12.09		0.608163		
12.1		0.608116		
12.11		0.608068		
12.12		0.608021		
12.13		0.607974		
12.14		0.607927		
12.15		0.60788		
12.16		0.607833		
12.17		0.607786		
12.18		0.607739		
12.19		0.607692		
12.2		0.607645		
12.21		0.607598		
12.22		0.607551		
12.23		0.607504		
12.24		0.607458		
12.25		0.607411		
12.26		0.607364		
12.27		0.607317		
12.28		0.607271		
12.29		0.607224		
12.3		0.607178		
12.31		0.607131		
12.32		0.607085		
12.33		0.607038		
12.34		0.606992		
12.35		0.606945		
12.36		0.606899		
12.37		0.606853		
12.38		0.606807		
12.39		0.60676		
12.4		0.606714		
12.41		0.606668		
12.42		0.606622		
12.43		0.606576		
12.44		0.60653		
12.45		0.606484		
12.46		0.606438		
12.47		0.606392		
12.48		0.606346		
12.49		0.6063		
12.5		0.606254		
12.51		0.606208		
12.52		0.606163		
12.53		0.606117		
12.54		0.606071		
12.55		0.606026		
12.56		0.60598		
12.57		0.605934		
12.58		0.605889		
12.59		0.605843		
12.6		0.605798		
12.61		0.605752		
12.62		0.605707		
12.63		0.605662		
12.64		0.605616		
12.65		0.605571		
12.66		0.605526		
12.67		0.605481		
12.68		0.605435		
12.69		0.60539		
12.7		0.605345		
12.71		0.6053		
12.72		0.605255		
12.73		0.60521		
12.74		0.605165		
12.75		0.60512		
12.76		0.605075		
12.77		0.60503		
12.78		0.604985		
12.79		0.60494		
12.8		0.604896		
12.81		0.604851		
12.82		0.604806		
12.83		0.604762		
12.84		0.604717		
12.85		0.604672		
12.86		0.604628		
12.87		0.604583		
12.88		0.604539		
12.89		0.604494		
12.9		0.60445		
12.91		0.604405		
12.92		0.604361		
12.93		0.604317		
12.94		0.604272		
12.95		0.604228		
12.96		0.604184		
12.97		0.60414		
12.98		0.604095		
12.99		0.604051		
13		0.604007		
13.01		0.603963		
13.02		0.603919		
13.03		0.603875		
13.04		0.603831		
13.05		0.603787		
13.06		0.603743		
13.07		0.603699		
13.08		0.603655		
13.09		0.603612		
13.1		0.603568		
13.11		0.603524		
13.12		0.60348		
13.13		0.603437		
13.14		0.603393		
13.15		0.60335		
13.16		0.603306		
13.17		0.603262		
13.18		0.603219		
13.19		0.603175		
13.2		0.603132		
13.21		0.603089		
13.22		0.603045		
13.23		0.603002		
13.24		0.602958		
13.25		0.602915		
13.26		0.602872		
13.27		0.602829		
13.28		0.602786		
13.29		0.602742		
13.3		0.602699		
13.31		0.602656		
13.32		0.602613		
13.33		0.60257		
13.34		0.602527		
13.35		0.602484		
13.36		0.602441		
13.37		0.602398		
13.38		0.602355		
13.39		0.602313		
13.4		0.60227		
13.41		0.602227		
13.42		0.602184		
13.43		0.602142		
13.44		0.602099		
13.45		0.602056		
13.46		0.602014		
13.47		0.601971		
13.48		0.601928		
13.49		0.601886		
13.5		0.601843		
13.51		0.601801		
13.52		0.601759		
13.53		0.601716		
13.54		0.601674		
13.55		0.601631		
13.56		0.601589		
13.57		0.601547		
13.58		0.601505		
13.59		0.601462		
13.6		0.60142		
13.61		0.601378		
13.62		0.601336		
13.63		0.601294		
13.64		0.601252		
13.65		0.60121		
13.66		0.601168		
13.67		0.601126		
13.68		0.601084		
13.69		0.601042		
13.7		0.601		
13.71		0.600958		
13.72		0.600917		
13.73		0.600875		
13.74		0.600833		
13.75		0.600791		
13.76		0.60075		
13.77		0.600708		
13.78		0.600666		
13.79		0.600625		
13.8		0.600583		
13.81		0.600542		
13.82		0.6005		
13.83		0.600459		
13.84		0.600417		
13.85		0.600376		
13.86		0.600334		
13.87		0.600293		
13.88		0.600252		
13.89		0.60021		
13.9		0.600169		
13.91		0.600128		
13.92		0.600087		
13.93		0.600046		
13.94		0.600004		
13.95		0.599963		
13.96		0.599922		
13.97		0.599881		
13.98		0.59984		
13.99		0.599799		
14		0.599758		
14.01		0.599717		
14.02		0.599676		
14.03		0.599635		
14.04		0.599595		
14.05		0.599554		
14.06		0.599513		
14.07		0.599472		
14.08		0.599431		
14.09		0.599391		
14.1		0.59935		
14.11		0.599309		
14.12		0.599269		
14.13		0.599228		
14.14		0.599188		
14.15		0.599147		
14.16		0.599107		
14.17		0.599066		
14.18		0.599026		
14.19		0.598985		
14.2		0.598945		
14.21		0.598905		
14.22		0.598864		
14.23		0.598824		
14.24		0.598784		
14.25		0.598743		
14.26		0.598703		
14.27		0.598663		
14.28		0.598623		
14.29		0.598583		
14.3		0.598543		
14.31		0.598503		
14.32		0.598463		
14.33		0.598423		
14.34		0.598383		
14.35		0.598343		
14.36		0.598303		
14.37		0.598263		
14.38		0.598223		
14.39		0.598183		
14.4		0.598143		
14.41		0.598103		
14.42		0.598064		
14.43		0.598024		
14.44		0.597984		
14.45		0.597945		
14.46		0.597905		
14.47		0.597865		
14.48		0.597826		
14.49		0.597786		
14.5		0.597747		
14.51		0.597707		
14.52		0.597668		
14.53		0.597628		
14.54		0.597589		
14.55		0.597549		
14.56		0.59751		
14.57		0.597471		
14.58		0.597431		
14.59		0.597392		
14.6		0.597353		
14.61		0.597314		
14.62		0.597274		
14.63		0.597235		
14.64		0.597196		
14.65		0.597157		
14.66		0.597118		
14.67		0.597079		
14.68		0.59704		
14.69		0.597001		
14.7		0.596962		
14.71		0.596923		
14.72		0.596884		
14.73		0.596845		
14.74		0.596806		
14.75		0.596767		
14.76		0.596729		
14.77		0.59669		
14.78		0.596651		
14.79		0.596612		
14.8		0.596574		
14.81		0.596535		
14.82		0.596496		
14.83		0.596458		
14.84		0.596419		
14.85		0.59638		
14.86		0.596342		
14.87		0.596303		
14.88		0.596265		
14.89		0.596226		
14.9		0.596188		
14.91		0.59615		
14.92		0.596111		
14.93		0.596073		
14.94		0.596034		
14.95		0.595996		
14.96		0.595958		
14.97		0.59592		
14.98		0.595881		
14.99		0.595843		
15		0.595805		
15.01		0.595767		
15.02		0.595729		
15.03		0.595691		
15.04		0.595653		
15.05		0.595615		
15.06		0.595576		
15.07		0.595538		
15.08		0.595501		
15.09		0.595463		
15.1		0.595425		
15.11		0.595387		
15.12		0.595349		
15.13		0.595311		
15.14		0.595273		
15.15		0.595235		
15.16		0.595198		
15.17		0.59516		
15.18		0.595122		
15.19		0.595085		
15.2		0.595047		
15.21		0.595009		
15.22		0.594972		
15.23		0.594934		
15.24		0.594897		
15.25		0.594859		
15.26		0.594822		
15.27		0.594784		
15.28		0.594747		
15.29		0.594709		
15.3		0.594672		
15.31		0.594634		
15.32		0.594597		
15.33		0.59456		
15.34		0.594522		
15.35		0.594485		
15.36		0.594448		
15.37		0.594411		
15.38		0.594374		
15.39		0.594336		
15.4		0.594299		
15.41		0.594262		
15.42		0.594225		
15.43		0.594188		
15.44		0.594151		
15.45		0.594114		
15.46		0.594077		
15.47		0.59404		
15.48		0.594003		
15.49		0.593966		
15.5		0.593929		
15.51		0.593892		
15.52		0.593855		
15.53		0.593819		
15.54		0.593782		
15.55		0.593745		
15.56		0.593708		
15.57		0.593672		
15.58		0.593635		
15.59		0.593598		
15.6		0.593562		
15.61		0.593525		
15.62		0.593488		
15.63		0.593452		
15.64		0.593415		
15.65		0.593379		
15.66		0.593342		
15.67		0.593306		
15.68		0.593269		
15.69		0.593233		
15.7		0.593196		
15.71		0.59316		
15.72		0.593124		
15.73		0.593087		
15.74		0.593051		
15.75		0.593015		
15.76		0.592979		
15.77		0.592942		
15.78		0.592906		
15.79		0.59287		
15.8		0.592834		
15.81		0.592798		
15.82		0.592762		
15.83		0.592725		
15.84		0.592689		
15.85		0.592653		
15.86		0.592617		
15.87		0.592581		
15.88		0.592545		
15.89		0.592509		
15.9		0.592474		
15.91		0.592438		
15.92		0.592402		
15.93		0.592366		
15.94		0.59233		
15.95		0.592294		
15.96		0.592258		
15.97		0.592223		
15.98		0.592187		
15.99		0.592151		
16		0.592116		
16.01		0.59208		
16.02		0.592044		
16.03		0.592009		
16.04		0.591973		
16.05		0.591938		
16.06		0.591902		
16.07		0.591867		
16.08		0.591831		
16.09		0.591796		
16.1		0.59176		
16.11		0.591725		
16.12		0.591689		
16.13		0.591654		
16.14		0.591619		
16.15		0.591583		
16.16		0.591548		
16.17		0.591513		
16.18		0.591477		
16.19		0.591442		
16.2		0.591407		
16.21		0.591372		
16.22		0.591337		
16.23		0.591301		
16.24		0.591266		
16.25		0.591231		
16.26		0.591196		
16.27		0.591161		
16.28		0.591126		
16.29		0.591091		
16.3		0.591056		
16.31		0.591021		
16.32		0.590986		
16.33		0.590951		
16.34		0.590916		
16.35		0.590881		
16.36		0.590847		
16.37		0.590812		
16.38		0.590777		
16.39		0.590742		
16.4		0.590707		
16.41		0.590673		
16.42		0.590638		
16.43		0.590603		
16.44		0.590569		
16.45		0.590534		
16.46		0.590499		
16.47		0.590465		
16.48		0.59043		
16.49		0.590396		
16.5		0.590361		
16.51		0.590327		
16.52		0.590292		
16.53		0.590258		
16.54		0.590223		
16.55		0.590189		
16.56		0.590154		
16.57		0.59012		
16.58		0.590086		
16.59		0.590051		
16.6		0.590017		
16.61		0.589983		
16.62		0.589949		
16.63		0.589914		
16.64		0.58988		
16.65		0.589846		
16.66		0.589812		
16.67		0.589778		
16.68		0.589743		
16.69		0.589709		
16.7		0.589675		
16.71		0.589641		
16.72		0.589607		
16.73		0.589573		
16.74		0.589539		
16.75		0.589505		
16.76		0.589471		
16.77		0.589437		
16.78		0.589403		
16.79		0.589369		
16.8		0.589336		
16.81		0.589302		
16.82		0.589268		
16.83		0.589234		
16.84		0.5892		
16.85		0.589166		
16.86		0.589133		
16.87		0.589099		
16.88		0.589065		
16.89		0.589032		
16.9		0.588998		
16.91		0.588964		
16.92		0.588931		
16.93		0.588897		
16.94		0.588864		
16.95		0.58883		
16.96		0.588797		
16.97		0.588763		
16.98		0.58873		
16.99		0.588696		
17		0.588663		
17.01		0.588629		
17.02		0.588596		
17.03		0.588562		
17.04		0.588529		
17.05		0.588496		
17.06		0.588462		
17.07		0.588429		
17.08		0.588396		
17.09		0.588363		
17.1		0.588329		
17.11		0.588296		
17.12		0.588263		
17.13		0.58823		
17.14		0.588197		
17.15		0.588164		
17.16		0.588131		
17.17		0.588097		
17.18		0.588064		
17.19		0.588031		
17.2		0.587998		
17.21		0.587965		
17.22		0.587932		
17.23		0.587899		
17.24		0.587866		
17.25		0.587834		
17.26		0.587801		
17.27		0.587768		
17.28		0.587735		
17.29		0.587702		
17.3		0.587669		
17.31		0.587636		
17.32		0.587604		
17.33		0.587571		
17.34		0.587538		
17.35		0.587506		
17.36		0.587473		
17.37		0.58744		
17.38		0.587408		
17.39		0.587375		
17.4		0.587342		
17.41		0.58731		
17.42		0.587277		
17.43		0.587245		
17.44		0.587212		
17.45		0.58718		
17.46		0.587147		
17.47		0.587115		
17.48		0.587082		
17.49		0.58705		
17.5		0.587017		
17.51		0.586985		
17.52		0.586953		
17.53		0.58692		
17.54		0.586888		
17.55		0.586856		
17.56		0.586823		
17.57		0.586791		
17.58		0.586759		
17.59		0.586727		
17.6		0.586694		
17.61		0.586662		
17.62		0.58663		
17.63		0.586598		
17.64		0.586566		
17.65		0.586534		
17.66		0.586502		
17.67		0.58647		
17.68		0.586438		
17.69		0.586406		
17.7		0.586374		
17.71		0.586342		
17.72		0.58631		
17.73		0.586278		
17.74		0.586246		
17.75		0.586214		
17.76		0.586182		
17.77		0.58615		
17.78		0.586118		
17.79		0.586086		
17.8		0.586055		
17.81		0.586023		
17.82		0.585991		
17.83		0.585959		
17.84		0.585928		
17.85		0.585896		
17.86		0.585864		
17.87		0.585832		
17.88		0.585801		
17.89		0.585769		
17.9		0.585738		
17.91		0.585706		
17.92		0.585674		
17.93		0.585643		
17.94		0.585611		
17.95		0.58558		
17.96		0.585548		
17.97		0.585517		
17.98		0.585485		
17.99		0.585454		
18		0.585423		
18.01		0.585391		
18.02		0.58536		
18.03		0.585328		
18.04		0.585297		
18.05		0.585266		
18.06		0.585234		
18.07		0.585203		
18.08		0.585172		
18.09		0.585141		
18.1		0.585109		
18.11		0.585078		
18.12		0.585047		
18.13		0.585016		
18.14		0.584985		
18.15		0.584954		
18.16		0.584923		
18.17		0.584891		
18.18		0.58486		
18.19		0.584829		
18.2		0.584798		
18.21		0.584767		
18.22		0.584736		
18.23		0.584705		
18.24		0.584674		
18.25		0.584643		
18.26		0.584612		
18.27		0.584582		
18.28		0.584551		
18.29		0.58452		
18.3		0.584489		
18.31		0.584458		
18.32		0.584427		
18.33		0.584397		
18.34		0.584366		
18.35		0.584335		
18.36		0.584304		
18.37		0.584274		
18.38		0.584243		
18.39		0.584212		
18.4		0.584182		
18.41		0.584151		
18.42		0.58412		
18.43		0.58409		
18.44		0.584059		
18.45		0.584028		
18.46		0.583998		
18.47		0.583967		
18.48		0.583937		
18.49		0.583906		
18.5		0.583876		
18.51		0.583845		
18.52		0.583815		
18.53		0.583785		
18.54		0.583754		
18.55		0.583724		
18.56		0.583693		
18.57		0.583663		
18.58		0.583633		
18.59		0.583602		
18.6		0.583572		
18.61		0.583542		
18.62		0.583512		
18.63		0.583481		
18.64		0.583451		
18.65		0.583421		
18.66		0.583391		
18.67		0.583361		
18.68		0.58333		
18.69		0.5833		
18.7		0.58327		
18.71		0.58324		
18.72		0.58321		
18.73		0.58318		
18.74		0.58315		
18.75		0.58312		
18.76		0.58309		
18.77		0.58306		
18.78		0.58303		
18.79		0.583		
18.8		0.58297		
18.81		0.58294		
18.82		0.58291		
18.83		0.58288		
18.84		0.582851		
18.85		0.582821		
18.86		0.582791		
18.87		0.582761		
18.88		0.582731		
18.89		0.582701		
18.9		0.582672		
18.91		0.582642		
18.92		0.582612		
18.93		0.582583		
18.94		0.582553		
18.95		0.582523		
18.96		0.582494		
18.97		0.582464		
18.98		0.582434		
18.99		0.582405		
19		0.582375		
19.01		0.582346		
19.02		0.582316		
19.03		0.582286		
19.04		0.582257		
19.05		0.582227		
19.06		0.582198		
19.07		0.582169		
19.08		0.582139		
19.09		0.58211		
19.1		0.58208		
19.11		0.582051		
19.12		0.582021		
19.13		0.581992		
19.14		0.581963		
19.15		0.581933		
19.16		0.581904		
19.17		0.581875		
19.18		0.581846		
19.19		0.581816		
19.2		0.581787		
19.21		0.581758		
19.22		0.581729		
19.23		0.5817		
19.24		0.58167		
19.25		0.581641		
19.26		0.581612		
19.27		0.581583		
19.28		0.581554		
19.29		0.581525		
19.3		0.581496		
19.31		0.581467		
19.32		0.581438		
19.33		0.581409		
19.34		0.58138		
19.35		0.581351		
19.36		0.581322		
19.37		0.581293		
19.38		0.581264		
19.39		0.581235		
19.4		0.581206		
19.41		0.581177		
19.42		0.581148		
19.43		0.581119		
19.44		0.581091		
19.45		0.581062		
19.46		0.581033		
19.47		0.581004		
19.48		0.580975		
19.49		0.580947		
19.5		0.580918		
19.51		0.580889		
19.52		0.580861		
19.53		0.580832		
19.54		0.580803		
19.55		0.580775		
19.56		0.580746		
19.57		0.580717		
19.58		0.580689		
19.59		0.58066		
19.6		0.580632		
19.61		0.580603		
19.62		0.580575		
19.63		0.580546		
19.64		0.580518		
19.65		0.580489		
19.66		0.580461		
19.67		0.580432		
19.68		0.580404		
19.69		0.580375		
19.7		0.580347		
19.71		0.580319		
19.72		0.58029		
19.73		0.580262		
19.74		0.580234		
19.75		0.580205		
19.76		0.580177		
19.77		0.580149		
19.78		0.58012		
19.79		0.580092		
19.8		0.580064		
19.81		0.580036		
19.82		0.580007		
19.83		0.579979		
19.84		0.579951		
19.85		0.579923		
19.86		0.579895		
19.87		0.579867		
19.88		0.579839		
19.89		0.579811		
19.9		0.579782		
19.91		0.579754		
19.92		0.579726		
19.93		0.579698		
19.94		0.57967		
19.95		0.579642		
19.96		0.579614		
19.97		0.579586		
19.98		0.579558		
19.99		0.579531		
20		0.579503		
20.01		0.579475		
20.02		0.579447		
20.03		0.579419		
20.04		0.579391		
20.05		0.579363		
20.06		0.579336		
20.07		0.579308		
20.08		0.57928		
20.09		0.579252		
20.1		0.579224		
20.11		0.579197		
20.12		0.579169		
20.13		0.579141		
20.14		0.579114		
20.15		0.579086		
20.16		0.579058		
20.17		0.579031		
20.18		0.579003		
20.19		0.578975		
20.2		0.578948		
20.21		0.57892		
20.22		0.578893		
20.23		0.578865		
20.24		0.578838		
20.25		0.57881		
20.26		0.578783		
20.27		0.578755		
20.28		0.578728		
20.29		0.5787		
20.3		0.578673		
20.31		0.578645		
20.32		0.578618		
20.33		0.57859		
20.34		0.578563		
20.35		0.578536		
20.36		0.578508		
20.37		0.578481		
20.38		0.578454		
20.39		0.578426		
20.4		0.578399		
20.41		0.578372		
20.42		0.578345		
20.43		0.578317		
20.44		0.57829		
20.45		0.578263		
20.46		0.578236		
20.47		0.578209		
20.48		0.578181		
20.49		0.578154		
20.5		0.578127		
20.51		0.5781		
20.52		0.578073		
20.53		0.578046		
20.54		0.578019		
20.55		0.577992		
20.56		0.577965		
20.57		0.577938		
20.58		0.577911		
20.59		0.577884		
20.6		0.577857		
20.61		0.57783		
20.62		0.577803		
20.63		0.577776		
20.64		0.577749		
20.65		0.577722		
20.66		0.577695		
20.67		0.577668		
20.68		0.577641		
20.69		0.577615		
20.7		0.577588		
20.71		0.577561		
20.72		0.577534		
20.73		0.577507		
20.74		0.577481		
20.75		0.577454		
20.76		0.577427		
20.77		0.5774		
20.78		0.577374		
20.79		0.577347		
20.8		0.57732		
20.81		0.577294		
20.82		0.577267		
20.83		0.57724		
20.84		0.577214		
20.85		0.577187		
20.86		0.577161		
20.87		0.577134		
20.88		0.577107		
20.89		0.577081		
20.9		0.577054		
20.91		0.577028		
20.92		0.577001		
20.93		0.576975		
20.94		0.576948		
20.95		0.576922		
20.96		0.576895		
20.97		0.576869		
20.98		0.576843		
20.99		0.576816		
21		0.57679		
21.01		0.576763		
21.02		0.576737		
21.03		0.576711		
21.04		0.576684		
21.05		0.576658		
21.06		0.576632		
21.07		0.576606		
21.08		0.576579		
21.09		0.576553		
21.1		0.576527		
21.11		0.576501		
21.12		0.576474		
21.13		0.576448		
21.14		0.576422		
21.15		0.576396		
21.16		0.57637		
21.17		0.576344		
21.18		0.576317		
21.19		0.576291		
21.2		0.576265		
21.21		0.576239		
21.22		0.576213		
21.23		0.576187		
21.24		0.576161		
21.25		0.576135		
21.26		0.576109		
21.27		0.576083		
21.28		0.576057		
21.29		0.576031		
21.3		0.576005		
21.31		0.575979		
21.32		0.575953		
21.33		0.575927		
21.34		0.575901		
21.35		0.575875		
21.36		0.57585		
21.37		0.575824		
21.38		0.575798		
21.39		0.575772		
21.4		0.575746		
21.41		0.575721		
21.42		0.575695		
21.43		0.575669		
21.44		0.575643		
21.45		0.575617		
21.46		0.575592		
21.47		0.575566		
21.48		0.57554		
21.49		0.575515		
21.5		0.575489		
21.51		0.575463		
21.52		0.575438		
21.53		0.575412		
21.54		0.575386		
21.55		0.575361		
21.56		0.575335		
21.57		0.57531		
21.58		0.575284		
21.59		0.575259		
21.6		0.575233		
21.61		0.575208		
21.62		0.575182		
21.63		0.575157		
21.64		0.575131		
21.65		0.575106		
21.66		0.57508		
21.67		0.575055		
21.68		0.575029		
21.69		0.575004		
21.7		0.574979		
21.71		0.574953		
21.72		0.574928		
21.73		0.574902		
21.74		0.574877		
21.75		0.574852		
21.76		0.574826		
21.77		0.574801		
21.78		0.574776		
21.79		0.574751		
21.8		0.574725		
21.81		0.5747		
21.82		0.574675		
21.83		0.57465		
21.84		0.574625		
21.85		0.574599		
21.86		0.574574		
21.87		0.574549		
21.88		0.574524		
21.89		0.574499		
21.9		0.574474		
21.91		0.574448		
21.92		0.574423		
21.93		0.574398		
21.94		0.574373		
21.95		0.574348		
21.96		0.574323		
21.97		0.574298		
21.98		0.574273		
21.99		0.574248		
22		0.574223		
22.01		0.574198		
22.02		0.574173		
22.03		0.574148		
22.04		0.574123		
22.05		0.574098		
22.06		0.574074		
22.07		0.574049		
22.08		0.574024		
22.09		0.573999		
22.1		0.573974		
22.11		0.573949		
22.12		0.573924		
22.13		0.5739		
22.14		0.573875		
22.15		0.57385		
22.16		0.573825		
22.17		0.573801		
22.18		0.573776		
22.19		0.573751		
22.2		0.573726		
22.21		0.573702		
22.22		0.573677		
22.23		0.573652		
22.24		0.573628		
22.25		0.573603		
22.26		0.573578		
22.27		0.573554		
22.28		0.573529		
22.29		0.573504		
22.3		0.57348		
22.31		0.573455		
22.32		0.573431		
22.33		0.573406		
22.34		0.573382		
22.35		0.573357		
22.36		0.573333		
22.37		0.573308		
22.38		0.573284		
22.39		0.573259		
22.4		0.573235		
22.41		0.57321		
22.42		0.573186		
22.43		0.573161		
22.44		0.573137		
22.45		0.573113		
22.46		0.573088		
22.47		0.573064		
22.48		0.57304		
22.49		0.573015		
22.5		0.572991		
22.51		0.572967		
22.52		0.572942		
22.53		0.572918		
22.54		0.572894		
22.55		0.572869		
22.56		0.572845		
22.57		0.572821		
22.58		0.572797		
22.59		0.572773		
22.6		0.572748		
22.61		0.572724		
22.62		0.5727		
22.63		0.572676		
22.64		0.572652		
22.65		0.572628		
22.66		0.572603		
22.67		0.572579		
22.68		0.572555		
22.69		0.572531		
22.7		0.572507		
22.71		0.572483		
22.72		0.572459		
22.73		0.572435		
22.74		0.572411		
22.75		0.572387		
22.76		0.572363		
22.77		0.572339		
22.78		0.572315		
22.79		0.572291		
22.8		0.572267		
22.81		0.572243		
22.82		0.572219		
22.83		0.572195		
22.84		0.572171		
22.85		0.572148		
22.86		0.572124		
22.87		0.5721		
22.88		0.572076		
22.89		0.572052		
22.9		0.572028		
22.91		0.572005		
22.92		0.571981		
22.93		0.571957		
22.94		0.571933		
22.95		0.571909		
22.96		0.571886		
22.97		0.571862		
22.98		0.571838		
22.99		0.571815		
23		0.571791		
23.01		0.571767		
23.02		0.571744		
23.03		0.57172		
23.04		0.571696		
23.05		0.571673		
23.06		0.571649		
23.07		0.571625		
23.08		0.571602		
23.09		0.571578		
23.1		0.571555		
23.11		0.571531		
23.12		0.571507		
23.13		0.571484		
23.14		0.57146		
23.15		0.571437		
23.16		0.571413		
23.17		0.57139		
23.18		0.571366		
23.19		0.571343		
23.2		0.57132		
23.21		0.571296		
23.22		0.571273		
23.23		0.571249		
23.24		0.571226		
23.25		0.571202		
23.26		0.571179		
23.27		0.571156		
23.28		0.571132		
23.29		0.571109		
23.3		0.571086		
23.31		0.571062		
23.32		0.571039		
23.33		0.571016		
23.34		0.570992		
23.35		0.570969		
23.36		0.570946		
23.37		0.570923		
23.38		0.570899		
23.39		0.570876		
23.4		0.570853		
23.41		0.57083		
23.42		0.570807		
23.43		0.570783		
23.44		0.57076		
23.45		0.570737		
23.46		0.570714		
23.47		0.570691		
23.48		0.570668		
23.49		0.570645		
23.5		0.570621		
23.51		0.570598		
23.52		0.570575		
23.53		0.570552		
23.54		0.570529		
23.55		0.570506		
23.56		0.570483		
23.57		0.57046		
23.58		0.570437		
23.59		0.570414		
23.6		0.570391		
23.61		0.570368		
23.62		0.570345		
23.63		0.570322		
23.64		0.570299		
23.65		0.570276		
23.66		0.570254		
23.67		0.570231		
23.68		0.570208		
23.69		0.570185		
23.7		0.570162		
23.71		0.570139		
23.72		0.570116		
23.73		0.570093		
23.74		0.570071		
23.75		0.570048		
23.76		0.570025		
23.77		0.570002		
23.78		0.569979		
23.79		0.569957		
23.8		0.569934		
23.81		0.569911		
23.82		0.569888		
23.83		0.569866		
23.84		0.569843		
23.85		0.56982		
23.86		0.569798		
23.87		0.569775		
23.88		0.569752		
23.89		0.56973		
23.9		0.569707		
23.91		0.569684		
23.92		0.569662		
23.93		0.569639		
23.94		0.569617		
23.95		0.569594		
23.96		0.569571		
23.97		0.569549		
23.98		0.569526		
23.99		0.569504		
24		0.569481		
24.01		0.569459		
24.02		0.569436		
24.03		0.569414		
24.04		0.569391		
24.05		0.569369		
24.06		0.569346		
24.07		0.569324		
24.08		0.569301		
24.09		0.569279		
24.1		0.569257		
24.11		0.569234		
24.12		0.569212		
24.13		0.569189		
24.14		0.569167		
24.15		0.569145		
24.16		0.569122		
24.17		0.5691		
24.18		0.569078		
24.19		0.569055		
24.2		0.569033		
24.21		0.569011		
24.22		0.568988		
24.23		0.568966		
24.24		0.568944		
24.25		0.568922		
24.26		0.568899		
24.27		0.568877		
24.28		0.568855		
24.29		0.568833		
24.3		0.568811		
24.31		0.568788		
24.32		0.568766		
24.33		0.568744		
24.34		0.568722		
24.35		0.5687		
24.36		0.568678		
24.37		0.568656		
24.38		0.568633		
24.39		0.568611		
24.4		0.568589		
24.41		0.568567		
24.42		0.568545		
24.43		0.568523		
24.44		0.568501		
24.45		0.568479		
24.46		0.568457		
24.47		0.568435		
24.48		0.568413		
24.49		0.568391		
24.5		0.568369		
24.51		0.568347		
24.52		0.568325		
24.53		0.568303		
24.54		0.568281		
24.55		0.568259		
24.56		0.568237		
24.57		0.568215		
24.58		0.568193		
24.59		0.568172		
24.6		0.56815		
24.61		0.568128		
24.62		0.568106		
24.63		0.568084		
24.64		0.568062		
24.65		0.56804		
24.66		0.568019		
24.67		0.567997		
24.68		0.567975		
24.69		0.567953		
24.7		0.567931		
24.71		0.56791		
24.72		0.567888		
24.73		0.567866		
24.74		0.567844		
24.75		0.567823		
24.76		0.567801		
24.77		0.567779		
24.78		0.567758		
24.79		0.567736		
24.8		0.567714		
24.81		0.567693		
24.82		0.567671		
24.83		0.567649		
24.84		0.567628		
24.85		0.567606		
24.86		0.567584		
24.87		0.567563		
24.88		0.567541		
24.89		0.56752		
24.9		0.567498		
24.91		0.567477		
24.92		0.567455		
24.93		0.567434		
24.94		0.567412		
24.95		0.56739		
24.96		0.567369		
24.97		0.567347		
24.98		0.567326		
24.99		0.567305		
25		0.567283		
25.01		0.567262		
25.02		0.56724		
25.03		0.567219		
25.04		0.567197		
25.05		0.567176		
25.06		0.567154		
25.07		0.567133		
25.08		0.567112		
25.09		0.56709		
25.1		0.567069		
25.11		0.567048		
25.12		0.567026		
25.13		0.567005		
25.14		0.566984		
25.15		0.566962		
25.16		0.566941		
25.17		0.56692		
25.18		0.566898		
25.19		0.566877		
25.2		0.566856		
25.21		0.566835		
25.22		0.566813		
25.23		0.566792		
25.24		0.566771		
25.25		0.56675		
25.26		0.566729		
25.27		0.566707		
25.28		0.566686		
25.29		0.566665		
25.3		0.566644		
25.31		0.566623		
25.32		0.566602		
25.33		0.56658		
25.34		0.566559		
25.35		0.566538		
25.36		0.566517		
25.37		0.566496		
25.38		0.566475		
25.39		0.566454		
25.4		0.566433		
25.41		0.566412		
25.42		0.566391		
25.43		0.56637		
25.44		0.566349		
25.45		0.566328		
25.46		0.566307		
25.47		0.566286		
25.48		0.566265		
25.49		0.566244		
25.5		0.566223		
25.51		0.566202		
25.52		0.566181		
25.53		0.56616		
25.54		0.566139		
25.55		0.566118		
25.56		0.566097		
25.57		0.566076		
25.58		0.566055		
25.59		0.566034		
25.6		0.566013		
25.61		0.565993		
25.62		0.565972		
25.63		0.565951		
25.64		0.56593		
25.65		0.565909		
25.66		0.565888		
25.67		0.565868		
25.68		0.565847		
25.69		0.565826		
25.7		0.565805		
25.71		0.565785		
25.72		0.565764		
25.73		0.565743		
25.74		0.565722		
25.75		0.565702		
25.76		0.565681		
25.77		0.56566		
25.78		0.565639		
25.79		0.565619		
25.8		0.565598		
25.81		0.565577		
25.82		0.565557		
25.83		0.565536		
25.84		0.565515		
25.85		0.565495		
25.86		0.565474		
25.87		0.565454		
25.88		0.565433		
25.89		0.565412		
25.9		0.565392		
25.91		0.565371		
25.92		0.565351		
25.93		0.56533		
25.94		0.56531		
25.95		0.565289		
25.96		0.565268		
25.97		0.565248		
25.98		0.565227		
25.99		0.565207		
26		0.565186		
26.01		0.565166		
26.02		0.565145		
26.03		0.565125		
26.04		0.565105		
26.05		0.565084		
26.06		0.565064		
26.07		0.565043		
26.08		0.565023		
26.09		0.565002		
26.1		0.564982		
26.11		0.564962		
26.12		0.564941		
26.13		0.564921		
26.14		0.564901		
26.15		0.56488		
26.16		0.56486		
26.17		0.564839		
26.18		0.564819		
26.19		0.564799		
26.2		0.564779		
26.21		0.564758		
26.22		0.564738		
26.23		0.564718		
26.24		0.564697		
26.25		0.564677		
26.26		0.564657		
26.27		0.564637		
26.28		0.564616		
26.29		0.564596		
26.3		0.564576		
26.31		0.564556		
26.32		0.564536		
26.33		0.564515		
26.34		0.564495		
26.35		0.564475		
26.36		0.564455		
26.37		0.564435		
26.38		0.564415		
26.39		0.564394		
26.4		0.564374		
26.41		0.564354		
26.42		0.564334		
26.43		0.564314		
26.44		0.564294		
26.45		0.564274		
26.46		0.564254		
26.47		0.564234		
26.48		0.564214		
26.49		0.564194		
26.5		0.564174		
26.51		0.564154		
26.52		0.564134		
26.53		0.564113		
26.54		0.564093		
26.55		0.564074		
26.56		0.564054		
26.57		0.564034		
26.58		0.564014		
26.59		0.563994		
26.6		0.563974		
26.61		0.563954		
26.62		0.563934		
26.63		0.563914		
26.64		0.563894		
26.65		0.563874		
26.66		0.563854		
26.67		0.563834		
26.68		0.563814		
26.69		0.563795		
26.7		0.563775		
26.71		0.563755		
26.72		0.563735		
26.73		0.563715		
26.74		0.563695		
26.75		0.563676		
26.76		0.563656		
26.77		0.563636		
26.78		0.563616		
26.79		0.563596		
26.8		0.563577		
26.81		0.563557		
26.82		0.563537		
26.83		0.563517		
26.84		0.563498		
26.85		0.563478		
26.86		0.563458		
26.87		0.563438		
26.88		0.563419		
26.89		0.563399		
26.9		0.563379		
26.91		0.56336		
26.92		0.56334		
26.93		0.56332		
26.94		0.563301		
26.95		0.563281		
26.96		0.563261		
26.97		0.563242		
26.98		0.563222		
26.99		0.563203		
27		0.563183		
27.01		0.563163		
27.02		0.563144		
27.03		0.563124		
27.04		0.563105		
27.05		0.563085		
27.06		0.563066		
27.07		0.563046		
27.08		0.563027		
27.09		0.563007		
27.1		0.562988		
27.11		0.562968		
27.12		0.562949		
27.13		0.562929		
27.14		0.56291		
27.15		0.56289		
27.16		0.562871		
27.17		0.562851		
27.18		0.562832		
27.19		0.562812		
27.2		0.562793		
27.21		0.562773		
27.22		0.562754		
27.23		0.562735		
27.24		0.562715		
27.25		0.562696		
27.26		0.562676		
27.27		0.562657		
27.28		0.562638		
27.29		0.562618		
27.3		0.562599		
27.31		0.56258		
27.32		0.56256		
27.33		0.562541		
27.34		0.562522		
27.35		0.562502		
27.36		0.562483		
27.37		0.562464		
27.38		0.562445		
27.39		0.562425		
27.4		0.562406		
27.41		0.562387		
27.42		0.562368		
27.43		0.562348		
27.44		0.562329		
27.45		0.56231		
27.46		0.562291		
27.47		0.562271		
27.48		0.562252		
27.49		0.562233		
27.5		0.562214		
27.51		0.562195		
27.52		0.562176		
27.53		0.562156		
27.54		0.562137		
27.55		0.562118		
27.56		0.562099		
27.57		0.56208		
27.58		0.562061		
27.59		0.562042		
27.6		0.562023		
27.61		0.562004		
27.62		0.561984		
27.63		0.561965		
27.64		0.561946		
27.65		0.561927		
27.66		0.561908		
27.67		0.561889		
27.68		0.56187		
27.69		0.561851		
27.7		0.561832		
27.71		0.561813		
27.72		0.561794		
27.73		0.561775		
27.74		0.561756		
27.75		0.561737		
27.76		0.561718		
27.77		0.561699		
27.78		0.56168		
27.79		0.561661		
27.8		0.561642		
27.81		0.561623		
27.82		0.561605		
27.83		0.561586		
27.84		0.561567		
27.85		0.561548		
27.86		0.561529		
27.87		0.56151		
27.88		0.561491		
27.89		0.561472		
27.9		0.561454		
27.91		0.561435		
27.92		0.561416		
27.93		0.561397		
27.94		0.561378		
27.95		0.561359		
27.96		0.561341		
27.97		0.561322		
27.98		0.561303		
27.99		0.561284		
28		0.561265		
28.01		0.561247		
28.02		0.561228		
28.03		0.561209		
28.04		0.56119		
28.05		0.561172		
28.06		0.561153		
28.07		0.561134		
28.08		0.561116		
28.09		0.561097		
28.1		0.561078		
28.11		0.561059		
28.12		0.561041		
28.13		0.561022		
28.14		0.561003		
28.15		0.560985		
28.16		0.560966		
28.17		0.560948		
28.18		0.560929		
28.19		0.56091		
28.2		0.560892		
28.21		0.560873		
28.22		0.560854		
28.23		0.560836		
28.24		0.560817		
28.25		0.560799		
28.26		0.56078		
28.27		0.560762		
28.28		0.560743		
28.29		0.560724		
28.3		0.560706		
28.31		0.560687		
28.32		0.560669		
28.33		0.56065		
28.34		0.560632		
28.35		0.560613		
28.36		0.560595		
28.37		0.560576		
28.38		0.560558		
28.39		0.560539		
28.4		0.560521		
28.41		0.560503		
28.42		0.560484		
28.43		0.560466		
28.44		0.560447		
28.45		0.560429		
28.46		0.56041		
28.47		0.560392		
28.48		0.560374		
28.49		0.560355		
28.5		0.560337		
28.51		0.560318		
28.52		0.5603		
28.53		0.560282		
28.54		0.560263		
28.55		0.560245		
28.56		0.560227		
28.57		0.560208		
28.58		0.56019		
28.59		0.560172		
28.6		0.560153		
28.61		0.560135		
28.62		0.560117		
28.63		0.560098		
28.64		0.56008		
28.65		0.560062		
28.66		0.560044		
28.67		0.560025		
28.68		0.560007		
28.69		0.559989		
28.7		0.559971		
28.71		0.559952		
28.72		0.559934		
28.73		0.559916		
28.74		0.559898		
28.75		0.55988		
28.76		0.559861		
28.77		0.559843		
28.78		0.559825		
28.79		0.559807		
28.8		0.559789		
28.81		0.559771		
28.82		0.559753		
28.83		0.559734		
28.84		0.559716		
28.85		0.559698		
28.86		0.55968		
28.87		0.559662		
28.88		0.559644		
28.89		0.559626		
28.9		0.559608		
28.91		0.55959		
28.92		0.559571		
28.93		0.559553		
28.94		0.559535		
28.95		0.559517		
28.96		0.559499		
28.97		0.559481		
28.98		0.559463		
28.99		0.559445		
29		0.559427		
29.01		0.559409		
29.02		0.559391		
29.03		0.559373		
29.04		0.559355		
29.05		0.559337		
29.06		0.559319		
29.07		0.559301		
29.08		0.559283		
29.09		0.559265		
29.1		0.559248		
29.11		0.55923		
29.12		0.559212		
29.13		0.559194		
29.14		0.559176		
29.15		0.559158		
29.16		0.55914		
29.17		0.559122		
29.18		0.559104		
29.19		0.559086		
29.2		0.559069		
29.21		0.559051		
29.22		0.559033		
29.23		0.559015		
29.24		0.558997		
29.25		0.558979		
29.26		0.558962		
29.27		0.558944		
29.28		0.558926		
29.29		0.558908		
29.3		0.55889		
29.31		0.558873		
29.32		0.558855		
29.33		0.558837		
29.34		0.558819		
29.35		0.558801		
29.36		0.558784		
29.37		0.558766		
29.38		0.558748		
29.39		0.558731		
29.4		0.558713		
29.41		0.558695		
29.42		0.558677		
29.43		0.55866		
29.44		0.558642		
29.45		0.558624		
29.46		0.558607		
29.47		0.558589		
29.48		0.558571		
29.49		0.558554		
29.5		0.558536		
29.51		0.558518		
29.52		0.558501		
29.53		0.558483		
29.54		0.558465		
29.55		0.558448		
29.56		0.55843		
29.57		0.558413		
29.58		0.558395		
29.59		0.558378		
29.6		0.55836		
29.61		0.558342		
29.62		0.558325		
29.63		0.558307		
29.64		0.55829		
29.65		0.558272		
29.66		0.558255		
29.67		0.558237		
29.68		0.55822		
29.69		0.558202		
29.7		0.558185		
29.71		0.558167		
29.72		0.55815		
29.73		0.558132		
29.74		0.558115		
29.75		0.558097		
29.76		0.55808		
29.77		0.558062		
29.78		0.558045		
29.79		0.558027		
29.8		0.55801		
29.81		0.557992		
29.82		0.557975		
29.83		0.557958		
29.84		0.55794		
29.85		0.557923		
29.86		0.557905		
29.87		0.557888		
29.88		0.557871		
29.89		0.557853		
29.9		0.557836		
29.91		0.557818		
29.92		0.557801		
29.93		0.557784		
29.94		0.557766		
29.95		0.557749		
29.96		0.557732		
29.97		0.557714		
29.98		0.557697		
29.99		0.55768		
30		0.557662		
30.01		0.557645		
30.02		0.557628		
30.03		0.557611		
30.04		0.557593		
30.05		0.557576		
30.06		0.557559		
30.07		0.557541		
30.08		0.557524		
30.09		0.557507		
30.1		0.55749		
30.11		0.557472		
30.12		0.557455		
30.13		0.557438		
30.14		0.557421		
30.15		0.557403		
30.16		0.557386		
30.17		0.557369		
30.18		0.557352		
30.19		0.557335		
30.2		0.557317		
30.21		0.5573		
30.22		0.557283		
30.23		0.557266		
30.24		0.557249		
30.25		0.557232		
30.26		0.557214		
30.27		0.557197		
30.28		0.55718		
30.29		0.557163		
30.3		0.557146		
30.31		0.557129		
30.32		0.557112		
30.33		0.557095		
30.34		0.557077		
30.35		0.55706		
30.36		0.557043		
30.37		0.557026		
30.38		0.557009		
30.39		0.556992		
30.4		0.556975		
30.41		0.556958		
30.42		0.556941		
30.43		0.556924		
30.44		0.556907		
30.45		0.55689		
30.46		0.556873		
30.47		0.556856		
30.48		0.556839		
30.49		0.556822		
30.5		0.556805		
30.51		0.556788		
30.52		0.556771		
30.53		0.556754		
30.54		0.556737		
30.55		0.55672		
30.56		0.556703		
30.57		0.556686		
30.58		0.556669		
30.59		0.556652		
30.6		0.556635		
30.61		0.556618		
30.62		0.556601		
30.63		0.556584		
30.64		0.556567		
30.65		0.55655		
30.66		0.556533		
30.67		0.556516		
30.68		0.556499		
30.69		0.556482		
30.7		0.556465		
30.71		0.556449		
30.72		0.556432		
30.73		0.556415		
30.74		0.556398		
30.75		0.556381		
30.76		0.556364		
30.77		0.556347		
30.78		0.556331		
30.79		0.556314		
30.8		0.556297		
30.81		0.55628		
30.82		0.556263		
30.83		0.556246		
30.84		0.55623		
30.85		0.556213		
30.86		0.556196		
30.87		0.556179		
30.88		0.556162		
30.89		0.556145		
30.9		0.556129		
30.91		0.556112		
30.92		0.556095		
30.93		0.556078		
30.94		0.556062		
30.95		0.556045		
30.96		0.556028		
30.97		0.556011		
30.98		0.555995		
30.99		0.555978		
31		0.555961		
31.01		0.555944		
31.02		0.555928		
31.03		0.555911		
31.04		0.555894		
31.05		0.555878		
31.06		0.555861		
31.07		0.555844		
31.08		0.555828		
31.09		0.555811		
31.1		0.555794		
31.11		0.555778		
31.12		0.555761		
31.13		0.555744		
31.14		0.555728		
31.15		0.555711		
31.16		0.555694		
31.17		0.555678		
31.18		0.555661		
31.19		0.555644		
31.2		0.555628		
31.21		0.555611		
31.22		0.555595		
31.23		0.555578		
31.24		0.555561		
31.25		0.555545		
31.26		0.555528		
31.27		0.555512		
31.28		0.555495		
31.29		0.555478		
31.3		0.555462		
31.31		0.555445		
31.32		0.555429		
31.33		0.555412		
31.34		0.555396		
31.35		0.555379		
31.36		0.555363		
31.37		0.555346		
31.38		0.55533		
31.39		0.555313		
31.4		0.555297		
31.41		0.55528		
31.42		0.555264		
31.43		0.555247		
31.44		0.555231		
31.45		0.555214		
31.46		0.555198		
31.47		0.555181		
31.48		0.555165		
31.49		0.555148		
31.5		0.555132		
31.51		0.555116		
31.52		0.555099		
31.53		0.555083		
31.54		0.555066		
31.55		0.55505		
31.56		0.555033		
31.57		0.555017		
31.58		0.555001		
31.59		0.554984		
31.6		0.554968		
31.61		0.554951		
31.62		0.554935		
31.63		0.554919		
31.64		0.554902		
31.65		0.554886		
31.66		0.55487		
31.67		0.554853		
31.68		0.554837		
31.69		0.554821		
31.7		0.554804		
31.71		0.554788		
31.72		0.554772		
31.73		0.554755		
31.74		0.554739		
31.75		0.554723		
31.76		0.554706		
31.77		0.55469		
31.78		0.554674		
31.79		0.554658		
31.8		0.554641		
31.81		0.554625		
31.82		0.554609		
31.83		0.554592		
31.84		0.554576		
31.85		0.55456		
31.86		0.554544		
31.87		0.554527		
31.88		0.554511		
31.89		0.554495		
31.9		0.554479		
31.91		0.554463		
31.92		0.554446		
31.93		0.55443		
31.94		0.554414		
31.95		0.554398		
31.96		0.554382		
31.97		0.554365		
31.98		0.554349		
31.99		0.554333		
32		0.554317		
32.01		0.554301		
32.02		0.554285		
32.03		0.554269		
32.04		0.554252		
32.05		0.554236		
32.06		0.55422		
32.07		0.554204		
32.08		0.554188		
32.09		0.554172		
32.1		0.554156		
32.11		0.55414		
32.12		0.554123		
32.13		0.554107		
32.14		0.554091		
32.15		0.554075		
32.16		0.554059		
32.17		0.554043		
32.18		0.554027		
32.19		0.554011		
32.2		0.553995		
32.21		0.553979		
32.22		0.553963		
32.23		0.553947		
32.24		0.553931		
32.25		0.553915		
32.26		0.553899		
32.27		0.553883		
32.28		0.553867		
32.29		0.553851		
32.3		0.553835		
32.31		0.553819		
32.32		0.553803		
32.33		0.553787		
32.34		0.553771		
32.35		0.553755		
32.36		0.553739		
32.37		0.553723		
32.38		0.553707		
32.39		0.553691		
32.4		0.553675		
32.41		0.553659		
32.42		0.553643		
32.43		0.553627		
32.44		0.553612		
32.45		0.553596		
32.46		0.55358		
32.47		0.553564		
32.48		0.553548		
32.49		0.553532		
32.5		0.553516		
32.51		0.5535		
32.52		0.553484		
32.53		0.553469		
32.54		0.553453		
32.55		0.553437		
32.56		0.553421		
32.57		0.553405		
32.58		0.553389		
32.59		0.553374		
32.6		0.553358		
32.61		0.553342		
32.62		0.553326		
32.63		0.55331		
32.64		0.553294		
32.65		0.553279		
32.66		0.553263		
32.67		0.553247		
32.68		0.553231		
32.69		0.553216		
32.7		0.5532		
32.71		0.553184		
32.72		0.553168		
32.73		0.553153		
32.74		0.553137		
32.75		0.553121		
32.76		0.553105		
32.77		0.55309		
32.78		0.553074		
32.79		0.553058		
32.8		0.553042		
32.81		0.553027		
32.82		0.553011		
32.83		0.552995		
32.84		0.55298		
32.85		0.552964		
32.86		0.552948		
32.87		0.552933		
32.88		0.552917		
32.89		0.552901		
32.9		0.552886		
32.91		0.55287		
32.92		0.552854		
32.93		0.552839		
32.94		0.552823		
32.95		0.552807		
32.96		0.552792		
32.97		0.552776		
32.98		0.552761		
32.99		0.552745		
33		0.552729		
33.01		0.552714		
33.02		0.552698		
33.03		0.552683		
33.04		0.552667		
33.05		0.552652		
33.06		0.552636		
33.07		0.55262		
33.08		0.552605		
33.09		0.552589		
33.1		0.552574		
33.11		0.552558		
33.12		0.552543		
33.13		0.552527		
33.14		0.552512		
33.15		0.552496		
33.16		0.552481		
33.17		0.552465		
33.18		0.55245		
33.19		0.552434		
33.2		0.552419		
33.21		0.552403		
33.22		0.552388		
33.23		0.552372		
33.24		0.552357		
33.25		0.552341		
33.26		0.552326		
33.27		0.55231		
33.28		0.552295		
33.29		0.552279		
33.3		0.552264		
33.31		0.552249		
33.32		0.552233		
33.33		0.552218		
33.34		0.552202		
33.35		0.552187		
33.36		0.552171		
33.37		0.552156		
33.38		0.552141		
33.39		0.552125		
33.4		0.55211		
33.41		0.552095		
33.42		0.552079		
33.43		0.552064		
33.44		0.552048		
33.45		0.552033		
33.46		0.552018		
33.47		0.552002		
33.48		0.551987		
33.49		0.551972		
33.5		0.551956		
33.51		0.551941		
33.52		0.551926		
33.53		0.55191		
33.54		0.551895		
33.55		0.55188		
33.56		0.551865		
33.57		0.551849		
33.58		0.551834		
33.59		0.551819		
33.6		0.551803		
33.61		0.551788		
33.62		0.551773		
33.63		0.551758		
33.64		0.551742		
33.65		0.551727		
33.66		0.551712		
33.67		0.551697		
33.68		0.551681		
33.69		0.551666		
33.7		0.551651		
33.71		0.551636		
33.72		0.551621		
33.73		0.551605		
33.74		0.55159		
33.75		0.551575		
33.76		0.55156		
33.77		0.551545		
33.78		0.551529		
33.79		0.551514		
33.8		0.551499		
33.81		0.551484		
33.82		0.551469		
33.83		0.551454		
33.84		0.551438		
33.85		0.551423		
33.86		0.551408		
33.87		0.551393		
33.88		0.551378		
33.89		0.551363		
33.9		0.551348		
33.91		0.551333		
33.92		0.551317		
33.93		0.551302		
33.94		0.551287		
33.95		0.551272		
33.96		0.551257		
33.97		0.551242		
33.98		0.551227		
33.99		0.551212		
34		0.551197		
34.01		0.551182		
34.02		0.551167		
34.03		0.551152		
34.04		0.551137		
34.05		0.551122		
34.06		0.551107		
34.07		0.551092		
34.08		0.551077		
34.09		0.551062		
34.1		0.551046		
34.11		0.551031		
34.12		0.551016		
34.13		0.551001		
34.14		0.550987		
34.15		0.550972		
34.16		0.550957		
34.17		0.550942		
34.18		0.550927		
34.19		0.550912		
34.2		0.550897		
34.21		0.550882		
34.22		0.550867		
34.23		0.550852		
34.24		0.550837		
34.25		0.550822		
34.26		0.550807		
34.27		0.550792		
34.28		0.550777		
34.29		0.550762		
34.3		0.550747		
34.31		0.550732		
34.32		0.550718		
34.33		0.550703		
34.34		0.550688		
34.35		0.550673		
34.36		0.550658		
34.37		0.550643		
34.38		0.550628		
34.39		0.550613		
34.4		0.550599		
34.41		0.550584		
34.42		0.550569		
34.43		0.550554		
34.44		0.550539		
34.45		0.550524		
34.46		0.55051		
34.47		0.550495		
34.48		0.55048		
34.49		0.550465		
34.5		0.55045		
34.51		0.550436		
34.52		0.550421		
34.53		0.550406		
34.54		0.550391		
34.55		0.550376		
34.56		0.550362		
34.57		0.550347		
34.58		0.550332		
34.59		0.550317		
34.6		0.550303		
34.61		0.550288		
34.62		0.550273		
34.63		0.550258		
34.64		0.550244		
34.65		0.550229		
34.66		0.550214		
34.67		0.550199		
34.68		0.550185		
34.69		0.55017		
34.7		0.550155		
34.71		0.550141		
34.72		0.550126		
34.73		0.550111		
34.74		0.550097		
34.75		0.550082		
34.76		0.550067		
34.77		0.550052		
34.78		0.550038		
34.79		0.550023		
34.8		0.550009		
34.81		0.549994		
34.82		0.549979		
34.83		0.549965		
34.84		0.54995		
34.85		0.549935		
34.86		0.549921		
34.87		0.549906		
34.88		0.549891		
34.89		0.549877		
34.9		0.549862		
34.91		0.549848		
34.92		0.549833		
34.93		0.549818		
34.94		0.549804		
34.95		0.549789		
34.96		0.549775		
34.97		0.54976		
34.98		0.549746		
34.99		0.549731		
35		0.549716		
35.01		0.549702		
35.02		0.549687		
35.03		0.549673		
35.04		0.549658		
35.05		0.549644		
35.06		0.549629		
35.07		0.549615		
35.08		0.5496		
35.09		0.549586		
35.1		0.549571		
35.11		0.549557		
35.12		0.549542		
35.13		0.549528		
35.14		0.549513		
35.15		0.549499		
35.16		0.549484		
35.17		0.54947		
35.18		0.549455		
35.19		0.549441		
35.2		0.549426		
35.21		0.549412		
35.22		0.549398		
35.23		0.549383		
35.24		0.549369		
35.25		0.549354		
35.26		0.54934		
35.27		0.549325		
35.28		0.549311		
35.29		0.549297		
35.3		0.549282		
35.31		0.549268		
35.32		0.549253		
35.33		0.549239		
35.34		0.549225		
35.35		0.54921		
35.36		0.549196		
35.37		0.549181		
35.38		0.549167		
35.39		0.549153		
35.4		0.549138		
35.41		0.549124		
35.42		0.54911		
35.43		0.549095		
35.44		0.549081		
35.45		0.549067		
35.46		0.549052		
35.47		0.549038		
35.48		0.549024		
35.49		0.549009		
35.5		0.548995		
35.51		0.548981		
35.52		0.548966		
35.53		0.548952		
35.54		0.548938		
35.55		0.548924		
35.56		0.548909		
35.57		0.548895		
35.58		0.548881		
35.59		0.548866		
35.6		0.548852		
35.61		0.548838		
35.62		0.548824		
35.63		0.548809		
35.64		0.548795		
35.65		0.548781		
35.66		0.548767		
35.67		0.548752		
35.68		0.548738		
35.69		0.548724		
35.7		0.54871		
35.71		0.548696		
35.72		0.548681		
35.73		0.548667		
35.74		0.548653		
35.75		0.548639		
35.76		0.548625		
35.77		0.54861		
35.78		0.548596		
35.79		0.548582		
35.8		0.548568		
35.81		0.548554		
35.82		0.54854		
35.83		0.548525		
35.84		0.548511		
35.85		0.548497		
35.86		0.548483		
35.87		0.548469		
35.88		0.548455		
35.89		0.548441		
35.9		0.548426		
35.91		0.548412		
35.92		0.548398		
35.93		0.548384		
35.94		0.54837		
35.95		0.548356		
35.96		0.548342		
35.97		0.548328		
35.98		0.548314		
35.99		0.5483		
36		0.548286		
36.01		0.548271		
36.02		0.548257		
36.03		0.548243		
36.04		0.548229		
36.05		0.548215		
36.06		0.548201		
36.07		0.548187		
36.08		0.548173		
36.09		0.548159		
36.1		0.548145		
36.11		0.548131		
36.12		0.548117		
36.13		0.548103		
36.14		0.548089		
36.15		0.548075		
36.16		0.548061		
36.17		0.548047		
36.18		0.548033		
36.19		0.548019		
36.2		0.548005		
36.21		0.547991		
36.22		0.547977		
36.23		0.547963		
36.24		0.547949		
36.25		0.547935		
36.26		0.547921		
36.27		0.547907		
36.28		0.547893		
36.29		0.547879		
36.3		0.547865		
36.31		0.547852		
36.32		0.547838		
36.33		0.547824		
36.34		0.54781		
36.35		0.547796		
36.36		0.547782		
36.37		0.547768		
36.38		0.547754		
36.39		0.54774		
36.4		0.547726		
36.41		0.547712		
36.42		0.547699		
36.43		0.547685		
36.44		0.547671		
36.45		0.547657		
36.46		0.547643		
36.47		0.547629		
36.48		0.547615		
36.49		0.547602		
36.5		0.547588		
36.51		0.547574		
36.52		0.54756		
36.53		0.547546		
36.54		0.547532		
36.55		0.547519		
36.56		0.547505		
36.57		0.547491		
36.58		0.547477		
36.59		0.547463		
36.6		0.547449		
36.61		0.547436		
36.62		0.547422		
36.63		0.547408		
36.64		0.547394		
36.65		0.547381		
36.66		0.547367		
36.67		0.547353		
36.68		0.547339		
36.69		0.547325		
36.7		0.547312		
36.71		0.547298		
36.72		0.547284		
36.73		0.54727		
36.74		0.547257		
36.75		0.547243		
36.76		0.547229		
36.77		0.547216		
36.78		0.547202		
36.79		0.547188		
36.8		0.547174		
36.81		0.547161		
36.82		0.547147		
36.83		0.547133		
36.84		0.54712		
36.85		0.547106		
36.86		0.547092		
36.87		0.547079		
36.88		0.547065		
36.89		0.547051		
36.9		0.547038		
36.91		0.547024		
36.92		0.54701		
36.93		0.546997		
36.94		0.546983		
36.95		0.546969		
36.96		0.546956		
36.97		0.546942		
36.98		0.546928		
36.99		0.546915		
37		0.546901		
37.01		0.546888		
37.02		0.546874		
37.03		0.54686		
37.04		0.546847		
37.05		0.546833		
37.06		0.54682		
37.07		0.546806		
37.08		0.546792		
37.09		0.546779		
37.1		0.546765		
37.11		0.546752		
37.12		0.546738		
37.13		0.546724		
37.14		0.546711		
37.15		0.546697		
37.16		0.546684		
37.17		0.54667		
37.18		0.546657		
37.19		0.546643		
37.2		0.54663		
37.21		0.546616		
37.22		0.546603		
37.23		0.546589		
37.24		0.546576		
37.25		0.546562		
37.26		0.546549		
37.27		0.546535		
37.28		0.546522		
37.29		0.546508		
37.3		0.546495		
37.31		0.546481		
37.32		0.546468		
37.33		0.546454		
37.34		0.546441		
37.35		0.546427		
37.36		0.546414		
37.37		0.5464		
37.38		0.546387		
37.39		0.546373		
37.4		0.54636		
37.41		0.546346		
37.42		0.546333		
37.43		0.54632		
37.44		0.546306		
37.45		0.546293		
37.46		0.546279		
37.47		0.546266		
37.48		0.546252		
37.49		0.546239		
37.5		0.546226		
37.51		0.546212		
37.52		0.546199		
37.53		0.546185		
37.54		0.546172		
37.55		0.546159		
37.56		0.546145		
37.57		0.546132		
37.58		0.546119		
37.59		0.546105		
37.6		0.546092		
37.61		0.546078		
37.62		0.546065		
37.63		0.546052		
37.64		0.546038		
37.65		0.546025		
37.66		0.546012		
37.67		0.545998		
37.68		0.545985		
37.69		0.545972		
37.7		0.545958		
37.71		0.545945		
37.72		0.545932		
37.73		0.545918		
37.74		0.545905		
37.75		0.545892		
37.76		0.545879		
37.77		0.545865		
37.78		0.545852		
37.79		0.545839		
37.8		0.545825		
37.81		0.545812		
37.82		0.545799		
37.83		0.545786		
37.84		0.545772		
37.85		0.545759		
37.86		0.545746		
37.87		0.545733		
37.88		0.545719		
37.89		0.545706		
37.9		0.545693		
37.91		0.54568		
37.92		0.545666		
37.93		0.545653		
37.94		0.54564		
37.95		0.545627		
37.96		0.545614		
37.97		0.5456		
37.98		0.545587		
37.99		0.545574		
38		0.545561		
38.01		0.545548		
38.02		0.545534		
38.03		0.545521		
38.04		0.545508		
38.05		0.545495		
38.06		0.545482		
38.07		0.545469		
38.08		0.545455		
38.09		0.545442		
38.1		0.545429		
38.11		0.545416		
38.12		0.545403		
38.13		0.54539		
38.14		0.545376		
38.15		0.545363		
38.16		0.54535		
38.17		0.545337		
38.18		0.545324		
38.19		0.545311		
38.2		0.545298		
38.21		0.545285		
38.22		0.545272		
38.23		0.545258		
38.24		0.545245		
38.25		0.545232		
38.26		0.545219		
38.27		0.545206		
38.28		0.545193		
38.29		0.54518		
38.3		0.545167		
38.31		0.545154		
38.32		0.545141		
38.33		0.545128		
38.34		0.545115		
38.35		0.545102		
38.36		0.545089		
38.37		0.545075		
38.38		0.545062		
38.39		0.545049		
38.4		0.545036		
38.41		0.545023		
38.42		0.54501		
38.43		0.544997		
38.44		0.544984		
38.45		0.544971		
38.46		0.544958		
38.47		0.544945		
38.48		0.544932		
38.49		0.544919		
38.5		0.544906		
38.51		0.544893		
38.52		0.54488		
38.53		0.544867		
38.54		0.544854		
38.55		0.544841		
38.56		0.544828		
38.57		0.544815		
38.58		0.544803		
38.59		0.54479		
38.6		0.544777		
38.61		0.544764		
38.62		0.544751		
38.63		0.544738		
38.64		0.544725		
38.65		0.544712		
38.66		0.544699		
38.67		0.544686		
38.68		0.544673		
38.69		0.54466		
38.7		0.544647		
38.71		0.544634		
38.72		0.544622		
38.73		0.544609		
38.74		0.544596		
38.75		0.544583		
38.76		0.54457		
38.77		0.544557		
38.78		0.544544		
38.79		0.544531		
38.8		0.544518		
38.81		0.544506		
38.82		0.544493		
38.83		0.54448		
38.84		0.544467		
38.85		0.544454		
38.86		0.544441		
38.87		0.544428		
38.88		0.544416		
38.89		0.544403		
38.9		0.54439		
38.91		0.544377		
38.92		0.544364		
38.93		0.544352		
38.94		0.544339		
38.95		0.544326		
38.96		0.544313		
38.97		0.5443		
38.98		0.544287		
38.99		0.544275		
39		0.544262		
39.01		0.544249		
39.02		0.544236		
39.03		0.544224		
39.04		0.544211		
39.05		0.544198		
39.06		0.544185		
39.07		0.544172		
39.08		0.54416		
39.09		0.544147		
39.1		0.544134		
39.11		0.544121		
39.12		0.544109		
39.13		0.544096		
39.14		0.544083		
39.15		0.544071		
39.16		0.544058		
39.17		0.544045		
39.18		0.544032		
39.19		0.54402		
39.2		0.544007		
39.21		0.543994		
39.22		0.543982		
39.23		0.543969		
39.24		0.543956		
39.25		0.543943		
39.26		0.543931		
39.27		0.543918		
39.28		0.543905		
39.29		0.543893		
39.3		0.54388		
39.31		0.543867		
39.32		0.543855		
39.33		0.543842		
39.34		0.543829		
39.35		0.543817		
39.36		0.543804		
39.37		0.543791		
39.38		0.543779		
39.39		0.543766		
39.4		0.543753		
39.41		0.543741		
39.42		0.543728		
39.43		0.543716		
39.44		0.543703		
39.45		0.54369		
39.46		0.543678		
39.47		0.543665		
39.48		0.543653		
39.49		0.54364		
39.5		0.543627		
39.51		0.543615		
39.52		0.543602		
39.53		0.54359		
39.54		0.543577		
39.55		0.543564		
39.56		0.543552		
39.57		0.543539		
39.58		0.543527		
39.59		0.543514		
39.6		0.543502		
39.61		0.543489		
39.62		0.543476		
39.63		0.543464		
39.64		0.543451		
39.65		0.543439		
39.66		0.543426		
39.67		0.543414		
39.68		0.543401		
39.69		0.543389		
39.7		0.543376		
39.71		0.543364		
39.72		0.543351		
39.73		0.543339		
39.74		0.543326		
39.75		0.543314		
39.76		0.543301		
39.77		0.543289		
39.78		0.543276		
39.79		0.543264		
39.8		0.543251		
39.81		0.543239		
39.82		0.543226		
39.83		0.543214		
39.84		0.543201		
39.85		0.543189		
39.86		0.543176		
39.87		0.543164		
39.88		0.543151		
39.89		0.543139		
39.9		0.543127		
39.91		0.543114		
39.92		0.543102		
39.93		0.543089		
39.94		0.543077		
39.95		0.543064		
39.96		0.543052		
39.97		0.54304		
39.98		0.543027		
39.99		0.543015		
40		0.543002		
40.01		0.54299		
40.02		0.542977		
40.03		0.542965		
40.04		0.542953		
40.05		0.54294		
40.06		0.542928		
40.07		0.542916		
40.08		0.542903		
40.09		0.542891		
40.1		0.542878		
40.11		0.542866		
40.12		0.542854		
40.13		0.542841		
40.14		0.542829		
40.15		0.542817		
40.16		0.542804		
40.17		0.542792		
40.18		0.54278		
40.19		0.542767		
40.2		0.542755		
40.21		0.542743		
40.22		0.54273		
40.23		0.542718		
40.24		0.542706		
40.25		0.542693		
40.26		0.542681		
40.27		0.542669		
40.28		0.542656		
40.29		0.542644		
40.3		0.542632		
40.31		0.542619		
40.32		0.542607		
40.33		0.542595		
40.34		0.542583		
40.35		0.54257		
40.36		0.542558		
40.37		0.542546		
40.38		0.542533		
40.39		0.542521		
40.4		0.542509		
40.41		0.542497		
40.42		0.542484		
40.43		0.542472		
40.44		0.54246		
40.45		0.542448		
40.46		0.542435		
40.47		0.542423		
40.48		0.542411		
40.49		0.542399		
40.5		0.542386		
40.51		0.542374		
40.52		0.542362		
40.53		0.54235		
40.54		0.542338		
40.55		0.542325		
40.56		0.542313		
40.57		0.542301		
40.58		0.542289		
40.59		0.542277		
40.6		0.542264		
40.61		0.542252		
40.62		0.54224		
40.63		0.542228		
40.64		0.542216		
40.65		0.542204		
40.66		0.542191		
40.67		0.542179		
40.68		0.542167		
40.69		0.542155		
40.7		0.542143		
40.71		0.542131		
40.72		0.542118		
40.73		0.542106		
40.74		0.542094		
40.75		0.542082		
40.76		0.54207		
40.77		0.542058		
40.78		0.542046		
40.79		0.542033		
40.8		0.542021		
40.81		0.542009		
40.82		0.541997		
40.83		0.541985		
40.84		0.541973		
40.85		0.541961		
40.86		0.541949		
40.87		0.541937		
40.88		0.541925		
40.89		0.541912		
40.9		0.5419		
40.91		0.541888		
40.92		0.541876		
40.93		0.541864		
40.94		0.541852		
40.95		0.54184		
40.96		0.541828		
40.97		0.541816		
40.98		0.541804		
40.99		0.541792		
41		0.54178		
41.01		0.541768		
41.02		0.541756		
41.03		0.541744		
41.04		0.541732		
41.05		0.54172		
41.06		0.541707		
41.07		0.541695		
41.08		0.541683		
41.09		0.541671		
41.1		0.541659		
41.11		0.541647		
41.12		0.541635		
41.13		0.541623		
41.14		0.541611		
41.15		0.541599		
41.16		0.541587		
41.17		0.541575		
41.18		0.541563		
41.19		0.541551		
41.2		0.541539		
41.21		0.541527		
41.22		0.541516		
41.23		0.541504		
41.24		0.541492		
41.25		0.54148		
41.26		0.541468		
41.27		0.541456		
41.28		0.541444		
41.29		0.541432		
41.3		0.54142		
41.31		0.541408		
41.32		0.541396		
41.33		0.541384		
41.34		0.541372		
41.35		0.54136		
41.36		0.541348		
41.37		0.541336		
41.38		0.541324		
41.39		0.541313		
41.4		0.541301		
41.41		0.541289		
41.42		0.541277		
41.43		0.541265		
41.44		0.541253		
41.45		0.541241		
41.46		0.541229		
41.47		0.541217		
41.48		0.541205		
41.49		0.541194		
41.5		0.541182		
41.51		0.54117		
41.52		0.541158		
41.53		0.541146		
41.54		0.541134		
41.55		0.541122		
41.56		0.541111		
41.57		0.541099		
41.58		0.541087		
41.59		0.541075		
41.6		0.541063		
41.61		0.541051		
41.62		0.541039		
41.63		0.541028		
41.64		0.541016		
41.65		0.541004		
41.66		0.540992		
41.67		0.54098		
41.68		0.540969		
41.69		0.540957		
41.7		0.540945		
41.71		0.540933		
41.72		0.540921		
41.73		0.540909		
41.74		0.540898		
41.75		0.540886		
41.76		0.540874		
41.77		0.540862		
41.78		0.540851		
41.79		0.540839		
41.8		0.540827		
41.81		0.540815		
41.82		0.540803		
41.83		0.540792		
41.84		0.54078		
41.85		0.540768		
41.86		0.540756		
41.87		0.540745		
41.88		0.540733		
41.89		0.540721		
41.9		0.540709		
41.91		0.540698		
41.92		0.540686		
41.93		0.540674		
41.94		0.540663		
41.95		0.540651		
41.96		0.540639		
41.97		0.540627		
41.98		0.540616		
41.99		0.540604		
42		0.540592		
42.01		0.540581		
42.02		0.540569		
42.03		0.540557		
42.04		0.540545		
42.05		0.540534		
42.06		0.540522		
42.07		0.54051		
42.08		0.540499		
42.09		0.540487		
42.1		0.540475		
42.11		0.540464		
42.12		0.540452		
42.13		0.54044		
42.14		0.540429		
42.15		0.540417		
42.16		0.540405		
42.17		0.540394		
42.18		0.540382		
42.19		0.54037		
42.2		0.540359		
42.21		0.540347		
42.22		0.540335		
42.23		0.540324		
42.24		0.540312		
42.25		0.540301		
42.26		0.540289		
42.27		0.540277		
42.28		0.540266		
42.29		0.540254		
42.3		0.540243		
42.31		0.540231		
42.32		0.540219		
42.33		0.540208		
42.34		0.540196		
42.35		0.540185		
42.36		0.540173		
42.37		0.540161		
42.38		0.54015		
42.39		0.540138		
42.4		0.540127		
42.41		0.540115		
42.42		0.540103		
42.43		0.540092		
42.44		0.54008		
42.45		0.540069		
42.46		0.540057		
42.47		0.540046		
42.48		0.540034		
42.49		0.540023		
42.5		0.540011		
42.51		0.539999		
42.52		0.539988		
42.53		0.539976		
42.54		0.539965		
42.55		0.539953		
42.56		0.539942		
42.57		0.53993		
42.58		0.539919		
42.59		0.539907		
42.6		0.539896		
42.61		0.539884		
42.62		0.539873		
42.63		0.539861		
42.64		0.53985		
42.65		0.539838		
42.66		0.539827		
42.67		0.539815		
42.68		0.539804		
42.69		0.539792		
42.7		0.539781		
42.71		0.539769		
42.72		0.539758		
42.73		0.539746		
42.74		0.539735		
42.75		0.539723		
42.76		0.539712		
42.77		0.539701		
42.78		0.539689		
42.79		0.539678		
42.8		0.539666		
42.81		0.539655		
42.82		0.539643		
42.83		0.539632		
42.84		0.53962		
42.85		0.539609		
42.86		0.539598		
42.87		0.539586		
42.88		0.539575		
42.89		0.539563		
42.9		0.539552		
42.91		0.539541		
42.92		0.539529		
42.93		0.539518		
42.94		0.539506		
42.95		0.539495		
42.96		0.539483		
42.97		0.539472		
42.98		0.539461		
42.99		0.539449		
43		0.539438		
43.01		0.539427		
43.02		0.539415		
43.03		0.539404		
43.04		0.539392		
43.05		0.539381		
43.06		0.53937		
43.07		0.539358		
43.08		0.539347		
43.09		0.539336		
43.1		0.539324		
43.11		0.539313		
43.12		0.539302		
43.13		0.53929		
43.14		0.539279		
43.15		0.539268		
43.16		0.539256		
43.17		0.539245		
43.18		0.539234		
43.19		0.539222		
43.2		0.539211		
43.21		0.5392		
43.22		0.539188		
43.23		0.539177		
43.24		0.539166		
43.25		0.539154		
43.26		0.539143		
43.27		0.539132		
43.28		0.53912		
43.29		0.539109		
43.3		0.539098		
43.31		0.539087		
43.32		0.539075		
43.33		0.539064		
43.34		0.539053		
43.35		0.539041		
43.36		0.53903		
43.37		0.539019		
43.38		0.539008		
43.39		0.538996		
43.4		0.538985		
43.41		0.538974		
43.42		0.538963		
43.43		0.538951		
43.44		0.53894		
43.45		0.538929		
43.46		0.538918		
43.47		0.538906		
43.48		0.538895		
43.49		0.538884		
43.5		0.538873		
43.51		0.538861		
43.52		0.53885		
43.53		0.538839		
43.54		0.538828		
43.55		0.538817		
43.56		0.538805		
43.57		0.538794		
43.58		0.538783		
43.59		0.538772		
43.6		0.538761		
43.61		0.538749		
43.62		0.538738		
43.63		0.538727		
43.64		0.538716		
43.65		0.538705		
43.66		0.538693		
43.67		0.538682		
43.68		0.538671		
43.69		0.53866		
43.7		0.538649		
43.71		0.538638		
43.72		0.538626		
43.73		0.538615		
43.74		0.538604		
43.75		0.538593		
43.76		0.538582		
43.77		0.538571		
43.78		0.53856		
43.79		0.538548		
43.8		0.538537		
43.81		0.538526		
43.82		0.538515		
43.83		0.538504		
43.84		0.538493		
43.85		0.538482		
43.86		0.538471		
43.87		0.538459		
43.88		0.538448		
43.89		0.538437		
43.9		0.538426		
43.91		0.538415		
43.92		0.538404		
43.93		0.538393		
43.94		0.538382		
43.95		0.538371		
43.96		0.538359		
43.97		0.538348		
43.98		0.538337		
43.99		0.538326		
44		0.538315		
44.01		0.538304		
44.02		0.538293		
44.03		0.538282		
44.04		0.538271		
44.05		0.53826		
44.06		0.538249		
44.07		0.538238		
44.08		0.538227		
44.09		0.538216		
44.1		0.538205		
44.11		0.538193		
44.12		0.538182		
44.13		0.538171		
44.14		0.53816		
44.15		0.538149		
44.16		0.538138		
44.17		0.538127		
44.18		0.538116		
44.19		0.538105		
44.2		0.538094		
44.21		0.538083		
44.22		0.538072		
44.23		0.538061		
44.24		0.53805		
44.25		0.538039		
44.26		0.538028		
44.27		0.538017		
44.28		0.538006		
44.29		0.537995		
44.3		0.537984		
44.31		0.537973		
44.32		0.537962		
44.33		0.537951		
44.34		0.53794		
44.35		0.537929		
44.36		0.537918		
44.37		0.537907		
44.38		0.537896		
44.39		0.537885		
44.4		0.537874		
44.41		0.537864		
44.42		0.537853		
44.43		0.537842		
44.44		0.537831		
44.45		0.53782		
44.46		0.537809		
44.47		0.537798		
44.48		0.537787		
44.49		0.537776		
44.5		0.537765		
44.51		0.537754		
44.52		0.537743		
44.53		0.537732		
44.54		0.537721		
44.55		0.53771		
44.56		0.5377		
44.57		0.537689		
44.58		0.537678		
44.59		0.537667		
44.6		0.537656		
44.61		0.537645		
44.62		0.537634		
44.63		0.537623		
44.64		0.537612		
44.65		0.537601		
44.66		0.537591		
44.67		0.53758		
44.68		0.537569		
44.69		0.537558		
44.7		0.537547		
44.71		0.537536		
44.72		0.537525		
44.73		0.537514		
44.74		0.537504		
44.75		0.537493		
44.76		0.537482		
44.77		0.537471		
44.78		0.53746		
44.79		0.537449		
44.8		0.537438		
44.81		0.537428		
44.82		0.537417		
44.83		0.537406		
44.84		0.537395		
44.85		0.537384		
44.86		0.537373		
44.87		0.537363		
44.88		0.537352		
44.89		0.537341		
44.9		0.53733		
44.91		0.537319		
44.92		0.537309		
44.93		0.537298		
44.94		0.537287		
44.95		0.537276		
44.96		0.537265		
44.97		0.537255		
44.98		0.537244		
44.99		0.537233		
45		0.537222		
45.01		0.537211		
45.02		0.537201		
45.03		0.53719		
45.04		0.537179		
45.05		0.537168		
45.06		0.537158		
45.07		0.537147		
45.08		0.537136		
45.09		0.537125		
45.1		0.537115		
45.11		0.537104		
45.12		0.537093		
45.13		0.537082		
45.14		0.537072		
45.15		0.537061		
45.16		0.53705		
45.17		0.537039		
45.18		0.537029		
45.19		0.537018		
45.2		0.537007		
45.21		0.536996		
45.22		0.536986		
45.23		0.536975		
45.24		0.536964		
45.25		0.536953		
45.26		0.536943		
45.27		0.536932		
45.28		0.536921		
45.29		0.536911		
45.3		0.5369		
45.31		0.536889		
45.32		0.536879		
45.33		0.536868		
45.34		0.536857		
45.35		0.536846		
45.36		0.536836		
45.37		0.536825		
45.38		0.536814		
45.39		0.536804		
45.4		0.536793		
45.41		0.536782		
45.42		0.536772		
45.43		0.536761		
45.44		0.53675		
45.45		0.53674		
45.46		0.536729		
45.47		0.536718		
45.48		0.536708		
45.49		0.536697		
45.5		0.536686		
45.51		0.536676		
45.52		0.536665		
45.53		0.536655		
45.54		0.536644		
45.55		0.536633		
45.56		0.536623		
45.57		0.536612		
45.58		0.536601		
45.59		0.536591		
45.6		0.53658		
45.61		0.53657		
45.62		0.536559		
45.63		0.536548		
45.64		0.536538		
45.65		0.536527		
45.66		0.536517		
45.67		0.536506		
45.68		0.536495		
45.69		0.536485		
45.7		0.536474		
45.71		0.536464		
45.72		0.536453		
45.73		0.536442		
45.74		0.536432		
45.75		0.536421		
45.76		0.536411		
45.77		0.5364		
45.78		0.53639		
45.79		0.536379		
45.8		0.536368		
45.81		0.536358		
45.82		0.536347		
45.83		0.536337		
45.84		0.536326		
45.85		0.536316		
45.86		0.536305		
45.87		0.536294		
45.88		0.536284		
45.89		0.536273		
45.9		0.536263		
45.91		0.536252		
45.92		0.536242		
45.93		0.536231		
45.94		0.536221		
45.95		0.53621		
45.96		0.5362		
45.97		0.536189		
45.98		0.536179		
45.99		0.536168		
46		0.536158		
46.01		0.536147		
46.02		0.536137		
46.03		0.536126		
46.04		0.536116		
46.05		0.536105		
46.06		0.536095		
46.07		0.536084		
46.08		0.536074		
46.09		0.536063		
46.1		0.536053		
46.11		0.536042		
46.12		0.536032		
46.13		0.536021		
46.14		0.536011		
46.15		0.536		
46.16		0.53599		
46.17		0.535979		
46.18		0.535969		
46.19		0.535958		
46.2		0.535948		
46.21		0.535938		
46.22		0.535927		
46.23		0.535917		
46.24		0.535906		
46.25		0.535896		
46.26		0.535885		
46.27		0.535875		
46.28		0.535864		
46.29		0.535854		
46.3		0.535844		
46.31		0.535833		
46.32		0.535823		
46.33		0.535812		
46.34		0.535802		
46.35		0.535791		
46.36		0.535781		
46.37		0.535771		
46.38		0.53576		
46.39		0.53575		
46.4		0.535739		
46.41		0.535729		
46.42		0.535719		
46.43		0.535708		
46.44		0.535698		
46.45		0.535687		
46.46		0.535677		
46.47		0.535667		
46.48		0.535656		
46.49		0.535646		
46.5		0.535636		
46.51		0.535625		
46.52		0.535615		
46.53		0.535604		
46.54		0.535594		
46.55		0.535584		
46.56		0.535573		
46.57		0.535563		
46.58		0.535553		
46.59		0.535542		
46.6		0.535532		
46.61		0.535522		
46.62		0.535511		
46.63		0.535501		
46.64		0.535491		
46.65		0.53548		
46.66		0.53547		
46.67		0.53546		
46.68		0.535449		
46.69		0.535439		
46.7		0.535429		
46.71		0.535418		
46.72		0.535408		
46.73		0.535398		
46.74		0.535387		
46.75		0.535377		
46.76		0.535367		
46.77		0.535356		
46.78		0.535346		
46.79		0.535336		
46.8		0.535325		
46.81		0.535315		
46.82		0.535305		
46.83		0.535295		
46.84		0.535284		
46.85		0.535274		
46.86		0.535264		
46.87		0.535253		
46.88		0.535243		
46.89		0.535233		
46.9		0.535223		
46.91		0.535212		
46.92		0.535202		
46.93		0.535192		
46.94		0.535182		
46.95		0.535171		
46.96		0.535161		
46.97		0.535151		
46.98		0.535141		
46.99		0.53513		
47		0.53512		
47.01		0.53511		
47.02		0.5351		
47.03		0.535089		
47.04		0.535079		
47.05		0.535069		
47.06		0.535059		
47.07		0.535048		
47.08		0.535038		
47.09		0.535028		
47.1		0.535018		
47.11		0.535007		
47.12		0.534997		
47.13		0.534987		
47.14		0.534977		
47.15		0.534967		
47.16		0.534956		
47.17		0.534946		
47.18		0.534936		
47.19		0.534926		
47.2		0.534916		
47.21		0.534905		
47.22		0.534895		
47.23		0.534885		
47.24		0.534875		
47.25		0.534865		
47.26		0.534855		
47.27		0.534844		
47.28		0.534834		
47.29		0.534824		
47.3		0.534814		
47.31		0.534804		
47.32		0.534793		
47.33		0.534783		
47.34		0.534773		
47.35		0.534763		
47.36		0.534753		
47.37		0.534743		
47.38		0.534733		
47.39		0.534722		
47.4		0.534712		
47.41		0.534702		
47.42		0.534692		
47.43		0.534682		
47.44		0.534672		
47.45		0.534662		
47.46		0.534651		
47.47		0.534641		
47.48		0.534631		
47.49		0.534621		
47.5		0.534611		
47.51		0.534601		
47.52		0.534591		
47.53		0.534581		
47.54		0.53457		
47.55		0.53456		
47.56		0.53455		
47.57		0.53454		
47.58		0.53453		
47.59		0.53452		
47.6		0.53451		
47.61		0.5345		
47.62		0.53449		
47.63		0.53448		
47.64		0.534469		
47.65		0.534459		
47.66		0.534449		
47.67		0.534439		
47.68		0.534429		
47.69		0.534419		
47.7		0.534409		
47.71		0.534399		
47.72		0.534389		
47.73		0.534379		
47.74		0.534369		
47.75		0.534359		
47.76		0.534349		
47.77		0.534339		
47.78		0.534329		
47.79		0.534319		
47.8		0.534308		
47.81		0.534298		
47.82		0.534288		
47.83		0.534278		
47.84		0.534268		
47.85		0.534258		
47.86		0.534248		
47.87		0.534238		
47.88		0.534228		
47.89		0.534218		
47.9		0.534208		
47.91		0.534198		
47.92		0.534188		
47.93		0.534178		
47.94		0.534168		
47.95		0.534158		
47.96		0.534148		
47.97		0.534138		
47.98		0.534128		
47.99		0.534118		
48		0.534108		
48.01		0.534098		
48.02		0.534088		
48.03		0.534078		
48.04		0.534068		
48.05		0.534058		
48.06		0.534048		
48.07		0.534038		
48.08		0.534028		
48.09		0.534018		
48.1		0.534008		
48.11		0.533998		
48.12		0.533988		
48.13		0.533978		
48.14		0.533968		
48.15		0.533958		
48.16		0.533948		
48.17		0.533938		
48.18		0.533929		
48.19		0.533919		
48.2		0.533909		
48.21		0.533899		
48.22		0.533889		
48.23		0.533879		
48.24		0.533869		
48.25		0.533859		
48.26		0.533849		
48.27		0.533839		
48.28		0.533829		
48.29		0.533819		
48.3		0.533809		
48.31		0.533799		
48.32		0.533789		
48.33		0.53378		
48.34		0.53377		
48.35		0.53376		
48.36		0.53375		
48.37		0.53374		
48.38		0.53373		
48.39		0.53372		
48.4		0.53371		
48.41		0.5337		
48.42		0.53369		
48.43		0.53368		
48.44		0.533671		
48.45		0.533661		
48.46		0.533651		
48.47		0.533641		
48.48		0.533631		
48.49		0.533621		
48.5		0.533611		
48.51		0.533601		
48.52		0.533592		
48.53		0.533582		
48.54		0.533572		
48.55		0.533562		
48.56		0.533552		
48.57		0.533542		
48.58		0.533532		
48.59		0.533523		
48.6		0.533513		
48.61		0.533503		
48.62		0.533493		
48.63		0.533483		
48.64		0.533473		
48.65		0.533463		
48.66		0.533454		
48.67		0.533444		
48.68		0.533434		
48.69		0.533424		
48.7		0.533414		
48.71		0.533404		
48.72		0.533395		
48.73		0.533385		
48.74		0.533375		
48.75		0.533365		
48.76		0.533355		
48.77		0.533346		
48.78		0.533336		
48.79		0.533326		
48.8		0.533316		
48.81		0.533306		
48.82		0.533296		
48.83		0.533287		
48.84		0.533277		
48.85		0.533267		
48.86		0.533257		
48.87		0.533248		
48.88		0.533238		
48.89		0.533228		
48.9		0.533218		
48.91		0.533208		
48.92		0.533199		
48.93		0.533189		
48.94		0.533179		
48.95		0.533169		
48.96		0.53316		
48.97		0.53315		
48.98		0.53314		
48.99		0.53313		
49		0.53312		
49.01		0.533111		
49.02		0.533101		
49.03		0.533091		
49.04		0.533081		
49.05		0.533072		
49.06		0.533062		
49.07		0.533052		
49.08		0.533042		
49.09		0.533033		
49.1		0.533023		
49.11		0.533013		
49.12		0.533004		
49.13		0.532994		
49.14		0.532984		
49.15		0.532974		
49.16		0.532965		
49.17		0.532955		
49.18		0.532945		
49.19		0.532935		
49.2		0.532926		
49.21		0.532916		
49.22		0.532906		
49.23		0.532897		
49.24		0.532887		
49.25		0.532877		
49.26		0.532868		
49.27		0.532858		
49.28		0.532848		
49.29		0.532838		
49.3		0.532829		
49.31		0.532819		
49.32		0.532809		
49.33		0.5328		
49.34		0.53279		
49.35		0.53278		
49.36		0.532771		
49.37		0.532761		
49.38		0.532751		
49.39		0.532742		
49.4		0.532732		
49.41		0.532722		
49.42		0.532713		
49.43		0.532703		
49.44		0.532693		
49.45		0.532684		
49.46		0.532674		
49.47		0.532664		
49.48		0.532655		
49.49		0.532645		
49.5		0.532635		
49.51		0.532626		
49.52		0.532616		
49.53		0.532607		
49.54		0.532597		
49.55		0.532587		
49.56		0.532578		
49.57		0.532568		
49.58		0.532558		
49.59		0.532549		
49.6		0.532539		
49.61		0.53253		
49.62		0.53252		
49.63		0.53251		
49.64		0.532501		
49.65		0.532491		
49.66		0.532481		
49.67		0.532472		
49.68		0.532462		
49.69		0.532453		
49.7		0.532443		
49.71		0.532433		
49.72		0.532424		
49.73		0.532414		
49.74		0.532405		
49.75		0.532395		
49.76		0.532386		
49.77		0.532376		
49.78		0.532366		
49.79		0.532357		
49.8		0.532347		
49.81		0.532338		
49.82		0.532328		
49.83		0.532318		
49.84		0.532309		
49.85		0.532299		
49.86		0.53229		
49.87		0.53228		
49.88		0.532271		
49.89		0.532261		
49.9		0.532252		
49.91		0.532242		
49.92		0.532232		
49.93		0.532223		
49.94		0.532213		
49.95		0.532204		
49.96		0.532194		
49.97		0.532185		
49.98		0.532175		
49.99		0.532166		
50		0.532156		
