tau [fm]		tau_pi
0.25		0.84032
0.26		0.839885		
0.27		0.83942		
0.28		0.838966		
0.29		0.838522		
0.3		0.838087		
0.31		0.83766		
0.32		0.837241		
0.33		0.836827		
0.34		0.83642		
0.35		0.836018		
0.36		0.835622		
0.37		0.83523		
0.38		0.834843		
0.39		0.83446		
0.4		0.834082		
0.41		0.833707		
0.42		0.833337		
0.43		0.832971		
0.44		0.832609		
0.45		0.83225		
0.46		0.831896		
0.47		0.831545		
0.48		0.831198		
0.49		0.830855		
0.5		0.830516		
0.51		0.830181		
0.52		0.829849		
0.53		0.829522		
0.54		0.829198		
0.55		0.828878		
0.56		0.828562		
0.57		0.828249		
0.58		0.827941		
0.59		0.827636		
0.6		0.827335		
0.61		0.827038		
0.62		0.826745		
0.63		0.826455		
0.64		0.826169		
0.65		0.825886		
0.66		0.825608		
0.67		0.825333		
0.68		0.825061		
0.69		0.824793		
0.7		0.824529		
0.71		0.824268		
0.72		0.82401		
0.73		0.823756		
0.74		0.823506		
0.75		0.823258		
0.76		0.823014		
0.77		0.822774		
0.78		0.822536		
0.79		0.822302		
0.8		0.82207		
0.81		0.821842		
0.82		0.821617		
0.83		0.821395		
0.84		0.821175		
0.85		0.820959		
0.86		0.820745		
0.87		0.820535		
0.88		0.820327		
0.89		0.820122		
0.9		0.819919		
0.91		0.819719		
0.92		0.819522		
0.93		0.819327		
0.94		0.819134		
0.95		0.818944		
0.96		0.818757		
0.97		0.818571		
0.98		0.818388		
0.99		0.818207		
1		0.818029		
1.01		0.817853		
1.02		0.817678		
1.03		0.817506		
1.04		0.817336		
1.05		0.817168		
1.06		0.817002		
1.07		0.816837		
1.08		0.816675		
1.09		0.816514		
1.1		0.816355		
1.11		0.816198		
1.12		0.816043		
1.13		0.81589		
1.14		0.815738		
1.15		0.815587		
1.16		0.815438		
1.17		0.815291		
1.18		0.815145		
1.19		0.815001		
1.2		0.814858		
1.21		0.814717		
1.22		0.814577		
1.23		0.814438		
1.24		0.814301		
1.25		0.814164		
1.26		0.81403		
1.27		0.813896		
1.28		0.813764		
1.29		0.813632		
1.3		0.813502		
1.31		0.813373		
1.32		0.813245		
1.33		0.813118		
1.34		0.812993		
1.35		0.812868		
1.36		0.812744		
1.37		0.812621		
1.38		0.812499		
1.39		0.812378		
1.4		0.812258		
1.41		0.812139		
1.42		0.812021		
1.43		0.811903		
1.44		0.811787		
1.45		0.811671		
1.46		0.811556		
1.47		0.811441		
1.48		0.811328		
1.49		0.811215		
1.5		0.811103		
1.51		0.810992		
1.52		0.810881		
1.53		0.810771		
1.54		0.810661		
1.55		0.810552		
1.56		0.810444		
1.57		0.810336		
1.58		0.810229		
1.59		0.810123		
1.6		0.810017		
1.61		0.809912		
1.62		0.809807		
1.63		0.809702		
1.64		0.809599		
1.65		0.809495		
1.66		0.809392		
1.67		0.80929		
1.68		0.809188		
1.69		0.809086		
1.7		0.808985		
1.71		0.808885		
1.72		0.808784		
1.73		0.808685		
1.74		0.808585		
1.75		0.808486		
1.76		0.808387		
1.77		0.808289		
1.78		0.808191		
1.79		0.808094		
1.8		0.807996		
1.81		0.807899		
1.82		0.807803		
1.83		0.807707		
1.84		0.807611		
1.85		0.807515		
1.86		0.80742		
1.87		0.807325		
1.88		0.80723		
1.89		0.807135		
1.9		0.807041		
1.91		0.806947		
1.92		0.806853		
1.93		0.80676		
1.94		0.806667		
1.95		0.806574		
1.96		0.806481		
1.97		0.806389		
1.98		0.806296		
1.99		0.806204		
2		0.806113		
2.01		0.806021		
2.02		0.80593		
2.03		0.805838		
2.04		0.805747		
2.05		0.805657		
2.06		0.805566		
2.07		0.805476		
2.08		0.805386		
2.09		0.805296		
2.1		0.805206		
2.11		0.805116		
2.12		0.805027		
2.13		0.804938		
2.14		0.804849		
2.15		0.80476		
2.16		0.804671		
2.17		0.804582		
2.18		0.804494		
2.19		0.804406		
2.2		0.804318		
2.21		0.80423		
2.22		0.804142		
2.23		0.804054		
2.24		0.803967		
2.25		0.80388		
2.26		0.803792		
2.27		0.803705		
2.28		0.803619		
2.29		0.803532		
2.3		0.803445		
2.31		0.803359		
2.32		0.803272		
2.33		0.803186		
2.34		0.8031		
2.35		0.803014		
2.36		0.802929		
2.37		0.802843		
2.38		0.802758		
2.39		0.802672		
2.4		0.802587		
2.41		0.802502		
2.42		0.802417		
2.43		0.802332		
2.44		0.802247		
2.45		0.802163		
2.46		0.802078		
2.47		0.801994		
2.48		0.80191		
2.49		0.801826		
2.5		0.801742		
2.51		0.801658		
2.52		0.801574		
2.53		0.801491		
2.54		0.801407		
2.55		0.801324		
2.56		0.801241		
2.57		0.801158		
2.58		0.801075		
2.59		0.800992		
2.6		0.800909		
2.61		0.800827		
2.62		0.800744		
2.63		0.800662		
2.64		0.80058		
2.65		0.800498		
2.66		0.800416		
2.67		0.800334		
2.68		0.800252		
2.69		0.800171		
2.7		0.800089		
2.71		0.800008		
2.72		0.799927		
2.73		0.799846		
2.74		0.799765		
2.75		0.799684		
2.76		0.799603		
2.77		0.799523		
2.78		0.799442		
2.79		0.799362		
2.8		0.799282		
2.81		0.799202		
2.82		0.799122		
2.83		0.799042		
2.84		0.798962		
2.85		0.798883		
2.86		0.798803		
2.87		0.798724		
2.88		0.798645		
2.89		0.798566		
2.9		0.798487		
2.91		0.798408		
2.92		0.798329		
2.93		0.798251		
2.94		0.798173		
2.95		0.798094		
2.96		0.798016		
2.97		0.797938		
2.98		0.79786		
2.99		0.797783		
3		0.797705		
3.01		0.797628		
3.02		0.79755		
3.03		0.797473		
3.04		0.797396		
3.05		0.797319		
3.06		0.797243		
3.07		0.797166		
3.08		0.797089		
3.09		0.797013		
3.1		0.796937		
3.11		0.796861		
3.12		0.796785		
3.13		0.796709		
3.14		0.796633		
3.15		0.796558		
3.16		0.796483		
3.17		0.796407		
3.18		0.796332		
3.19		0.796257		
3.2		0.796183		
3.21		0.796108		
3.22		0.796033		
3.23		0.795959		
3.24		0.795885		
3.25		0.795811		
3.26		0.795737		
3.27		0.795663		
3.28		0.79559		
3.29		0.795516		
3.3		0.795443		
3.31		0.79537		
3.32		0.795296		
3.33		0.795224		
3.34		0.795151		
3.35		0.795078		
3.36		0.795006		
3.37		0.794934		
3.38		0.794861		
3.39		0.794789		
3.4		0.794718		
3.41		0.794646		
3.42		0.794574		
3.43		0.794503		
3.44		0.794432		
3.45		0.794361		
3.46		0.79429		
3.47		0.794219		
3.48		0.794148		
3.49		0.794078		
3.5		0.794008		
3.51		0.793937		
3.52		0.793867		
3.53		0.793798		
3.54		0.793728		
3.55		0.793658		
3.56		0.793589		
3.57		0.79352		
3.58		0.793451		
3.59		0.793382		
3.6		0.793313		
3.61		0.793244		
3.62		0.793176		
3.63		0.793108		
3.64		0.79304		
3.65		0.792972		
3.66		0.792904		
3.67		0.792836		
3.68		0.792769		
3.69		0.792701		
3.7		0.792634		
3.71		0.792567		
3.72		0.7925		
3.73		0.792433		
3.74		0.792367		
3.75		0.792301		
3.76		0.792234		
3.77		0.792168		
3.78		0.792102		
3.79		0.792037		
3.8		0.791971		
3.81		0.791906		
3.82		0.79184		
3.83		0.791775		
3.84		0.79171		
3.85		0.791646		
3.86		0.791581		
3.87		0.791517		
3.88		0.791452		
3.89		0.791388		
3.9		0.791324		
3.91		0.79126		
3.92		0.791197		
3.93		0.791133		
3.94		0.79107		
3.95		0.791007		
3.96		0.790944		
3.97		0.790881		
3.98		0.790818		
3.99		0.790756		
4		0.790693		
4.01		0.790631		
4.02		0.790569		
4.03		0.790507		
4.04		0.790446		
4.05		0.790384		
4.06		0.790323		
4.07		0.790261		
4.08		0.7902		
4.09		0.790139		
4.1		0.790079		
4.11		0.790018		
4.12		0.789958		
4.13		0.789897		
4.14		0.789837		
4.15		0.789777		
4.16		0.789718		
4.17		0.789658		
4.18		0.789599		
4.19		0.789539		
4.2		0.78948		
4.21		0.789421		
4.22		0.789362		
4.23		0.789304		
4.24		0.789245		
4.25		0.789187		
4.26		0.789129		
4.27		0.789071		
4.28		0.789013		
4.29		0.788955		
4.3		0.788898		
4.31		0.78884		
4.32		0.788783		
4.33		0.788726		
4.34		0.788669		
4.35		0.788613		
4.36		0.788556		
4.37		0.7885		
4.38		0.788443		
4.39		0.788387		
4.4		0.788331		
4.41		0.788276		
4.42		0.78822		
4.43		0.788165		
4.44		0.788109		
4.45		0.788054		
4.46		0.787999		
4.47		0.787944		
4.48		0.78789		
4.49		0.787835		
4.5		0.787781		
4.51		0.787727		
4.52		0.787673		
4.53		0.787619		
4.54		0.787565		
4.55		0.787512		
4.56		0.787458		
4.57		0.787405		
4.58		0.787352		
4.59		0.787299		
4.6		0.787246		
4.61		0.787193		
4.62		0.787141		
4.63		0.787089		
4.64		0.787037		
4.65		0.786985		
4.66		0.786933		
4.67		0.786881		
4.68		0.786829		
4.69		0.786778		
4.7		0.786727		
4.71		0.786676		
4.72		0.786625		
4.73		0.786574		
4.74		0.786523		
4.75		0.786473		
4.76		0.786422		
4.77		0.786372		
4.78		0.786322		
4.79		0.786272		
4.8		0.786223		
4.81		0.786173		
4.82		0.786124		
4.83		0.786074		
4.84		0.786025		
4.85		0.785976		
4.86		0.785927		
4.87		0.785879		
4.88		0.78583		
4.89		0.785782		
4.9		0.785733		
4.91		0.785685		
4.92		0.785637		
4.93		0.785589		
4.94		0.785542		
4.95		0.785494		
4.96		0.785447		
4.97		0.7854		
4.98		0.785352		
4.99		0.785306		
5		0.785259		
5.01		0.785212		
5.02		0.785166		
5.03		0.785119		
5.04		0.785073		
5.05		0.785027		
5.06		0.784981		
5.07		0.784935		
5.08		0.784889		
5.09		0.784844		
5.1		0.784798		
5.11		0.784753		
5.12		0.784708		
5.13		0.784663		
5.14		0.784618		
5.15		0.784574		
5.16		0.784529		
5.17		0.784485		
5.18		0.78444		
5.19		0.784396		
5.2		0.784352		
5.21		0.784308		
5.22		0.784265		
5.23		0.784221		
5.24		0.784178		
5.25		0.784134		
5.26		0.784091		
5.27		0.784048		
5.28		0.784005		
5.29		0.783962		
5.3		0.78392		
5.31		0.783877		
5.32		0.783835		
5.33		0.783792		
5.34		0.78375		
5.35		0.783708		
5.36		0.783667		
5.37		0.783625		
5.38		0.783583		
5.39		0.783542		
5.4		0.7835		
5.41		0.783459		
5.42		0.783418		
5.43		0.783377		
5.44		0.783336		
5.45		0.783296		
5.46		0.783255		
5.47		0.783215		
5.48		0.783174		
5.49		0.783134		
5.5		0.783094		
5.51		0.783054		
5.52		0.783014		
5.53		0.782975		
5.54		0.782935		
5.55		0.782896		
5.56		0.782856		
5.57		0.782817		
5.58		0.782778		
5.59		0.782739		
5.6		0.7827		
5.61		0.782662		
5.62		0.782623		
5.63		0.782585		
5.64		0.782546		
5.65		0.782508		
5.66		0.78247		
5.67		0.782432		
5.68		0.782394		
5.69		0.782356		
5.7		0.782319		
5.71		0.782281		
5.72		0.782244		
5.73		0.782207		
5.74		0.782169		
5.75		0.782132		
5.76		0.782096		
5.77		0.782059		
5.78		0.782022		
5.79		0.781986		
5.8		0.781949		
5.81		0.781913		
5.82		0.781877		
5.83		0.78184		
5.84		0.781804		
5.85		0.781769		
5.86		0.781733		
5.87		0.781697		
5.88		0.781662		
5.89		0.781626		
5.9		0.781591		
5.91		0.781556		
5.92		0.781521		
5.93		0.781486		
5.94		0.781451		
5.95		0.781416		
5.96		0.781381		
5.97		0.781347		
5.98		0.781312		
5.99		0.781278		
6		0.781244		
6.01		0.78121		
6.02		0.781176		
6.03		0.781142		
6.04		0.781108		
6.05		0.781074		
6.06		0.781041		
6.07		0.781007		
6.08		0.780974		
6.09		0.78094		
6.1		0.780907		
6.11		0.780874		
6.12		0.780841		
6.13		0.780808		
6.14		0.780776		
6.15		0.780743		
6.16		0.78071		
6.17		0.780678		
6.18		0.780646		
6.19		0.780613		
6.2		0.780581		
6.21		0.780549		
6.22		0.780517		
6.23		0.780485		
6.24		0.780454		
6.25		0.780422		
6.26		0.78039		
6.27		0.780359		
6.28		0.780327		
6.29		0.780296		
6.3		0.780265		
6.31		0.780234		
6.32		0.780203		
6.33		0.780172		
6.34		0.780141		
6.35		0.780111		
6.36		0.78008		
6.37		0.78005		
6.38		0.780019		
6.39		0.779989		
6.4		0.779959		
6.41		0.779928		
6.42		0.779898		
6.43		0.779868		
6.44		0.779839		
6.45		0.779809		
6.46		0.779779		
6.47		0.77975		
6.48		0.77972		
6.49		0.779691		
6.5		0.779661		
6.51		0.779632		
6.52		0.779603		
6.53		0.779574		
6.54		0.779545		
6.55		0.779516		
6.56		0.779487		
6.57		0.779459		
6.58		0.77943		
6.59		0.779401		
6.6		0.779373		
6.61		0.779345		
6.62		0.779316		
6.63		0.779288		
6.64		0.77926		
6.65		0.779232		
6.66		0.779204		
6.67		0.779176		
6.68		0.779149		
6.69		0.779121		
6.7		0.779093		
6.71		0.779066		
6.72		0.779038		
6.73		0.779011		
6.74		0.778984		
6.75		0.778957		
6.76		0.778929		
6.77		0.778902		
6.78		0.778875		
6.79		0.778849		
6.8		0.778822		
6.81		0.778795		
6.82		0.778768		
6.83		0.778742		
6.84		0.778715		
6.85		0.778689		
6.86		0.778663		
6.87		0.778636		
6.88		0.77861		
6.89		0.778584		
6.9		0.778558		
6.91		0.778532		
6.92		0.778506		
6.93		0.778481		
6.94		0.778455		
6.95		0.778429		
6.96		0.778404		
6.97		0.778378		
6.98		0.778353		
6.99		0.778327		
7		0.778302		
7.01		0.778277		
7.02		0.778252		
7.03		0.778227		
7.04		0.778202		
7.05		0.778177		
7.06		0.778152		
7.07		0.778127		
7.08		0.778103		
7.09		0.778078		
7.1		0.778053		
7.11		0.778029		
7.12		0.778005		
7.13		0.77798		
7.14		0.777956		
7.15		0.777932		
7.16		0.777908		
7.17		0.777884		
7.18		0.77786		
7.19		0.777836		
7.2		0.777812		
7.21		0.777788		
7.22		0.777764		
7.23		0.777741		
7.24		0.777717		
7.25		0.777693		
7.26		0.77767		
7.27		0.777647		
7.28		0.777623		
7.29		0.7776		
7.3		0.777577		
7.31		0.777554		
7.32		0.77753		
7.33		0.777507		
7.34		0.777485		
7.35		0.777462		
7.36		0.777439		
7.37		0.777416		
7.38		0.777393		
7.39		0.777371		
7.4		0.777348		
7.41		0.777326		
7.42		0.777303		
7.43		0.777281		
7.44		0.777258		
7.45		0.777236		
7.46		0.777214		
7.47		0.777192		
7.48		0.77717		
7.49		0.777148		
7.5		0.777126		
7.51		0.777104		
7.52		0.777082		
7.53		0.77706		
7.54		0.777038		
7.55		0.777017		
7.56		0.776995		
7.57		0.776973		
7.58		0.776952		
7.59		0.77693		
7.6		0.776909		
7.61		0.776888		
7.62		0.776866		
7.63		0.776845		
7.64		0.776824		
7.65		0.776803		
7.66		0.776782		
7.67		0.776761		
7.68		0.77674		
7.69		0.776719		
7.7		0.776698		
7.71		0.776677		
7.72		0.776656		
7.73		0.776636		
7.74		0.776615		
7.75		0.776594		
7.76		0.776574		
7.77		0.776553		
7.78		0.776533		
7.79		0.776513		
7.8		0.776492		
7.81		0.776472		
7.82		0.776452		
7.83		0.776432		
7.84		0.776411		
7.85		0.776391		
7.86		0.776371		
7.87		0.776351		
7.88		0.776331		
7.89		0.776312		
7.9		0.776292		
7.91		0.776272		
7.92		0.776252		
7.93		0.776233		
7.94		0.776213		
7.95		0.776193		
7.96		0.776174		
7.97		0.776154		
7.98		0.776135		
7.99		0.776115		
8		0.776096		
8.01		0.776077		
8.02		0.776058		
8.03		0.776038		
8.04		0.776019		
8.05		0.776		
8.06		0.775981		
8.07		0.775962		
8.08		0.775943		
8.09		0.775924		
8.1		0.775905		
8.11		0.775886		
8.12		0.775867		
8.13		0.775849		
8.14		0.77583		
8.15		0.775811		
8.16		0.775793		
8.17		0.775774		
8.18		0.775756		
8.19		0.775737		
8.2		0.775719		
8.21		0.7757		
8.22		0.775682		
8.23		0.775663		
8.24		0.775645		
8.25		0.775627		
8.26		0.775609		
8.27		0.775591		
8.28		0.775572		
8.29		0.775554		
8.3		0.775536		
8.31		0.775518		
8.32		0.7755		
8.33		0.775482		
8.34		0.775465		
8.35		0.775447		
8.36		0.775429		
8.37		0.775411		
8.38		0.775393		
8.39		0.775376		
8.4		0.775358		
8.41		0.77534		
8.42		0.775323		
8.43		0.775305		
8.44		0.775288		
8.45		0.77527		
8.46		0.775253		
8.47		0.775236		
8.48		0.775218		
8.49		0.775201		
8.5		0.775184		
8.51		0.775166		
8.52		0.775149		
8.53		0.775132		
8.54		0.775115		
8.55		0.775098		
8.56		0.775081		
8.57		0.775064		
8.58		0.775047		
8.59		0.77503		
8.6		0.775013		
8.61		0.774996		
8.62		0.774979		
8.63		0.774963		
8.64		0.774946		
8.65		0.774929		
8.66		0.774912		
8.67		0.774896		
8.68		0.774879		
8.69		0.774862		
8.7		0.774846		
8.71		0.774829		
8.72		0.774813		
8.73		0.774796		
8.74		0.77478		
8.75		0.774764		
8.76		0.774747		
8.77		0.774731		
8.78		0.774715		
8.79		0.774698		
8.8		0.774682		
8.81		0.774666		
8.82		0.77465		
8.83		0.774634		
8.84		0.774618		
8.85		0.774601		
8.86		0.774585		
8.87		0.774569		
8.88		0.774553		
8.89		0.774537		
8.9		0.774522		
8.91		0.774506		
8.92		0.77449		
8.93		0.774474		
8.94		0.774458		
8.95		0.774442		
8.96		0.774427		
8.97		0.774411		
8.98		0.774395		
8.99		0.77438		
9		0.774364		
9.01		0.774348		
9.02		0.774333		
9.03		0.774317		
9.04		0.774302		
9.05		0.774286		
9.06		0.774271		
9.07		0.774255		
9.08		0.77424		
9.09		0.774225		
9.1		0.774209		
9.11		0.774194		
9.12		0.774179		
9.13		0.774163		
9.14		0.774148		
9.15		0.774133		
9.16		0.774118		
9.17		0.774103		
9.18		0.774088		
9.19		0.774072		
9.2		0.774057		
9.21		0.774042		
9.22		0.774027		
9.23		0.774012		
9.24		0.773997		
9.25		0.773982		
9.26		0.773968		
9.27		0.773953		
9.28		0.773938		
9.29		0.773923		
9.3		0.773908		
9.31		0.773893		
9.32		0.773879		
9.33		0.773864		
9.34		0.773849		
9.35		0.773834		
9.36		0.77382		
9.37		0.773805		
9.38		0.77379		
9.39		0.773776		
9.4		0.773761		
9.41		0.773747		
9.42		0.773732		
9.43		0.773718		
9.44		0.773703		
9.45		0.773689		
9.46		0.773674		
9.47		0.77366		
9.48		0.773646		
9.49		0.773631		
9.5		0.773617		
9.51		0.773603		
9.52		0.773588		
9.53		0.773574		
9.54		0.77356		
9.55		0.773546		
9.56		0.773531		
9.57		0.773517		
9.58		0.773503		
9.59		0.773489		
9.6		0.773475		
9.61		0.773461		
9.62		0.773447		
9.63		0.773433		
9.64		0.773419		
9.65		0.773405		
9.66		0.773391		
9.67		0.773377		
9.68		0.773363		
9.69		0.773349		
9.7		0.773335		
9.71		0.773321		
9.72		0.773307		
9.73		0.773293		
9.74		0.77328		
9.75		0.773266		
9.76		0.773252		
9.77		0.773238		
9.78		0.773224		
9.79		0.773211		
9.8		0.773197		
9.81		0.773183		
9.82		0.77317		
9.83		0.773156		
9.84		0.773142		
9.85		0.773129		
9.86		0.773115		
9.87		0.773102		
9.88		0.773088		
9.89		0.773075		
9.9		0.773061		
9.91		0.773048		
9.92		0.773034		
9.93		0.773021		
9.94		0.773007		
9.95		0.772994		
9.96		0.772981		
9.97		0.772967		
9.98		0.772954		
9.99		0.77294		
10		0.772927		
10.01		0.772914		
10.02		0.772901		
10.03		0.772887		
10.04		0.772874		
10.05		0.772861		
10.06		0.772848		
10.07		0.772834		
10.08		0.772821		
10.09		0.772808		
10.1		0.772795		
10.11		0.772782		
10.12		0.772769		
10.13		0.772756		
10.14		0.772743		
10.15		0.77273		
10.16		0.772716		
10.17		0.772703		
10.18		0.77269		
10.19		0.772677		
10.2		0.772664		
10.21		0.772652		
10.22		0.772639		
10.23		0.772626		
10.24		0.772613		
10.25		0.7726		
10.26		0.772587		
10.27		0.772574		
10.28		0.772561		
10.29		0.772548		
10.3		0.772536		
10.31		0.772523		
10.32		0.77251		
10.33		0.772497		
10.34		0.772485		
10.35		0.772472		
10.36		0.772459		
10.37		0.772446		
10.38		0.772434		
10.39		0.772421		
10.4		0.772408		
10.41		0.772396		
10.42		0.772383		
10.43		0.772371		
10.44		0.772358		
10.45		0.772345		
10.46		0.772333		
10.47		0.77232		
10.48		0.772308		
10.49		0.772295		
10.5		0.772283		
10.51		0.77227		
10.52		0.772258		
10.53		0.772245		
10.54		0.772233		
10.55		0.77222		
10.56		0.772208		
10.57		0.772195		
10.58		0.772183		
10.59		0.772171		
10.6		0.772158		
10.61		0.772146		
10.62		0.772134		
10.63		0.772121		
10.64		0.772109		
10.65		0.772097		
10.66		0.772084		
10.67		0.772072		
10.68		0.77206		
10.69		0.772048		
10.7		0.772035		
10.71		0.772023		
10.72		0.772011		
10.73		0.771999		
10.74		0.771987		
10.75		0.771974		
10.76		0.771962		
10.77		0.77195		
10.78		0.771938		
10.79		0.771926		
10.8		0.771914		
10.81		0.771902		
10.82		0.77189		
10.83		0.771878		
10.84		0.771866		
10.85		0.771854		
10.86		0.771842		
10.87		0.77183		
10.88		0.771818		
10.89		0.771806		
10.9		0.771794		
10.91		0.771782		
10.92		0.77177		
10.93		0.771758		
10.94		0.771746		
10.95		0.771734		
10.96		0.771722		
10.97		0.77171		
10.98		0.771698		
10.99		0.771686		
11		0.771674		
11.01		0.771663		
11.02		0.771651		
11.03		0.771639		
11.04		0.771627		
11.05		0.771615		
11.06		0.771604		
11.07		0.771592		
11.08		0.77158		
11.09		0.771568		
11.1		0.771557		
11.11		0.771545		
11.12		0.771533		
11.13		0.771521		
11.14		0.77151		
11.15		0.771498		
11.16		0.771486		
11.17		0.771475		
11.18		0.771463		
11.19		0.771451		
11.2		0.77144		
11.21		0.771428		
11.22		0.771417		
11.23		0.771405		
11.24		0.771393		
11.25		0.771382		
11.26		0.77137		
11.27		0.771359		
11.28		0.771347		
11.29		0.771336		
11.3		0.771324		
11.31		0.771313		
11.32		0.771301		
11.33		0.77129		
11.34		0.771278		
11.35		0.771267		
11.36		0.771255		
11.37		0.771244		
11.38		0.771232		
11.39		0.771221		
11.4		0.77121		
11.41		0.771198		
11.42		0.771187		
11.43		0.771176		
11.44		0.771164		
11.45		0.771153		
11.46		0.771141		
11.47		0.77113		
11.48		0.771119		
11.49		0.771107		
11.5		0.771096		
11.51		0.771085		
11.52		0.771074		
11.53		0.771062		
11.54		0.771051		
11.55		0.77104		
11.56		0.771029		
11.57		0.771017		
11.58		0.771006		
11.59		0.770995		
11.6		0.770984		
11.61		0.770972		
11.62		0.770961		
11.63		0.77095		
11.64		0.770939		
11.65		0.770928		
11.66		0.770917		
11.67		0.770905		
11.68		0.770894		
11.69		0.770883		
11.7		0.770872		
11.71		0.770861		
11.72		0.77085		
11.73		0.770839		
11.74		0.770828		
11.75		0.770817		
11.76		0.770806		
11.77		0.770795		
11.78		0.770784		
11.79		0.770773		
11.8		0.770762		
11.81		0.770751		
11.82		0.77074		
11.83		0.770729		
11.84		0.770718		
11.85		0.770707		
11.86		0.770696		
11.87		0.770685		
11.88		0.770674		
11.89		0.770663		
11.9		0.770652		
11.91		0.770641		
11.92		0.77063		
11.93		0.770619		
11.94		0.770608		
11.95		0.770597		
11.96		0.770587		
11.97		0.770576		
11.98		0.770565		
11.99		0.770554		
12		0.770543		
12.01		0.770532		
12.02		0.770522		
12.03		0.770511		
12.04		0.7705		
12.05		0.770489		
12.06		0.770478		
12.07		0.770468		
12.08		0.770457		
12.09		0.770446		
12.1		0.770435		
12.11		0.770425		
12.12		0.770414		
12.13		0.770403		
12.14		0.770392		
12.15		0.770382		
12.16		0.770371		
12.17		0.77036		
12.18		0.77035		
12.19		0.770339		
12.2		0.770328		
12.21		0.770318		
12.22		0.770307		
12.23		0.770296		
12.24		0.770286		
12.25		0.770275		
12.26		0.770265		
12.27		0.770254		
12.28		0.770243		
12.29		0.770233		
12.3		0.770222		
12.31		0.770212		
12.32		0.770201		
12.33		0.770191		
12.34		0.77018		
12.35		0.77017		
12.36		0.770159		
12.37		0.770149		
12.38		0.770138		
12.39		0.770128		
12.4		0.770117		
12.41		0.770107		
12.42		0.770096		
12.43		0.770086		
12.44		0.770075		
12.45		0.770065		
12.46		0.770054		
12.47		0.770044		
12.48		0.770033		
12.49		0.770023		
12.5		0.770013		
12.51		0.770002		
12.52		0.769992		
12.53		0.769981		
12.54		0.769971		
12.55		0.769961		
12.56		0.76995		
12.57		0.76994		
12.58		0.76993		
12.59		0.769919		
12.6		0.769909		
12.61		0.769899		
12.62		0.769888		
12.63		0.769878		
12.64		0.769868		
12.65		0.769858		
12.66		0.769847		
12.67		0.769837		
12.68		0.769827		
12.69		0.769817		
12.7		0.769806		
12.71		0.769796		
12.72		0.769786		
12.73		0.769776		
12.74		0.769765		
12.75		0.769755		
12.76		0.769745		
12.77		0.769735		
12.78		0.769725		
12.79		0.769714		
12.8		0.769704		
12.81		0.769694		
12.82		0.769684		
12.83		0.769674		
12.84		0.769664		
12.85		0.769654		
12.86		0.769644		
12.87		0.769633		
12.88		0.769623		
12.89		0.769613		
12.9		0.769603		
12.91		0.769593		
12.92		0.769583		
12.93		0.769573		
12.94		0.769563		
12.95		0.769553		
12.96		0.769543		
12.97		0.769533		
12.98		0.769523		
12.99		0.769513		
13		0.769503		
13.01		0.769493		
13.02		0.769483		
13.03		0.769473		
13.04		0.769463		
13.05		0.769453		
13.06		0.769443		
13.07		0.769433		
13.08		0.769423		
13.09		0.769413		
13.1		0.769403		
13.11		0.769393		
13.12		0.769383		
13.13		0.769373		
13.14		0.769364		
13.15		0.769354		
13.16		0.769344		
13.17		0.769334		
13.18		0.769324		
13.19		0.769314		
13.2		0.769304		
13.21		0.769295		
13.22		0.769285		
13.23		0.769275		
13.24		0.769265		
13.25		0.769255		
13.26		0.769246		
13.27		0.769236		
13.28		0.769226		
13.29		0.769216		
13.3		0.769206		
13.31		0.769197		
13.32		0.769187		
13.33		0.769177		
13.34		0.769167		
13.35		0.769158		
13.36		0.769148		
13.37		0.769138		
13.38		0.769129		
13.39		0.769119		
13.4		0.769109		
13.41		0.7691		
13.42		0.76909		
13.43		0.76908		
13.44		0.769071		
13.45		0.769061		
13.46		0.769051		
13.47		0.769042		
13.48		0.769032		
13.49		0.769022		
13.5		0.769013		
13.51		0.769003		
13.52		0.768994		
13.53		0.768984		
13.54		0.768974		
13.55		0.768965		
13.56		0.768955		
13.57		0.768946		
13.58		0.768936		
13.59		0.768927		
13.6		0.768917		
13.61		0.768908		
13.62		0.768898		
13.63		0.768889		
13.64		0.768879		
13.65		0.76887		
13.66		0.76886		
13.67		0.768851		
13.68		0.768841		
13.69		0.768832		
13.7		0.768822		
13.71		0.768813		
13.72		0.768803		
13.73		0.768794		
13.74		0.768785		
13.75		0.768775		
13.76		0.768766		
13.77		0.768756		
13.78		0.768747		
13.79		0.768738		
13.8		0.768728		
13.81		0.768719		
13.82		0.768709		
13.83		0.7687		
13.84		0.768691		
13.85		0.768681		
13.86		0.768672		
13.87		0.768663		
13.88		0.768653		
13.89		0.768644		
13.9		0.768635		
13.91		0.768626		
13.92		0.768616		
13.93		0.768607		
13.94		0.768598		
13.95		0.768589		
13.96		0.768579		
13.97		0.76857		
13.98		0.768561		
13.99		0.768552		
14		0.768542		
14.01		0.768533		
14.02		0.768524		
14.03		0.768515		
14.04		0.768506		
14.05		0.768496		
14.06		0.768487		
14.07		0.768478		
14.08		0.768469		
14.09		0.76846		
14.1		0.768451		
14.11		0.768442		
14.12		0.768432		
14.13		0.768423		
14.14		0.768414		
14.15		0.768405		
14.16		0.768396		
14.17		0.768387		
14.18		0.768378		
14.19		0.768369		
14.2		0.76836		
14.21		0.768351		
14.22		0.768342		
14.23		0.768333		
14.24		0.768324		
14.25		0.768315		
14.26		0.768306		
14.27		0.768297		
14.28		0.768288		
14.29		0.768279		
14.3		0.76827		
14.31		0.768261		
14.32		0.768252		
14.33		0.768243		
14.34		0.768234		
14.35		0.768225		
14.36		0.768216		
14.37		0.768207		
14.38		0.768198		
14.39		0.768189		
14.4		0.76818		
14.41		0.768172		
14.42		0.768163		
14.43		0.768154		
14.44		0.768145		
14.45		0.768136		
14.46		0.768127		
14.47		0.768118		
14.48		0.76811		
14.49		0.768101		
14.5		0.768092		
14.51		0.768083		
14.52		0.768074		
14.53		0.768066		
14.54		0.768057		
14.55		0.768048		
14.56		0.768039		
14.57		0.768031		
14.58		0.768022		
14.59		0.768013		
14.6		0.768004		
14.61		0.767996		
14.62		0.767987		
14.63		0.767978		
14.64		0.76797		
14.65		0.767961		
14.66		0.767952		
14.67		0.767944		
14.68		0.767935		
14.69		0.767926		
14.7		0.767918		
14.71		0.767909		
14.72		0.7679		
14.73		0.767892		
14.74		0.767883		
14.75		0.767874		
14.76		0.767866		
14.77		0.767857		
14.78		0.767849		
14.79		0.76784		
14.8		0.767832		
14.81		0.767823		
14.82		0.767814		
14.83		0.767806		
14.84		0.767797		
14.85		0.767789		
14.86		0.76778		
14.87		0.767772		
14.88		0.767763		
14.89		0.767755		
14.9		0.767746		
14.91		0.767738		
14.92		0.767729		
14.93		0.767721		
14.94		0.767713		
14.95		0.767704		
14.96		0.767696		
14.97		0.767687		
14.98		0.767679		
14.99		0.767671		
15		0.767662		
15.01		0.767654		
15.02		0.767645		
15.03		0.767637		
15.04		0.767629		
15.05		0.76762		
15.06		0.767612		
15.07		0.767604		
15.08		0.767595		
15.09		0.767587		
15.1		0.767579		
15.11		0.76757		
15.12		0.767562		
15.13		0.767554		
15.14		0.767546		
15.15		0.767537		
15.16		0.767529		
15.17		0.767521		
15.18		0.767513		
15.19		0.767504		
15.2		0.767496		
15.21		0.767488		
15.22		0.76748		
15.23		0.767471		
15.24		0.767463		
15.25		0.767455		
15.26		0.767447		
15.27		0.767439		
15.28		0.767431		
15.29		0.767422		
15.3		0.767414		
15.31		0.767406		
15.32		0.767398		
15.33		0.76739		
15.34		0.767382		
15.35		0.767374		
15.36		0.767366		
15.37		0.767358		
15.38		0.76735		
15.39		0.767342		
15.4		0.767333		
15.41		0.767325		
15.42		0.767317		
15.43		0.767309		
15.44		0.767301		
15.45		0.767293		
15.46		0.767285		
15.47		0.767277		
15.48		0.767269		
15.49		0.767261		
15.5		0.767253		
15.51		0.767246		
15.52		0.767238		
15.53		0.76723		
15.54		0.767222		
15.55		0.767214		
15.56		0.767206		
15.57		0.767198		
15.58		0.76719		
15.59		0.767182		
15.6		0.767174		
15.61		0.767167		
15.62		0.767159		
15.63		0.767151		
15.64		0.767143		
15.65		0.767135		
15.66		0.767127		
15.67		0.76712		
15.68		0.767112		
15.69		0.767104		
15.7		0.767096		
15.71		0.767088		
15.72		0.767081		
15.73		0.767073		
15.74		0.767065		
15.75		0.767057		
15.76		0.76705		
15.77		0.767042		
15.78		0.767034		
15.79		0.767027		
15.8		0.767019		
15.81		0.767011		
15.82		0.767003		
15.83		0.766996		
15.84		0.766988		
15.85		0.766981		
15.86		0.766973		
15.87		0.766965		
15.88		0.766958		
15.89		0.76695		
15.9		0.766942		
15.91		0.766935		
15.92		0.766927		
15.93		0.76692		
15.94		0.766912		
15.95		0.766905		
15.96		0.766897		
15.97		0.766889		
15.98		0.766882		
15.99		0.766874		
16		0.766867		
16.01		0.766859		
16.02		0.766852		
16.03		0.766844		
16.04		0.766837		
16.05		0.766829		
16.06		0.766822		
16.07		0.766815		
16.08		0.766807		
16.09		0.7668		
16.1		0.766792		
16.11		0.766785		
16.12		0.766778		
16.13		0.76677		
16.14		0.766763		
16.15		0.766755		
16.16		0.766748		
16.17		0.766741		
16.18		0.766733		
16.19		0.766726		
16.2		0.766719		
16.21		0.766711		
16.22		0.766704		
16.23		0.766697		
16.24		0.766689		
16.25		0.766682		
16.26		0.766675		
16.27		0.766668		
16.28		0.76666		
16.29		0.766653		
16.3		0.766646		
16.31		0.766639		
16.32		0.766631		
16.33		0.766624		
16.34		0.766617		
16.35		0.76661		
16.36		0.766603		
16.37		0.766596		
16.38		0.766588		
16.39		0.766581		
16.4		0.766574		
16.41		0.766567		
16.42		0.76656		
16.43		0.766553		
16.44		0.766546		
16.45		0.766539		
16.46		0.766531		
16.47		0.766524		
16.48		0.766517		
16.49		0.76651		
16.5		0.766503		
16.51		0.766496		
16.52		0.766489		
16.53		0.766482		
16.54		0.766475		
16.55		0.766468		
16.56		0.766461		
16.57		0.766454		
16.58		0.766447		
16.59		0.76644		
16.6		0.766433		
16.61		0.766426		
16.62		0.766419		
16.63		0.766413		
16.64		0.766406		
16.65		0.766399		
16.66		0.766392		
16.67		0.766385		
16.68		0.766378		
16.69		0.766371		
16.7		0.766364		
16.71		0.766357		
16.72		0.766351		
16.73		0.766344		
16.74		0.766337		
16.75		0.76633		
16.76		0.766323		
16.77		0.766317		
16.78		0.76631		
16.79		0.766303		
16.8		0.766296		
16.81		0.76629		
16.82		0.766283		
16.83		0.766276		
16.84		0.766269		
16.85		0.766263		
16.86		0.766256		
16.87		0.766249		
16.88		0.766243		
16.89		0.766236		
16.9		0.766229		
16.91		0.766223		
16.92		0.766216		
16.93		0.766209		
16.94		0.766203		
16.95		0.766196		
16.96		0.76619		
16.97		0.766183		
16.98		0.766176		
16.99		0.76617		
17		0.766163		
17.01		0.766157		
17.02		0.76615		
17.03		0.766144		
17.04		0.766137		
17.05		0.766131		
17.06		0.766124		
17.07		0.766118		
17.08		0.766111		
17.09		0.766105		
17.1		0.766098		
17.11		0.766092		
17.12		0.766085		
17.13		0.766079		
17.14		0.766072		
17.15		0.766066		
17.16		0.766059		
17.17		0.766053		
17.18		0.766047		
17.19		0.76604		
17.2		0.766034		
17.21		0.766028		
17.22		0.766021		
17.23		0.766015		
17.24		0.766009		
17.25		0.766002		
17.26		0.765996		
17.27		0.76599		
17.28		0.765983		
17.29		0.765977		
17.3		0.765971		
17.31		0.765965		
17.32		0.765958		
17.33		0.765952		
17.34		0.765946		
17.35		0.76594		
17.36		0.765933		
17.37		0.765927		
17.38		0.765921		
17.39		0.765915		
17.4		0.765909		
17.41		0.765902		
17.42		0.765896		
17.43		0.76589		
17.44		0.765884		
17.45		0.765878		
17.46		0.765872		
17.47		0.765866		
17.48		0.76586		
17.49		0.765854		
17.5		0.765847		
17.51		0.765841		
17.52		0.765835		
17.53		0.765829		
17.54		0.765823		
17.55		0.765817		
17.56		0.765811		
17.57		0.765805		
17.58		0.765799		
17.59		0.765793		
17.6		0.765787		
17.61		0.765781		
17.62		0.765775		
17.63		0.765769		
17.64		0.765763		
17.65		0.765758		
17.66		0.765752		
17.67		0.765746		
17.68		0.76574		
17.69		0.765734		
17.7		0.765728		
17.71		0.765722		
17.72		0.765716		
17.73		0.765711		
17.74		0.765705		
17.75		0.765699		
17.76		0.765693		
17.77		0.765687		
17.78		0.765681		
17.79		0.765676		
17.8		0.76567		
17.81		0.765664		
17.82		0.765658		
17.83		0.765653		
17.84		0.765647		
17.85		0.765641		
17.86		0.765635		
17.87		0.76563		
17.88		0.765624		
17.89		0.765618		
17.9		0.765613		
17.91		0.765607		
17.92		0.765601		
17.93		0.765596		
17.94		0.76559		
17.95		0.765585		
17.96		0.765579		
17.97		0.765573		
17.98		0.765568		
17.99		0.765562		
18		0.765557		
18.01		0.765551		
18.02		0.765545		
18.03		0.76554		
18.04		0.765534		
18.05		0.765529		
18.06		0.765523		
18.07		0.765518		
18.08		0.765512		
18.09		0.765507		
18.1		0.765501		
18.11		0.765496		
18.12		0.76549		
18.13		0.765485		
18.14		0.76548		
18.15		0.765474		
18.16		0.765469		
18.17		0.765463		
18.18		0.765458		
18.19		0.765453		
18.2		0.765447		
18.21		0.765442		
18.22		0.765437		
18.23		0.765431		
18.24		0.765426		
18.25		0.765421		
18.26		0.765415		
18.27		0.76541		
18.28		0.765405		
18.29		0.765399		
18.3		0.765394		
18.31		0.765389		
18.32		0.765384		
18.33		0.765378		
18.34		0.765373		
18.35		0.765368		
18.36		0.765363		
18.37		0.765358		
18.38		0.765352		
18.39		0.765347		
18.4		0.765342		
18.41		0.765337		
18.42		0.765332		
18.43		0.765327		
18.44		0.765321		
18.45		0.765316		
18.46		0.765311		
18.47		0.765306		
18.48		0.765301		
18.49		0.765296		
18.5		0.765291		
18.51		0.765286		
18.52		0.765281		
18.53		0.765276		
18.54		0.765271		
18.55		0.765266		
18.56		0.765261		
18.57		0.765256		
18.58		0.765251		
18.59		0.765246		
18.6		0.765241		
18.61		0.765236		
18.62		0.765231		
18.63		0.765226		
18.64		0.765221		
18.65		0.765216		
18.66		0.765211		
18.67		0.765206		
18.68		0.765202		
18.69		0.765197		
18.7		0.765192		
18.71		0.765187		
18.72		0.765182		
18.73		0.765177		
18.74		0.765172		
18.75		0.765168		
18.76		0.765163		
18.77		0.765158		
18.78		0.765153		
18.79		0.765149		
18.8		0.765144		
18.81		0.765139		
18.82		0.765134		
18.83		0.76513		
18.84		0.765125		
18.85		0.76512		
18.86		0.765115		
18.87		0.765111		
18.88		0.765106		
18.89		0.765101		
18.9		0.765097		
18.91		0.765092		
18.92		0.765088		
18.93		0.765083		
18.94		0.765078		
18.95		0.765074		
18.96		0.765069		
18.97		0.765065		
18.98		0.76506		
18.99		0.765055		
19		0.765051		
19.01		0.765046		
19.02		0.765042		
19.03		0.765037		
19.04		0.765033		
19.05		0.765028		
19.06		0.765024		
19.07		0.765019		
19.08		0.765015		
19.09		0.76501		
19.1		0.765006		
19.11		0.765001		
19.12		0.764997		
19.13		0.764993		
19.14		0.764988		
19.15		0.764984		
19.16		0.764979		
19.17		0.764975		
19.18		0.764971		
19.19		0.764966		
19.2		0.764962		
19.21		0.764958		
19.22		0.764953		
19.23		0.764949		
19.24		0.764945		
19.25		0.76494		
19.26		0.764936		
19.27		0.764932		
19.28		0.764928		
19.29		0.764923		
19.3		0.764919		
19.31		0.764915		
19.32		0.764911		
19.33		0.764906		
19.34		0.764902		
19.35		0.764898		
19.36		0.764894		
19.37		0.76489		
19.38		0.764886		
19.39		0.764881		
19.4		0.764877		
19.41		0.764873		
19.42		0.764869		
19.43		0.764865		
19.44		0.764861		
19.45		0.764857		
19.46		0.764853		
19.47		0.764849		
19.48		0.764844		
19.49		0.76484		
19.5		0.764836		
19.51		0.764832		
19.52		0.764828		
19.53		0.764824		
19.54		0.76482		
19.55		0.764816		
19.56		0.764812		
19.57		0.764808		
19.58		0.764804		
19.59		0.764801		
19.6		0.764797		
19.61		0.764793		
19.62		0.764789		
19.63		0.764785		
19.64		0.764781		
19.65		0.764777		
19.66		0.764773		
19.67		0.764769		
19.68		0.764765		
19.69		0.764762		
19.7		0.764758		
19.71		0.764754		
19.72		0.76475		
19.73		0.764746		
19.74		0.764743		
19.75		0.764739		
19.76		0.764735		
19.77		0.764731		
19.78		0.764728		
19.79		0.764724		
19.8		0.76472		
19.81		0.764716		
19.82		0.764713		
19.83		0.764709		
19.84		0.764705		
19.85		0.764702		
19.86		0.764698		
19.87		0.764694		
19.88		0.764691		
19.89		0.764687		
19.9		0.764683		
19.91		0.76468		
19.92		0.764676		
19.93		0.764672		
19.94		0.764669		
19.95		0.764665		
19.96		0.764662		
19.97		0.764658		
19.98		0.764655		
19.99		0.764651		
20		0.764648		
20.01		0.764644		
20.02		0.764641		
20.03		0.764637		
20.04		0.764634		
20.05		0.76463		
20.06		0.764627		
20.07		0.764623		
20.08		0.76462		
20.09		0.764616		
20.1		0.764613		
20.11		0.764609		
20.12		0.764606		
20.13		0.764603		
20.14		0.764599		
20.15		0.764596		
20.16		0.764593		
20.17		0.764589		
20.18		0.764586		
20.19		0.764583		
20.2		0.764579		
20.21		0.764576		
20.22		0.764573		
20.23		0.764569		
20.24		0.764566		
20.25		0.764563		
20.26		0.76456		
20.27		0.764556		
20.28		0.764553		
20.29		0.76455		
20.3		0.764547		
20.31		0.764543		
20.32		0.76454		
20.33		0.764537		
20.34		0.764534		
20.35		0.764531		
20.36		0.764527		
20.37		0.764524		
20.38		0.764521		
20.39		0.764518		
20.4		0.764515		
20.41		0.764512		
20.42		0.764509		
20.43		0.764506		
20.44		0.764503		
20.45		0.764499		
20.46		0.764496		
20.47		0.764493		
20.48		0.76449		
20.49		0.764487		
20.5		0.764484		
20.51		0.764481		
20.52		0.764478		
20.53		0.764475		
20.54		0.764472		
20.55		0.764469		
20.56		0.764466		
20.57		0.764463		
20.58		0.764461		
20.59		0.764458		
20.6		0.764455		
20.61		0.764452		
20.62		0.764449		
20.63		0.764446		
20.64		0.764443		
20.65		0.76444		
20.66		0.764437		
20.67		0.764435		
20.68		0.764432		
20.69		0.764429		
20.7		0.764426		
20.71		0.764423		
20.72		0.76442		
20.73		0.764418		
20.74		0.764415		
20.75		0.764412		
20.76		0.764409		
20.77		0.764407		
20.78		0.764404		
20.79		0.764401		
20.8		0.764398		
20.81		0.764396		
20.82		0.764393		
20.83		0.76439		
20.84		0.764388		
20.85		0.764385		
20.86		0.764382		
20.87		0.76438		
20.88		0.764377		
20.89		0.764374		
20.9		0.764372		
20.91		0.764369		
20.92		0.764367		
20.93		0.764364		
20.94		0.764361		
20.95		0.764359		
20.96		0.764356		
20.97		0.764354		
20.98		0.764351		
20.99		0.764349		
21		0.764346		
21.01		0.764344		
21.02		0.764341		
21.03		0.764339		
21.04		0.764336		
21.05		0.764334		
21.06		0.764331		
21.07		0.764329		
21.08		0.764326		
21.09		0.764324		
21.1		0.764322		
21.11		0.764319		
21.12		0.764317		
21.13		0.764314		
21.14		0.764312		
21.15		0.76431		
21.16		0.764307		
21.17		0.764305		
21.18		0.764303		
21.19		0.7643		
21.2		0.764298		
21.21		0.764296		
21.22		0.764293		
21.23		0.764291		
21.24		0.764289		
21.25		0.764287		
21.26		0.764284		
21.27		0.764282		
21.28		0.76428		
21.29		0.764278		
21.3		0.764275		
21.31		0.764273		
21.32		0.764271		
21.33		0.764269		
21.34		0.764267		
21.35		0.764264		
21.36		0.764262		
21.37		0.76426		
21.38		0.764258		
21.39		0.764256		
21.4		0.764254		
21.41		0.764252		
21.42		0.764249		
21.43		0.764247		
21.44		0.764245		
21.45		0.764243		
21.46		0.764241		
21.47		0.764239		
21.48		0.764237		
21.49		0.764235		
21.5		0.764233		
21.51		0.764231		
21.52		0.764229		
21.53		0.764227		
21.54		0.764225		
21.55		0.764223		
21.56		0.764221		
21.57		0.764219		
21.58		0.764217		
21.59		0.764215		
21.6		0.764213		
21.61		0.764211		
21.62		0.764209		
21.63		0.764208		
21.64		0.764206		
21.65		0.764204		
21.66		0.764202		
21.67		0.7642		
21.68		0.764198		
21.69		0.764196		
21.7		0.764195		
21.71		0.764193		
21.72		0.764191		
21.73		0.764189		
21.74		0.764187		
21.75		0.764186		
21.76		0.764184		
21.77		0.764182		
21.78		0.76418		
21.79		0.764179		
21.8		0.764177		
21.81		0.764175		
21.82		0.764173		
21.83		0.764172		
21.84		0.76417		
21.85		0.764168		
21.86		0.764167		
21.87		0.764165		
21.88		0.764163		
21.89		0.764162		
21.9		0.76416		
21.91		0.764158		
21.92		0.764157		
21.93		0.764155		
21.94		0.764154		
21.95		0.764152		
21.96		0.76415		
21.97		0.764149		
21.98		0.764147		
21.99		0.764146		
22		0.764144		
22.01		0.764143		
22.02		0.764141		
22.03		0.76414		
22.04		0.764138		
22.05		0.764137		
22.06		0.764135		
22.07		0.764134		
22.08		0.764132		
22.09		0.764131		
22.1		0.764129		
22.11		0.764128		
22.12		0.764126		
22.13		0.764125		
22.14		0.764124		
22.15		0.764122		
22.16		0.764121		
22.17		0.764119		
22.18		0.764118		
22.19		0.764117		
22.2		0.764115		
22.21		0.764114		
22.22		0.764113		
22.23		0.764111		
22.24		0.76411		
22.25		0.764109		
22.26		0.764107		
22.27		0.764106		
22.28		0.764105		
22.29		0.764104		
22.3		0.764102		
22.31		0.764101		
22.32		0.7641		
22.33		0.764099		
22.34		0.764097		
22.35		0.764096		
22.36		0.764095		
22.37		0.764094		
22.38		0.764093		
22.39		0.764091		
22.4		0.76409		
22.41		0.764089		
22.42		0.764088		
22.43		0.764087		
22.44		0.764086		
22.45		0.764085		
22.46		0.764083		
22.47		0.764082		
22.48		0.764081		
22.49		0.76408		
22.5		0.764079		
22.51		0.764078		
22.52		0.764077		
22.53		0.764076		
22.54		0.764075		
22.55		0.764074		
22.56		0.764073		
22.57		0.764072		
22.58		0.764071		
22.59		0.76407		
22.6		0.764069		
22.61		0.764068		
22.62		0.764067		
22.63		0.764066		
22.64		0.764065		
22.65		0.764064		
22.66		0.764063		
22.67		0.764062		
22.68		0.764061		
22.69		0.764061		
22.7		0.76406		
22.71		0.764059		
22.72		0.764058		
22.73		0.764057		
22.74		0.764056		
22.75		0.764055		
22.76		0.764055		
22.77		0.764054		
22.78		0.764053		
22.79		0.764052		
22.8		0.764051		
22.81		0.76405		
22.82		0.76405		
22.83		0.764049		
22.84		0.764048		
22.85		0.764047		
22.86		0.764047		
22.87		0.764046		
22.88		0.764045		
22.89		0.764045		
22.9		0.764044		
22.91		0.764043		
22.92		0.764042		
22.93		0.764042		
22.94		0.764041		
22.95		0.76404		
22.96		0.76404		
22.97		0.764039		
22.98		0.764039		
22.99		0.764038		
23		0.764037		
23.01		0.764037		
23.02		0.764036		
23.03		0.764035		
23.04		0.764035		
23.05		0.764034		
23.06		0.764034		
23.07		0.764033		
23.08		0.764033		
23.09		0.764032		
23.1		0.764032		
23.11		0.764031		
23.12		0.764031		
23.13		0.76403		
23.14		0.76403		
23.15		0.764029		
23.16		0.764029		
23.17		0.764028		
23.18		0.764028		
23.19		0.764027		
23.2		0.764027		
23.21		0.764026		
23.22		0.764026		
23.23		0.764026		
23.24		0.764025		
23.25		0.764025		
23.26		0.764024		
23.27		0.764024		
23.28		0.764024		
23.29		0.764023		
23.3		0.764023		
23.31		0.764023		
23.32		0.764022		
23.33		0.764022		
23.34		0.764022		
23.35		0.764021		
23.36		0.764021		
23.37		0.764021		
23.38		0.76402		
23.39		0.76402		
23.4		0.76402		
23.41		0.76402		
23.42		0.764019		
23.43		0.764019		
23.44		0.764019		
23.45		0.764019		
23.46		0.764019		
23.47		0.764018		
23.48		0.764018		
23.49		0.764018		
23.5		0.764018		
23.51		0.764018		
23.52		0.764018		
23.53		0.764017		
23.54		0.764017		
23.55		0.764017		
23.56		0.764017		
23.57		0.764017		
23.58		0.764017		
23.59		0.764017		
23.6		0.764017		
23.61		0.764017		
23.62		0.764016		
23.63		0.764016		
23.64		0.764016		
23.65		0.764016		
23.66		0.764016		
23.67		0.764016		
23.68		0.764016		
23.69		0.764016		
23.7		0.764016		
23.71		0.764016		
23.72		0.764016		
23.73		0.764016		
23.74		0.764016		
23.75		0.764016		
23.76		0.764016		
23.77		0.764016		
23.78		0.764016		
23.79		0.764017		
23.8		0.764017		
23.81		0.764017		
23.82		0.764017		
23.83		0.764017		
23.84		0.764017		
23.85		0.764017		
23.86		0.764017		
23.87		0.764017		
23.88		0.764018		
23.89		0.764018		
23.9		0.764018		
23.91		0.764018		
23.92		0.764018		
23.93		0.764019		
23.94		0.764019		
23.95		0.764019		
23.96		0.764019		
23.97		0.764019		
23.98		0.76402		
23.99		0.76402		
24		0.76402		
24.01		0.76402		
24.02		0.764021		
24.03		0.764021		
24.04		0.764021		
24.05		0.764021		
24.06		0.764022		
24.07		0.764022		
24.08		0.764022		
24.09		0.764023		
24.1		0.764023		
24.11		0.764023		
24.12		0.764024		
24.13		0.764024		
24.14		0.764025		
24.15		0.764025		
24.16		0.764025		
24.17		0.764026		
24.18		0.764026		
24.19		0.764026		
24.2		0.764027		
24.21		0.764027		
24.22		0.764028		
24.23		0.764028		
24.24		0.764029		
24.25		0.764029		
24.26		0.76403		
24.27		0.76403		
24.28		0.764031		
24.29		0.764031		
24.3		0.764032		
24.31		0.764032		
24.32		0.764033		
24.33		0.764033		
24.34		0.764034		
24.35		0.764034		
24.36		0.764035		
24.37		0.764035		
24.38		0.764036		
24.39		0.764036		
24.4		0.764037		
24.41		0.764038		
24.42		0.764038		
24.43		0.764039		
24.44		0.764039		
24.45		0.76404		
24.46		0.764041		
24.47		0.764041		
24.48		0.764042		
24.49		0.764043		
24.5		0.764043		
24.51		0.764044		
24.52		0.764045		
24.53		0.764045		
24.54		0.764046		
24.55		0.764047		
24.56		0.764047		
24.57		0.764048		
24.58		0.764049		
24.59		0.76405		
24.6		0.76405		
24.61		0.764051		
24.62		0.764052		
24.63		0.764053		
24.64		0.764053		
24.65		0.764054		
24.66		0.764055		
24.67		0.764056		
24.68		0.764057		
24.69		0.764057		
24.7		0.764058		
24.71		0.764059		
24.72		0.76406		
24.73		0.764061		
24.74		0.764061		
24.75		0.764062		
24.76		0.764063		
24.77		0.764064		
24.78		0.764065		
24.79		0.764066		
24.8		0.764067		
24.81		0.764068		
24.82		0.764069		
24.83		0.76407		
24.84		0.76407		
24.85		0.764071		
24.86		0.764072		
24.87		0.764073		
24.88		0.764074		
24.89		0.764075		
24.9		0.764076		
24.91		0.764077		
24.92		0.764078		
24.93		0.764079		
24.94		0.76408		
24.95		0.764081		
24.96		0.764082		
24.97		0.764083		
24.98		0.764084		
24.99		0.764085		
25		0.764086		
25.01		0.764087		
25.02		0.764089		
25.03		0.76409		
25.04		0.764091		
25.05		0.764092		
25.06		0.764093		
25.07		0.764094		
25.08		0.764095		
25.09		0.764096		
25.1		0.764097		
25.11		0.764098		
25.12		0.7641		
25.13		0.764101		
25.14		0.764102		
25.15		0.764103		
25.16		0.764104		
25.17		0.764105		
25.18		0.764107		
25.19		0.764108		
25.2		0.764109		
25.21		0.76411		
25.22		0.764112		
25.23		0.764113		
25.24		0.764114		
25.25		0.764115		
25.26		0.764116		
25.27		0.764118		
25.28		0.764119		
25.29		0.76412		
25.3		0.764122		
25.31		0.764123		
25.32		0.764124		
25.33		0.764125		
25.34		0.764127		
25.35		0.764128		
25.36		0.764129		
25.37		0.764131		
25.38		0.764132		
25.39		0.764133		
25.4		0.764135		
25.41		0.764136		
25.42		0.764138		
25.43		0.764139		
25.44		0.76414		
25.45		0.764142		
25.46		0.764143		
25.47		0.764144		
25.48		0.764146		
25.49		0.764147		
25.5		0.764149		
25.51		0.76415		
25.52		0.764152		
25.53		0.764153		
25.54		0.764155		
25.55		0.764156		
25.56		0.764157		
25.57		0.764159		
25.58		0.76416		
25.59		0.764162		
25.6		0.764163		
25.61		0.764165		
25.62		0.764166		
25.63		0.764168		
25.64		0.764169		
25.65		0.764171		
25.66		0.764173		
25.67		0.764174		
25.68		0.764176		
25.69		0.764177		
25.7		0.764179		
25.71		0.76418		
25.72		0.764182		
25.73		0.764184		
25.74		0.764185		
25.75		0.764187		
25.76		0.764188		
25.77		0.76419		
25.78		0.764192		
25.79		0.764193		
25.8		0.764195		
25.81		0.764197		
25.82		0.764198		
25.83		0.7642		
25.84		0.764202		
25.85		0.764203		
25.86		0.764205		
25.87		0.764207		
25.88		0.764208		
25.89		0.76421		
25.9		0.764212		
25.91		0.764214		
25.92		0.764215		
25.93		0.764217		
25.94		0.764219		
25.95		0.76422		
25.96		0.764222		
25.97		0.764224		
25.98		0.764226		
25.99		0.764228		
26		0.764229		
26.01		0.764231		
26.02		0.764233		
26.03		0.764235		
26.04		0.764237		
26.05		0.764238		
26.06		0.76424		
26.07		0.764242		
26.08		0.764244		
26.09		0.764246		
26.1		0.764248		
26.11		0.764249		
26.12		0.764251		
26.13		0.764253		
26.14		0.764255		
26.15		0.764257		
26.16		0.764259		
26.17		0.764261		
26.18		0.764263		
26.19		0.764265		
26.2		0.764267		
26.21		0.764268		
26.22		0.76427		
26.23		0.764272		
26.24		0.764274		
26.25		0.764276		
26.26		0.764278		
26.27		0.76428		
26.28		0.764282		
26.29		0.764284		
26.3		0.764286		
26.31		0.764288		
26.32		0.76429		
26.33		0.764292		
26.34		0.764294		
26.35		0.764296		
26.36		0.764298		
26.37		0.7643		
26.38		0.764302		
26.39		0.764304		
26.4		0.764306		
26.41		0.764308		
26.42		0.764311		
26.43		0.764313		
26.44		0.764315		
26.45		0.764317		
26.46		0.764319		
26.47		0.764321		
26.48		0.764323		
26.49		0.764325		
26.5		0.764327		
26.51		0.76433		
26.52		0.764332		
26.53		0.764334		
26.54		0.764336		
26.55		0.764338		
26.56		0.76434		
26.57		0.764342		
26.58		0.764345		
26.59		0.764347		
26.6		0.764349		
26.61		0.764351		
26.62		0.764353		
26.63		0.764356		
26.64		0.764358		
26.65		0.76436		
26.66		0.764362		
26.67		0.764365		
26.68		0.764367		
26.69		0.764369		
26.7		0.764371		
26.71		0.764374		
26.72		0.764376		
26.73		0.764378		
26.74		0.76438		
26.75		0.764383		
26.76		0.764385		
26.77		0.764387		
26.78		0.76439		
26.79		0.764392		
26.8		0.764394		
26.81		0.764397		
26.82		0.764399		
26.83		0.764401		
26.84		0.764404		
26.85		0.764406		
26.86		0.764408		
26.87		0.764411		
26.88		0.764413		
26.89		0.764415		
26.9		0.764418		
26.91		0.76442		
26.92		0.764423		
26.93		0.764425		
26.94		0.764427		
26.95		0.76443		
26.96		0.764432		
26.97		0.764435		
26.98		0.764437		
26.99		0.764439		
27		0.764442		
27.01		0.764444		
27.02		0.764447		
27.03		0.764449		
27.04		0.764452		
27.05		0.764454		
27.06		0.764457		
27.07		0.764459		
27.08		0.764462		
27.09		0.764464		
27.1		0.764467		
27.11		0.764469		
27.12		0.764472		
27.13		0.764474		
27.14		0.764477		
27.15		0.764479		
27.16		0.764482		
27.17		0.764484		
27.18		0.764487		
27.19		0.76449		
27.2		0.764492		
27.21		0.764495		
27.22		0.764497		
27.23		0.7645		
27.24		0.764503		
27.25		0.764505		
27.26		0.764508		
27.27		0.76451		
27.28		0.764513		
27.29		0.764516		
27.3		0.764518		
27.31		0.764521		
27.32		0.764523		
27.33		0.764526		
27.34		0.764529		
27.35		0.764531		
27.36		0.764534		
27.37		0.764537		
27.38		0.764539		
27.39		0.764542		
27.4		0.764545		
27.41		0.764548		
27.42		0.76455		
27.43		0.764553		
27.44		0.764556		
27.45		0.764558		
27.46		0.764561		
27.47		0.764564		
27.48		0.764567		
27.49		0.764569		
27.5		0.764572		
27.51		0.764575		
27.52		0.764578		
27.53		0.76458		
27.54		0.764583		
27.55		0.764586		
27.56		0.764589		
27.57		0.764592		
27.58		0.764594		
27.59		0.764597		
27.6		0.7646		
27.61		0.764603		
27.62		0.764606		
27.63		0.764608		
27.64		0.764611		
27.65		0.764614		
27.66		0.764617		
27.67		0.76462		
27.68		0.764623		
27.69		0.764625		
27.7		0.764628		
27.71		0.764631		
27.72		0.764634		
27.73		0.764637		
27.74		0.76464		
27.75		0.764643		
27.76		0.764646		
27.77		0.764649		
27.78		0.764651		
27.79		0.764654		
27.8		0.764657		
27.81		0.76466		
27.82		0.764663		
27.83		0.764666		
27.84		0.764669		
27.85		0.764672		
27.86		0.764675		
27.87		0.764678		
27.88		0.764681		
27.89		0.764684		
27.9		0.764687		
27.91		0.76469		
27.92		0.764693		
27.93		0.764696		
27.94		0.764699		
27.95		0.764702		
27.96		0.764705		
27.97		0.764708		
27.98		0.764711		
27.99		0.764714		
28		0.764717		
28.01		0.76472		
28.02		0.764723		
28.03		0.764726		
28.04		0.764729		
28.05		0.764732		
28.06		0.764735		
28.07		0.764738		
28.08		0.764741		
28.09		0.764745		
28.1		0.764748		
28.11		0.764751		
28.12		0.764754		
28.13		0.764757		
28.14		0.76476		
28.15		0.764763		
28.16		0.764766		
28.17		0.764769		
28.18		0.764773		
28.19		0.764776		
28.2		0.764779		
28.21		0.764782		
28.22		0.764785		
28.23		0.764788		
28.24		0.764792		
28.25		0.764795		
28.26		0.764798		
28.27		0.764801		
28.28		0.764804		
28.29		0.764807		
28.3		0.764811		
28.31		0.764814		
28.32		0.764817		
28.33		0.76482		
28.34		0.764823		
28.35		0.764827		
28.36		0.76483		
28.37		0.764833		
28.38		0.764836		
28.39		0.76484		
28.4		0.764843		
28.41		0.764846		
28.42		0.764849		
28.43		0.764853		
28.44		0.764856		
28.45		0.764859		
28.46		0.764863		
28.47		0.764866		
28.48		0.764869		
28.49		0.764872		
28.5		0.764876		
28.51		0.764879		
28.52		0.764882		
28.53		0.764886		
28.54		0.764889		
28.55		0.764892		
28.56		0.764896		
28.57		0.764899		
28.58		0.764902		
28.59		0.764906		
28.6		0.764909		
28.61		0.764912		
28.62		0.764916		
28.63		0.764919		
28.64		0.764923		
28.65		0.764926		
28.66		0.764929		
28.67		0.764933		
28.68		0.764936		
28.69		0.76494		
28.7		0.764943		
28.71		0.764946		
28.72		0.76495		
28.73		0.764953		
28.74		0.764957		
28.75		0.76496		
28.76		0.764964		
28.77		0.764967		
28.78		0.76497		
28.79		0.764974		
28.8		0.764977		
28.81		0.764981		
28.82		0.764984		
28.83		0.764988		
28.84		0.764991		
28.85		0.764995		
28.86		0.764998		
28.87		0.765002		
28.88		0.765005		
28.89		0.765009		
28.9		0.765012		
28.91		0.765016		
28.92		0.765019		
28.93		0.765023		
28.94		0.765026		
28.95		0.76503		
28.96		0.765033		
28.97		0.765037		
28.98		0.76504		
28.99		0.765044		
29		0.765048		
29.01		0.765051		
29.02		0.765055		
29.03		0.765058		
29.04		0.765062		
29.05		0.765065		
29.06		0.765069		
29.07		0.765073		
29.08		0.765076		
29.09		0.76508		
29.1		0.765083		
29.11		0.765087		
29.12		0.765091		
29.13		0.765094		
29.14		0.765098		
29.15		0.765101		
29.16		0.765105		
29.17		0.765109		
29.18		0.765112		
29.19		0.765116		
29.2		0.76512		
29.21		0.765123		
29.22		0.765127		
29.23		0.765131		
29.24		0.765134		
29.25		0.765138		
29.26		0.765142		
29.27		0.765145		
29.28		0.765149		
29.29		0.765153		
29.3		0.765157		
29.31		0.76516		
29.32		0.765164		
29.33		0.765168		
29.34		0.765171		
29.35		0.765175		
29.36		0.765179		
29.37		0.765183		
29.38		0.765186		
29.39		0.76519		
29.4		0.765194		
29.41		0.765198		
29.42		0.765201		
29.43		0.765205		
29.44		0.765209		
29.45		0.765213		
29.46		0.765216		
29.47		0.76522		
29.48		0.765224		
29.49		0.765228		
29.5		0.765232		
29.51		0.765235		
29.52		0.765239		
29.53		0.765243		
29.54		0.765247		
29.55		0.765251		
29.56		0.765254		
29.57		0.765258		
29.58		0.765262		
29.59		0.765266		
29.6		0.76527		
29.61		0.765274		
29.62		0.765277		
29.63		0.765281		
29.64		0.765285		
29.65		0.765289		
29.66		0.765293		
29.67		0.765297		
29.68		0.765301		
29.69		0.765304		
29.7		0.765308		
29.71		0.765312		
29.72		0.765316		
29.73		0.76532		
29.74		0.765324		
29.75		0.765328		
29.76		0.765332		
29.77		0.765336		
29.78		0.76534		
29.79		0.765343		
29.8		0.765347		
29.81		0.765351		
29.82		0.765355		
29.83		0.765359		
29.84		0.765363		
29.85		0.765367		
29.86		0.765371		
29.87		0.765375		
29.88		0.765379		
29.89		0.765383		
29.9		0.765387		
29.91		0.765391		
29.92		0.765395		
29.93		0.765399		
29.94		0.765403		
29.95		0.765407		
29.96		0.765411		
29.97		0.765415		
29.98		0.765419		
29.99		0.765423		
30		0.765427		
30.01		0.765431		
30.02		0.765435		
30.03		0.765439		
30.04		0.765443		
30.05		0.765447		
30.06		0.765451		
30.07		0.765455		
30.08		0.765459		
30.09		0.765463		
30.1		0.765467		
30.11		0.765471		
30.12		0.765475		
30.13		0.765479		
30.14		0.765484		
30.15		0.765488		
30.16		0.765492		
30.17		0.765496		
30.18		0.7655		
30.19		0.765504		
30.2		0.765508		
30.21		0.765512		
30.22		0.765516		
30.23		0.76552		
30.24		0.765525		
30.25		0.765529		
30.26		0.765533		
30.27		0.765537		
30.28		0.765541		
30.29		0.765545		
30.3		0.765549		
30.31		0.765553		
30.32		0.765558		
30.33		0.765562		
30.34		0.765566		
30.35		0.76557		
30.36		0.765574		
30.37		0.765578		
30.38		0.765583		
30.39		0.765587		
30.4		0.765591		
30.41		0.765595		
30.42		0.765599		
30.43		0.765603		
30.44		0.765608		
30.45		0.765612		
30.46		0.765616		
30.47		0.76562		
30.48		0.765624		
30.49		0.765629		
30.5		0.765633		
30.51		0.765637		
30.52		0.765641		
30.53		0.765646		
30.54		0.76565		
30.55		0.765654		
30.56		0.765658		
30.57		0.765663		
30.58		0.765667		
30.59		0.765671		
30.6		0.765675		
30.61		0.76568		
30.62		0.765684		
30.63		0.765688		
30.64		0.765692		
30.65		0.765697		
30.66		0.765701		
30.67		0.765705		
30.68		0.76571		
30.69		0.765714		
30.7		0.765718		
30.71		0.765722		
30.72		0.765727		
30.73		0.765731		
30.74		0.765735		
30.75		0.76574		
30.76		0.765744		
30.77		0.765748		
30.78		0.765753		
30.79		0.765757		
30.8		0.765761		
30.81		0.765766		
30.82		0.76577		
30.83		0.765774		
30.84		0.765779		
30.85		0.765783		
30.86		0.765787		
30.87		0.765792		
30.88		0.765796		
30.89		0.765801		
30.9		0.765805		
30.91		0.765809		
30.92		0.765814		
30.93		0.765818		
30.94		0.765822		
30.95		0.765827		
30.96		0.765831		
30.97		0.765836		
30.98		0.76584		
30.99		0.765844		
31		0.765849		
31.01		0.765853		
31.02		0.765858		
31.03		0.765862		
31.04		0.765867		
31.05		0.765871		
31.06		0.765875		
31.07		0.76588		
31.08		0.765884		
31.09		0.765889		
31.1		0.765893		
31.11		0.765898		
31.12		0.765902		
31.13		0.765907		
31.14		0.765911		
31.15		0.765915		
31.16		0.76592		
31.17		0.765924		
31.18		0.765929		
31.19		0.765933		
31.2		0.765938		
31.21		0.765942		
31.22		0.765947		
31.23		0.765951		
31.24		0.765956		
31.25		0.76596		
31.26		0.765965		
31.27		0.765969		
31.28		0.765974		
31.29		0.765978		
31.3		0.765983		
31.31		0.765987		
31.32		0.765992		
31.33		0.765996		
31.34		0.766001		
31.35		0.766006		
31.36		0.76601		
31.37		0.766015		
31.38		0.766019		
31.39		0.766024		
31.4		0.766028		
31.41		0.766033		
31.42		0.766037		
31.43		0.766042		
31.44		0.766046		
31.45		0.766051		
31.46		0.766056		
31.47		0.76606		
31.48		0.766065		
31.49		0.766069		
31.5		0.766074		
31.51		0.766079		
31.52		0.766083		
31.53		0.766088		
31.54		0.766092		
31.55		0.766097		
31.56		0.766102		
31.57		0.766106		
31.58		0.766111		
31.59		0.766115		
31.6		0.76612		
31.61		0.766125		
31.62		0.766129		
31.63		0.766134		
31.64		0.766139		
31.65		0.766143		
31.66		0.766148		
31.67		0.766152		
31.68		0.766157		
31.69		0.766162		
31.7		0.766166		
31.71		0.766171		
31.72		0.766176		
31.73		0.76618		
31.74		0.766185		
31.75		0.76619		
31.76		0.766194		
31.77		0.766199		
31.78		0.766204		
31.79		0.766208		
31.8		0.766213		
31.81		0.766218		
31.82		0.766223		
31.83		0.766227		
31.84		0.766232		
31.85		0.766237		
31.86		0.766241		
31.87		0.766246		
31.88		0.766251		
31.89		0.766255		
31.9		0.76626		
31.91		0.766265		
31.92		0.76627		
31.93		0.766274		
31.94		0.766279		
31.95		0.766284		
31.96		0.766289		
31.97		0.766293		
31.98		0.766298		
31.99		0.766303		
32		0.766308		
32.01		0.766312		
32.02		0.766317		
32.03		0.766322		
32.04		0.766327		
32.05		0.766331		
32.06		0.766336		
32.07		0.766341		
32.08		0.766346		
32.09		0.76635		
32.1		0.766355		
32.11		0.76636		
32.12		0.766365		
32.13		0.76637		
32.14		0.766374		
32.15		0.766379		
32.16		0.766384		
32.17		0.766389		
32.18		0.766394		
32.19		0.766398		
32.2		0.766403		
32.21		0.766408		
32.22		0.766413		
32.23		0.766418		
32.24		0.766423		
32.25		0.766427		
32.26		0.766432		
32.27		0.766437		
32.28		0.766442		
32.29		0.766447		
32.3		0.766452		
32.31		0.766456		
32.32		0.766461		
32.33		0.766466		
32.34		0.766471		
32.35		0.766476		
32.36		0.766481		
32.37		0.766486		
32.38		0.76649		
32.39		0.766495		
32.4		0.7665		
32.41		0.766505		
32.42		0.76651		
32.43		0.766515		
32.44		0.76652		
32.45		0.766525		
32.46		0.766529		
32.47		0.766534		
32.48		0.766539		
32.49		0.766544		
32.5		0.766549		
32.51		0.766554		
32.52		0.766559		
32.53		0.766564		
32.54		0.766569		
32.55		0.766574		
32.56		0.766579		
32.57		0.766583		
32.58		0.766588		
32.59		0.766593		
32.6		0.766598		
32.61		0.766603		
32.62		0.766608		
32.63		0.766613		
32.64		0.766618		
32.65		0.766623		
32.66		0.766628		
32.67		0.766633		
32.68		0.766638		
32.69		0.766643		
32.7		0.766648		
32.71		0.766653		
32.72		0.766658		
32.73		0.766663		
32.74		0.766668		
32.75		0.766672		
32.76		0.766677		
32.77		0.766682		
32.78		0.766687		
32.79		0.766692		
32.8		0.766697		
32.81		0.766702		
32.82		0.766707		
32.83		0.766712		
32.84		0.766717		
32.85		0.766722		
32.86		0.766727		
32.87		0.766732		
32.88		0.766737		
32.89		0.766742		
32.9		0.766747		
32.91		0.766752		
32.92		0.766757		
32.93		0.766762		
32.94		0.766767		
32.95		0.766773		
32.96		0.766778		
32.97		0.766783		
32.98		0.766788		
32.99		0.766793		
33		0.766798		
33.01		0.766803		
33.02		0.766808		
33.03		0.766813		
33.04		0.766818		
33.05		0.766823		
33.06		0.766828		
33.07		0.766833		
33.08		0.766838		
33.09		0.766843		
33.1		0.766848		
33.11		0.766853		
33.12		0.766858		
33.13		0.766863		
33.14		0.766868		
33.15		0.766874		
33.16		0.766879		
33.17		0.766884		
33.18		0.766889		
33.19		0.766894		
33.2		0.766899		
33.21		0.766904		
33.22		0.766909		
33.23		0.766914		
33.24		0.766919		
33.25		0.766924		
33.26		0.76693		
33.27		0.766935		
33.28		0.76694		
33.29		0.766945		
33.3		0.76695		
33.31		0.766955		
33.32		0.76696		
33.33		0.766965		
33.34		0.766971		
33.35		0.766976		
33.36		0.766981		
33.37		0.766986		
33.38		0.766991		
33.39		0.766996		
33.4		0.767001		
33.41		0.767006		
33.42		0.767012		
33.43		0.767017		
33.44		0.767022		
33.45		0.767027		
33.46		0.767032		
33.47		0.767037		
33.48		0.767043		
33.49		0.767048		
33.5		0.767053		
33.51		0.767058		
33.52		0.767063		
33.53		0.767068		
33.54		0.767074		
33.55		0.767079		
33.56		0.767084		
33.57		0.767089		
33.58		0.767094		
33.59		0.767099		
33.6		0.767105		
33.61		0.76711		
33.62		0.767115		
33.63		0.76712		
33.64		0.767125		
33.65		0.767131		
33.66		0.767136		
33.67		0.767141		
33.68		0.767146		
33.69		0.767151		
33.7		0.767157		
33.71		0.767162		
33.72		0.767167		
33.73		0.767172		
33.74		0.767178		
33.75		0.767183		
33.76		0.767188		
33.77		0.767193		
33.78		0.767198		
33.79		0.767204		
33.8		0.767209		
33.81		0.767214		
33.82		0.767219		
33.83		0.767225		
33.84		0.76723		
33.85		0.767235		
33.86		0.76724		
33.87		0.767246		
33.88		0.767251		
33.89		0.767256		
33.9		0.767261		
33.91		0.767267		
33.92		0.767272		
33.93		0.767277		
33.94		0.767282		
33.95		0.767288		
33.96		0.767293		
33.97		0.767298		
33.98		0.767304		
33.99		0.767309		
34		0.767314		
34.01		0.767319		
34.02		0.767325		
34.03		0.76733		
34.04		0.767335		
34.05		0.767341		
34.06		0.767346		
34.07		0.767351		
34.08		0.767356		
34.09		0.767362		
34.1		0.767367		
34.11		0.767372		
34.12		0.767378		
34.13		0.767383		
34.14		0.767388		
34.15		0.767394		
34.16		0.767399		
34.17		0.767404		
34.18		0.767409		
34.19		0.767415		
34.2		0.76742		
34.21		0.767425		
34.22		0.767431		
34.23		0.767436		
34.24		0.767441		
34.25		0.767447		
34.26		0.767452		
34.27		0.767457		
34.28		0.767463		
34.29		0.767468		
34.3		0.767473		
34.31		0.767479		
34.32		0.767484		
34.33		0.76749		
34.34		0.767495		
34.35		0.7675		
34.36		0.767506		
34.37		0.767511		
34.38		0.767516		
34.39		0.767522		
34.4		0.767527		
34.41		0.767532		
34.42		0.767538		
34.43		0.767543		
34.44		0.767548		
34.45		0.767554		
34.46		0.767559		
34.47		0.767565		
34.48		0.76757		
34.49		0.767575		
34.5		0.767581		
34.51		0.767586		
34.52		0.767592		
34.53		0.767597		
34.54		0.767602		
34.55		0.767608		
34.56		0.767613		
34.57		0.767618		
34.58		0.767624		
34.59		0.767629		
34.6		0.767635		
34.61		0.76764		
34.62		0.767645		
34.63		0.767651		
34.64		0.767656		
34.65		0.767662		
34.66		0.767667		
34.67		0.767673		
34.68		0.767678		
34.69		0.767683		
34.7		0.767689		
34.71		0.767694		
34.72		0.7677		
34.73		0.767705		
34.74		0.76771		
34.75		0.767716		
34.76		0.767721		
34.77		0.767727		
34.78		0.767732		
34.79		0.767738		
34.8		0.767743		
34.81		0.767749		
34.82		0.767754		
34.83		0.767759		
34.84		0.767765		
34.85		0.76777		
34.86		0.767776		
34.87		0.767781		
34.88		0.767787		
34.89		0.767792		
34.9		0.767798		
34.91		0.767803		
34.92		0.767808		
34.93		0.767814		
34.94		0.767819		
34.95		0.767825		
34.96		0.76783		
34.97		0.767836		
34.98		0.767841		
34.99		0.767847		
35		0.767852		
35.01		0.767858		
35.02		0.767863		
35.03		0.767869		
35.04		0.767874		
35.05		0.76788		
35.06		0.767885		
35.07		0.767891		
35.08		0.767896		
35.09		0.767902		
35.1		0.767907		
35.11		0.767913		
35.12		0.767918		
35.13		0.767924		
35.14		0.767929		
35.15		0.767935		
35.16		0.76794		
35.17		0.767946		
35.18		0.767951		
35.19		0.767957		
35.2		0.767962		
35.21		0.767968		
35.22		0.767973		
35.23		0.767979		
35.24		0.767984		
35.25		0.76799		
35.26		0.767995		
35.27		0.768001		
35.28		0.768006		
35.29		0.768012		
35.3		0.768017		
35.31		0.768023		
35.32		0.768028		
35.33		0.768034		
35.34		0.768039		
35.35		0.768045		
35.36		0.76805		
35.37		0.768056		
35.38		0.768062		
35.39		0.768067		
35.4		0.768073		
35.41		0.768078		
35.42		0.768084		
35.43		0.768089		
35.44		0.768095		
35.45		0.7681		
35.46		0.768106		
35.47		0.768111		
35.48		0.768117		
35.49		0.768123		
35.5		0.768128		
35.51		0.768134		
35.52		0.768139		
35.53		0.768145		
35.54		0.76815		
35.55		0.768156		
35.56		0.768161		
35.57		0.768167		
35.58		0.768173		
35.59		0.768178		
35.6		0.768184		
35.61		0.768189		
35.62		0.768195		
35.63		0.7682		
35.64		0.768206		
35.65		0.768212		
35.66		0.768217		
35.67		0.768223		
35.68		0.768228		
35.69		0.768234		
35.7		0.76824		
35.71		0.768245		
35.72		0.768251		
35.73		0.768256		
35.74		0.768262		
35.75		0.768268		
35.76		0.768273		
35.77		0.768279		
35.78		0.768284		
35.79		0.76829		
35.8		0.768296		
35.81		0.768301		
35.82		0.768307		
35.83		0.768312		
35.84		0.768318		
35.85		0.768324		
35.86		0.768329		
35.87		0.768335		
35.88		0.76834		
35.89		0.768346		
35.9		0.768352		
35.91		0.768357		
35.92		0.768363		
35.93		0.768368		
35.94		0.768374		
35.95		0.76838		
35.96		0.768385		
35.97		0.768391		
35.98		0.768397		
35.99		0.768402		
36		0.768408		
36.01		0.768413		
36.02		0.768419		
36.03		0.768425		
36.04		0.76843		
36.05		0.768436		
36.06		0.768442		
36.07		0.768447		
36.08		0.768453		
36.09		0.768459		
36.1		0.768464		
36.11		0.76847		
36.12		0.768476		
36.13		0.768481		
36.14		0.768487		
36.15		0.768492		
36.16		0.768498		
36.17		0.768504		
36.18		0.768509		
36.19		0.768515		
36.2		0.768521		
36.21		0.768526		
36.22		0.768532		
36.23		0.768538		
36.24		0.768543		
36.25		0.768549		
36.26		0.768555		
36.27		0.76856		
36.28		0.768566		
36.29		0.768572		
36.3		0.768577		
36.31		0.768583		
36.32		0.768589		
36.33		0.768594		
36.34		0.7686		
36.35		0.768606		
36.36		0.768611		
36.37		0.768617		
36.38		0.768623		
36.39		0.768628		
36.4		0.768634		
36.41		0.76864		
36.42		0.768645		
36.43		0.768651		
36.44		0.768657		
36.45		0.768663		
36.46		0.768668		
36.47		0.768674		
36.48		0.76868		
36.49		0.768685		
36.5		0.768691		
36.51		0.768697		
36.52		0.768702		
36.53		0.768708		
36.54		0.768714		
36.55		0.768719		
36.56		0.768725		
36.57		0.768731		
36.58		0.768737		
36.59		0.768742		
36.6		0.768748		
36.61		0.768754		
36.62		0.768759		
36.63		0.768765		
36.64		0.768771		
36.65		0.768777		
36.66		0.768782		
36.67		0.768788		
36.68		0.768794		
36.69		0.768799		
36.7		0.768805		
36.71		0.768811		
36.72		0.768817		
36.73		0.768822		
36.74		0.768828		
36.75		0.768834		
36.76		0.768839		
36.77		0.768845		
36.78		0.768851		
36.79		0.768857		
36.8		0.768862		
36.81		0.768868		
36.82		0.768874		
36.83		0.768879		
36.84		0.768885		
36.85		0.768891		
36.86		0.768897		
36.87		0.768902		
36.88		0.768908		
36.89		0.768914		
36.9		0.76892		
36.91		0.768925		
36.92		0.768931		
36.93		0.768937		
36.94		0.768943		
36.95		0.768948		
36.96		0.768954		
36.97		0.76896		
36.98		0.768966		
36.99		0.768971		
37		0.768977		
37.01		0.768983		
37.02		0.768989		
37.03		0.768994		
37.04		0.769		
37.05		0.769006		
37.06		0.769012		
37.07		0.769017		
37.08		0.769023		
37.09		0.769029		
37.1		0.769035		
37.11		0.76904		
37.12		0.769046		
37.13		0.769052		
37.14		0.769058		
37.15		0.769063		
37.16		0.769069		
37.17		0.769075		
37.18		0.769081		
37.19		0.769086		
37.2		0.769092		
37.21		0.769098		
37.22		0.769104		
37.23		0.769109		
37.24		0.769115		
37.25		0.769121		
37.26		0.769127		
37.27		0.769133		
37.28		0.769138		
37.29		0.769144		
37.3		0.76915		
37.31		0.769156		
37.32		0.769161		
37.33		0.769167		
37.34		0.769173		
37.35		0.769179		
37.36		0.769185		
37.37		0.76919		
37.38		0.769196		
37.39		0.769202		
37.4		0.769208		
37.41		0.769214		
37.42		0.769219		
37.43		0.769225		
37.44		0.769231		
37.45		0.769237		
37.46		0.769242		
37.47		0.769248		
37.48		0.769254		
37.49		0.76926		
37.5		0.769266		
37.51		0.769271		
37.52		0.769277		
37.53		0.769283		
37.54		0.769289		
37.55		0.769295		
37.56		0.7693		
37.57		0.769306		
37.58		0.769312		
37.59		0.769318		
37.6		0.769324		
37.61		0.769329		
37.62		0.769335		
37.63		0.769341		
37.64		0.769347		
37.65		0.769353		
37.66		0.769358		
37.67		0.769364		
37.68		0.76937		
37.69		0.769376		
37.7		0.769382		
37.71		0.769387		
37.72		0.769393		
37.73		0.769399		
37.74		0.769405		
37.75		0.769411		
37.76		0.769417		
37.77		0.769422		
37.78		0.769428		
37.79		0.769434		
37.8		0.76944		
37.81		0.769446		
37.82		0.769451		
37.83		0.769457		
37.84		0.769463		
37.85		0.769469		
37.86		0.769475		
37.87		0.769481		
37.88		0.769486		
37.89		0.769492		
37.9		0.769498		
37.91		0.769504		
37.92		0.76951		
37.93		0.769515		
37.94		0.769521		
37.95		0.769527		
37.96		0.769533		
37.97		0.769539		
37.98		0.769545		
37.99		0.76955		
38		0.769556		
38.01		0.769562		
38.02		0.769568		
38.03		0.769574		
38.04		0.76958		
38.05		0.769585		
38.06		0.769591		
38.07		0.769597		
38.08		0.769603		
38.09		0.769609		
38.1		0.769615		
38.11		0.76962		
38.12		0.769626		
38.13		0.769632		
38.14		0.769638		
38.15		0.769644		
38.16		0.76965		
38.17		0.769656		
38.18		0.769661		
38.19		0.769667		
38.2		0.769673		
38.21		0.769679		
38.22		0.769685		
38.23		0.769691		
38.24		0.769696		
38.25		0.769702		
38.26		0.769708		
38.27		0.769714		
38.28		0.76972		
38.29		0.769726		
38.3		0.769732		
38.31		0.769737		
38.32		0.769743		
38.33		0.769749		
38.34		0.769755		
38.35		0.769761		
38.36		0.769767		
38.37		0.769773		
38.38		0.769778		
38.39		0.769784		
38.4		0.76979		
38.41		0.769796		
38.42		0.769802		
38.43		0.769808		
38.44		0.769814		
38.45		0.769819		
38.46		0.769825		
38.47		0.769831		
38.48		0.769837		
38.49		0.769843		
38.5		0.769849		
38.51		0.769855		
38.52		0.76986		
38.53		0.769866		
38.54		0.769872		
38.55		0.769878		
38.56		0.769884		
38.57		0.76989		
38.58		0.769896		
38.59		0.769901		
38.6		0.769907		
38.61		0.769913		
38.62		0.769919		
38.63		0.769925		
38.64		0.769931		
38.65		0.769937		
38.66		0.769943		
38.67		0.769948		
38.68		0.769954		
38.69		0.76996		
38.7		0.769966		
38.71		0.769972		
38.72		0.769978		
38.73		0.769984		
38.74		0.76999		
38.75		0.769995		
38.76		0.770001		
38.77		0.770007		
38.78		0.770013		
38.79		0.770019		
38.8		0.770025		
38.81		0.770031		
38.82		0.770037		
38.83		0.770042		
38.84		0.770048		
38.85		0.770054		
38.86		0.77006		
38.87		0.770066		
38.88		0.770072		
38.89		0.770078		
38.9		0.770084		
38.91		0.770089		
38.92		0.770095		
38.93		0.770101		
38.94		0.770107		
38.95		0.770113		
38.96		0.770119		
38.97		0.770125		
38.98		0.770131		
38.99		0.770137		
39		0.770142		
39.01		0.770148		
39.02		0.770154		
39.03		0.77016		
39.04		0.770166		
39.05		0.770172		
39.06		0.770178		
39.07		0.770184		
39.08		0.77019		
39.09		0.770195		
39.1		0.770201		
39.11		0.770207		
39.12		0.770213		
39.13		0.770219		
39.14		0.770225		
39.15		0.770231		
39.16		0.770237		
39.17		0.770243		
39.18		0.770248		
39.19		0.770254		
39.2		0.77026		
39.21		0.770266		
39.22		0.770272		
39.23		0.770278		
39.24		0.770284		
39.25		0.77029		
39.26		0.770296		
39.27		0.770302		
39.28		0.770307		
39.29		0.770313		
39.3		0.770319		
39.31		0.770325		
39.32		0.770331		
39.33		0.770337		
39.34		0.770343		
39.35		0.770349		
39.36		0.770355		
39.37		0.77036		
39.38		0.770366		
39.39		0.770372		
39.4		0.770378		
39.41		0.770384		
39.42		0.77039		
39.43		0.770396		
39.44		0.770402		
39.45		0.770408		
39.46		0.770414		
39.47		0.770419		
39.48		0.770425		
39.49		0.770431		
39.5		0.770437		
39.51		0.770443		
39.52		0.770449		
39.53		0.770455		
39.54		0.770461		
39.55		0.770467		
39.56		0.770473		
39.57		0.770479		
39.58		0.770484		
39.59		0.77049		
39.6		0.770496		
39.61		0.770502		
39.62		0.770508		
39.63		0.770514		
39.64		0.77052		
39.65		0.770526		
39.66		0.770532		
39.67		0.770538		
39.68		0.770543		
39.69		0.770549		
39.7		0.770555		
39.71		0.770561		
39.72		0.770567		
39.73		0.770573		
39.74		0.770579		
39.75		0.770585		
39.76		0.770591		
39.77		0.770597		
39.78		0.770603		
39.79		0.770608		
39.8		0.770614		
39.81		0.77062		
39.82		0.770626		
39.83		0.770632		
39.84		0.770638		
39.85		0.770644		
39.86		0.77065		
39.87		0.770656		
39.88		0.770662		
39.89		0.770668		
39.9		0.770674		
39.91		0.770679		
39.92		0.770685		
39.93		0.770691		
39.94		0.770697		
39.95		0.770703		
39.96		0.770709		
39.97		0.770715		
39.98		0.770721		
39.99		0.770727		
40		0.770733		
40.01		0.770739		
40.02		0.770744		
40.03		0.77075		
40.04		0.770756		
40.05		0.770762		
40.06		0.770768		
40.07		0.770774		
40.08		0.77078		
40.09		0.770786		
40.1		0.770792		
40.11		0.770798		
40.12		0.770804		
40.13		0.77081		
40.14		0.770815		
40.15		0.770821		
40.16		0.770827		
40.17		0.770833		
40.18		0.770839		
40.19		0.770845		
40.2		0.770851		
40.21		0.770857		
40.22		0.770863		
40.23		0.770869		
40.24		0.770875		
40.25		0.770881		
40.26		0.770886		
40.27		0.770892		
40.28		0.770898		
40.29		0.770904		
40.3		0.77091		
40.31		0.770916		
40.32		0.770922		
40.33		0.770928		
40.34		0.770934		
40.35		0.77094		
40.36		0.770946		
40.37		0.770952		
40.38		0.770957		
40.39		0.770963		
40.4		0.770969		
40.41		0.770975		
40.42		0.770981		
40.43		0.770987		
40.44		0.770993		
40.45		0.770999		
40.46		0.771005		
40.47		0.771011		
40.48		0.771017		
40.49		0.771023		
40.5		0.771028		
40.51		0.771034		
40.52		0.77104		
40.53		0.771046		
40.54		0.771052		
40.55		0.771058		
40.56		0.771064		
40.57		0.77107		
40.58		0.771076		
40.59		0.771082		
40.6		0.771088		
40.61		0.771094		
40.62		0.7711		
40.63		0.771105		
40.64		0.771111		
40.65		0.771117		
40.66		0.771123		
40.67		0.771129		
40.68		0.771135		
40.69		0.771141		
40.7		0.771147		
40.71		0.771153		
40.72		0.771159		
40.73		0.771165		
40.74		0.771171		
40.75		0.771176		
40.76		0.771182		
40.77		0.771188		
40.78		0.771194		
40.79		0.7712		
40.8		0.771206		
40.81		0.771212		
40.82		0.771218		
40.83		0.771224		
40.84		0.77123		
40.85		0.771236		
40.86		0.771242		
40.87		0.771247		
40.88		0.771253		
40.89		0.771259		
40.9		0.771265		
40.91		0.771271		
40.92		0.771277		
40.93		0.771283		
40.94		0.771289		
40.95		0.771295		
40.96		0.771301		
40.97		0.771307		
40.98		0.771313		
40.99		0.771319		
41		0.771324		
41.01		0.77133		
41.02		0.771336		
41.03		0.771342		
41.04		0.771348		
41.05		0.771354		
41.06		0.77136		
41.07		0.771366		
41.08		0.771372		
41.09		0.771378		
41.1		0.771384		
41.11		0.77139		
41.12		0.771395		
41.13		0.771401		
41.14		0.771407		
41.15		0.771413		
41.16		0.771419		
41.17		0.771425		
41.18		0.771431		
41.19		0.771437		
41.2		0.771443		
41.21		0.771449		
41.22		0.771455		
41.23		0.771461		
41.24		0.771466		
41.25		0.771472		
41.26		0.771478		
41.27		0.771484		
41.28		0.77149		
41.29		0.771496		
41.3		0.771502		
41.31		0.771508		
41.32		0.771514		
41.33		0.77152		
41.34		0.771526		
41.35		0.771532		
41.36		0.771537		
41.37		0.771543		
41.38		0.771549		
41.39		0.771555		
41.4		0.771561		
41.41		0.771567		
41.42		0.771573		
41.43		0.771579		
41.44		0.771585		
41.45		0.771591		
41.46		0.771597		
41.47		0.771602		
41.48		0.771608		
41.49		0.771614		
41.5		0.77162		
41.51		0.771626		
41.52		0.771632		
41.53		0.771638		
41.54		0.771644		
41.55		0.77165		
41.56		0.771656		
41.57		0.771662		
41.58		0.771668		
41.59		0.771673		
41.6		0.771679		
41.61		0.771685		
41.62		0.771691		
41.63		0.771697		
41.64		0.771703		
41.65		0.771709		
41.66		0.771715		
41.67		0.771721		
41.68		0.771727		
41.69		0.771733		
41.7		0.771738		
41.71		0.771744		
41.72		0.77175		
41.73		0.771756		
41.74		0.771762		
41.75		0.771768		
41.76		0.771774		
41.77		0.77178		
41.78		0.771786		
41.79		0.771792		
41.8		0.771798		
41.81		0.771803		
41.82		0.771809		
41.83		0.771815		
41.84		0.771821		
41.85		0.771827		
41.86		0.771833		
41.87		0.771839		
41.88		0.771845		
41.89		0.771851		
41.9		0.771857		
41.91		0.771862		
41.92		0.771868		
41.93		0.771874		
41.94		0.77188		
41.95		0.771886		
41.96		0.771892		
41.97		0.771898		
41.98		0.771904		
41.99		0.77191		
42		0.771916		
42.01		0.771922		
42.02		0.771927		
42.03		0.771933		
42.04		0.771939		
42.05		0.771945		
42.06		0.771951		
42.07		0.771957		
42.08		0.771963		
42.09		0.771969		
42.1		0.771975		
42.11		0.771981		
42.12		0.771986		
42.13		0.771992		
42.14		0.771998		
42.15		0.772004		
42.16		0.77201		
42.17		0.772016		
42.18		0.772022		
42.19		0.772028		
42.2		0.772034		
42.21		0.772039		
42.22		0.772045		
42.23		0.772051		
42.24		0.772057		
42.25		0.772063		
42.26		0.772069		
42.27		0.772075		
42.28		0.772081		
42.29		0.772087		
42.3		0.772093		
42.31		0.772098		
42.32		0.772104		
42.33		0.77211		
42.34		0.772116		
42.35		0.772122		
42.36		0.772128		
42.37		0.772134		
42.38		0.77214		
42.39		0.772146		
42.4		0.772151		
42.41		0.772157		
42.42		0.772163		
42.43		0.772169		
42.44		0.772175		
42.45		0.772181		
42.46		0.772187		
42.47		0.772193		
42.48		0.772199		
42.49		0.772204		
42.5		0.77221		
42.51		0.772216		
42.52		0.772222		
42.53		0.772228		
42.54		0.772234		
42.55		0.77224		
42.56		0.772246		
42.57		0.772252		
42.58		0.772257		
42.59		0.772263		
42.6		0.772269		
42.61		0.772275		
42.62		0.772281		
42.63		0.772287		
42.64		0.772293		
42.65		0.772299		
42.66		0.772305		
42.67		0.77231		
42.68		0.772316		
42.69		0.772322		
42.7		0.772328		
42.71		0.772334		
42.72		0.77234		
42.73		0.772346		
42.74		0.772352		
42.75		0.772357		
42.76		0.772363		
42.77		0.772369		
42.78		0.772375		
42.79		0.772381		
42.8		0.772387		
42.81		0.772393		
42.82		0.772399		
42.83		0.772404		
42.84		0.77241		
42.85		0.772416		
42.86		0.772422		
42.87		0.772428		
42.88		0.772434		
42.89		0.77244		
42.9		0.772446		
42.91		0.772451		
42.92		0.772457		
42.93		0.772463		
42.94		0.772469		
42.95		0.772475		
42.96		0.772481		
42.97		0.772487		
42.98		0.772493		
42.99		0.772498		
43		0.772504		
43.01		0.77251		
43.02		0.772516		
43.03		0.772522		
43.04		0.772528		
43.05		0.772534		
43.06		0.77254		
43.07		0.772545		
43.08		0.772551		
43.09		0.772557		
43.1		0.772563		
43.11		0.772569		
43.12		0.772575		
43.13		0.772581		
43.14		0.772586		
43.15		0.772592		
43.16		0.772598		
43.17		0.772604		
43.18		0.77261		
43.19		0.772616		
43.2		0.772622		
43.21		0.772627		
43.22		0.772633		
43.23		0.772639		
43.24		0.772645		
43.25		0.772651		
43.26		0.772657		
43.27		0.772663		
43.28		0.772668		
43.29		0.772674		
43.3		0.77268		
43.31		0.772686		
43.32		0.772692		
43.33		0.772698		
43.34		0.772704		
43.35		0.772709		
43.36		0.772715		
43.37		0.772721		
43.38		0.772727		
43.39		0.772733		
43.4		0.772739		
43.41		0.772745		
43.42		0.77275		
43.43		0.772756		
43.44		0.772762		
43.45		0.772768		
43.46		0.772774		
43.47		0.77278		
43.48		0.772785		
43.49		0.772791		
43.5		0.772797		
43.51		0.772803		
43.52		0.772809		
43.53		0.772815		
43.54		0.772821		
43.55		0.772826		
43.56		0.772832		
43.57		0.772838		
43.58		0.772844		
43.59		0.77285		
43.6		0.772856		
43.61		0.772861		
43.62		0.772867		
43.63		0.772873		
43.64		0.772879		
43.65		0.772885		
43.66		0.772891		
43.67		0.772897		
43.68		0.772902		
43.69		0.772908		
43.7		0.772914		
43.71		0.77292		
43.72		0.772926		
43.73		0.772932		
43.74		0.772937		
43.75		0.772943		
43.76		0.772949		
43.77		0.772955		
43.78		0.772961		
43.79		0.772967		
43.8		0.772972		
43.81		0.772978		
43.82		0.772984		
43.83		0.77299		
43.84		0.772996		
43.85		0.773002		
43.86		0.773007		
43.87		0.773013		
43.88		0.773019		
43.89		0.773025		
43.9		0.773031		
43.91		0.773036		
43.92		0.773042		
43.93		0.773048		
43.94		0.773054		
43.95		0.77306		
43.96		0.773066		
43.97		0.773071		
43.98		0.773077		
43.99		0.773083		
44		0.773089		
44.01		0.773095		
44.02		0.773101		
44.03		0.773106		
44.04		0.773112		
44.05		0.773118		
44.06		0.773124		
44.07		0.77313		
44.08		0.773135		
44.09		0.773141		
44.1		0.773147		
44.11		0.773153		
44.12		0.773159		
44.13		0.773164		
44.14		0.77317		
44.15		0.773176		
44.16		0.773182		
44.17		0.773188		
44.18		0.773194		
44.19		0.773199		
44.2		0.773205		
44.21		0.773211		
44.22		0.773217		
44.23		0.773223		
44.24		0.773228		
44.25		0.773234		
44.26		0.77324		
44.27		0.773246		
44.28		0.773252		
44.29		0.773257		
44.3		0.773263		
44.31		0.773269		
44.32		0.773275		
44.33		0.773281		
44.34		0.773286		
44.35		0.773292		
44.36		0.773298		
44.37		0.773304		
44.38		0.77331		
44.39		0.773315		
44.4		0.773321		
44.41		0.773327		
44.42		0.773333		
44.43		0.773339		
44.44		0.773344		
44.45		0.77335		
44.46		0.773356		
44.47		0.773362		
44.48		0.773368		
44.49		0.773373		
44.5		0.773379		
44.51		0.773385		
44.52		0.773391		
44.53		0.773397		
44.54		0.773402		
44.55		0.773408		
44.56		0.773414		
44.57		0.77342		
44.58		0.773425		
44.59		0.773431		
44.6		0.773437		
44.61		0.773443		
44.62		0.773449		
44.63		0.773454		
44.64		0.77346		
44.65		0.773466		
44.66		0.773472		
44.67		0.773478		
44.68		0.773483		
44.69		0.773489		
44.7		0.773495		
44.71		0.773501		
44.72		0.773506		
44.73		0.773512		
44.74		0.773518		
44.75		0.773524		
44.76		0.77353		
44.77		0.773535		
44.78		0.773541		
44.79		0.773547		
44.8		0.773553		
44.81		0.773558		
44.82		0.773564		
44.83		0.77357		
44.84		0.773576		
44.85		0.773581		
44.86		0.773587		
44.87		0.773593		
44.88		0.773599		
44.89		0.773605		
44.9		0.77361		
44.91		0.773616		
44.92		0.773622		
44.93		0.773628		
44.94		0.773633		
44.95		0.773639		
44.96		0.773645		
44.97		0.773651		
44.98		0.773656		
44.99		0.773662		
45		0.773668		
45.01		0.773674		
45.02		0.773679		
45.03		0.773685		
45.04		0.773691		
45.05		0.773697		
45.06		0.773702		
45.07		0.773708		
45.08		0.773714		
45.09		0.77372		
45.1		0.773725		
45.11		0.773731		
45.12		0.773737		
45.13		0.773743		
45.14		0.773748		
45.15		0.773754		
45.16		0.77376		
45.17		0.773766		
45.18		0.773771		
45.19		0.773777		
45.2		0.773783		
45.21		0.773789		
45.22		0.773794		
45.23		0.7738		
45.24		0.773806		
45.25		0.773812		
45.26		0.773817		
45.27		0.773823		
45.28		0.773829		
45.29		0.773835		
45.3		0.77384		
45.31		0.773846		
45.32		0.773852		
45.33		0.773858		
45.34		0.773863		
45.35		0.773869		
45.36		0.773875		
45.37		0.773881		
45.38		0.773886		
45.39		0.773892		
45.4		0.773898		
45.41		0.773903		
45.42		0.773909		
45.43		0.773915		
45.44		0.773921		
45.45		0.773926		
45.46		0.773932		
45.47		0.773938		
45.48		0.773944		
45.49		0.773949		
45.5		0.773955		
45.51		0.773961		
45.52		0.773966		
45.53		0.773972		
45.54		0.773978		
45.55		0.773984		
45.56		0.773989		
45.57		0.773995		
45.58		0.774001		
45.59		0.774007		
45.6		0.774012		
45.61		0.774018		
45.62		0.774024		
45.63		0.774029		
45.64		0.774035		
45.65		0.774041		
45.66		0.774047		
45.67		0.774052		
45.68		0.774058		
45.69		0.774064		
45.7		0.774069		
45.71		0.774075		
45.72		0.774081		
45.73		0.774087		
45.74		0.774092		
45.75		0.774098		
45.76		0.774104		
45.77		0.774109		
45.78		0.774115		
45.79		0.774121		
45.8		0.774126		
45.81		0.774132		
45.82		0.774138		
45.83		0.774144		
45.84		0.774149		
45.85		0.774155		
45.86		0.774161		
45.87		0.774166		
45.88		0.774172		
45.89		0.774178		
45.9		0.774183		
45.91		0.774189		
45.92		0.774195		
45.93		0.774201		
45.94		0.774206		
45.95		0.774212		
45.96		0.774218		
45.97		0.774223		
45.98		0.774229		
45.99		0.774235		
46		0.77424		
46.01		0.774246		
46.02		0.774252		
46.03		0.774257		
46.04		0.774263		
46.05		0.774269		
46.06		0.774274		
46.07		0.77428		
46.08		0.774286		
46.09		0.774291		
46.1		0.774297		
46.11		0.774303		
46.12		0.774309		
46.13		0.774314		
46.14		0.77432		
46.15		0.774326		
46.16		0.774331		
46.17		0.774337		
46.18		0.774343		
46.19		0.774348		
46.2		0.774354		
46.21		0.77436		
46.22		0.774365		
46.23		0.774371		
46.24		0.774377		
46.25		0.774382		
46.26		0.774388		
46.27		0.774394		
46.28		0.774399		
46.29		0.774405		
46.3		0.774411		
46.31		0.774416		
46.32		0.774422		
46.33		0.774428		
46.34		0.774433		
46.35		0.774439		
46.36		0.774445		
46.37		0.77445		
46.38		0.774456		
46.39		0.774462		
46.4		0.774467		
46.41		0.774473		
46.42		0.774479		
46.43		0.774484		
46.44		0.77449		
46.45		0.774495		
46.46		0.774501		
46.47		0.774507		
46.48		0.774512		
46.49		0.774518		
46.5		0.774524		
46.51		0.774529		
46.52		0.774535		
46.53		0.774541		
46.54		0.774546		
46.55		0.774552		
46.56		0.774558		
46.57		0.774563		
46.58		0.774569		
46.59		0.774575		
46.6		0.77458		
46.61		0.774586		
46.62		0.774591		
46.63		0.774597		
46.64		0.774603		
46.65		0.774608		
46.66		0.774614		
46.67		0.77462		
46.68		0.774625		
46.69		0.774631		
46.7		0.774637		
46.71		0.774642		
46.72		0.774648		
46.73		0.774653		
46.74		0.774659		
46.75		0.774665		
46.76		0.77467		
46.77		0.774676		
46.78		0.774682		
46.79		0.774687		
46.8		0.774693		
46.81		0.774698		
46.82		0.774704		
46.83		0.77471		
46.84		0.774715		
46.85		0.774721		
46.86		0.774727		
46.87		0.774732		
46.88		0.774738		
46.89		0.774743		
46.9		0.774749		
46.91		0.774755		
46.92		0.77476		
46.93		0.774766		
46.94		0.774771		
46.95		0.774777		
46.96		0.774783		
46.97		0.774788		
46.98		0.774794		
46.99		0.774799		
47		0.774805		
47.01		0.774811		
47.02		0.774816		
47.03		0.774822		
47.04		0.774828		
47.05		0.774833		
47.06		0.774839		
47.07		0.774844		
47.08		0.77485		
47.09		0.774856		
47.1		0.774861		
47.11		0.774867		
47.12		0.774872		
47.13		0.774878		
47.14		0.774884		
47.15		0.774889		
47.16		0.774895		
47.17		0.7749		
47.18		0.774906		
47.19		0.774911		
47.2		0.774917		
47.21		0.774923		
47.22		0.774928		
47.23		0.774934		
47.24		0.774939		
47.25		0.774945		
47.26		0.774951		
47.27		0.774956		
47.28		0.774962		
47.29		0.774967		
47.3		0.774973		
47.31		0.774978		
47.32		0.774984		
47.33		0.77499		
47.34		0.774995		
47.35		0.775001		
47.36		0.775006		
47.37		0.775012		
47.38		0.775018		
47.39		0.775023		
47.4		0.775029		
47.41		0.775034		
47.42		0.77504		
47.43		0.775045		
47.44		0.775051		
47.45		0.775057		
47.46		0.775062		
47.47		0.775068		
47.48		0.775073		
47.49		0.775079		
47.5		0.775084		
47.51		0.77509		
47.52		0.775095		
47.53		0.775101		
47.54		0.775107		
47.55		0.775112		
47.56		0.775118		
47.57		0.775123		
47.58		0.775129		
47.59		0.775134		
47.6		0.77514		
47.61		0.775146		
47.62		0.775151		
47.63		0.775157		
47.64		0.775162		
47.65		0.775168		
47.66		0.775173		
47.67		0.775179		
47.68		0.775184		
47.69		0.77519		
47.7		0.775195		
47.71		0.775201		
47.72		0.775207		
47.73		0.775212		
47.74		0.775218		
47.75		0.775223		
47.76		0.775229		
47.77		0.775234		
47.78		0.77524		
47.79		0.775245		
47.8		0.775251		
47.81		0.775256		
47.82		0.775262		
47.83		0.775267		
47.84		0.775273		
47.85		0.775279		
47.86		0.775284		
47.87		0.77529		
47.88		0.775295		
47.89		0.775301		
47.9		0.775306		
47.91		0.775312		
47.92		0.775317		
47.93		0.775323		
47.94		0.775328		
47.95		0.775334		
47.96		0.775339		
47.97		0.775345		
47.98		0.77535		
47.99		0.775356		
48		0.775361		
48.01		0.775367		
48.02		0.775372		
48.03		0.775378		
48.04		0.775383		
48.05		0.775389		
48.06		0.775395		
48.07		0.7754		
48.08		0.775406		
48.09		0.775411		
48.1		0.775417		
48.11		0.775422		
48.12		0.775428		
48.13		0.775433		
48.14		0.775439		
48.15		0.775444		
48.16		0.77545		
48.17		0.775455		
48.18		0.775461		
48.19		0.775466		
48.2		0.775472		
48.21		0.775477		
48.22		0.775483		
48.23		0.775488		
48.24		0.775494		
48.25		0.775499		
48.26		0.775505		
48.27		0.77551		
48.28		0.775516		
48.29		0.775521		
48.3		0.775527		
48.31		0.775532		
48.32		0.775538		
48.33		0.775543		
48.34		0.775549		
48.35		0.775554		
48.36		0.775559		
48.37		0.775565		
48.38		0.77557		
48.39		0.775576		
48.4		0.775581		
48.41		0.775587		
48.42		0.775592		
48.43		0.775598		
48.44		0.775603		
48.45		0.775609		
48.46		0.775614		
48.47		0.77562		
48.48		0.775625		
48.49		0.775631		
48.5		0.775636		
48.51		0.775642		
48.52		0.775647		
48.53		0.775653		
48.54		0.775658		
48.55		0.775664		
48.56		0.775669		
48.57		0.775674		
48.58		0.77568		
48.59		0.775685		
48.6		0.775691		
48.61		0.775696		
48.62		0.775702		
48.63		0.775707		
48.64		0.775713		
48.65		0.775718		
48.66		0.775724		
48.67		0.775729		
48.68		0.775735		
48.69		0.77574		
48.7		0.775745		
48.71		0.775751		
48.72		0.775756		
48.73		0.775762		
48.74		0.775767		
48.75		0.775773		
48.76		0.775778		
48.77		0.775784		
48.78		0.775789		
48.79		0.775794		
48.8		0.7758		
48.81		0.775805		
48.82		0.775811		
48.83		0.775816		
48.84		0.775822		
48.85		0.775827		
48.86		0.775833		
48.87		0.775838		
48.88		0.775843		
48.89		0.775849		
48.9		0.775854		
48.91		0.77586		
48.92		0.775865		
48.93		0.775871		
48.94		0.775876		
48.95		0.775881		
48.96		0.775887		
48.97		0.775892		
48.98		0.775898		
48.99		0.775903		
49		0.775909		
49.01		0.775914		
49.02		0.775919		
49.03		0.775925		
49.04		0.77593		
49.05		0.775936		
49.06		0.775941		
49.07		0.775947		
49.08		0.775952		
49.09		0.775957		
49.1		0.775963		
49.11		0.775968		
49.12		0.775974		
49.13		0.775979		
49.14		0.775984		
49.15		0.77599		
49.16		0.775995		
49.17		0.776001		
49.18		0.776006		
49.19		0.776012		
49.2		0.776017		
49.21		0.776022		
49.22		0.776028		
49.23		0.776033		
49.24		0.776039		
49.25		0.776044		
49.26		0.776049		
49.27		0.776055		
49.28		0.77606		
49.29		0.776066		
49.3		0.776071		
49.31		0.776076		
49.32		0.776082		
49.33		0.776087		
49.34		0.776093		
49.35		0.776098		
49.36		0.776103		
49.37		0.776109		
49.38		0.776114		
49.39		0.776119		
49.4		0.776125		
49.41		0.77613		
49.42		0.776136		
49.43		0.776141		
49.44		0.776146		
49.45		0.776152		
49.46		0.776157		
49.47		0.776163		
49.48		0.776168		
49.49		0.776173		
49.5		0.776179		
49.51		0.776184		
49.52		0.776189		
49.53		0.776195		
49.54		0.7762		
49.55		0.776206		
49.56		0.776211		
49.57		0.776216		
49.58		0.776222		
49.59		0.776227		
49.6		0.776232		
49.61		0.776238		
49.62		0.776243		
49.63		0.776248		
49.64		0.776254		
49.65		0.776259		
49.66		0.776265		
49.67		0.77627		
49.68		0.776275		
49.69		0.776281		
49.7		0.776286		
49.71		0.776291		
49.72		0.776297		
49.73		0.776302		
49.74		0.776307		
49.75		0.776313		
49.76		0.776318		
49.77		0.776323		
49.78		0.776329		
49.79		0.776334		
49.8		0.776339		
49.81		0.776345		
49.82		0.77635		
49.83		0.776356		
49.84		0.776361		
49.85		0.776366		
49.86		0.776372		
49.87		0.776377		
49.88		0.776382		
49.89		0.776388		
49.9		0.776393		
49.91		0.776398		
49.92		0.776404		
49.93		0.776409		
49.94		0.776414		
49.95		0.77642		
49.96		0.776425		
49.97		0.77643		
49.98		0.776436		
49.99		0.776441		
50		0.776446		
