tau [fm]		ax
0.25		1
0.26		0.99497		
0.27		0.99231		
0.28		0.99185		
0.29		0.9929		
0.3		0.99492		
0.31		0.99753		
0.32		1.0004		
0.33		1.0034		
0.34		1.0064		
0.35		1.0091		
0.36		1.0116		
0.37		1.0138		
0.38		1.0158		
0.39		1.0174		
0.4		1.0187		
0.41		1.0197		
0.42		1.0204		
0.43		1.0209		
0.44		1.0212		
0.45		1.0212		
0.46		1.0211		
0.47		1.0208		
0.48		1.0204		
0.49		1.0199		
0.5		1.0193		
0.51		1.0186		
0.52		1.0179		
0.53		1.0171		
0.54		1.0163		
0.55		1.0155		
0.56		1.0147		
0.57		1.014		
0.58		1.0132		
0.59		1.0125		
0.6		1.0118		
0.61		1.0112		
0.62		1.0106		
0.63		1.0101		
0.64		1.0096		
0.65		1.0092		
0.66		1.0088		
0.67		1.0085		
0.68		1.0082		
0.69		1.0081		
0.7		1.0079		
0.71		1.0079		
0.72		1.0078		
0.73		1.0079		
0.74		1.008		
0.75		1.0081		
0.76		1.0083		
0.77		1.0085		
0.78		1.0088		
0.79		1.0091		
0.8		1.0095		
0.81		1.0099		
0.82		1.0104		
0.83		1.0108		
0.84		1.0114		
0.85		1.0119		
0.86		1.0125		
0.87		1.0131		
0.88		1.0137		
0.89		1.0143		
0.9		1.015		
0.91		1.0157		
0.92		1.0164		
0.93		1.0171		
0.94		1.0178		
0.95		1.0185		
0.96		1.0193		
0.97		1.0201		
0.98		1.0208		
0.99		1.0216		
1		1.0224		
1.01		1.0232		
1.02		1.0239		
1.03		1.0247		
1.04		1.0255		
1.05		1.0263		
1.06		1.0271		
1.07		1.0279		
1.08		1.0287		
1.09		1.0295		
1.1		1.0302		
1.11		1.031		
1.12		1.0318		
1.13		1.0325		
1.14		1.0333		
1.15		1.0341		
1.16		1.0348		
1.17		1.0355		
1.18		1.0363		
1.19		1.037		
1.2		1.0377		
1.21		1.0384		
1.22		1.0391		
1.23		1.0398		
1.24		1.0405		
1.25		1.0412		
1.26		1.0418		
1.27		1.0425		
1.28		1.0431		
1.29		1.0438		
1.3		1.0444		
1.31		1.045		
1.32		1.0456		
1.33		1.0462		
1.34		1.0468		
1.35		1.0473		
1.36		1.0479		
1.37		1.0485		
1.38		1.049		
1.39		1.0495		
1.4		1.0501		
1.41		1.0506		
1.42		1.0511		
1.43		1.0516		
1.44		1.052		
1.45		1.0525		
1.46		1.053		
1.47		1.0534		
1.48		1.0539		
1.49		1.0543		
1.5		1.0547		
1.51		1.0551		
1.52		1.0556		
1.53		1.056		
1.54		1.0563		
1.55		1.0567		
1.56		1.0571		
1.57		1.0574		
1.58		1.0578		
1.59		1.0581		
1.6		1.0585		
1.61		1.0588		
1.62		1.0591		
1.63		1.0594		
1.64		1.0597		
1.65		1.06		
1.66		1.0603		
1.67		1.0606		
1.68		1.0608		
1.69		1.0611		
1.7		1.0613		
1.71		1.0616		
1.72		1.0618		
1.73		1.062		
1.74		1.0623		
1.75		1.0625		
1.76		1.0627		
1.77		1.0629		
1.78		1.0631		
1.79		1.0633		
1.8		1.0634		
1.81		1.0636		
1.82		1.0638		
1.83		1.0639		
1.84		1.0641		
1.85		1.0642		
1.86		1.0644		
1.87		1.0645		
1.88		1.0647		
1.89		1.0648		
1.9		1.0649		
1.91		1.065		
1.92		1.0651		
1.93		1.0652		
1.94		1.0653		
1.95		1.0654		
1.96		1.0655		
1.97		1.0656		
1.98		1.0656		
1.99		1.0657		
2		1.0658		
2.01		1.0658		
2.02		1.0659		
2.03		1.0659		
2.04		1.066		
2.05		1.066		
2.06		1.0661		
2.07		1.0661		
2.08		1.0661		
2.09		1.0661		
2.1		1.0662		
2.11		1.0662		
2.12		1.0662		
2.13		1.0662		
2.14		1.0662		
2.15		1.0662		
2.16		1.0662		
2.17		1.0662		
2.18		1.0662		
2.19		1.0662		
2.2		1.0661		
2.21		1.0661		
2.22		1.0661		
2.23		1.0661		
2.24		1.066		
2.25		1.066		
2.26		1.066		
2.27		1.0659		
2.28		1.0659		
2.29		1.0658		
2.3		1.0658		
2.31		1.0657		
2.32		1.0657		
2.33		1.0656		
2.34		1.0655		
2.35		1.0655		
2.36		1.0654		
2.37		1.0653		
2.38		1.0653		
2.39		1.0652		
2.4		1.0651		
2.41		1.065		
2.42		1.0649		
2.43		1.0649		
2.44		1.0648		
2.45		1.0647		
2.46		1.0646		
2.47		1.0645		
2.48		1.0644		
2.49		1.0643		
2.5		1.0642		
2.51		1.0641		
2.52		1.064		
2.53		1.0639		
2.54		1.0638		
2.55		1.0637		
2.56		1.0635		
2.57		1.0634		
2.58		1.0633		
2.59		1.0632		
2.6		1.0631		
2.61		1.0629		
2.62		1.0628		
2.63		1.0627		
2.64		1.0626		
2.65		1.0624		
2.66		1.0623		
2.67		1.0622		
2.68		1.062		
2.69		1.0619		
2.7		1.0618		
2.71		1.0616		
2.72		1.0615		
2.73		1.0614		
2.74		1.0612		
2.75		1.0611		
2.76		1.0609		
2.77		1.0608		
2.78		1.0606		
2.79		1.0605		
2.8		1.0603		
2.81		1.0602		
2.82		1.06		
2.83		1.0599		
2.84		1.0597		
2.85		1.0596		
2.86		1.0594		
2.87		1.0593		
2.88		1.0591		
2.89		1.059		
2.9		1.0588		
2.91		1.0586		
2.92		1.0585		
2.93		1.0583		
2.94		1.0582		
2.95		1.058		
2.96		1.0578		
2.97		1.0577		
2.98		1.0575		
2.99		1.0573		
3		1.0572		
3.01		1.057		
3.02		1.0568		
3.03		1.0567		
3.04		1.0565		
3.05		1.0563		
3.06		1.0561		
3.07		1.056		
3.08		1.0558		
3.09		1.0556		
3.1		1.0555		
3.11		1.0553		
3.12		1.0551		
3.13		1.0549		
3.14		1.0548		
3.15		1.0546		
3.16		1.0544		
3.17		1.0542		
3.18		1.054		
3.19		1.0539		
3.2		1.0537		
3.21		1.0535		
3.22		1.0533		
3.23		1.0532		
3.24		1.053		
3.25		1.0528		
3.26		1.0526		
3.27		1.0524		
3.28		1.0522		
3.29		1.0521		
3.3		1.0519		
3.31		1.0517		
3.32		1.0515		
3.33		1.0513		
3.34		1.0512		
3.35		1.051		
3.36		1.0508		
3.37		1.0506		
3.38		1.0504		
3.39		1.0502		
3.4		1.0501		
3.41		1.0499		
3.42		1.0497		
3.43		1.0495		
3.44		1.0493		
3.45		1.0491		
3.46		1.0489		
3.47		1.0488		
3.48		1.0486		
3.49		1.0484		
3.5		1.0482		
3.51		1.048		
3.52		1.0478		
3.53		1.0476		
3.54		1.0475		
3.55		1.0473		
3.56		1.0471		
3.57		1.0469		
3.58		1.0467		
3.59		1.0465		
3.6		1.0463		
3.61		1.0462		
3.62		1.046		
3.63		1.0458		
3.64		1.0456		
3.65		1.0454		
3.66		1.0452		
3.67		1.045		
3.68		1.0449		
3.69		1.0447		
3.7		1.0445		
3.71		1.0443		
3.72		1.0441		
3.73		1.0439		
3.74		1.0437		
3.75		1.0436		
3.76		1.0434		
3.77		1.0432		
3.78		1.043		
3.79		1.0428		
3.8		1.0426		
3.81		1.0424		
3.82		1.0423		
3.83		1.0421		
3.84		1.0419		
3.85		1.0417		
3.86		1.0415		
3.87		1.0413		
3.88		1.0412		
3.89		1.041		
3.9		1.0408		
3.91		1.0406		
3.92		1.0404		
3.93		1.0402		
3.94		1.0401		
3.95		1.0399		
3.96		1.0397		
3.97		1.0395		
3.98		1.0393		
3.99		1.0391		
4		1.039		
4.01		1.0388		
4.02		1.0386		
4.03		1.0384		
4.04		1.0382		
4.05		1.0381		
4.06		1.0379		
4.07		1.0377		
4.08		1.0375		
4.09		1.0373		
4.1		1.0371		
4.11		1.037		
4.12		1.0368		
4.13		1.0366		
4.14		1.0364		
4.15		1.0362		
4.16		1.0361		
4.17		1.0359		
4.18		1.0357		
4.19		1.0355		
4.2		1.0354		
4.21		1.0352		
4.22		1.035		
4.23		1.0348		
4.24		1.0346		
4.25		1.0345		
4.26		1.0343		
4.27		1.0341		
4.28		1.0339		
4.29		1.0338		
4.3		1.0336		
4.31		1.0334		
4.32		1.0332		
4.33		1.0331		
4.34		1.0329		
4.35		1.0327		
4.36		1.0325		
4.37		1.0324		
4.38		1.0322		
4.39		1.032		
4.4		1.0318		
4.41		1.0317		
4.42		1.0315		
4.43		1.0313		
4.44		1.0312		
4.45		1.031		
4.46		1.0308		
4.47		1.0306		
4.48		1.0305		
4.49		1.0303		
4.5		1.0301		
4.51		1.03		
4.52		1.0298		
4.53		1.0296		
4.54		1.0294		
4.55		1.0293		
4.56		1.0291		
4.57		1.0289		
4.58		1.0288		
4.59		1.0286		
4.6		1.0284		
4.61		1.0283		
4.62		1.0281		
4.63		1.0279		
4.64		1.0278		
4.65		1.0276		
4.66		1.0274		
4.67		1.0273		
4.68		1.0271		
4.69		1.0269		
4.7		1.0268		
4.71		1.0266		
4.72		1.0264		
4.73		1.0263		
4.74		1.0261		
4.75		1.0259		
4.76		1.0258		
4.77		1.0256		
4.78		1.0254		
4.79		1.0253		
4.8		1.0251		
4.81		1.025		
4.82		1.0248		
4.83		1.0246		
4.84		1.0245		
4.85		1.0243		
4.86		1.0242		
4.87		1.024		
4.88		1.0238		
4.89		1.0237		
4.9		1.0235		
4.91		1.0233		
4.92		1.0232		
4.93		1.023		
4.94		1.0229		
4.95		1.0227		
4.96		1.0226		
4.97		1.0224		
4.98		1.0222		
4.99		1.0221		
5		1.0219		
5.01		1.0218		
5.02		1.0216		
5.03		1.0214		
5.04		1.0213		
5.05		1.0211		
5.06		1.021		
5.07		1.0208		
5.08		1.0207		
5.09		1.0205		
5.1		1.0204		
5.11		1.0202		
5.12		1.0201		
5.13		1.0199		
5.14		1.0197		
5.15		1.0196		
5.16		1.0194		
5.17		1.0193		
5.18		1.0191		
5.19		1.019		
5.2		1.0188		
5.21		1.0187		
5.22		1.0185		
5.23		1.0184		
5.24		1.0182		
5.25		1.0181		
5.26		1.0179		
5.27		1.0178		
5.28		1.0176		
5.29		1.0175		
5.3		1.0173		
5.31		1.0172		
5.32		1.017		
5.33		1.0169		
5.34		1.0167		
5.35		1.0166		
5.36		1.0164		
5.37		1.0163		
5.38		1.0161		
5.39		1.016		
5.4		1.0158		
5.41		1.0157		
5.42		1.0155		
5.43		1.0154		
5.44		1.0152		
5.45		1.0151		
5.46		1.0149		
5.47		1.0148		
5.48		1.0146		
5.49		1.0145		
5.5		1.0144		
5.51		1.0142		
5.52		1.0141		
5.53		1.0139		
5.54		1.0138		
5.55		1.0136		
5.56		1.0135		
5.57		1.0133		
5.58		1.0132		
5.59		1.0131		
5.6		1.0129		
5.61		1.0128		
5.62		1.0126		
5.63		1.0125		
5.64		1.0123		
5.65		1.0122		
5.66		1.0121		
5.67		1.0119		
5.68		1.0118		
5.69		1.0116		
5.7		1.0115		
5.71		1.0114		
5.72		1.0112		
5.73		1.0111		
5.74		1.0109		
5.75		1.0108		
5.76		1.0107		
5.77		1.0105		
5.78		1.0104		
5.79		1.0102		
5.8		1.0101		
5.81		1.01		
5.82		1.0098		
5.83		1.0097		
5.84		1.0095		
5.85		1.0094		
5.86		1.0093		
5.87		1.0091		
5.88		1.009		
5.89		1.0088		
5.9		1.0087		
5.91		1.0086		
5.92		1.0084		
5.93		1.0083		
5.94		1.0082		
5.95		1.008		
5.96		1.0079		
5.97		1.0078		
5.98		1.0076		
5.99		1.0075		
6		1.0073		
6.01		1.0072		
6.02		1.0071		
6.03		1.0069		
6.04		1.0068		
6.05		1.0067		
6.06		1.0065		
6.07		1.0064		
6.08		1.0063		
6.09		1.0061		
6.1		1.006		
6.11		1.0059		
6.12		1.0057		
6.13		1.0056		
6.14		1.0055		
6.15		1.0053		
6.16		1.0052		
6.17		1.0051		
6.18		1.0049		
6.19		1.0048		
6.2		1.0047		
6.21		1.0045		
6.22		1.0044		
6.23		1.0043		
6.24		1.0041		
6.25		1.004		
6.26		1.0039		
6.27		1.0037		
6.28		1.0036		
6.29		1.0035		
6.3		1.0034		
6.31		1.0032		
6.32		1.0031		
6.33		1.003		
6.34		1.0028		
6.35		1.0027		
6.36		1.0026		
6.37		1.0024		
6.38		1.0023		
6.39		1.0022		
6.4		1.002		
6.41		1.0019		
6.42		1.0018		
6.43		1.0017		
6.44		1.0015		
6.45		1.0014		
6.46		1.0013		
6.47		1.0011		
6.48		1.001		
6.49		1.0009		
6.5		1.0008		
6.51		1.0006		
6.52		1.0005		
6.53		1.0004		
6.54		1.0002		
6.55		1.0001		
6.56		0.99999		
6.57		0.99987		
6.58		0.99974		
6.59		0.99961		
6.6		0.99949		
6.61		0.99936		
6.62		0.99923		
6.63		0.99911		
6.64		0.99898		
6.65		0.99885		
6.66		0.99873		
6.67		0.9986		
6.68		0.99847		
6.69		0.99835		
6.7		0.99822		
6.71		0.9981		
6.72		0.99797		
6.73		0.99785		
6.74		0.99772		
6.75		0.9976		
6.76		0.99747		
6.77		0.99734		
6.78		0.99722		
6.79		0.9971		
6.8		0.99697		
6.81		0.99685		
6.82		0.99672		
6.83		0.9966		
6.84		0.99647		
6.85		0.99635		
6.86		0.99622		
6.87		0.9961		
6.88		0.99598		
6.89		0.99585		
6.9		0.99573		
6.91		0.99561		
6.92		0.99548		
6.93		0.99536		
6.94		0.99523		
6.95		0.99511		
6.96		0.99499		
6.97		0.99487		
6.98		0.99474		
6.99		0.99462		
7		0.9945		
7.01		0.99437		
7.02		0.99425		
7.03		0.99413		
7.04		0.99401		
7.05		0.99388		
7.06		0.99376		
7.07		0.99364		
7.08		0.99352		
7.09		0.9934		
7.1		0.99327		
7.11		0.99315		
7.12		0.99303		
7.13		0.99291		
7.14		0.99279		
7.15		0.99267		
7.16		0.99254		
7.17		0.99242		
7.18		0.9923		
7.19		0.99218		
7.2		0.99206		
7.21		0.99194		
7.22		0.99182		
7.23		0.9917		
7.24		0.99158		
7.25		0.99145		
7.26		0.99133		
7.27		0.99121		
7.28		0.99109		
7.29		0.99097		
7.3		0.99085		
7.31		0.99073		
7.32		0.99061		
7.33		0.99049		
7.34		0.99037		
7.35		0.99025		
7.36		0.99013		
7.37		0.99001		
7.38		0.98989		
7.39		0.98977		
7.4		0.98965		
7.41		0.98953		
7.42		0.98941		
7.43		0.98929		
7.44		0.98917		
7.45		0.98906		
7.46		0.98894		
7.47		0.98882		
7.48		0.9887		
7.49		0.98858		
7.5		0.98846		
7.51		0.98834		
7.52		0.98822		
7.53		0.9881		
7.54		0.98798		
7.55		0.98787		
7.56		0.98775		
7.57		0.98763		
7.58		0.98751		
7.59		0.98739		
7.6		0.98727		
7.61		0.98716		
7.62		0.98704		
7.63		0.98692		
7.64		0.9868		
7.65		0.98668		
7.66		0.98656		
7.67		0.98645		
7.68		0.98633		
7.69		0.98621		
7.7		0.98609		
7.71		0.98598		
7.72		0.98586		
7.73		0.98574		
7.74		0.98562		
7.75		0.9855		
7.76		0.98539		
7.77		0.98527		
7.78		0.98515		
7.79		0.98504		
7.8		0.98492		
7.81		0.9848		
7.82		0.98468		
7.83		0.98457		
7.84		0.98445		
7.85		0.98433		
7.86		0.98422		
7.87		0.9841		
7.88		0.98398		
7.89		0.98386		
7.9		0.98375		
7.91		0.98363		
7.92		0.98351		
7.93		0.9834		
7.94		0.98328		
7.95		0.98316		
7.96		0.98305		
7.97		0.98293		
7.98		0.98282		
7.99		0.9827		
8		0.98258		
8.01		0.98247		
8.02		0.98235		
8.03		0.98223		
8.04		0.98212		
8.05		0.982		
8.06		0.98189		
8.07		0.98177		
8.08		0.98165		
8.09		0.98154		
8.1		0.98142		
8.11		0.98131		
8.12		0.98119		
8.13		0.98107		
8.14		0.98096		
8.15		0.98084		
8.16		0.98073		
8.17		0.98061		
8.18		0.9805		
8.19		0.98038		
8.2		0.98027		
8.21		0.98015		
8.22		0.98003		
8.23		0.97992		
8.24		0.9798		
8.25		0.97969		
8.26		0.97957		
8.27		0.97946		
8.28		0.97934		
8.29		0.97923		
8.3		0.97911		
8.31		0.979		
8.32		0.97888		
8.33		0.97877		
8.34		0.97865		
8.35		0.97854		
8.36		0.97842		
8.37		0.97831		
8.38		0.97819		
8.39		0.97808		
8.4		0.97796		
8.41		0.97785		
8.42		0.97773		
8.43		0.97762		
8.44		0.9775		
8.45		0.97739		
8.46		0.97728		
8.47		0.97716		
8.48		0.97705		
8.49		0.97693		
8.5		0.97682		
8.51		0.9767		
8.52		0.97659		
8.53		0.97647		
8.54		0.97636		
8.55		0.97625		
8.56		0.97613		
8.57		0.97602		
8.58		0.9759		
8.59		0.97579		
8.6		0.97568		
8.61		0.97556		
8.62		0.97545		
8.63		0.97533		
8.64		0.97522		
8.65		0.97511		
8.66		0.97499		
8.67		0.97488		
8.68		0.97476		
8.69		0.97465		
8.7		0.97454		
8.71		0.97442		
8.72		0.97431		
8.73		0.9742		
8.74		0.97408		
8.75		0.97397		
8.76		0.97385		
8.77		0.97374		
8.78		0.97363		
8.79		0.97351		
8.8		0.9734		
8.81		0.97329		
8.82		0.97317		
8.83		0.97306		
8.84		0.97295		
8.85		0.97283		
8.86		0.97272		
8.87		0.97261		
8.88		0.97249		
8.89		0.97238		
8.9		0.97227		
8.91		0.97215		
8.92		0.97204		
8.93		0.97193		
8.94		0.97182		
8.95		0.9717		
8.96		0.97159		
8.97		0.97148		
8.98		0.97136		
8.99		0.97125		
9		0.97114		
9.01		0.97102		
9.02		0.97091		
9.03		0.9708		
9.04		0.97069		
9.05		0.97057		
9.06		0.97046		
9.07		0.97035		
9.08		0.97024		
9.09		0.97012		
9.1		0.97001		
9.11		0.9699		
9.12		0.96978		
9.13		0.96967		
9.14		0.96956		
9.15		0.96945		
9.16		0.96933		
9.17		0.96922		
9.18		0.96911		
9.19		0.969		
9.2		0.96889		
9.21		0.96877		
9.22		0.96866		
9.23		0.96855		
9.24		0.96844		
9.25		0.96832		
9.26		0.96821		
9.27		0.9681		
9.28		0.96799		
9.29		0.96788		
9.3		0.96776		
9.31		0.96765		
9.32		0.96754		
9.33		0.96743		
9.34		0.96731		
9.35		0.9672		
9.36		0.96709		
9.37		0.96698		
9.38		0.96687		
9.39		0.96676		
9.4		0.96664		
9.41		0.96653		
9.42		0.96642		
9.43		0.96631		
9.44		0.9662		
9.45		0.96608		
9.46		0.96597		
9.47		0.96586		
9.48		0.96575		
9.49		0.96564		
9.5		0.96553		
9.51		0.96542		
9.52		0.9653		
9.53		0.96519		
9.54		0.96508		
9.55		0.96497		
9.56		0.96486		
9.57		0.96475		
9.58		0.96464		
9.59		0.96452		
9.6		0.96441		
9.61		0.9643		
9.62		0.96419		
9.63		0.96408		
9.64		0.96397		
9.65		0.96386		
9.66		0.96375		
9.67		0.96363		
9.68		0.96352		
9.69		0.96341		
9.7		0.9633		
9.71		0.96319		
9.72		0.96308		
9.73		0.96297		
9.74		0.96286		
9.75		0.96275		
9.76		0.96264		
9.77		0.96252		
9.78		0.96241		
9.79		0.9623		
9.8		0.96219		
9.81		0.96208		
9.82		0.96197		
9.83		0.96186		
9.84		0.96175		
9.85		0.96164		
9.86		0.96153		
9.87		0.96142		
9.88		0.96131		
9.89		0.9612		
9.9		0.96109		
9.91		0.96097		
9.92		0.96086		
9.93		0.96075		
9.94		0.96064		
9.95		0.96053		
9.96		0.96042		
9.97		0.96031		
9.98		0.9602		
9.99		0.96009		
10		0.95998		
10.01		0.95987		
10.02		0.95976		
10.03		0.95965		
10.04		0.95954		
10.05		0.95943		
10.06		0.95932		
10.07		0.95921		
10.08		0.9591		
10.09		0.95899		
10.1		0.95888		
10.11		0.95877		
10.12		0.95866		
10.13		0.95855		
10.14		0.95844		
10.15		0.95833		
10.16		0.95822		
10.17		0.95811		
10.18		0.958		
10.19		0.95789		
10.2		0.95778		
10.21		0.95767		
10.22		0.95756		
10.23		0.95745		
10.24		0.95734		
10.25		0.95723		
10.26		0.95712		
10.27		0.95701		
10.28		0.95691		
10.29		0.9568		
10.3		0.95669		
10.31		0.95658		
10.32		0.95647		
10.33		0.95636		
10.34		0.95625		
10.35		0.95614		
10.36		0.95603		
10.37		0.95592		
10.38		0.95581		
10.39		0.9557		
10.4		0.95559		
10.41		0.95548		
10.42		0.95538		
10.43		0.95527		
10.44		0.95516		
10.45		0.95505		
10.46		0.95494		
10.47		0.95483		
10.48		0.95472		
10.49		0.95461		
10.5		0.9545		
10.51		0.95439		
10.52		0.95429		
10.53		0.95418		
10.54		0.95407		
10.55		0.95396		
10.56		0.95385		
10.57		0.95374		
10.58		0.95363		
10.59		0.95353		
10.6		0.95342		
10.61		0.95331		
10.62		0.9532		
10.63		0.95309		
10.64		0.95298		
10.65		0.95287		
10.66		0.95277		
10.67		0.95266		
10.68		0.95255		
10.69		0.95244		
10.7		0.95233		
10.71		0.95222		
10.72		0.95212		
10.73		0.95201		
10.74		0.9519		
10.75		0.95179		
10.76		0.95168		
10.77		0.95158		
10.78		0.95147		
10.79		0.95136		
10.8		0.95125		
10.81		0.95114		
10.82		0.95104		
10.83		0.95093		
10.84		0.95082		
10.85		0.95071		
10.86		0.9506		
10.87		0.9505		
10.88		0.95039		
10.89		0.95028		
10.9		0.95017		
10.91		0.95007		
10.92		0.94996		
10.93		0.94985		
10.94		0.94974		
10.95		0.94964		
10.96		0.94953		
10.97		0.94942		
10.98		0.94931		
10.99		0.94921		
11		0.9491		
11.01		0.94899		
11.02		0.94888		
11.03		0.94878		
11.04		0.94867		
11.05		0.94856		
11.06		0.94845		
11.07		0.94835		
11.08		0.94824		
11.09		0.94813		
11.1		0.94803		
11.11		0.94792		
11.12		0.94781		
11.13		0.94771		
11.14		0.9476		
11.15		0.94749		
11.16		0.94739		
11.17		0.94728		
11.18		0.94717		
11.19		0.94706		
11.2		0.94696		
11.21		0.94685		
11.22		0.94674		
11.23		0.94664		
11.24		0.94653		
11.25		0.94643		
11.26		0.94632		
11.27		0.94621		
11.28		0.94611		
11.29		0.946		
11.3		0.94589		
11.31		0.94579		
11.32		0.94568		
11.33		0.94557		
11.34		0.94547		
11.35		0.94536		
11.36		0.94526		
11.37		0.94515		
11.38		0.94504		
11.39		0.94494		
11.4		0.94483		
11.41		0.94472		
11.42		0.94462		
11.43		0.94451		
11.44		0.94441		
11.45		0.9443		
11.46		0.9442		
11.47		0.94409		
11.48		0.94398		
11.49		0.94388		
11.5		0.94377		
11.51		0.94367		
11.52		0.94356		
11.53		0.94346		
11.54		0.94335		
11.55		0.94324		
11.56		0.94314		
11.57		0.94303		
11.58		0.94293		
11.59		0.94282		
11.6		0.94272		
11.61		0.94261		
11.62		0.94251		
11.63		0.9424		
11.64		0.9423		
11.65		0.94219		
11.66		0.94209		
11.67		0.94198		
11.68		0.94188		
11.69		0.94177		
11.7		0.94167		
11.71		0.94156		
11.72		0.94146		
11.73		0.94135		
11.74		0.94125		
11.75		0.94114		
11.76		0.94104		
11.77		0.94093		
11.78		0.94083		
11.79		0.94072		
11.8		0.94062		
11.81		0.94051		
11.82		0.94041		
11.83		0.9403		
11.84		0.9402		
11.85		0.94009		
11.86		0.93999		
11.87		0.93989		
11.88		0.93978		
11.89		0.93968		
11.9		0.93957		
11.91		0.93947		
11.92		0.93936		
11.93		0.93926		
11.94		0.93915		
11.95		0.93905		
11.96		0.93895		
11.97		0.93884		
11.98		0.93874		
11.99		0.93863		
12		0.93853		
12.01		0.93843		
12.02		0.93832		
12.03		0.93822		
12.04		0.93811		
12.05		0.93801		
12.06		0.93791		
12.07		0.9378		
12.08		0.9377		
12.09		0.9376		
12.1		0.93749		
12.11		0.93739		
12.12		0.93729		
12.13		0.93718		
12.14		0.93708		
12.15		0.93698		
12.16		0.93687		
12.17		0.93677		
12.18		0.93666		
12.19		0.93656		
12.2		0.93646		
12.21		0.93636		
12.22		0.93625		
12.23		0.93615		
12.24		0.93605		
12.25		0.93594		
12.26		0.93584		
12.27		0.93574		
12.28		0.93563		
12.29		0.93553		
12.3		0.93543		
12.31		0.93532		
12.32		0.93522		
12.33		0.93512		
12.34		0.93502		
12.35		0.93491		
12.36		0.93481		
12.37		0.93471		
12.38		0.93461		
12.39		0.9345		
12.4		0.9344		
12.41		0.9343		
12.42		0.9342		
12.43		0.93409		
12.44		0.93399		
12.45		0.93389		
12.46		0.93379		
12.47		0.93368		
12.48		0.93358		
12.49		0.93348		
12.5		0.93338		
12.51		0.93327		
12.52		0.93317		
12.53		0.93307		
12.54		0.93297		
12.55		0.93287		
12.56		0.93276		
12.57		0.93266		
12.58		0.93256		
12.59		0.93246		
12.6		0.93236		
12.61		0.93225		
12.62		0.93215		
12.63		0.93205		
12.64		0.93195		
12.65		0.93185		
12.66		0.93175		
12.67		0.93164		
12.68		0.93154		
12.69		0.93144		
12.7		0.93134		
12.71		0.93124		
12.72		0.93114		
12.73		0.93104		
12.74		0.93093		
12.75		0.93083		
12.76		0.93073		
12.77		0.93063		
12.78		0.93053		
12.79		0.93043		
12.8		0.93033		
12.81		0.93023		
12.82		0.93012		
12.83		0.93002		
12.84		0.92992		
12.85		0.92982		
12.86		0.92972		
12.87		0.92962		
12.88		0.92952		
12.89		0.92942		
12.9		0.92932		
12.91		0.92922		
12.92		0.92912		
12.93		0.92901		
12.94		0.92891		
12.95		0.92881		
12.96		0.92871		
12.97		0.92861		
12.98		0.92851		
12.99		0.92841		
13		0.92831		
13.01		0.92821		
13.02		0.92811		
13.03		0.92801		
13.04		0.92791		
13.05		0.92781		
13.06		0.92771		
13.07		0.92761		
13.08		0.92751		
13.09		0.92741		
13.1		0.92731		
13.11		0.92721		
13.12		0.92711		
13.13		0.92701		
13.14		0.92691		
13.15		0.92681		
13.16		0.92671		
13.17		0.92661		
13.18		0.92651		
13.19		0.92641		
13.2		0.92631		
13.21		0.92621		
13.22		0.92611		
13.23		0.92601		
13.24		0.92591		
13.25		0.92581		
13.26		0.92571		
13.27		0.92561		
13.28		0.92551		
13.29		0.92541		
13.3		0.92531		
13.31		0.92521		
13.32		0.92511		
13.33		0.92501		
13.34		0.92492		
13.35		0.92482		
13.36		0.92472		
13.37		0.92462		
13.38		0.92452		
13.39		0.92442		
13.4		0.92432		
13.41		0.92422		
13.42		0.92412		
13.43		0.92402		
13.44		0.92392		
13.45		0.92382		
13.46		0.92373		
13.47		0.92363		
13.48		0.92353		
13.49		0.92343		
13.5		0.92333		
13.51		0.92323		
13.52		0.92313		
13.53		0.92303		
13.54		0.92294		
13.55		0.92284		
13.56		0.92274		
13.57		0.92264		
13.58		0.92254		
13.59		0.92244		
13.6		0.92234		
13.61		0.92225		
13.62		0.92215		
13.63		0.92205		
13.64		0.92195		
13.65		0.92185		
13.66		0.92175		
13.67		0.92166		
13.68		0.92156		
13.69		0.92146		
13.7		0.92136		
13.71		0.92126		
13.72		0.92116		
13.73		0.92107		
13.74		0.92097		
13.75		0.92087		
13.76		0.92077		
13.77		0.92067		
13.78		0.92058		
13.79		0.92048		
13.8		0.92038		
13.81		0.92028		
13.82		0.92019		
13.83		0.92009		
13.84		0.91999		
13.85		0.91989		
13.86		0.91979		
13.87		0.9197		
13.88		0.9196		
13.89		0.9195		
13.9		0.9194		
13.91		0.91931		
13.92		0.91921		
13.93		0.91911		
13.94		0.91901		
13.95		0.91892		
13.96		0.91882		
13.97		0.91872		
13.98		0.91862		
13.99		0.91853		
14		0.91843		
14.01		0.91833		
14.02		0.91823		
14.03		0.91814		
14.04		0.91804		
14.05		0.91794		
14.06		0.91785		
14.07		0.91775		
14.08		0.91765		
14.09		0.91755		
14.1		0.91746		
14.11		0.91736		
14.12		0.91726		
14.13		0.91717		
14.14		0.91707		
14.15		0.91697		
14.16		0.91688		
14.17		0.91678		
14.18		0.91668		
14.19		0.91659		
14.2		0.91649		
14.21		0.91639		
14.22		0.9163		
14.23		0.9162		
14.24		0.9161		
14.25		0.91601		
14.26		0.91591		
14.27		0.91581		
14.28		0.91572		
14.29		0.91562		
14.3		0.91552		
14.31		0.91543		
14.32		0.91533		
14.33		0.91523		
14.34		0.91514		
14.35		0.91504		
14.36		0.91494		
14.37		0.91485		
14.38		0.91475		
14.39		0.91466		
14.4		0.91456		
14.41		0.91446		
14.42		0.91437		
14.43		0.91427		
14.44		0.91417		
14.45		0.91408		
14.46		0.91398		
14.47		0.91389		
14.48		0.91379		
14.49		0.91369		
14.5		0.9136		
14.51		0.9135		
14.52		0.91341		
14.53		0.91331		
14.54		0.91321		
14.55		0.91312		
14.56		0.91302		
14.57		0.91293		
14.58		0.91283		
14.59		0.91273		
14.6		0.91264		
14.61		0.91254		
14.62		0.91245		
14.63		0.91235		
14.64		0.91226		
14.65		0.91216		
14.66		0.91206		
14.67		0.91197		
14.68		0.91187		
14.69		0.91178		
14.7		0.91168		
14.71		0.91159		
14.72		0.91149		
14.73		0.9114		
14.74		0.9113		
14.75		0.9112		
14.76		0.91111		
14.77		0.91101		
14.78		0.91092		
14.79		0.91082		
14.8		0.91073		
14.81		0.91063		
14.82		0.91054		
14.83		0.91044		
14.84		0.91035		
14.85		0.91025		
14.86		0.91016		
14.87		0.91006		
14.88		0.90997		
14.89		0.90987		
14.9		0.90978		
14.91		0.90968		
14.92		0.90958		
14.93		0.90949		
14.94		0.90939		
14.95		0.9093		
14.96		0.9092		
14.97		0.90911		
14.98		0.90901		
14.99		0.90892		
15		0.90882		
15.01		0.90873		
15.02		0.90863		
15.03		0.90854		
15.04		0.90844		
15.05		0.90835		
15.06		0.90826		
15.07		0.90816		
15.08		0.90807		
15.09		0.90797		
15.1		0.90788		
15.11		0.90778		
15.12		0.90769		
15.13		0.90759		
15.14		0.9075		
15.15		0.9074		
15.16		0.90731		
15.17		0.90721		
15.18		0.90712		
15.19		0.90702		
15.2		0.90693		
15.21		0.90683		
15.22		0.90674		
15.23		0.90665		
15.24		0.90655		
15.25		0.90646		
15.26		0.90636		
15.27		0.90627		
15.28		0.90617		
15.29		0.90608		
15.3		0.90598		
15.31		0.90589		
15.32		0.90579		
15.33		0.9057		
15.34		0.90561		
15.35		0.90551		
15.36		0.90542		
15.37		0.90532		
15.38		0.90523		
15.39		0.90513		
15.4		0.90504		
15.41		0.90495		
15.42		0.90485		
15.43		0.90476		
15.44		0.90466		
15.45		0.90457		
15.46		0.90447		
15.47		0.90438		
15.48		0.90429		
15.49		0.90419		
15.5		0.9041		
15.51		0.904		
15.52		0.90391		
15.53		0.90381		
15.54		0.90372		
15.55		0.90363		
15.56		0.90353		
15.57		0.90344		
15.58		0.90334		
15.59		0.90325		
15.6		0.90316		
15.61		0.90306		
15.62		0.90297		
15.63		0.90287		
15.64		0.90278		
15.65		0.90269		
15.66		0.90259		
15.67		0.9025		
15.68		0.9024		
15.69		0.90231		
15.7		0.90222		
15.71		0.90212		
15.72		0.90203		
15.73		0.90193		
15.74		0.90184		
15.75		0.90175		
15.76		0.90165		
15.77		0.90156		
15.78		0.90146		
15.79		0.90137		
15.8		0.90128		
15.81		0.90118		
15.82		0.90109		
15.83		0.901		
15.84		0.9009		
15.85		0.90081		
15.86		0.90071		
15.87		0.90062		
15.88		0.90053		
15.89		0.90043		
15.9		0.90034		
15.91		0.90025		
15.92		0.90015		
15.93		0.90006		
15.94		0.89996		
15.95		0.89987		
15.96		0.89978		
15.97		0.89968		
15.98		0.89959		
15.99		0.8995		
16		0.8994		
16.01		0.89931		
16.02		0.89921		
16.03		0.89912		
16.04		0.89903		
16.05		0.89893		
16.06		0.89884		
16.07		0.89875		
16.08		0.89865		
16.09		0.89856		
16.1		0.89847		
16.11		0.89837		
16.12		0.89828		
16.13		0.89818		
16.14		0.89809		
16.15		0.898		
16.16		0.8979		
16.17		0.89781		
16.18		0.89772		
16.19		0.89762		
16.2		0.89753		
16.21		0.89744		
16.22		0.89734		
16.23		0.89725		
16.24		0.89716		
16.25		0.89706		
16.26		0.89697		
16.27		0.89688		
16.28		0.89678		
16.29		0.89669		
16.3		0.89659		
16.31		0.8965		
16.32		0.89641		
16.33		0.89631		
16.34		0.89622		
16.35		0.89613		
16.36		0.89603		
16.37		0.89594		
16.38		0.89585		
16.39		0.89575		
16.4		0.89566		
16.41		0.89557		
16.42		0.89547		
16.43		0.89538		
16.44		0.89529		
16.45		0.89519		
16.46		0.8951		
16.47		0.89501		
16.48		0.89491		
16.49		0.89482		
16.5		0.89473		
16.51		0.89463		
16.52		0.89454		
16.53		0.89445		
16.54		0.89435		
16.55		0.89426		
16.56		0.89417		
16.57		0.89407		
16.58		0.89398		
16.59		0.89389		
16.6		0.89379		
16.61		0.8937		
16.62		0.89361		
16.63		0.89351		
16.64		0.89342		
16.65		0.89333		
16.66		0.89323		
16.67		0.89314		
16.68		0.89305		
16.69		0.89295		
16.7		0.89286		
16.71		0.89277		
16.72		0.89267		
16.73		0.89258		
16.74		0.89249		
16.75		0.89239		
16.76		0.8923		
16.77		0.89221		
16.78		0.89211		
16.79		0.89202		
16.8		0.89193		
16.81		0.89183		
16.82		0.89174		
16.83		0.89165		
16.84		0.89155		
16.85		0.89146		
16.86		0.89137		
16.87		0.89127		
16.88		0.89118		
16.89		0.89109		
16.9		0.89099		
16.91		0.8909		
16.92		0.89081		
16.93		0.89071		
16.94		0.89062		
16.95		0.89053		
16.96		0.89043		
16.97		0.89034		
16.98		0.89025		
16.99		0.89015		
17		0.89006		
17.01		0.88997		
17.02		0.88987		
17.03		0.88978		
17.04		0.88969		
17.05		0.88959		
17.06		0.8895		
17.07		0.88941		
17.08		0.88931		
17.09		0.88922		
17.1		0.88913		
17.11		0.88903		
17.12		0.88894		
17.13		0.88885		
17.14		0.88875		
17.15		0.88866		
17.16		0.88857		
17.17		0.88847		
17.18		0.88838		
17.19		0.88829		
17.2		0.88819		
17.21		0.8881		
17.22		0.88801		
17.23		0.88791		
17.24		0.88782		
17.25		0.88773		
17.26		0.88763		
17.27		0.88754		
17.28		0.88745		
17.29		0.88735		
17.3		0.88726		
17.31		0.88717		
17.32		0.88707		
17.33		0.88698		
17.34		0.88689		
17.35		0.88679		
17.36		0.8867		
17.37		0.8866		
17.38		0.88651		
17.39		0.88642		
17.4		0.88632		
17.41		0.88623		
17.42		0.88614		
17.43		0.88604		
17.44		0.88595		
17.45		0.88586		
17.46		0.88576		
17.47		0.88567		
17.48		0.88558		
17.49		0.88548		
17.5		0.88539		
17.51		0.8853		
17.52		0.8852		
17.53		0.88511		
17.54		0.88502		
17.55		0.88492		
17.56		0.88483		
17.57		0.88474		
17.58		0.88464		
17.59		0.88455		
17.6		0.88446		
17.61		0.88436		
17.62		0.88427		
17.63		0.88418		
17.64		0.88408		
17.65		0.88399		
17.66		0.8839		
17.67		0.8838		
17.68		0.88371		
17.69		0.88362		
17.7		0.88352		
17.71		0.88343		
17.72		0.88334		
17.73		0.88324		
17.74		0.88315		
17.75		0.88306		
17.76		0.88296		
17.77		0.88287		
17.78		0.88277		
17.79		0.88268		
17.8		0.88259		
17.81		0.88249		
17.82		0.8824		
17.83		0.88231		
17.84		0.88221		
17.85		0.88212		
17.86		0.88203		
17.87		0.88193		
17.88		0.88184		
17.89		0.88175		
17.9		0.88165		
17.91		0.88156		
17.92		0.88147		
17.93		0.88137		
17.94		0.88128		
17.95		0.88119		
17.96		0.88109		
17.97		0.881		
17.98		0.8809		
17.99		0.88081		
18		0.88072		
18.01		0.88062		
18.02		0.88053		
18.03		0.88044		
18.04		0.88034		
18.05		0.88025		
18.06		0.88016		
18.07		0.88006		
18.08		0.87997		
18.09		0.87988		
18.1		0.87978		
18.11		0.87969		
18.12		0.87959		
18.13		0.8795		
18.14		0.87941		
18.15		0.87931		
18.16		0.87922		
18.17		0.87913		
18.18		0.87903		
18.19		0.87894		
18.2		0.87885		
18.21		0.87875		
18.22		0.87866		
18.23		0.87857		
18.24		0.87847		
18.25		0.87838		
18.26		0.87828		
18.27		0.87819		
18.28		0.8781		
18.29		0.878		
18.3		0.87791		
18.31		0.87782		
18.32		0.87772		
18.33		0.87763		
18.34		0.87753		
18.35		0.87744		
18.36		0.87735		
18.37		0.87725		
18.38		0.87716		
18.39		0.87707		
18.4		0.87697		
18.41		0.87688		
18.42		0.87679		
18.43		0.87669		
18.44		0.8766		
18.45		0.8765		
18.46		0.87641		
18.47		0.87632		
18.48		0.87622		
18.49		0.87613		
18.5		0.87604		
18.51		0.87594		
18.52		0.87585		
18.53		0.87575		
18.54		0.87566		
18.55		0.87557		
18.56		0.87547		
18.57		0.87538		
18.58		0.87528		
18.59		0.87519		
18.6		0.8751		
18.61		0.875		
18.62		0.87491		
18.63		0.87482		
18.64		0.87472		
18.65		0.87463		
18.66		0.87454		
18.67		0.87444		
18.68		0.87435		
18.69		0.87426		
18.7		0.87417		
18.71		0.87407		
18.72		0.87398		
18.73		0.87389		
18.74		0.8738		
18.75		0.87371		
18.76		0.87361		
18.77		0.87352		
18.78		0.87343		
18.79		0.87334		
18.8		0.87325		
18.81		0.87316		
18.82		0.87307		
18.83		0.87297		
18.84		0.87288		
18.85		0.87279		
18.86		0.8727		
18.87		0.87261		
18.88		0.87252		
18.89		0.87243		
18.9		0.87234		
18.91		0.87225		
18.92		0.87216		
18.93		0.87207		
18.94		0.87198		
18.95		0.87189		
18.96		0.8718		
18.97		0.87171		
18.98		0.87162		
18.99		0.87153		
19		0.87145		
19.01		0.87136		
19.02		0.87127		
19.03		0.87118		
19.04		0.87109		
19.05		0.871		
19.06		0.87091		
19.07		0.87083		
19.08		0.87074		
19.09		0.87065		
19.1		0.87056		
19.11		0.87047		
19.12		0.87039		
19.13		0.8703		
19.14		0.87021		
19.15		0.87012		
19.16		0.87004		
19.17		0.86995		
19.18		0.86986		
19.19		0.86978		
19.2		0.86969		
19.21		0.8696		
19.22		0.86952		
19.23		0.86943		
19.24		0.86934		
19.25		0.86926		
19.26		0.86917		
19.27		0.86909		
19.28		0.869		
19.29		0.86891		
19.3		0.86883		
19.31		0.86874		
19.32		0.86866		
19.33		0.86857		
19.34		0.86849		
19.35		0.8684		
19.36		0.86832		
19.37		0.86823		
19.38		0.86815		
19.39		0.86806		
19.4		0.86798		
19.41		0.86789		
19.42		0.86781		
19.43		0.86773		
19.44		0.86764		
19.45		0.86756		
19.46		0.86747		
19.47		0.86739		
19.48		0.86731		
19.49		0.86722		
19.5		0.86714		
19.51		0.86706		
19.52		0.86697		
19.53		0.86689		
19.54		0.86681		
19.55		0.86672		
19.56		0.86664		
19.57		0.86656		
19.58		0.86648		
19.59		0.86639		
19.6		0.86631		
19.61		0.86623		
19.62		0.86615		
19.63		0.86607		
19.64		0.86598		
19.65		0.8659		
19.66		0.86582		
19.67		0.86574		
19.68		0.86566		
19.69		0.86558		
19.7		0.8655		
19.71		0.86542		
19.72		0.86533		
19.73		0.86525		
19.74		0.86517		
19.75		0.86509		
19.76		0.86501		
19.77		0.86493		
19.78		0.86485		
19.79		0.86477		
19.8		0.86469		
19.81		0.86461		
19.82		0.86453		
19.83		0.86445		
19.84		0.86437		
19.85		0.86429		
19.86		0.86421		
19.87		0.86413		
19.88		0.86406		
19.89		0.86398		
19.9		0.8639		
19.91		0.86382		
19.92		0.86374		
19.93		0.86366		
19.94		0.86358		
19.95		0.8635		
19.96		0.86343		
19.97		0.86335		
19.98		0.86327		
19.99		0.86319		
20		0.86311		
20.01		0.86304		
20.02		0.86296		
20.03		0.86288		
20.04		0.8628		
20.05		0.86273		
20.06		0.86265		
20.07		0.86257		
20.08		0.8625		
20.09		0.86242		
20.1		0.86234		
20.11		0.86227		
20.12		0.86219		
20.13		0.86211		
20.14		0.86204		
20.15		0.86196		
20.16		0.86188		
20.17		0.86181		
20.18		0.86173		
20.19		0.86166		
20.2		0.86158		
20.21		0.86151		
20.22		0.86143		
20.23		0.86135		
20.24		0.86128		
20.25		0.8612		
20.26		0.86113		
20.27		0.86105		
20.28		0.86098		
20.29		0.8609		
20.3		0.86083		
20.31		0.86076		
20.32		0.86068		
20.33		0.86061		
20.34		0.86053		
20.35		0.86046		
20.36		0.86038		
20.37		0.86031		
20.38		0.86024		
20.39		0.86016		
20.4		0.86009		
20.41		0.86002		
20.42		0.85994		
20.43		0.85987		
20.44		0.8598		
20.45		0.85972		
20.46		0.85965		
20.47		0.85958		
20.48		0.85951		
20.49		0.85943		
20.5		0.85936		
20.51		0.85929		
20.52		0.85922		
20.53		0.85914		
20.54		0.85907		
20.55		0.859		
20.56		0.85893		
20.57		0.85886		
20.58		0.85878		
20.59		0.85871		
20.6		0.85864		
20.61		0.85857		
20.62		0.8585		
20.63		0.85843		
20.64		0.85836		
20.65		0.85829		
20.66		0.85822		
20.67		0.85814		
20.68		0.85807		
20.69		0.858		
20.7		0.85793		
20.71		0.85786		
20.72		0.85779		
20.73		0.85772		
20.74		0.85765		
20.75		0.85758		
20.76		0.85751		
20.77		0.85744		
20.78		0.85737		
20.79		0.8573		
20.8		0.85723		
20.81		0.85717		
20.82		0.8571		
20.83		0.85703		
20.84		0.85696		
20.85		0.85689		
20.86		0.85682		
20.87		0.85675		
20.88		0.85668		
20.89		0.85662		
20.9		0.85655		
20.91		0.85648		
20.92		0.85641		
20.93		0.85634		
20.94		0.85627		
20.95		0.85621		
20.96		0.85614		
20.97		0.85607		
20.98		0.856		
20.99		0.85594		
21		0.85587		
21.01		0.8558		
21.02		0.85574		
21.03		0.85567		
21.04		0.8556		
21.05		0.85553		
21.06		0.85547		
21.07		0.8554		
21.08		0.85533		
21.09		0.85527		
21.1		0.8552		
21.11		0.85514		
21.12		0.85507		
21.13		0.855		
21.14		0.85494		
21.15		0.85487		
21.16		0.85481		
21.17		0.85474		
21.18		0.85468		
21.19		0.85461		
21.2		0.85455		
21.21		0.85448		
21.22		0.85441		
21.23		0.85435		
21.24		0.85428		
21.25		0.85422		
21.26		0.85416		
21.27		0.85409		
21.28		0.85403		
21.29		0.85396		
21.3		0.8539		
21.31		0.85383		
21.32		0.85377		
21.33		0.85371		
21.34		0.85364		
21.35		0.85358		
21.36		0.85351		
21.37		0.85345		
21.38		0.85339		
21.39		0.85332		
21.4		0.85326		
21.41		0.8532		
21.42		0.85313		
21.43		0.85307		
21.44		0.85301		
21.45		0.85295		
21.46		0.85288		
21.47		0.85282		
21.48		0.85276		
21.49		0.8527		
21.5		0.85263		
21.51		0.85257		
21.52		0.85251		
21.53		0.85245		
21.54		0.85238		
21.55		0.85232		
21.56		0.85226		
21.57		0.8522		
21.58		0.85214		
21.59		0.85208		
21.6		0.85202		
21.61		0.85195		
21.62		0.85189		
21.63		0.85183		
21.64		0.85177		
21.65		0.85171		
21.66		0.85165		
21.67		0.85159		
21.68		0.85153		
21.69		0.85147		
21.7		0.85141		
21.71		0.85135		
21.72		0.85129		
21.73		0.85123		
21.74		0.85117		
21.75		0.85111		
21.76		0.85105		
21.77		0.85099		
21.78		0.85093		
21.79		0.85087		
21.8		0.85081		
21.81		0.85075		
21.82		0.85069		
21.83		0.85063		
21.84		0.85057		
21.85		0.85051		
21.86		0.85045		
21.87		0.8504		
21.88		0.85034		
21.89		0.85028		
21.9		0.85022		
21.91		0.85016		
21.92		0.8501		
21.93		0.85005		
21.94		0.84999		
21.95		0.84993		
21.96		0.84987		
21.97		0.84981		
21.98		0.84976		
21.99		0.8497		
22		0.84964		
22.01		0.84958		
22.02		0.84953		
22.03		0.84947		
22.04		0.84941		
22.05		0.84936		
22.06		0.8493		
22.07		0.84924		
22.08		0.84918		
22.09		0.84913		
22.1		0.84907		
22.11		0.84901		
22.12		0.84896		
22.13		0.8489		
22.14		0.84885		
22.15		0.84879		
22.16		0.84873		
22.17		0.84868		
22.18		0.84862		
22.19		0.84857		
22.2		0.84851		
22.21		0.84846		
22.22		0.8484		
22.23		0.84834		
22.24		0.84829		
22.25		0.84823		
22.26		0.84818		
22.27		0.84812		
22.28		0.84807		
22.29		0.84801		
22.3		0.84796		
22.31		0.84791		
22.32		0.84785		
22.33		0.8478		
22.34		0.84774		
22.35		0.84769		
22.36		0.84763		
22.37		0.84758		
22.38		0.84753		
22.39		0.84747		
22.4		0.84742		
22.41		0.84736		
22.42		0.84731		
22.43		0.84726		
22.44		0.8472		
22.45		0.84715		
22.46		0.8471		
22.47		0.84704		
22.48		0.84699		
22.49		0.84694		
22.5		0.84689		
22.51		0.84683		
22.52		0.84678		
22.53		0.84673		
22.54		0.84667		
22.55		0.84662		
22.56		0.84657		
22.57		0.84652		
22.58		0.84647		
22.59		0.84641		
22.6		0.84636		
22.61		0.84631		
22.62		0.84626		
22.63		0.84621		
22.64		0.84615		
22.65		0.8461		
22.66		0.84605		
22.67		0.846		
22.68		0.84595		
22.69		0.8459		
22.7		0.84585		
22.71		0.8458		
22.72		0.84574		
22.73		0.84569		
22.74		0.84564		
22.75		0.84559		
22.76		0.84554		
22.77		0.84549		
22.78		0.84544		
22.79		0.84539		
22.8		0.84534		
22.81		0.84529		
22.82		0.84524		
22.83		0.84519		
22.84		0.84514		
22.85		0.84509		
22.86		0.84504		
22.87		0.84499		
22.88		0.84494		
22.89		0.84489		
22.9		0.84484		
22.91		0.84479		
22.92		0.84475		
22.93		0.8447		
22.94		0.84465		
22.95		0.8446		
22.96		0.84455		
22.97		0.8445		
22.98		0.84445		
22.99		0.8444		
23		0.84436		
23.01		0.84431		
23.02		0.84426		
23.03		0.84421		
23.04		0.84416		
23.05		0.84412		
23.06		0.84407		
23.07		0.84402		
23.08		0.84397		
23.09		0.84392		
23.1		0.84388		
23.11		0.84383		
23.12		0.84378		
23.13		0.84373		
23.14		0.84369		
23.15		0.84364		
23.16		0.84359		
23.17		0.84355		
23.18		0.8435		
23.19		0.84345		
23.2		0.84341		
23.21		0.84336		
23.22		0.84331		
23.23		0.84327		
23.24		0.84322		
23.25		0.84317		
23.26		0.84313		
23.27		0.84308		
23.28		0.84304		
23.29		0.84299		
23.3		0.84294		
23.31		0.8429		
23.32		0.84285		
23.33		0.84281		
23.34		0.84276		
23.35		0.84272		
23.36		0.84267		
23.37		0.84263		
23.38		0.84258		
23.39		0.84254		
23.4		0.84249		
23.41		0.84245		
23.42		0.8424		
23.43		0.84236		
23.44		0.84231		
23.45		0.84227		
23.46		0.84222		
23.47		0.84218		
23.48		0.84213		
23.49		0.84209		
23.5		0.84204		
23.51		0.842		
23.52		0.84196		
23.53		0.84191		
23.54		0.84187		
23.55		0.84183		
23.56		0.84178		
23.57		0.84174		
23.58		0.84169		
23.59		0.84165		
23.6		0.84161		
23.61		0.84156		
23.62		0.84152		
23.63		0.84148		
23.64		0.84144		
23.65		0.84139		
23.66		0.84135		
23.67		0.84131		
23.68		0.84126		
23.69		0.84122		
23.7		0.84118		
23.71		0.84114		
23.72		0.84109		
23.73		0.84105		
23.74		0.84101		
23.75		0.84097		
23.76		0.84093		
23.77		0.84088		
23.78		0.84084		
23.79		0.8408		
23.8		0.84076		
23.81		0.84072		
23.82		0.84068		
23.83		0.84064		
23.84		0.84059		
23.85		0.84055		
23.86		0.84051		
23.87		0.84047		
23.88		0.84043		
23.89		0.84039		
23.9		0.84035		
23.91		0.84031		
23.92		0.84027		
23.93		0.84023		
23.94		0.84018		
23.95		0.84014		
23.96		0.8401		
23.97		0.84006		
23.98		0.84002		
23.99		0.83998		
24		0.83994		
24.01		0.8399		
24.02		0.83986		
24.03		0.83982		
24.04		0.83978		
24.05		0.83974		
24.06		0.83971		
24.07		0.83967		
24.08		0.83963		
24.09		0.83959		
24.1		0.83955		
24.11		0.83951		
24.12		0.83947		
24.13		0.83943		
24.14		0.83939		
24.15		0.83935		
24.16		0.83931		
24.17		0.83928		
24.18		0.83924		
24.19		0.8392		
24.2		0.83916		
24.21		0.83912		
24.22		0.83908		
24.23		0.83905		
24.24		0.83901		
24.25		0.83897		
24.26		0.83893		
24.27		0.83889		
24.28		0.83886		
24.29		0.83882		
24.3		0.83878		
24.31		0.83874		
24.32		0.8387		
24.33		0.83867		
24.34		0.83863		
24.35		0.83859		
24.36		0.83856		
24.37		0.83852		
24.38		0.83848		
24.39		0.83845		
24.4		0.83841		
24.41		0.83838		
24.42		0.83835		
24.43		0.83832		
24.44		0.83829		
24.45		0.83826		
24.46		0.83823		
24.47		0.83821		
24.48		0.83818		
24.49		0.83816		
24.5		0.83813		
24.51		0.83811		
24.52		0.83809		
24.53		0.83807		
24.54		0.83805		
24.55		0.83803		
24.56		0.83801		
24.57		0.83799		
24.58		0.83798		
24.59		0.83796		
24.6		0.83795		
24.61		0.83794		
24.62		0.83792		
24.63		0.83791		
24.64		0.8379		
24.65		0.83789		
24.66		0.83789		
24.67		0.83788		
24.68		0.83787		
24.69		0.83787		
24.7		0.83786		
24.71		0.83786		
24.72		0.83786		
24.73		0.83785		
24.74		0.83785		
24.75		0.83785		
24.76		0.83785		
24.77		0.83785		
24.78		0.83786		
24.79		0.83786		
24.8		0.83786		
24.81		0.83787		
24.82		0.83787		
24.83		0.83788		
24.84		0.83789		
24.85		0.8379		
24.86		0.8379		
24.87		0.83791		
24.88		0.83792		
24.89		0.83794		
24.9		0.83795		
24.91		0.83796		
24.92		0.83797		
24.93		0.83799		
24.94		0.838		
24.95		0.83802		
24.96		0.83804		
24.97		0.83805		
24.98		0.83807		
24.99		0.83809		
25		0.83811		
25.01		0.83813		
25.02		0.83815		
25.03		0.83817		
25.04		0.83819		
25.05		0.83822		
25.06		0.83824		
25.07		0.83826		
25.08		0.83829		
25.09		0.83832		
25.1		0.83834		
25.11		0.83837		
25.12		0.8384		
25.13		0.83842		
25.14		0.83845		
25.15		0.83848		
25.16		0.83851		
25.17		0.83854		
25.18		0.83857		
25.19		0.83861		
25.2		0.83864		
25.21		0.83867		
25.22		0.83871		
25.23		0.83874		
25.24		0.83878		
25.25		0.83881		
25.26		0.83885		
25.27		0.83888		
25.28		0.83892		
25.29		0.83896		
25.3		0.839		
25.31		0.83904		
25.32		0.83908		
25.33		0.83912		
25.34		0.83916		
25.35		0.8392		
25.36		0.83924		
25.37		0.83928		
25.38		0.83933		
25.39		0.83937		
25.4		0.83941		
25.41		0.83946		
25.42		0.8395		
25.43		0.83955		
25.44		0.8396		
25.45		0.83964		
25.46		0.83969		
25.47		0.83974		
25.48		0.83979		
25.49		0.83984		
25.5		0.83989		
25.51		0.83994		
25.52		0.83999		
25.53		0.84004		
25.54		0.84009		
25.55		0.84014		
25.56		0.84019		
25.57		0.84025		
25.58		0.8403		
25.59		0.84035		
25.6		0.84041		
25.61		0.84046		
25.62		0.84052		
25.63		0.84057		
25.64		0.84063		
25.65		0.84069		
25.66		0.84074		
25.67		0.8408		
25.68		0.84086		
25.69		0.84092		
25.7		0.84098		
25.71		0.84104		
25.72		0.8411		
25.73		0.84116		
25.74		0.84122		
25.75		0.84128		
25.76		0.84134		
25.77		0.84141		
25.78		0.84147		
25.79		0.84153		
25.8		0.8416		
25.81		0.84166		
25.82		0.84172		
25.83		0.84179		
25.84		0.84186		
25.85		0.84192		
25.86		0.84199		
25.87		0.84206		
25.88		0.84212		
25.89		0.84219		
25.9		0.84226		
25.91		0.84233		
25.92		0.8424		
25.93		0.84247		
25.94		0.84254		
25.95		0.84261		
25.96		0.84268		
25.97		0.84275		
25.98		0.84282		
25.99		0.84289		
26		0.84297		
26.01		0.84304		
26.02		0.84311		
26.03		0.84319		
26.04		0.84326		
26.05		0.84334		
26.06		0.84341		
26.07		0.84349		
26.08		0.84356		
26.09		0.84364		
26.1		0.84372		
26.11		0.84379		
26.12		0.84387		
26.13		0.84395		
26.14		0.84403		
26.15		0.84411		
26.16		0.84419		
26.17		0.84427		
26.18		0.84435		
26.19		0.84443		
26.2		0.84451		
26.21		0.84459		
26.22		0.84467		
26.23		0.84475		
26.24		0.84484		
26.25		0.84492		
26.26		0.845		
26.27		0.84509		
26.28		0.84517		
26.29		0.84526		
26.3		0.84534		
26.31		0.84543		
26.32		0.84551		
26.33		0.8456		
26.34		0.84569		
26.35		0.84577		
26.36		0.84586		
26.37		0.84595		
26.38		0.84604		
26.39		0.84613		
26.4		0.84622		
26.41		0.8463		
26.42		0.84639		
26.43		0.84648		
26.44		0.84658		
26.45		0.84667		
26.46		0.84676		
26.47		0.84685		
26.48		0.84694		
26.49		0.84703		
26.5		0.84713		
26.51		0.84722		
26.52		0.84731		
26.53		0.84741		
26.54		0.8475		
26.55		0.8476		
26.56		0.84769		
26.57		0.84779		
26.58		0.84788		
26.59		0.84798		
26.6		0.84808		
26.61		0.84817		
26.62		0.84827		
26.63		0.84837		
26.64		0.84847		
26.65		0.84857		
26.66		0.84867		
26.67		0.84877		
26.68		0.84886		
26.69		0.84896		
26.7		0.84907		
26.71		0.84917		
26.72		0.84927		
26.73		0.84937		
26.74		0.84947		
26.75		0.84957		
26.76		0.84968		
26.77		0.84978		
26.78		0.84988		
26.79		0.84999		
26.8		0.85009		
26.81		0.85019		
26.82		0.8503		
26.83		0.8504		
26.84		0.85051		
26.85		0.85062		
26.86		0.85072		
26.87		0.85083		
26.88		0.85094		
26.89		0.85104		
26.9		0.85115		
26.91		0.85126		
26.92		0.85137		
26.93		0.85147		
26.94		0.85158		
26.95		0.85169		
26.96		0.8518		
26.97		0.85191		
26.98		0.85202		
26.99		0.85213		
27		0.85225		
27.01		0.85236		
27.02		0.85247		
27.03		0.85258		
27.04		0.85269		
27.05		0.85281		
27.06		0.85292		
27.07		0.85303		
27.08		0.85315		
27.09		0.85326		
27.1		0.85337		
27.11		0.85349		
27.12		0.8536		
27.13		0.85372		
27.14		0.85384		
27.15		0.85395		
27.16		0.85407		
27.17		0.85418		
27.18		0.8543		
27.19		0.85442		
27.2		0.85454		
27.21		0.85466		
27.22		0.85477		
27.23		0.85489		
27.24		0.85501		
27.25		0.85513		
27.26		0.85525		
27.27		0.85537		
27.28		0.85549		
27.29		0.85561		
27.3		0.85573		
27.31		0.85585		
27.32		0.85597		
27.33		0.8561		
27.34		0.85622		
27.35		0.85634		
27.36		0.85646		
27.37		0.85659		
27.38		0.85671		
27.39		0.85683		
27.4		0.85696		
27.41		0.85708		
27.42		0.85721		
27.43		0.85733		
27.44		0.85746		
27.45		0.85758		
27.46		0.85771		
27.47		0.85783		
27.48		0.85796		
27.49		0.85809		
27.5		0.85822		
27.51		0.85834		
27.52		0.85847		
27.53		0.8586		
27.54		0.85873		
27.55		0.85885		
27.56		0.85898		
27.57		0.85911		
27.58		0.85924		
27.59		0.85937		
27.6		0.8595		
27.61		0.85963		
27.62		0.85976		
27.63		0.85989		
27.64		0.86002		
27.65		0.86016		
27.66		0.86029		
27.67		0.86042		
27.68		0.86055		
27.69		0.86068		
27.7		0.86082		
27.71		0.86095		
27.72		0.86108		
27.73		0.86122		
27.74		0.86135		
27.75		0.86148		
27.76		0.86162		
27.77		0.86175		
27.78		0.86189		
27.79		0.86202		
27.8		0.86216		
27.81		0.86229		
27.82		0.86243		
27.83		0.86257		
27.84		0.8627		
27.85		0.86284		
27.86		0.86298		
27.87		0.86311		
27.88		0.86325		
27.89		0.86339		
27.9		0.86353		
27.91		0.86367		
27.92		0.8638		
27.93		0.86394		
27.94		0.86408		
27.95		0.86422		
27.96		0.86436		
27.97		0.8645		
27.98		0.86464		
27.99		0.86478		
28		0.86492		
28.01		0.86506		
28.02		0.8652		
28.03		0.86534		
28.04		0.86549		
28.05		0.86563		
28.06		0.86577		
28.07		0.86591		
28.08		0.86605		
28.09		0.8662		
28.1		0.86634		
28.11		0.86648		
28.12		0.86663		
28.13		0.86677		
28.14		0.86691		
28.15		0.86706		
28.16		0.8672		
28.17		0.86735		
28.18		0.86749		
28.19		0.86763		
28.2		0.86778		
28.21		0.86793		
28.22		0.86807		
28.23		0.86822		
28.24		0.86836		
28.25		0.86851		
28.26		0.86866		
28.27		0.8688		
28.28		0.86895		
28.29		0.8691		
28.3		0.86924		
28.31		0.86939		
28.32		0.86954		
28.33		0.86969		
28.34		0.86983		
28.35		0.86998		
28.36		0.87013		
28.37		0.87028		
28.38		0.87043		
28.39		0.87058		
28.4		0.87073		
28.41		0.87088		
28.42		0.87103		
28.43		0.87118		
28.44		0.87133		
28.45		0.87148		
28.46		0.87163		
28.47		0.87178		
28.48		0.87193		
28.49		0.87208		
28.5		0.87223		
28.51		0.87238		
28.52		0.87253		
28.53		0.87268		
28.54		0.87284		
28.55		0.87299		
28.56		0.87314		
28.57		0.87329		
28.58		0.87345		
28.59		0.8736		
28.6		0.87375		
28.61		0.8739		
28.62		0.87406		
28.63		0.87421		
28.64		0.87436		
28.65		0.87452		
28.66		0.87467		
28.67		0.87483		
28.68		0.87498		
28.69		0.87513		
28.7		0.87529		
28.71		0.87544		
28.72		0.8756		
28.73		0.87575		
28.74		0.87591		
28.75		0.87606		
28.76		0.87622		
28.77		0.87638		
28.78		0.87653		
28.79		0.87669		
28.8		0.87684		
28.81		0.877		
28.82		0.87716		
28.83		0.87731		
28.84		0.87747		
28.85		0.87763		
28.86		0.87778		
28.87		0.87794		
28.88		0.8781		
28.89		0.87826		
28.9		0.87841		
28.91		0.87857		
28.92		0.87873		
28.93		0.87889		
28.94		0.87904		
28.95		0.8792		
28.96		0.87936		
28.97		0.87952		
28.98		0.87968		
28.99		0.87984		
29		0.87999		
29.01		0.88015		
29.02		0.88031		
29.03		0.88047		
29.04		0.88063		
29.05		0.88079		
29.06		0.88095		
29.07		0.88111		
29.08		0.88127		
29.09		0.88143		
29.1		0.88159		
29.11		0.88175		
29.12		0.88191		
29.13		0.88207		
29.14		0.88223		
29.15		0.88239		
29.16		0.88255		
29.17		0.88271		
29.18		0.88287		
29.19		0.88303		
29.2		0.88319		
29.21		0.88335		
29.22		0.88352		
29.23		0.88368		
29.24		0.88384		
29.25		0.884		
29.26		0.88416		
29.27		0.88432		
29.28		0.88448		
29.29		0.88465		
29.3		0.88481		
29.31		0.88497		
29.32		0.88513		
29.33		0.88529		
29.34		0.88546		
29.35		0.88562		
29.36		0.88578		
29.37		0.88594		
29.38		0.88611		
29.39		0.88627		
29.4		0.88643		
29.41		0.88659		
29.42		0.88676		
29.43		0.88692		
29.44		0.88708		
29.45		0.88724		
29.46		0.88741		
29.47		0.88757		
29.48		0.88773		
29.49		0.8879		
29.5		0.88806		
29.51		0.88822		
29.52		0.88839		
29.53		0.88855		
29.54		0.88871		
29.55		0.88888		
29.56		0.88904		
29.57		0.8892		
29.58		0.88937		
29.59		0.88953		
29.6		0.8897		
29.61		0.88986		
29.62		0.89002		
29.63		0.89019		
29.64		0.89035		
29.65		0.89052		
29.66		0.89068		
29.67		0.89084		
29.68		0.89101		
29.69		0.89117		
29.7		0.89134		
29.71		0.8915		
29.72		0.89166		
29.73		0.89183		
29.74		0.89199		
29.75		0.89216		
29.76		0.89232		
29.77		0.89249		
29.78		0.89265		
29.79		0.89281		
29.8		0.89298		
29.81		0.89314		
29.82		0.89331		
29.83		0.89347		
29.84		0.89364		
29.85		0.8938		
29.86		0.89397		
29.87		0.89413		
29.88		0.8943		
29.89		0.89446		
29.9		0.89462		
29.91		0.89479		
29.92		0.89495		
29.93		0.89512		
29.94		0.89528		
29.95		0.89545		
29.96		0.89561		
29.97		0.89578		
29.98		0.89594		
29.99		0.89611		
30		0.89627		
