tau [fm]		az
0.25		1
0.26		0.95692		
0.27		0.91967		
0.28		0.88745		
0.29		0.85915		
0.3		0.83394		
0.31		0.8112		
0.32		0.79047		
0.33		0.77141		
0.34		0.75375		
0.35		0.73728		
0.36		0.72187		
0.37		0.70739		
0.38		0.69374		
0.39		0.68085		
0.4		0.66867		
0.41		0.65715		
0.42		0.64624		
0.43		0.63591		
0.44		0.62614		
0.45		0.61688		
0.46		0.60813		
0.47		0.59986		
0.48		0.59205		
0.49		0.58467		
0.5		0.57772		
0.51		0.57118		
0.52		0.56502		
0.53		0.55924		
0.54		0.55382		
0.55		0.54874		
0.56		0.54399		
0.57		0.53955		
0.58		0.53542		
0.59		0.53158		
0.6		0.52802		
0.61		0.52472		
0.62		0.52168		
0.63		0.51888		
0.64		0.51632		
0.65		0.51397		
0.66		0.51184		
0.67		0.50991		
0.68		0.50818		
0.69		0.50663		
0.7		0.50525		
0.71		0.50405		
0.72		0.503		
0.73		0.50211		
0.74		0.50136		
0.75		0.50075		
0.76		0.50027		
0.77		0.49992		
0.78		0.49968		
0.79		0.49956		
0.8		0.49955		
0.81		0.49964		
0.82		0.49983		
0.83		0.50012		
0.84		0.50049		
0.85		0.50094		
0.86		0.50147		
0.87		0.50208		
0.88		0.50276		
0.89		0.50351		
0.9		0.50432		
0.91		0.50519		
0.92		0.50612		
0.93		0.50711		
0.94		0.50815		
0.95		0.50923		
0.96		0.51037		
0.97		0.51154		
0.98		0.51276		
0.99		0.51402		
1		0.51531		
1.01		0.51664		
1.02		0.518		
1.03		0.51939		
1.04		0.52081		
1.05		0.52226		
1.06		0.52373		
1.07		0.52523		
1.08		0.52675		
1.09		0.52829		
1.1		0.52985		
1.11		0.53143		
1.12		0.53302		
1.13		0.53463		
1.14		0.53626		
1.15		0.5379		
1.16		0.53955		
1.17		0.54121		
1.18		0.54288		
1.19		0.54457		
1.2		0.54626		
1.21		0.54796		
1.22		0.54967		
1.23		0.55138		
1.24		0.5531		
1.25		0.55482		
1.26		0.55655		
1.27		0.55828		
1.28		0.56002		
1.29		0.56176		
1.3		0.5635		
1.31		0.56524		
1.32		0.56698		
1.33		0.56873		
1.34		0.57047		
1.35		0.57221		
1.36		0.57395		
1.37		0.57569		
1.38		0.57743		
1.39		0.57917		
1.4		0.58091		
1.41		0.58264		
1.42		0.58437		
1.43		0.5861		
1.44		0.58782		
1.45		0.58954		
1.46		0.59126		
1.47		0.59297		
1.48		0.59468		
1.49		0.59639		
1.5		0.59808		
1.51		0.59978		
1.52		0.60147		
1.53		0.60315		
1.54		0.60483		
1.55		0.6065		
1.56		0.60817		
1.57		0.60983		
1.58		0.61148		
1.59		0.61313		
1.6		0.61477		
1.61		0.61641		
1.62		0.61804		
1.63		0.61966		
1.64		0.62128		
1.65		0.62289		
1.66		0.62449		
1.67		0.62609		
1.68		0.62768		
1.69		0.62926		
1.7		0.63083		
1.71		0.6324		
1.72		0.63396		
1.73		0.63551		
1.74		0.63706		
1.75		0.63859		
1.76		0.64012		
1.77		0.64165		
1.78		0.64316		
1.79		0.64467		
1.8		0.64617		
1.81		0.64766		
1.82		0.64915		
1.83		0.65062		
1.84		0.65209		
1.85		0.65356		
1.86		0.65501		
1.87		0.65646		
1.88		0.65789		
1.89		0.65932		
1.9		0.66075		
1.91		0.66216		
1.92		0.66357		
1.93		0.66497		
1.94		0.66636		
1.95		0.66775		
1.96		0.66912		
1.97		0.67049		
1.98		0.67186		
1.99		0.67321		
2		0.67455		
2.01		0.67589		
2.02		0.67722		
2.03		0.67855		
2.04		0.67986		
2.05		0.68117		
2.06		0.68247		
2.07		0.68376		
2.08		0.68505		
2.09		0.68632		
2.1		0.68759		
2.11		0.68886		
2.12		0.69011		
2.13		0.69136		
2.14		0.6926		
2.15		0.69383		
2.16		0.69506		
2.17		0.69627		
2.18		0.69748		
2.19		0.69869		
2.2		0.69988		
2.21		0.70107		
2.22		0.70225		
2.23		0.70343		
2.24		0.70459		
2.25		0.70575		
2.26		0.70691		
2.27		0.70805		
2.28		0.70919		
2.29		0.71032		
2.3		0.71145		
2.31		0.71257		
2.32		0.71368		
2.33		0.71478		
2.34		0.71588		
2.35		0.71697		
2.36		0.71805		
2.37		0.71913		
2.38		0.7202		
2.39		0.72126		
2.4		0.72232		
2.41		0.72337		
2.42		0.72441		
2.43		0.72545		
2.44		0.72648		
2.45		0.7275		
2.46		0.72852		
2.47		0.72953		
2.48		0.73054		
2.49		0.73153		
2.5		0.73253		
2.51		0.73351		
2.52		0.73449		
2.53		0.73546		
2.54		0.73643		
2.55		0.73739		
2.56		0.73835		
2.57		0.7393		
2.58		0.74024		
2.59		0.74118		
2.6		0.74211		
2.61		0.74303		
2.62		0.74395		
2.63		0.74486		
2.64		0.74577		
2.65		0.74667		
2.66		0.74757		
2.67		0.74846		
2.68		0.74934		
2.69		0.75022		
2.7		0.75109		
2.71		0.75196		
2.72		0.75282		
2.73		0.75368		
2.74		0.75453		
2.75		0.75537		
2.76		0.75621		
2.77		0.75705		
2.78		0.75788		
2.79		0.7587		
2.8		0.75952		
2.81		0.76033		
2.82		0.76114		
2.83		0.76194		
2.84		0.76274		
2.85		0.76353		
2.86		0.76432		
2.87		0.7651		
2.88		0.76588		
2.89		0.76665		
2.9		0.76742		
2.91		0.76818		
2.92		0.76894		
2.93		0.76969		
2.94		0.77044		
2.95		0.77118		
2.96		0.77192		
2.97		0.77266		
2.98		0.77338		
2.99		0.77411		
3		0.77483		
3.01		0.77554		
3.02		0.77625		
3.03		0.77696		
3.04		0.77766		
3.05		0.77836		
3.06		0.77905		
3.07		0.77974		
3.08		0.78042		
3.09		0.7811		
3.1		0.78177		
3.11		0.78244		
3.12		0.78311		
3.13		0.78377		
3.14		0.78443		
3.15		0.78508		
3.16		0.78573		
3.17		0.78638		
3.18		0.78702		
3.19		0.78765		
3.2		0.78829		
3.21		0.78891		
3.22		0.78954		
3.23		0.79016		
3.24		0.79078		
3.25		0.79139		
3.26		0.792		
3.27		0.7926		
3.28		0.7932		
3.29		0.7938		
3.3		0.79439		
3.31		0.79498		
3.32		0.79557		
3.33		0.79615		
3.34		0.79673		
3.35		0.7973		
3.36		0.79788		
3.37		0.79844		
3.38		0.79901		
3.39		0.79957		
3.4		0.80012		
3.41		0.80068		
3.42		0.80123		
3.43		0.80177		
3.44		0.80232		
3.45		0.80286		
3.46		0.80339		
3.47		0.80392		
3.48		0.80445		
3.49		0.80498		
3.5		0.8055		
3.51		0.80602		
3.52		0.80654		
3.53		0.80705		
3.54		0.80756		
3.55		0.80807		
3.56		0.80857		
3.57		0.80907		
3.58		0.80957		
3.59		0.81006		
3.6		0.81055		
3.61		0.81104		
3.62		0.81152		
3.63		0.812		
3.64		0.81248		
3.65		0.81296		
3.66		0.81343		
3.67		0.8139		
3.68		0.81437		
3.69		0.81483		
3.7		0.81529		
3.71		0.81575		
3.72		0.8162		
3.73		0.81666		
3.74		0.81711		
3.75		0.81755		
3.76		0.818		
3.77		0.81844		
3.78		0.81888		
3.79		0.81931		
3.8		0.81974		
3.81		0.82017		
3.82		0.8206		
3.83		0.82103		
3.84		0.82145		
3.85		0.82187		
3.86		0.82229		
3.87		0.8227		
3.88		0.82311		
3.89		0.82352		
3.9		0.82393		
3.91		0.82434		
3.92		0.82474		
3.93		0.82514		
3.94		0.82553		
3.95		0.82593		
3.96		0.82632		
3.97		0.82671		
3.98		0.8271		
3.99		0.82749		
4		0.82787		
4.01		0.82825		
4.02		0.82863		
4.03		0.829		
4.04		0.82938		
4.05		0.82975		
4.06		0.83012		
4.07		0.83048		
4.08		0.83085		
4.09		0.83121		
4.1		0.83157		
4.11		0.83193		
4.12		0.83229		
4.13		0.83264		
4.14		0.83299		
4.15		0.83334		
4.16		0.83369		
4.17		0.83403		
4.18		0.83438		
4.19		0.83472		
4.2		0.83506		
4.21		0.83539		
4.22		0.83573		
4.23		0.83606		
4.24		0.83639		
4.25		0.83672		
4.26		0.83705		
4.27		0.83738		
4.28		0.8377		
4.29		0.83802		
4.3		0.83834		
4.31		0.83866		
4.32		0.83897		
4.33		0.83929		
4.34		0.8396		
4.35		0.83991		
4.36		0.84022		
4.37		0.84052		
4.38		0.84083		
4.39		0.84113		
4.4		0.84143		
4.41		0.84173		
4.42		0.84203		
4.43		0.84232		
4.44		0.84262		
4.45		0.84291		
4.46		0.8432		
4.47		0.84349		
4.48		0.84378		
4.49		0.84406		
4.5		0.84435		
4.51		0.84463		
4.52		0.84491		
4.53		0.84519		
4.54		0.84546		
4.55		0.84574		
4.56		0.84601		
4.57		0.84628		
4.58		0.84656		
4.59		0.84682		
4.6		0.84709		
4.61		0.84736		
4.62		0.84762		
4.63		0.84788		
4.64		0.84815		
4.65		0.84841		
4.66		0.84866		
4.67		0.84892		
4.68		0.84918		
4.69		0.84943		
4.7		0.84968		
4.71		0.84993		
4.72		0.85018		
4.73		0.85043		
4.74		0.85068		
4.75		0.85092		
4.76		0.85117		
4.77		0.85141		
4.78		0.85165		
4.79		0.85189		
4.8		0.85213		
4.81		0.85236		
4.82		0.8526		
4.83		0.85283		
4.84		0.85306		
4.85		0.85329		
4.86		0.85352		
4.87		0.85375		
4.88		0.85398		
4.89		0.85421		
4.9		0.85443		
4.91		0.85465		
4.92		0.85488		
4.93		0.8551		
4.94		0.85532		
4.95		0.85553		
4.96		0.85575		
4.97		0.85597		
4.98		0.85618		
4.99		0.85639		
5		0.85661		
5.01		0.85682		
5.02		0.85703		
5.03		0.85723		
5.04		0.85744		
5.05		0.85765		
5.06		0.85785		
5.07		0.85806		
5.08		0.85826		
5.09		0.85846		
5.1		0.85866		
5.11		0.85886		
5.12		0.85906		
5.13		0.85925		
5.14		0.85945		
5.15		0.85964		
5.16		0.85984		
5.17		0.86003		
5.18		0.86022		
5.19		0.86041		
5.2		0.8606		
5.21		0.86078		
5.22		0.86097		
5.23		0.86116		
5.24		0.86134		
5.25		0.86153		
5.26		0.86171		
5.27		0.86189		
5.28		0.86207		
5.29		0.86225		
5.3		0.86243		
5.31		0.8626		
5.32		0.86278		
5.33		0.86296		
5.34		0.86313		
5.35		0.8633		
5.36		0.86347		
5.37		0.86365		
5.38		0.86382		
5.39		0.86399		
5.4		0.86415		
5.41		0.86432		
5.42		0.86449		
5.43		0.86465		
5.44		0.86482		
5.45		0.86498		
5.46		0.86514		
5.47		0.8653		
5.48		0.86546		
5.49		0.86562		
5.5		0.86578		
5.51		0.86594		
5.52		0.8661		
5.53		0.86625		
5.54		0.86641		
5.55		0.86656		
5.56		0.86672		
5.57		0.86687		
5.58		0.86702		
5.59		0.86717		
5.6		0.86732		
5.61		0.86747		
5.62		0.86762		
5.63		0.86776		
5.64		0.86791		
5.65		0.86806		
5.66		0.8682		
5.67		0.86835		
5.68		0.86849		
5.69		0.86863		
5.7		0.86877		
5.71		0.86891		
5.72		0.86905		
5.73		0.86919		
5.74		0.86933		
5.75		0.86947		
5.76		0.8696		
5.77		0.86974		
5.78		0.86987		
5.79		0.87001		
5.8		0.87014		
5.81		0.87027		
5.82		0.8704		
5.83		0.87053		
5.84		0.87066		
5.85		0.87079		
5.86		0.87092		
5.87		0.87105		
5.88		0.87118		
5.89		0.8713		
5.9		0.87143		
5.91		0.87155		
5.92		0.87168		
5.93		0.8718		
5.94		0.87192		
5.95		0.87204		
5.96		0.87217		
5.97		0.87229		
5.98		0.87241		
5.99		0.87252		
6		0.87264		
6.01		0.87276		
6.02		0.87288		
6.03		0.87299		
6.04		0.87311		
6.05		0.87322		
6.06		0.87334		
6.07		0.87345		
6.08		0.87356		
6.09		0.87367		
6.1		0.87379		
6.11		0.8739		
6.12		0.87401		
6.13		0.87412		
6.14		0.87422		
6.15		0.87433		
6.16		0.87444		
6.17		0.87455		
6.18		0.87465		
6.19		0.87476		
6.2		0.87486		
6.21		0.87497		
6.22		0.87507		
6.23		0.87517		
6.24		0.87527		
6.25		0.87537		
6.26		0.87548		
6.27		0.87558		
6.28		0.87567		
6.29		0.87577		
6.3		0.87587		
6.31		0.87597		
6.32		0.87607		
6.33		0.87616		
6.34		0.87626		
6.35		0.87635		
6.36		0.87645		
6.37		0.87654		
6.38		0.87664		
6.39		0.87673		
6.4		0.87682		
6.41		0.87691		
6.42		0.877		
6.43		0.87709		
6.44		0.87718		
6.45		0.87727		
6.46		0.87736		
6.47		0.87745		
6.48		0.87754		
6.49		0.87762		
6.5		0.87771		
6.51		0.87779		
6.52		0.87788		
6.53		0.87796		
6.54		0.87805		
6.55		0.87813		
6.56		0.87822		
6.57		0.8783		
6.58		0.87838		
6.59		0.87846		
6.6		0.87854		
6.61		0.87862		
6.62		0.8787		
6.63		0.87878		
6.64		0.87886		
6.65		0.87894		
6.66		0.87901		
6.67		0.87909		
6.68		0.87917		
6.69		0.87924		
6.7		0.87932		
6.71		0.87939		
6.72		0.87947		
6.73		0.87954		
6.74		0.87962		
6.75		0.87969		
6.76		0.87976		
6.77		0.87983		
6.78		0.8799		
6.79		0.87998		
6.8		0.88005		
6.81		0.88012		
6.82		0.88018		
6.83		0.88025		
6.84		0.88032		
6.85		0.88039		
6.86		0.88046		
6.87		0.88052		
6.88		0.88059		
6.89		0.88066		
6.9		0.88072		
6.91		0.88079		
6.92		0.88085		
6.93		0.88091		
6.94		0.88098		
6.95		0.88104		
6.96		0.8811		
6.97		0.88117		
6.98		0.88123		
6.99		0.88129		
7		0.88135		
7.01		0.88141		
7.02		0.88147		
7.03		0.88153		
7.04		0.88159		
7.05		0.88165		
7.06		0.8817		
7.07		0.88176		
7.08		0.88182		
7.09		0.88187		
7.1		0.88193		
7.11		0.88199		
7.12		0.88204		
7.13		0.8821		
7.14		0.88215		
7.15		0.8822		
7.16		0.88226		
7.17		0.88231		
7.18		0.88236		
7.19		0.88242		
7.2		0.88247		
7.21		0.88252		
7.22		0.88257		
7.23		0.88262		
7.24		0.88267		
7.25		0.88272		
7.26		0.88277		
7.27		0.88282		
7.28		0.88287		
7.29		0.88292		
7.3		0.88296		
7.31		0.88301		
7.32		0.88306		
7.33		0.8831		
7.34		0.88315		
7.35		0.88319		
7.36		0.88324		
7.37		0.88328		
7.38		0.88333		
7.39		0.88337		
7.4		0.88342		
7.41		0.88346		
7.42		0.8835		
7.43		0.88354		
7.44		0.88359		
7.45		0.88363		
7.46		0.88367		
7.47		0.88371		
7.48		0.88375		
7.49		0.88379		
7.5		0.88383		
7.51		0.88387		
7.52		0.88391		
7.53		0.88395		
7.54		0.88398		
7.55		0.88402		
7.56		0.88406		
7.57		0.8841		
7.58		0.88413		
7.59		0.88417		
7.6		0.88421		
7.61		0.88424		
7.62		0.88428		
7.63		0.88431		
7.64		0.88435		
7.65		0.88438		
7.66		0.88441		
7.67		0.88445		
7.68		0.88448		
7.69		0.88451		
7.7		0.88454		
7.71		0.88458		
7.72		0.88461		
7.73		0.88464		
7.74		0.88467		
7.75		0.8847		
7.76		0.88473		
7.77		0.88476		
7.78		0.88479		
7.79		0.88482		
7.8		0.88485		
7.81		0.88488		
7.82		0.8849		
7.83		0.88493		
7.84		0.88496		
7.85		0.88499		
7.86		0.88501		
7.87		0.88504		
7.88		0.88507		
7.89		0.88509		
7.9		0.88512		
7.91		0.88514		
7.92		0.88517		
7.93		0.88519		
7.94		0.88522		
7.95		0.88524		
7.96		0.88526		
7.97		0.88529		
7.98		0.88531		
7.99		0.88533		
8		0.88535		
8.01		0.88538		
8.02		0.8854		
8.03		0.88542		
8.04		0.88544		
8.05		0.88546		
8.06		0.88548		
8.07		0.8855		
8.08		0.88552		
8.09		0.88554		
8.1		0.88556		
8.11		0.88558		
8.12		0.8856		
8.13		0.88561		
8.14		0.88563		
8.15		0.88565		
8.16		0.88567		
8.17		0.88568		
8.18		0.8857		
8.19		0.88572		
8.2		0.88573		
8.21		0.88575		
8.22		0.88576		
8.23		0.88578		
8.24		0.88579		
8.25		0.88581		
8.26		0.88582		
8.27		0.88584		
8.28		0.88585		
8.29		0.88586		
8.3		0.88588		
8.31		0.88589		
8.32		0.8859		
8.33		0.88591		
8.34		0.88593		
8.35		0.88594		
8.36		0.88595		
8.37		0.88596		
8.38		0.88597		
8.39		0.88598		
8.4		0.88599		
8.41		0.886		
8.42		0.88601		
8.43		0.88602		
8.44		0.88603		
8.45		0.88604		
8.46		0.88605		
8.47		0.88606		
8.48		0.88606		
8.49		0.88607		
8.5		0.88608		
8.51		0.88609		
8.52		0.88609		
8.53		0.8861		
8.54		0.88611		
8.55		0.88611		
8.56		0.88612		
8.57		0.88612		
8.58		0.88613		
8.59		0.88614		
8.6		0.88614		
8.61		0.88614		
8.62		0.88615		
8.63		0.88615		
8.64		0.88616		
8.65		0.88616		
8.66		0.88616		
8.67		0.88617		
8.68		0.88617		
8.69		0.88617		
8.7		0.88618		
8.71		0.88618		
8.72		0.88618		
8.73		0.88618		
8.74		0.88618		
8.75		0.88618		
8.76		0.88618		
8.77		0.88619		
8.78		0.88619		
8.79		0.88619		
8.8		0.88619		
8.81		0.88619		
8.82		0.88619		
8.83		0.88618		
8.84		0.88618		
8.85		0.88618		
8.86		0.88618		
8.87		0.88618		
8.88		0.88618		
8.89		0.88618		
8.9		0.88617		
8.91		0.88617		
8.92		0.88617		
8.93		0.88616		
8.94		0.88616		
8.95		0.88616		
8.96		0.88615		
8.97		0.88615		
8.98		0.88615		
8.99		0.88614		
9		0.88614		
9.01		0.88613		
9.02		0.88613		
9.03		0.88612		
9.04		0.88612		
9.05		0.88611		
9.06		0.8861		
9.07		0.8861		
9.08		0.88609		
9.09		0.88608		
9.1		0.88608		
9.11		0.88607		
9.12		0.88606		
9.13		0.88606		
9.14		0.88605		
9.15		0.88604		
9.16		0.88603		
9.17		0.88602		
9.18		0.88602		
9.19		0.88601		
9.2		0.886		
9.21		0.88599		
9.22		0.88598		
9.23		0.88597		
9.24		0.88596		
9.25		0.88595		
9.26		0.88594		
9.27		0.88593		
9.28		0.88592		
9.29		0.88591		
9.3		0.8859		
9.31		0.88589		
9.32		0.88587		
9.33		0.88586		
9.34		0.88585		
9.35		0.88584		
9.36		0.88583		
9.37		0.88581		
9.38		0.8858		
9.39		0.88579		
9.4		0.88578		
9.41		0.88576		
9.42		0.88575		
9.43		0.88574		
9.44		0.88572		
9.45		0.88571		
9.46		0.88569		
9.47		0.88568		
9.48		0.88566		
9.49		0.88565		
9.5		0.88564		
9.51		0.88562		
9.52		0.8856		
9.53		0.88559		
9.54		0.88557		
9.55		0.88556		
9.56		0.88554		
9.57		0.88553		
9.58		0.88551		
9.59		0.88549		
9.6		0.88548		
9.61		0.88546		
9.62		0.88544		
9.63		0.88543		
9.64		0.88541		
9.65		0.88539		
9.66		0.88537		
9.67		0.88535		
9.68		0.88534		
9.69		0.88532		
9.7		0.8853		
9.71		0.88528		
9.72		0.88526		
9.73		0.88524		
9.74		0.88522		
9.75		0.8852		
9.76		0.88519		
9.77		0.88517		
9.78		0.88515		
9.79		0.88513		
9.8		0.88511		
9.81		0.88509		
9.82		0.88506		
9.83		0.88504		
9.84		0.88502		
9.85		0.885		
9.86		0.88498		
9.87		0.88496		
9.88		0.88494		
9.89		0.88492		
9.9		0.88489		
9.91		0.88487		
9.92		0.88485		
9.93		0.88483		
9.94		0.88481		
9.95		0.88478		
9.96		0.88476		
9.97		0.88474		
9.98		0.88471		
9.99		0.88469		
10		0.88467		
10.01		0.88464		
10.02		0.88462		
10.03		0.8846		
10.04		0.88457		
10.05		0.88455		
10.06		0.88452		
10.07		0.8845		
10.08		0.88448		
10.09		0.88445		
10.1		0.88443		
10.11		0.8844		
10.12		0.88438		
10.13		0.88435		
10.14		0.88433		
10.15		0.8843		
10.16		0.88427		
10.17		0.88425		
10.18		0.88422		
10.19		0.8842		
10.2		0.88417		
10.21		0.88414		
10.22		0.88412		
10.23		0.88409		
10.24		0.88406		
10.25		0.88404		
10.26		0.88401		
10.27		0.88398		
10.28		0.88395		
10.29		0.88393		
10.3		0.8839		
10.31		0.88387		
10.32		0.88384		
10.33		0.88381		
10.34		0.88379		
10.35		0.88376		
10.36		0.88373		
10.37		0.8837		
10.38		0.88367		
10.39		0.88364		
10.4		0.88361		
10.41		0.88358		
10.42		0.88355		
10.43		0.88353		
10.44		0.8835		
10.45		0.88347		
10.46		0.88344		
10.47		0.88341		
10.48		0.88338		
10.49		0.88335		
10.5		0.88332		
10.51		0.88328		
10.52		0.88325		
10.53		0.88322		
10.54		0.88319		
10.55		0.88316		
10.56		0.88313		
10.57		0.8831		
10.58		0.88307		
10.59		0.88304		
10.6		0.883		
10.61		0.88297		
10.62		0.88294		
10.63		0.88291		
10.64		0.88288		
10.65		0.88284		
10.66		0.88281		
10.67		0.88278		
10.68		0.88275		
10.69		0.88271		
10.7		0.88268		
10.71		0.88265		
10.72		0.88262		
10.73		0.88258		
10.74		0.88255		
10.75		0.88252		
10.76		0.88248		
10.77		0.88245		
10.78		0.88241		
10.79		0.88238		
10.8		0.88235		
10.81		0.88231		
10.82		0.88228		
10.83		0.88224		
10.84		0.88221		
10.85		0.88218		
10.86		0.88214		
10.87		0.88211		
10.88		0.88207		
10.89		0.88204		
10.9		0.882		
10.91		0.88197		
10.92		0.88193		
10.93		0.8819		
10.94		0.88186		
10.95		0.88182		
10.96		0.88179		
10.97		0.88175		
10.98		0.88172		
10.99		0.88168		
11		0.88164		
11.01		0.88161		
11.02		0.88157		
11.03		0.88154		
11.04		0.8815		
11.05		0.88146		
11.06		0.88143		
11.07		0.88139		
11.08		0.88135		
11.09		0.88131		
11.1		0.88128		
11.11		0.88124		
11.12		0.8812		
11.13		0.88117		
11.14		0.88113		
11.15		0.88109		
11.16		0.88105		
11.17		0.88101		
11.18		0.88098		
11.19		0.88094		
11.2		0.8809		
11.21		0.88086		
11.22		0.88082		
11.23		0.88079		
11.24		0.88075		
11.25		0.88071		
11.26		0.88067		
11.27		0.88063		
11.28		0.88059		
11.29		0.88055		
11.3		0.88051		
11.31		0.88047		
11.32		0.88044		
11.33		0.8804		
11.34		0.88036		
11.35		0.88032		
11.36		0.88028		
11.37		0.88024		
11.38		0.8802		
11.39		0.88016		
11.4		0.88012		
11.41		0.88008		
11.42		0.88004		
11.43		0.88		
11.44		0.87996		
11.45		0.87992		
11.46		0.87988		
11.47		0.87984		
11.48		0.8798		
11.49		0.87975		
11.5		0.87971		
11.51		0.87967		
11.52		0.87963		
11.53		0.87959		
11.54		0.87955		
11.55		0.87951		
11.56		0.87947		
11.57		0.87943		
11.58		0.87938		
11.59		0.87934		
11.6		0.8793		
11.61		0.87926		
11.62		0.87922		
11.63		0.87918		
11.64		0.87913		
11.65		0.87909		
11.66		0.87905		
11.67		0.87901		
11.68		0.87897		
11.69		0.87892		
11.7		0.87888		
11.71		0.87884		
11.72		0.8788		
11.73		0.87875		
11.74		0.87871		
11.75		0.87867		
11.76		0.87862		
11.77		0.87858		
11.78		0.87854		
11.79		0.87849		
11.8		0.87845		
11.81		0.87841		
11.82		0.87836		
11.83		0.87832		
11.84		0.87828		
11.85		0.87823		
11.86		0.87819		
11.87		0.87815		
11.88		0.8781		
11.89		0.87806		
11.9		0.87802		
11.91		0.87797		
11.92		0.87793		
11.93		0.87788		
11.94		0.87784		
11.95		0.87779		
11.96		0.87775		
11.97		0.87771		
11.98		0.87766		
11.99		0.87762		
12		0.87757		
12.01		0.87753		
12.02		0.87748		
12.03		0.87744		
12.04		0.87739		
12.05		0.87735		
12.06		0.8773		
12.07		0.87726		
12.08		0.87721		
12.09		0.87717		
12.1		0.87712		
12.11		0.87708		
12.12		0.87703		
12.13		0.87699		
12.14		0.87694		
12.15		0.87689		
12.16		0.87685		
12.17		0.8768		
12.18		0.87676		
12.19		0.87671		
12.2		0.87667		
12.21		0.87662		
12.22		0.87657		
12.23		0.87653		
12.24		0.87648		
12.25		0.87643		
12.26		0.87639		
12.27		0.87634		
12.28		0.8763		
12.29		0.87625		
12.3		0.8762		
12.31		0.87616		
12.32		0.87611		
12.33		0.87606		
12.34		0.87602		
12.35		0.87597		
12.36		0.87592		
12.37		0.87587		
12.38		0.87583		
12.39		0.87578		
12.4		0.87573		
12.41		0.87569		
12.42		0.87564		
12.43		0.87559		
12.44		0.87554		
12.45		0.8755		
12.46		0.87545		
12.47		0.8754		
12.48		0.87535		
12.49		0.87531		
12.5		0.87526		
12.51		0.87521		
12.52		0.87516		
12.53		0.87511		
12.54		0.87507		
12.55		0.87502		
12.56		0.87497		
12.57		0.87492		
12.58		0.87487		
12.59		0.87483		
12.6		0.87478		
12.61		0.87473		
12.62		0.87468		
12.63		0.87463		
12.64		0.87458		
12.65		0.87453		
12.66		0.87449		
12.67		0.87444		
12.68		0.87439		
12.69		0.87434		
12.7		0.87429		
12.71		0.87424		
12.72		0.87419		
12.73		0.87414		
12.74		0.8741		
12.75		0.87405		
12.76		0.874		
12.77		0.87395		
12.78		0.8739		
12.79		0.87385		
12.8		0.8738		
12.81		0.87375		
12.82		0.8737		
12.83		0.87365		
12.84		0.8736		
12.85		0.87355		
12.86		0.8735		
12.87		0.87345		
12.88		0.8734		
12.89		0.87335		
12.9		0.8733		
12.91		0.87325		
12.92		0.8732		
12.93		0.87315		
12.94		0.8731		
12.95		0.87305		
12.96		0.873		
12.97		0.87295		
12.98		0.8729		
12.99		0.87285		
13		0.8728		
13.01		0.87275		
13.02		0.8727		
13.03		0.87265		
13.04		0.8726		
13.05		0.87255		
13.06		0.8725		
13.07		0.87245		
13.08		0.8724		
13.09		0.87235		
13.1		0.8723		
13.11		0.87225		
13.12		0.87219		
13.13		0.87214		
13.14		0.87209		
13.15		0.87204		
13.16		0.87199		
13.17		0.87194		
13.18		0.87189		
13.19		0.87184		
13.2		0.87179		
13.21		0.87173		
13.22		0.87168		
13.23		0.87163		
13.24		0.87158		
13.25		0.87153		
13.26		0.87148		
13.27		0.87143		
13.28		0.87137		
13.29		0.87132		
13.3		0.87127		
13.31		0.87122		
13.32		0.87117		
13.33		0.87112		
13.34		0.87106		
13.35		0.87101		
13.36		0.87096		
13.37		0.87091		
13.38		0.87086		
13.39		0.8708		
13.4		0.87075		
13.41		0.8707		
13.42		0.87065		
13.43		0.87059		
13.44		0.87054		
13.45		0.87049		
13.46		0.87044		
13.47		0.87039		
13.48		0.87033		
13.49		0.87028		
13.5		0.87023		
13.51		0.87018		
13.52		0.87012		
13.53		0.87007		
13.54		0.87002		
13.55		0.86996		
13.56		0.86991		
13.57		0.86986		
13.58		0.86981		
13.59		0.86975		
13.6		0.8697		
13.61		0.86965		
13.62		0.86959		
13.63		0.86954		
13.64		0.86949		
13.65		0.86944		
13.66		0.86938		
13.67		0.86933		
13.68		0.86928		
13.69		0.86922		
13.7		0.86917		
13.71		0.86912		
13.72		0.86906		
13.73		0.86901		
13.74		0.86896		
13.75		0.8689		
13.76		0.86885		
13.77		0.86879		
13.78		0.86874		
13.79		0.86869		
13.8		0.86863		
13.81		0.86858		
13.82		0.86853		
13.83		0.86847		
13.84		0.86842		
13.85		0.86836		
13.86		0.86831		
13.87		0.86826		
13.88		0.8682		
13.89		0.86815		
13.9		0.86809		
13.91		0.86804		
13.92		0.86799		
13.93		0.86793		
13.94		0.86788		
13.95		0.86782		
13.96		0.86777		
13.97		0.86771		
13.98		0.86766		
13.99		0.86761		
14		0.86755		
14.01		0.8675		
14.02		0.86744		
14.03		0.86739		
14.04		0.86733		
14.05		0.86728		
14.06		0.86722		
14.07		0.86717		
14.08		0.86711		
14.09		0.86706		
14.1		0.867		
14.11		0.86695		
14.12		0.8669		
14.13		0.86684		
14.14		0.86679		
14.15		0.86673		
14.16		0.86668		
14.17		0.86662		
14.18		0.86657		
14.19		0.86651		
14.2		0.86645		
14.21		0.8664		
14.22		0.86634		
14.23		0.86629		
14.24		0.86623		
14.25		0.86618		
14.26		0.86612		
14.27		0.86607		
14.28		0.86601		
14.29		0.86596		
14.3		0.8659		
14.31		0.86585		
14.32		0.86579		
14.33		0.86573		
14.34		0.86568		
14.35		0.86562		
14.36		0.86557		
14.37		0.86551		
14.38		0.86546		
14.39		0.8654		
14.4		0.86534		
14.41		0.86529		
14.42		0.86523		
14.43		0.86518		
14.44		0.86512		
14.45		0.86506		
14.46		0.86501		
14.47		0.86495		
14.48		0.8649		
14.49		0.86484		
14.5		0.86478		
14.51		0.86473		
14.52		0.86467		
14.53		0.86461		
14.54		0.86456		
14.55		0.8645		
14.56		0.86444		
14.57		0.86439		
14.58		0.86433		
14.59		0.86428		
14.6		0.86422		
14.61		0.86416		
14.62		0.86411		
14.63		0.86405		
14.64		0.86399		
14.65		0.86394		
14.66		0.86388		
14.67		0.86382		
14.68		0.86376		
14.69		0.86371		
14.7		0.86365		
14.71		0.86359		
14.72		0.86354		
14.73		0.86348		
14.74		0.86342		
14.75		0.86337		
14.76		0.86331		
14.77		0.86325		
14.78		0.86319		
14.79		0.86314		
14.8		0.86308		
14.81		0.86302		
14.82		0.86297		
14.83		0.86291		
14.84		0.86285		
14.85		0.86279		
14.86		0.86274		
14.87		0.86268		
14.88		0.86262		
14.89		0.86256		
14.9		0.86251		
14.91		0.86245		
14.92		0.86239		
14.93		0.86233		
14.94		0.86228		
14.95		0.86222		
14.96		0.86216		
14.97		0.8621		
14.98		0.86204		
14.99		0.86199		
15		0.86193		
15.01		0.86187		
15.02		0.86181		
15.03		0.86175		
15.04		0.8617		
15.05		0.86164		
15.06		0.86158		
15.07		0.86152		
15.08		0.86146		
15.09		0.8614		
15.1		0.86135		
15.11		0.86129		
15.12		0.86123		
15.13		0.86117		
15.14		0.86111		
15.15		0.86105		
15.16		0.861		
15.17		0.86094		
15.18		0.86088		
15.19		0.86082		
15.2		0.86076		
15.21		0.8607		
15.22		0.86064		
15.23		0.86059		
15.24		0.86053		
15.25		0.86047		
15.26		0.86041		
15.27		0.86035		
15.28		0.86029		
15.29		0.86023		
15.3		0.86017		
15.31		0.86012		
15.32		0.86006		
15.33		0.86		
15.34		0.85994		
15.35		0.85988		
15.36		0.85982		
15.37		0.85976		
15.38		0.8597		
15.39		0.85964		
15.4		0.85958		
15.41		0.85952		
15.42		0.85946		
15.43		0.8594		
15.44		0.85935		
15.45		0.85929		
15.46		0.85923		
15.47		0.85917		
15.48		0.85911		
15.49		0.85905		
15.5		0.85899		
15.51		0.85893		
15.52		0.85887		
15.53		0.85881		
15.54		0.85875		
15.55		0.85869		
15.56		0.85863		
15.57		0.85857		
15.58		0.85851		
15.59		0.85845		
15.6		0.85839		
15.61		0.85833		
15.62		0.85827		
15.63		0.85821		
15.64		0.85815		
15.65		0.85809		
15.66		0.85803		
15.67		0.85797		
15.68		0.85791		
15.69		0.85785		
15.7		0.85779		
15.71		0.85773		
15.72		0.85767		
15.73		0.85761		
15.74		0.85755		
15.75		0.85749		
15.76		0.85743		
15.77		0.85737		
15.78		0.8573		
15.79		0.85724		
15.8		0.85718		
15.81		0.85712		
15.82		0.85706		
15.83		0.857		
15.84		0.85694		
15.85		0.85688		
15.86		0.85682		
15.87		0.85676		
15.88		0.8567		
15.89		0.85664		
15.9		0.85658		
15.91		0.85651		
15.92		0.85645		
15.93		0.85639		
15.94		0.85633		
15.95		0.85627		
15.96		0.85621		
15.97		0.85615		
15.98		0.85609		
15.99		0.85602		
16		0.85596		
16.01		0.8559		
16.02		0.85584		
16.03		0.85578		
16.04		0.85572		
16.05		0.85566		
16.06		0.85559		
16.07		0.85553		
16.08		0.85547		
16.09		0.85541		
16.1		0.85535		
16.11		0.85529		
16.12		0.85522		
16.13		0.85516		
16.14		0.8551		
16.15		0.85504		
16.16		0.85498		
16.17		0.85492		
16.18		0.85485		
16.19		0.85479		
16.2		0.85473		
16.21		0.85467		
16.22		0.85461		
16.23		0.85454		
16.24		0.85448		
16.25		0.85442		
16.26		0.85436		
16.27		0.85429		
16.28		0.85423		
16.29		0.85417		
16.3		0.85411		
16.31		0.85404		
16.32		0.85398		
16.33		0.85392		
16.34		0.85386		
16.35		0.85379		
16.36		0.85373		
16.37		0.85367		
16.38		0.85361		
16.39		0.85354		
16.4		0.85348		
16.41		0.85342		
16.42		0.85336		
16.43		0.85329		
16.44		0.85323		
16.45		0.85317		
16.46		0.8531		
16.47		0.85304		
16.48		0.85298		
16.49		0.85292		
16.5		0.85285		
16.51		0.85279		
16.52		0.85273		
16.53		0.85266		
16.54		0.8526		
16.55		0.85254		
16.56		0.85247		
16.57		0.85241		
16.58		0.85235		
16.59		0.85228		
16.6		0.85222		
16.61		0.85216		
16.62		0.85209		
16.63		0.85203		
16.64		0.85197		
16.65		0.8519		
16.66		0.85184		
16.67		0.85177		
16.68		0.85171		
16.69		0.85165		
16.7		0.85158		
16.71		0.85152		
16.72		0.85146		
16.73		0.85139		
16.74		0.85133		
16.75		0.85126		
16.76		0.8512		
16.77		0.85114		
16.78		0.85107		
16.79		0.85101		
16.8		0.85094		
16.81		0.85088		
16.82		0.85082		
16.83		0.85075		
16.84		0.85069		
16.85		0.85062		
16.86		0.85056		
16.87		0.85049		
16.88		0.85043		
16.89		0.85036		
16.9		0.8503		
16.91		0.85024		
16.92		0.85017		
16.93		0.85011		
16.94		0.85004		
16.95		0.84998		
16.96		0.84991		
16.97		0.84985		
16.98		0.84978		
16.99		0.84972		
17		0.84965		
17.01		0.84959		
17.02		0.84952		
17.03		0.84946		
17.04		0.84939		
17.05		0.84933		
17.06		0.84926		
17.07		0.8492		
17.08		0.84913		
17.09		0.84907		
17.1		0.849		
17.11		0.84894		
17.12		0.84887		
17.13		0.84881		
17.14		0.84874		
17.15		0.84868		
17.16		0.84861		
17.17		0.84855		
17.18		0.84848		
17.19		0.84842		
17.2		0.84835		
17.21		0.84828		
17.22		0.84822		
17.23		0.84815		
17.24		0.84809		
17.25		0.84802		
17.26		0.84796		
17.27		0.84789		
17.28		0.84782		
17.29		0.84776		
17.3		0.84769		
17.31		0.84763		
17.32		0.84756		
17.33		0.84749		
17.34		0.84743		
17.35		0.84736		
17.36		0.8473		
17.37		0.84723		
17.38		0.84716		
17.39		0.8471		
17.4		0.84703		
17.41		0.84697		
17.42		0.8469		
17.43		0.84683		
17.44		0.84677		
17.45		0.8467		
17.46		0.84663		
17.47		0.84657		
17.48		0.8465		
17.49		0.84643		
17.5		0.84637		
17.51		0.8463		
17.52		0.84623		
17.53		0.84617		
17.54		0.8461		
17.55		0.84603		
17.56		0.84597		
17.57		0.8459		
17.58		0.84583		
17.59		0.84577		
17.6		0.8457		
17.61		0.84563		
17.62		0.84557		
17.63		0.8455		
17.64		0.84543		
17.65		0.84537		
17.66		0.8453		
17.67		0.84523		
17.68		0.84516		
17.69		0.8451		
17.7		0.84503		
17.71		0.84496		
17.72		0.84489		
17.73		0.84483		
17.74		0.84476		
17.75		0.84469		
17.76		0.84463		
17.77		0.84456		
17.78		0.84449		
17.79		0.84442		
17.8		0.84436		
17.81		0.84429		
17.82		0.84422		
17.83		0.84415		
17.84		0.84408		
17.85		0.84402		
17.86		0.84395		
17.87		0.84388		
17.88		0.84381		
17.89		0.84375		
17.9		0.84368		
17.91		0.84361		
17.92		0.84354		
17.93		0.84347		
17.94		0.84341		
17.95		0.84334		
17.96		0.84327		
17.97		0.8432		
17.98		0.84313		
17.99		0.84306		
18		0.843		
18.01		0.84293		
18.02		0.84286		
18.03		0.84279		
18.04		0.84272		
18.05		0.84266		
18.06		0.84259		
18.07		0.84252		
18.08		0.84245		
18.09		0.84238		
18.1		0.84231		
18.11		0.84224		
18.12		0.84218		
18.13		0.84211		
18.14		0.84204		
18.15		0.84197		
18.16		0.8419		
18.17		0.84183		
18.18		0.84176		
18.19		0.84169		
18.2		0.84163		
18.21		0.84156		
18.22		0.84149		
18.23		0.84142		
18.24		0.84135		
18.25		0.84128		
18.26		0.84121		
18.27		0.84114		
18.28		0.84107		
18.29		0.841		
18.3		0.84093		
18.31		0.84087		
18.32		0.8408		
18.33		0.84073		
18.34		0.84066		
18.35		0.84059		
18.36		0.84052		
18.37		0.84045		
18.38		0.84038		
18.39		0.84031		
18.4		0.84024		
18.41		0.84017		
18.42		0.8401		
18.43		0.84003		
18.44		0.83996		
18.45		0.83989		
18.46		0.83982		
18.47		0.83975		
18.48		0.83968		
18.49		0.83961		
18.5		0.83954		
18.51		0.83947		
18.52		0.8394		
18.53		0.83933		
18.54		0.83926		
18.55		0.83919		
18.56		0.83912		
18.57		0.83905		
18.58		0.83898		
18.59		0.83891		
18.6		0.83884		
18.61		0.83877		
18.62		0.8387		
18.63		0.83863		
18.64		0.83856		
18.65		0.83849		
18.66		0.83842		
18.67		0.83836		
18.68		0.83829		
18.69		0.83822		
18.7		0.83815		
18.71		0.83808		
18.72		0.83801		
18.73		0.83794		
18.74		0.83787		
18.75		0.8378		
18.76		0.83773		
18.77		0.83767		
18.78		0.8376		
18.79		0.83753		
18.8		0.83746		
18.81		0.83739		
18.82		0.83732		
18.83		0.83726		
18.84		0.83719		
18.85		0.83712		
18.86		0.83705		
18.87		0.83699		
18.88		0.83692		
18.89		0.83685		
18.9		0.83678		
18.91		0.83672		
18.92		0.83665		
18.93		0.83658		
18.94		0.83651		
18.95		0.83645		
18.96		0.83638		
18.97		0.83631		
18.98		0.83625		
18.99		0.83618		
19		0.83611		
19.01		0.83605		
19.02		0.83598		
19.03		0.83591		
19.04		0.83585		
19.05		0.83578		
19.06		0.83572		
19.07		0.83565		
19.08		0.83558		
19.09		0.83552		
19.1		0.83545		
19.11		0.83539		
19.12		0.83532		
19.13		0.83526		
19.14		0.83519		
19.15		0.83513		
19.16		0.83506		
19.17		0.835		
19.18		0.83493		
19.19		0.83487		
19.2		0.8348		
19.21		0.83474		
19.22		0.83467		
19.23		0.83461		
19.24		0.83454		
19.25		0.83448		
19.26		0.83441		
19.27		0.83435		
19.28		0.83429		
19.29		0.83422		
19.3		0.83416		
19.31		0.83409		
19.32		0.83403		
19.33		0.83397		
19.34		0.8339		
19.35		0.83384		
19.36		0.83378		
19.37		0.83371		
19.38		0.83365		
19.39		0.83359		
19.4		0.83352		
19.41		0.83346		
19.42		0.8334		
19.43		0.83333		
19.44		0.83327		
19.45		0.83321		
19.46		0.83315		
19.47		0.83308		
19.48		0.83302		
19.49		0.83296		
19.5		0.8329		
19.51		0.83283		
19.52		0.83277		
19.53		0.83271		
19.54		0.83265		
19.55		0.83259		
19.56		0.83253		
19.57		0.83246		
19.58		0.8324		
19.59		0.83234		
19.6		0.83228		
19.61		0.83222		
19.62		0.83216		
19.63		0.8321		
19.64		0.83203		
19.65		0.83197		
19.66		0.83191		
19.67		0.83185		
19.68		0.83179		
19.69		0.83173		
19.7		0.83167		
19.71		0.83161		
19.72		0.83155		
19.73		0.83149		
19.74		0.83143		
19.75		0.83137		
19.76		0.83131		
19.77		0.83125		
19.78		0.83119		
19.79		0.83113		
19.8		0.83107		
19.81		0.83101		
19.82		0.83095		
19.83		0.83089		
19.84		0.83083		
19.85		0.83077		
19.86		0.83071		
19.87		0.83065		
19.88		0.8306		
19.89		0.83054		
19.9		0.83048		
19.91		0.83042		
19.92		0.83036		
19.93		0.8303		
19.94		0.83024		
19.95		0.83018		
19.96		0.83013		
19.97		0.83007		
19.98		0.83001		
19.99		0.82995		
20		0.82989		
20.01		0.82984		
20.02		0.82978		
20.03		0.82972		
20.04		0.82966		
20.05		0.82961		
20.06		0.82955		
20.07		0.82949		
20.08		0.82943		
20.09		0.82938		
20.1		0.82932		
20.11		0.82926		
20.12		0.8292		
20.13		0.82915		
20.14		0.82909		
20.15		0.82903		
20.16		0.82898		
20.17		0.82892		
20.18		0.82886		
20.19		0.82881		
20.2		0.82875		
20.21		0.8287		
20.22		0.82864		
20.23		0.82858		
20.24		0.82853		
20.25		0.82847		
20.26		0.82842		
20.27		0.82836		
20.28		0.8283		
20.29		0.82825		
20.3		0.82819		
20.31		0.82814		
20.32		0.82808		
20.33		0.82803		
20.34		0.82797		
20.35		0.82792		
20.36		0.82786		
20.37		0.82781		
20.38		0.82775		
20.39		0.8277		
20.4		0.82764		
20.41		0.82759		
20.42		0.82753		
20.43		0.82748		
20.44		0.82743		
20.45		0.82737		
20.46		0.82732		
20.47		0.82726		
20.48		0.82721		
20.49		0.82716		
20.5		0.8271		
20.51		0.82705		
20.52		0.82699		
20.53		0.82694		
20.54		0.82689		
20.55		0.82683		
20.56		0.82678		
20.57		0.82673		
20.58		0.82667		
20.59		0.82662		
20.6		0.82657		
20.61		0.82651		
20.62		0.82646		
20.63		0.82641		
20.64		0.82636		
20.65		0.8263		
20.66		0.82625		
20.67		0.8262		
20.68		0.82615		
20.69		0.82609		
20.7		0.82604		
20.71		0.82599		
20.72		0.82594		
20.73		0.82589		
20.74		0.82583		
20.75		0.82578		
20.76		0.82573		
20.77		0.82568		
20.78		0.82563		
20.79		0.82558		
20.8		0.82552		
20.81		0.82547		
20.82		0.82542		
20.83		0.82537		
20.84		0.82532		
20.85		0.82527		
20.86		0.82522		
20.87		0.82517		
20.88		0.82512		
20.89		0.82507		
20.9		0.82502		
20.91		0.82497		
20.92		0.82491		
20.93		0.82486		
20.94		0.82481		
20.95		0.82476		
20.96		0.82471		
20.97		0.82466		
20.98		0.82461		
20.99		0.82456		
21		0.82451		
21.01		0.82447		
21.02		0.82442		
21.03		0.82437		
21.04		0.82432		
21.05		0.82427		
21.06		0.82422		
21.07		0.82417		
21.08		0.82412		
21.09		0.82407		
21.1		0.82402		
21.11		0.82397		
21.12		0.82392		
21.13		0.82388		
21.14		0.82383		
21.15		0.82378		
21.16		0.82373		
21.17		0.82368		
21.18		0.82363		
21.19		0.82359		
21.2		0.82354		
21.21		0.82349		
21.22		0.82344		
21.23		0.82339		
21.24		0.82335		
21.25		0.8233		
21.26		0.82325		
21.27		0.8232		
21.28		0.82315		
21.29		0.82311		
21.3		0.82306		
21.31		0.82301		
21.32		0.82297		
21.33		0.82292		
21.34		0.82287		
21.35		0.82282		
21.36		0.82278		
21.37		0.82273		
21.38		0.82268		
21.39		0.82264		
21.4		0.82259		
21.41		0.82254		
21.42		0.8225		
21.43		0.82245		
21.44		0.82241		
21.45		0.82236		
21.46		0.82231		
21.47		0.82227		
21.48		0.82222		
21.49		0.82218		
21.5		0.82213		
21.51		0.82208		
21.52		0.82204		
21.53		0.82199		
21.54		0.82195		
21.55		0.8219		
21.56		0.82186		
21.57		0.82181		
21.58		0.82177		
21.59		0.82172		
21.6		0.82168		
21.61		0.82163		
21.62		0.82159		
21.63		0.82154		
21.64		0.8215		
21.65		0.82145		
21.66		0.82141		
21.67		0.82136		
21.68		0.82132		
21.69		0.82128		
21.7		0.82123		
21.71		0.82119		
21.72		0.82114		
21.73		0.8211		
21.74		0.82106		
21.75		0.82101		
21.76		0.82097		
21.77		0.82092		
21.78		0.82088		
21.79		0.82084		
21.8		0.82079		
21.81		0.82075		
21.82		0.82071		
21.83		0.82066		
21.84		0.82062		
21.85		0.82058		
21.86		0.82053		
21.87		0.82049		
21.88		0.82045		
21.89		0.82041		
21.9		0.82036		
21.91		0.82032		
21.92		0.82028		
21.93		0.82024		
21.94		0.82019		
21.95		0.82015		
21.96		0.82011		
21.97		0.82007		
21.98		0.82003		
21.99		0.81998		
22		0.81994		
22.01		0.8199		
22.02		0.81986		
22.03		0.81982		
22.04		0.81977		
22.05		0.81973		
22.06		0.81969		
22.07		0.81965		
22.08		0.81961		
22.09		0.81957		
22.1		0.81953		
22.11		0.81949		
22.12		0.81944		
22.13		0.8194		
22.14		0.81936		
22.15		0.81932		
22.16		0.81928		
22.17		0.81924		
22.18		0.8192		
22.19		0.81916		
22.2		0.81912		
22.21		0.81908		
22.22		0.81904		
22.23		0.819		
22.24		0.81896		
22.25		0.81892		
22.26		0.81888		
22.27		0.81884		
22.28		0.8188		
22.29		0.81876		
22.3		0.81872		
22.31		0.81868		
22.32		0.81864		
22.33		0.8186		
22.34		0.81856		
22.35		0.81852		
22.36		0.81848		
22.37		0.81844		
22.38		0.81841		
22.39		0.81837		
22.4		0.81833		
22.41		0.81829		
22.42		0.81825		
22.43		0.81821		
22.44		0.81817		
22.45		0.81813		
22.46		0.8181		
22.47		0.81806		
22.48		0.81802		
22.49		0.81798		
22.5		0.81794		
22.51		0.81791		
22.52		0.81787		
22.53		0.81783		
22.54		0.81779		
22.55		0.81775		
22.56		0.81772		
22.57		0.81768		
22.58		0.81764		
22.59		0.8176		
22.6		0.81757		
22.61		0.81753		
22.62		0.81749		
22.63		0.81745		
22.64		0.81742		
22.65		0.81738		
22.66		0.81734		
22.67		0.81731		
22.68		0.81727		
22.69		0.81723		
22.7		0.8172		
22.71		0.81716		
22.72		0.81712		
22.73		0.81709		
22.74		0.81705		
22.75		0.81701		
22.76		0.81698		
22.77		0.81694		
22.78		0.81691		
22.79		0.81687		
22.8		0.81683		
22.81		0.8168		
22.82		0.81676		
22.83		0.81673		
22.84		0.81669		
22.85		0.81666		
22.86		0.81662		
22.87		0.81658		
22.88		0.81655		
22.89		0.81651		
22.9		0.81648		
22.91		0.81644		
22.92		0.81641		
22.93		0.81637		
22.94		0.81634		
22.95		0.8163		
22.96		0.81627		
22.97		0.81623		
22.98		0.8162		
22.99		0.81617		
23		0.81613		
23.01		0.8161		
23.02		0.81606		
23.03		0.81603		
23.04		0.81599		
23.05		0.81596		
23.06		0.81593		
23.07		0.81589		
23.08		0.81586		
23.09		0.81582		
23.1		0.81579		
23.11		0.81576		
23.12		0.81572		
23.13		0.81569		
23.14		0.81566		
23.15		0.81562		
23.16		0.81559		
23.17		0.81556		
23.18		0.81552		
23.19		0.81549		
23.2		0.81546		
23.21		0.81542		
23.22		0.81539		
23.23		0.81536		
23.24		0.81532		
23.25		0.81529		
23.26		0.81526		
23.27		0.81523		
23.28		0.81519		
23.29		0.81516		
23.3		0.81513		
23.31		0.8151		
23.32		0.81507		
23.33		0.81503		
23.34		0.815		
23.35		0.81497		
23.36		0.81494		
23.37		0.81491		
23.38		0.81487		
23.39		0.81484		
23.4		0.81481		
23.41		0.81478		
23.42		0.81475		
23.43		0.81472		
23.44		0.81468		
23.45		0.81465		
23.46		0.81462		
23.47		0.81459		
23.48		0.81456		
23.49		0.81453		
23.5		0.8145		
23.51		0.81447		
23.52		0.81444		
23.53		0.81441		
23.54		0.81437		
23.55		0.81434		
23.56		0.81431		
23.57		0.81428		
23.58		0.81425		
23.59		0.81422		
23.6		0.81419		
23.61		0.81416		
23.62		0.81413		
23.63		0.8141		
23.64		0.81407		
23.65		0.81404		
23.66		0.81401		
23.67		0.81398		
23.68		0.81395		
23.69		0.81392		
23.7		0.81389		
23.71		0.81386		
23.72		0.81383		
23.73		0.8138		
23.74		0.81378		
23.75		0.81375		
23.76		0.81372		
23.77		0.81369		
23.78		0.81366		
23.79		0.81363		
23.8		0.8136		
23.81		0.81357		
23.82		0.81354		
23.83		0.81352		
23.84		0.81349		
23.85		0.81346		
23.86		0.81343		
23.87		0.8134		
23.88		0.81337		
23.89		0.81334		
23.9		0.81332		
23.91		0.81329		
23.92		0.81326		
23.93		0.81323		
23.94		0.8132		
23.95		0.81318		
23.96		0.81315		
23.97		0.81312		
23.98		0.81309		
23.99		0.81307		
24		0.81304		
24.01		0.81301		
24.02		0.81298		
24.03		0.81296		
24.04		0.81293		
24.05		0.8129		
24.06		0.81287		
24.07		0.81285		
24.08		0.81282		
24.09		0.81279		
24.1		0.81277		
24.11		0.81274		
24.12		0.81271		
24.13		0.81269		
24.14		0.81266		
24.15		0.81263		
24.16		0.81261		
24.17		0.81258		
24.18		0.81255		
24.19		0.81253		
24.2		0.8125		
24.21		0.81248		
24.22		0.81245		
24.23		0.81242		
24.24		0.8124		
24.25		0.81237		
24.26		0.81235		
24.27		0.81232		
24.28		0.81229		
24.29		0.81227		
24.3		0.81224		
24.31		0.81222		
24.32		0.81219		
24.33		0.81217		
24.34		0.81214		
24.35		0.81212		
24.36		0.81209		
24.37		0.81207		
24.38		0.81204		
24.39		0.81202		
24.4		0.812		
24.41		0.81198		
24.42		0.81196		
24.43		0.81194		
24.44		0.81192		
24.45		0.8119		
24.46		0.81189		
24.47		0.81187		
24.48		0.81186		
24.49		0.81184		
24.5		0.81183		
24.51		0.81182		
24.52		0.81181		
24.53		0.8118		
24.54		0.81179		
24.55		0.81179		
24.56		0.81178		
24.57		0.81178		
24.58		0.81177		
24.59		0.81177		
24.6		0.81176		
24.61		0.81176		
24.62		0.81176		
24.63		0.81176		
24.64		0.81176		
24.65		0.81176		
24.66		0.81177		
24.67		0.81177		
24.68		0.81178		
24.69		0.81178		
24.7		0.81179		
24.71		0.81179		
24.72		0.8118		
24.73		0.81181		
24.74		0.81182		
24.75		0.81183		
24.76		0.81184		
24.77		0.81186		
24.78		0.81187		
24.79		0.81188		
24.8		0.8119		
24.81		0.81191		
24.82		0.81193		
24.83		0.81195		
24.84		0.81196		
24.85		0.81198		
24.86		0.812		
24.87		0.81202		
24.88		0.81204		
24.89		0.81206		
24.9		0.81209		
24.91		0.81211		
24.92		0.81213		
24.93		0.81216		
24.94		0.81218		
24.95		0.81221		
24.96		0.81223		
24.97		0.81226		
24.98		0.81229		
24.99		0.81232		
25		0.81235		
25.01		0.81238		
25.02		0.81241		
25.03		0.81244		
25.04		0.81247		
25.05		0.81251		
25.06		0.81254		
25.07		0.81257		
25.08		0.81261		
25.09		0.81264		
25.1		0.81268		
25.11		0.81272		
25.12		0.81275		
25.13		0.81279		
25.14		0.81283		
25.15		0.81287		
25.16		0.81291		
25.17		0.81295		
25.18		0.81299		
25.19		0.81303		
25.2		0.81307		
25.21		0.81312		
25.22		0.81316		
25.23		0.8132		
25.24		0.81325		
25.25		0.81329		
25.26		0.81334		
25.27		0.81338		
25.28		0.81343		
25.29		0.81348		
25.3		0.81353		
25.31		0.81357		
25.32		0.81362		
25.33		0.81367		
25.34		0.81372		
25.35		0.81377		
25.36		0.81382		
25.37		0.81388		
25.38		0.81393		
25.39		0.81398		
25.4		0.81403		
25.41		0.81409		
25.42		0.81414		
25.43		0.8142		
25.44		0.81425		
25.45		0.81431		
25.46		0.81436		
25.47		0.81442		
25.48		0.81448		
25.49		0.81453		
25.5		0.81459		
25.51		0.81465		
25.52		0.81471		
25.53		0.81477		
25.54		0.81483		
25.55		0.81489		
25.56		0.81495		
25.57		0.81501		
25.58		0.81507		
25.59		0.81514		
25.6		0.8152		
25.61		0.81526		
25.62		0.81533		
25.63		0.81539		
25.64		0.81546		
25.65		0.81552		
25.66		0.81559		
25.67		0.81565		
25.68		0.81572		
25.69		0.81579		
25.7		0.81585		
25.71		0.81592		
25.72		0.81599		
25.73		0.81606		
25.74		0.81613		
25.75		0.8162		
25.76		0.81627		
25.77		0.81634		
25.78		0.81641		
25.79		0.81648		
25.8		0.81655		
25.81		0.81663		
25.82		0.8167		
25.83		0.81677		
25.84		0.81685		
25.85		0.81692		
25.86		0.817		
25.87		0.81707		
25.88		0.81715		
25.89		0.81722		
25.9		0.8173		
25.91		0.81737		
25.92		0.81745		
25.93		0.81753		
25.94		0.81761		
25.95		0.81769		
25.96		0.81776		
25.97		0.81784		
25.98		0.81792		
25.99		0.818		
26		0.81808		
26.01		0.81816		
26.02		0.81825		
26.03		0.81833		
26.04		0.81841		
26.05		0.81849		
26.06		0.81857		
26.07		0.81866		
26.08		0.81874		
26.09		0.81883		
26.1		0.81891		
26.11		0.81899		
26.12		0.81908		
26.13		0.81917		
26.14		0.81925		
26.15		0.81934		
26.16		0.81942		
26.17		0.81951		
26.18		0.8196		
26.19		0.81969		
26.2		0.81978		
26.21		0.81986		
26.22		0.81995		
26.23		0.82004		
26.24		0.82013		
26.25		0.82022		
26.26		0.82031		
26.27		0.82041		
26.28		0.8205		
26.29		0.82059		
26.3		0.82068		
26.31		0.82077		
26.32		0.82087		
26.33		0.82096		
26.34		0.82105		
26.35		0.82115		
26.36		0.82124		
26.37		0.82134		
26.38		0.82143		
26.39		0.82153		
26.4		0.82162		
26.41		0.82172		
26.42		0.82182		
26.43		0.82192		
26.44		0.82201		
26.45		0.82211		
26.46		0.82221		
26.47		0.82231		
26.48		0.82241		
26.49		0.82251		
26.5		0.82261		
26.51		0.82271		
26.52		0.82281		
26.53		0.82291		
26.54		0.82301		
26.55		0.82311		
26.56		0.82321		
26.57		0.82331		
26.58		0.82342		
26.59		0.82352		
26.6		0.82362		
26.61		0.82373		
26.62		0.82383		
26.63		0.82394		
26.64		0.82404		
26.65		0.82415		
26.66		0.82425		
26.67		0.82436		
26.68		0.82446		
26.69		0.82457		
26.7		0.82468		
26.71		0.82478		
26.72		0.82489		
26.73		0.825		
26.74		0.82511		
26.75		0.82522		
26.76		0.82532		
26.77		0.82543		
26.78		0.82554		
26.79		0.82565		
26.8		0.82576		
26.81		0.82587		
26.82		0.82599		
26.83		0.8261		
26.84		0.82621		
26.85		0.82632		
26.86		0.82643		
26.87		0.82655		
26.88		0.82666		
26.89		0.82677		
26.9		0.82689		
26.91		0.827		
26.92		0.82712		
26.93		0.82723		
26.94		0.82734		
26.95		0.82746		
26.96		0.82758		
26.97		0.82769		
26.98		0.82781		
26.99		0.82793		
27		0.82804		
27.01		0.82816		
27.02		0.82828		
27.03		0.8284		
27.04		0.82851		
27.05		0.82863		
27.06		0.82875		
27.07		0.82887		
27.08		0.82899		
27.09		0.82911		
27.1		0.82923		
27.11		0.82935		
27.12		0.82947		
27.13		0.82959		
27.14		0.82972		
27.15		0.82984		
27.16		0.82996		
27.17		0.83008		
27.18		0.8302		
27.19		0.83033		
27.2		0.83045		
27.21		0.83057		
27.22		0.8307		
27.23		0.83082		
27.24		0.83095		
27.25		0.83107		
27.26		0.8312		
27.27		0.83132		
27.28		0.83145		
27.29		0.83158		
27.3		0.8317		
27.31		0.83183		
27.32		0.83196		
27.33		0.83208		
27.34		0.83221		
27.35		0.83234		
27.36		0.83247		
27.37		0.8326		
27.38		0.83272		
27.39		0.83285		
27.4		0.83298		
27.41		0.83311		
27.42		0.83324		
27.43		0.83337		
27.44		0.8335		
27.45		0.83364		
27.46		0.83377		
27.47		0.8339		
27.48		0.83403		
27.49		0.83416		
27.5		0.83429		
27.51		0.83443		
27.52		0.83456		
27.53		0.83469		
27.54		0.83483		
27.55		0.83496		
27.56		0.83509		
27.57		0.83523		
27.58		0.83536		
27.59		0.8355		
27.6		0.83563		
27.61		0.83577		
27.62		0.8359		
27.63		0.83604		
27.64		0.83618		
27.65		0.83631		
27.66		0.83645		
27.67		0.83659		
27.68		0.83672		
27.69		0.83686		
27.7		0.837		
27.71		0.83714		
27.72		0.83727		
27.73		0.83741		
27.74		0.83755		
27.75		0.83769		
27.76		0.83783		
27.77		0.83797		
27.78		0.83811		
27.79		0.83825		
27.8		0.83839		
27.81		0.83853		
27.82		0.83867		
27.83		0.83881		
27.84		0.83895		
27.85		0.8391		
27.86		0.83924		
27.87		0.83938		
27.88		0.83952		
27.89		0.83966		
27.9		0.83981		
27.91		0.83995		
27.92		0.84009		
27.93		0.84024		
27.94		0.84038		
27.95		0.84053		
27.96		0.84067		
27.97		0.84081		
27.98		0.84096		
27.99		0.8411		
28		0.84125		
28.01		0.84139		
28.02		0.84154		
28.03		0.84169		
28.04		0.84183		
28.05		0.84198		
28.06		0.84213		
28.07		0.84227		
28.08		0.84242		
28.09		0.84257		
28.1		0.84271		
28.11		0.84286		
28.12		0.84301		
28.13		0.84316		
28.14		0.84331		
28.15		0.84345		
28.16		0.8436		
28.17		0.84375		
28.18		0.8439		
28.19		0.84405		
28.2		0.8442		
28.21		0.84435		
28.22		0.8445		
28.23		0.84465		
28.24		0.8448		
28.25		0.84495		
28.26		0.8451		
28.27		0.84525		
28.28		0.8454		
28.29		0.84556		
28.3		0.84571		
28.31		0.84586		
28.32		0.84601		
28.33		0.84616		
28.34		0.84632		
28.35		0.84647		
28.36		0.84662		
28.37		0.84677		
28.38		0.84693		
28.39		0.84708		
28.4		0.84723		
28.41		0.84739		
28.42		0.84754		
28.43		0.8477		
28.44		0.84785		
28.45		0.84801		
28.46		0.84816		
28.47		0.84831		
28.48		0.84847		
28.49		0.84863		
28.5		0.84878		
28.51		0.84894		
28.52		0.84909		
28.53		0.84925		
28.54		0.8494		
28.55		0.84956		
28.56		0.84972		
28.57		0.84987		
28.58		0.85003		
28.59		0.85019		
28.6		0.85034		
28.61		0.8505		
28.62		0.85066		
28.63		0.85082		
28.64		0.85097		
28.65		0.85113		
28.66		0.85129		
28.67		0.85145		
28.68		0.85161		
28.69		0.85176		
28.7		0.85192		
28.71		0.85208		
28.72		0.85224		
28.73		0.8524		
28.74		0.85256		
28.75		0.85272		
28.76		0.85288		
28.77		0.85304		
28.78		0.8532		
28.79		0.85336		
28.8		0.85352		
28.81		0.85368		
28.82		0.85384		
28.83		0.854		
28.84		0.85416		
28.85		0.85432		
28.86		0.85448		
28.87		0.85464		
28.88		0.8548		
28.89		0.85496		
28.9		0.85513		
28.91		0.85529		
28.92		0.85545		
28.93		0.85561		
28.94		0.85577		
28.95		0.85593		
28.96		0.8561		
28.97		0.85626		
28.98		0.85642		
28.99		0.85658		
29		0.85675		
29.01		0.85691		
29.02		0.85707		
29.03		0.85723		
29.04		0.8574		
29.05		0.85756		
29.06		0.85772		
29.07		0.85789		
29.08		0.85805		
29.09		0.85821		
29.1		0.85838		
29.11		0.85854		
29.12		0.85871		
29.13		0.85887		
29.14		0.85903		
29.15		0.8592		
29.16		0.85936		
29.17		0.85953		
29.18		0.85969		
29.19		0.85986		
29.2		0.86002		
29.21		0.86018		
29.22		0.86035		
29.23		0.86051		
29.24		0.86068		
29.25		0.86084		
29.26		0.86101		
29.27		0.86117		
29.28		0.86134		
29.29		0.86151		
29.3		0.86167		
29.31		0.86184		
29.32		0.862		
29.33		0.86217		
29.34		0.86233		
29.35		0.8625		
29.36		0.86267		
29.37		0.86283		
29.38		0.863		
29.39		0.86316		
29.4		0.86333		
29.41		0.8635		
29.42		0.86366		
29.43		0.86383		
29.44		0.864		
29.45		0.86416		
29.46		0.86433		
29.47		0.8645		
29.48		0.86466		
29.49		0.86483		
29.5		0.865		
29.51		0.86516		
29.52		0.86533		
29.53		0.8655		
29.54		0.86566		
29.55		0.86583		
29.56		0.866		
29.57		0.86616		
29.58		0.86633		
29.59		0.8665		
29.6		0.86667		
29.61		0.86683		
29.62		0.867		
29.63		0.86717		
29.64		0.86734		
29.65		0.8675		
29.66		0.86767		
29.67		0.86784		
29.68		0.86801		
29.69		0.86817		
29.7		0.86834		
29.71		0.86851		
29.72		0.86868		
29.73		0.86884		
29.74		0.86901		
29.75		0.86918		
29.76		0.86935		
29.77		0.86951		
29.78		0.86968		
29.79		0.86985		
29.8		0.87002		
29.81		0.87019		
29.82		0.87035		
29.83		0.87052		
29.84		0.87069		
29.85		0.87086		
29.86		0.87102		
29.87		0.87119		
29.88		0.87136		
29.89		0.87153		
29.9		0.8717		
29.91		0.87186		
29.92		0.87203		
29.93		0.8722		
29.94		0.87237		
29.95		0.87254		
29.96		0.8727		
29.97		0.87287		
29.98		0.87304		
29.99		0.87321		
30		0.87338		
