tau [fm]		PiNS [fm^-4]
0.25		-2.3687
0.26		-2.19052		
0.27		-2.03248		
0.28		-1.89161		
0.29		-1.76549		
0.3		-1.65209		
0.31		-1.54972		
0.32		-1.45697		
0.33		-1.37265		
0.34		-1.29575		
0.35		-1.22541		
0.36		-1.16088		
0.37		-1.10154		
0.38		-1.04681		
0.39		-0.996244		
0.4		-0.949404		
0.41		-0.905929		
0.42		-0.865497		
0.43		-0.827825		
0.44		-0.792662		
0.45		-0.759785		
0.46		-0.728996		
0.47		-0.700119		
0.48		-0.672994		
0.49		-0.647479		
0.5		-0.623448		
0.51		-0.600785		
0.52		-0.579385		
0.53		-0.559156		
0.54		-0.54001		
0.55		-0.521872		
0.56		-0.504669		
0.57		-0.488338		
0.58		-0.472819		
0.59		-0.458058		
0.6		-0.444007		
0.61		-0.430619		
0.62		-0.417853		
0.63		-0.40567		
0.64		-0.394034		
0.65		-0.382914		
0.66		-0.372277		
0.67		-0.362097		
0.68		-0.352347		
0.69		-0.343003		
0.7		-0.334043		
0.71		-0.325445		
0.72		-0.31719		
0.73		-0.30926		
0.74		-0.301638		
0.75		-0.294308		
0.76		-0.287255		
0.77		-0.280466		
0.78		-0.273926		
0.79		-0.267625		
0.8		-0.26155		
0.81		-0.255691		
0.82		-0.250038		
0.83		-0.244581		
0.84		-0.239312		
0.85		-0.234221		
0.86		-0.229301		
0.87		-0.224544		
0.88		-0.219943		
0.89		-0.215492		
0.9		-0.211184		
0.91		-0.207013		
0.92		-0.202974		
0.93		-0.19906		
0.94		-0.195267		
0.95		-0.191591		
0.96		-0.188026		
0.97		-0.184567		
0.98		-0.181212		
0.99		-0.177956		
1		-0.174795		
1.01		-0.171725		
1.02		-0.168744		
1.03		-0.165847		
1.04		-0.163033		
1.05		-0.160297		
1.06		-0.157637		
1.07		-0.155051		
1.08		-0.152535		
1.09		-0.150088		
1.1		-0.147707		
1.11		-0.145389		
1.12		-0.143133		
1.13		-0.140936		
1.14		-0.138797		
1.15		-0.136714		
1.16		-0.134685		
1.17		-0.132707		
1.18		-0.13078		
1.19		-0.128902		
1.2		-0.127071		
1.21		-0.125286		
1.22		-0.123546		
1.23		-0.121848		
1.24		-0.120192		
1.25		-0.118577		
1.26		-0.117001		
1.27		-0.115463		
1.28		-0.113962		
1.29		-0.112497		
1.3		-0.111067		
1.31		-0.109671		
1.32		-0.108307		
1.33		-0.106976		
1.34		-0.105676		
1.35		-0.104406		
1.36		-0.103165		
1.37		-0.101953		
1.38		-0.100769		
1.39		-0.0996119		
1.4		-0.0984811		
1.41		-0.0973759		
1.42		-0.0962957		
1.43		-0.0952399		
1.44		-0.0942077		
1.45		-0.0931985		
1.46		-0.0922119		
1.47		-0.0912471		
1.48		-0.0903037		
1.49		-0.0893811		
1.5		-0.0884788		
1.51		-0.0875963		
1.52		-0.0867331		
1.53		-0.0858887		
1.54		-0.0850627		
1.55		-0.0842546		
1.56		-0.0834641		
1.57		-0.0826906		
1.58		-0.0819338		
1.59		-0.0811933		
1.6		-0.0804686		
1.61		-0.0797596		
1.62		-0.0790657		
1.63		-0.0783866		
1.64		-0.077722		
1.65		-0.0770716		
1.66		-0.076435		
1.67		-0.075812		
1.68		-0.0752022		
1.69		-0.0746053		
1.7		-0.0740211		
1.71		-0.0734492		
1.72		-0.0728895		
1.73		-0.0723416		
1.74		-0.0718053		
1.75		-0.0712803		
1.76		-0.0707664		
1.77		-0.0702634		
1.78		-0.069771		
1.79		-0.0692891		
1.8		-0.0688173		
1.81		-0.0683555		
1.82		-0.0679035		
1.83		-0.067461		
1.84		-0.067028		
1.85		-0.0666041		
1.86		-0.0661892		
1.87		-0.0657832		
1.88		-0.0653858		
1.89		-0.0649969		
1.9		-0.0646162		
1.91		-0.0642438		
1.92		-0.0638792		
1.93		-0.0635226		
1.94		-0.0631735		
1.95		-0.0628321		
1.96		-0.0624979		
1.97		-0.0621711		
1.98		-0.0618513		
1.99		-0.0615385		
2		-0.0612325		
2.01		-0.0609332		
2.02		-0.0606405		
2.03		-0.0603542		
2.04		-0.0600742		
2.05		-0.0598005		
2.06		-0.0595329		
2.07		-0.0592713		
2.08		-0.0590155		
2.09		-0.0587655		
2.1		-0.0585212		
2.11		-0.0582824		
2.12		-0.0580491		
2.13		-0.0578211		
2.14		-0.0575985		
2.15		-0.0573809		
2.16		-0.0571685		
2.17		-0.0569611		
2.18		-0.0567585		
2.19		-0.0565608		
2.2		-0.0563678		
2.21		-0.0561795		
2.22		-0.0559957		
2.23		-0.0558164		
2.24		-0.0556415		
2.25		-0.0554709		
2.26		-0.0553047		
2.27		-0.0551425		
2.28		-0.0549845		
2.29		-0.0548306		
2.3		-0.0546806		
2.31		-0.0545346		
2.32		-0.0543923		
2.33		-0.0542539		
2.34		-0.0541192		
2.35		-0.0539881		
2.36		-0.0538606		
2.37		-0.0537366		
2.38		-0.0536162		
2.39		-0.0534991		
2.4		-0.0533854		
2.41		-0.053275		
2.42		-0.0531678		
2.43		-0.0530638		
2.44		-0.052963		
2.45		-0.0528653		
2.46		-0.0527706		
2.47		-0.0526789		
2.48		-0.0525902		
2.49		-0.0525043		
2.5		-0.0524214		
2.51		-0.0523412		
2.52		-0.0522637		
2.53		-0.052189		
2.54		-0.052117		
2.55		-0.0520476		
2.56		-0.0519807		
2.57		-0.0519165		
2.58		-0.0518547		
2.59		-0.0517954		
2.6		-0.0517385		
2.61		-0.051684		
2.62		-0.0516319		
2.63		-0.0515821		
2.64		-0.0515346		
2.65		-0.0514893		
2.66		-0.0514462		
2.67		-0.0514053		
2.68		-0.0513665		
2.69		-0.0513299		
2.7		-0.0512953		
2.71		-0.0512628		
2.72		-0.0512322		
2.73		-0.0512037		
2.74		-0.0511771		
2.75		-0.0511524		
2.76		-0.0511297		
2.77		-0.0511087		
2.78		-0.0510897		
2.79		-0.0510724		
2.8		-0.0510569		
2.81		-0.0510431		
2.82		-0.0510311		
2.83		-0.0510208		
2.84		-0.0510121		
2.85		-0.0510051		
2.86		-0.0509997		
2.87		-0.0509959		
2.88		-0.0509937		
2.89		-0.0509931		
2.9		-0.0509939		
2.91		-0.0509963		
2.92		-0.0510001		
2.93		-0.0510054		
2.94		-0.0510122		
2.95		-0.0510203		
2.96		-0.0510299		
2.97		-0.0510408		
2.98		-0.0510531		
2.99		-0.0510667		
3		-0.0510816		
3.01		-0.0510978		
3.02		-0.0511153		
3.03		-0.051134		
3.04		-0.051154		
3.05		-0.0511752		
3.06		-0.0511976		
3.07		-0.0512211		
3.08		-0.0512459		
3.09		-0.0512717		
3.1		-0.0512987		
3.11		-0.0513268		
3.12		-0.051356		
3.13		-0.0513863		
3.14		-0.0514177		
3.15		-0.0514501		
3.16		-0.0514835		
3.17		-0.0515179		
3.18		-0.0515534		
3.19		-0.0515898		
3.2		-0.0516272		
3.21		-0.0516655		
3.22		-0.0517048		
3.23		-0.051745		
3.24		-0.0517862		
3.25		-0.0518282		
3.26		-0.0518711		
3.27		-0.0519149		
3.28		-0.0519595		
3.29		-0.052005		
3.3		-0.0520513		
3.31		-0.0520985		
3.32		-0.0521465		
3.33		-0.0521952		
3.34		-0.0522447		
3.35		-0.0522951		
3.36		-0.0523461		
3.37		-0.0523979		
3.38		-0.0524505		
3.39		-0.0525038		
3.4		-0.0525578		
3.41		-0.0526125		
3.42		-0.0526679		
3.43		-0.052724		
3.44		-0.0527807		
3.45		-0.0528382		
3.46		-0.0528962		
3.47		-0.0529549		
3.48		-0.0530143		
3.49		-0.0530742		
3.5		-0.0531348		
3.51		-0.053196		
3.52		-0.0532578		
3.53		-0.0533202		
3.54		-0.0533831		
3.55		-0.0534466		
3.56		-0.0535107		
3.57		-0.0535753		
3.58		-0.0536404		
3.59		-0.0537061		
3.6		-0.0537723		
3.61		-0.053839		
3.62		-0.0539063		
3.63		-0.053974		
3.64		-0.0540422		
3.65		-0.0541109		
3.66		-0.0541801		
3.67		-0.0542497		
3.68		-0.0543198		
3.69		-0.0543904		
3.7		-0.0544614		
3.71		-0.0545328		
3.72		-0.0546047		
3.73		-0.054677		
3.74		-0.0547497		
3.75		-0.0548228		
3.76		-0.0548963		
3.77		-0.0549702		
3.78		-0.0550445		
3.79		-0.0551192		
3.8		-0.0551943		
3.81		-0.0552697		
3.82		-0.0553455		
3.83		-0.0554217		
3.84		-0.0554982		
3.85		-0.055575		
3.86		-0.0556522		
3.87		-0.0557297		
3.88		-0.0558076		
3.89		-0.0558857		
3.9		-0.0559642		
3.91		-0.056043		
3.92		-0.0561221		
3.93		-0.0562015		
3.94		-0.0562812		
3.95		-0.0563612		
3.96		-0.0564414		
3.97		-0.056522		
3.98		-0.0566028		
3.99		-0.0566839		
4		-0.0567652		
4.01		-0.0568468		
4.02		-0.0569286		
4.03		-0.0570107		
4.04		-0.0570931		
4.05		-0.0571757		
4.06		-0.0572585		
4.07		-0.0573415		
4.08		-0.0574248		
4.09		-0.0575083		
4.1		-0.057592		
4.11		-0.0576759		
4.12		-0.05776		
4.13		-0.0578443		
4.14		-0.0579288		
4.15		-0.0580135		
4.16		-0.0580984		
4.17		-0.0581835		
4.18		-0.0582688		
4.19		-0.0583543		
4.2		-0.0584399		
4.21		-0.0585257		
4.22		-0.0586116		
4.23		-0.0586977		
4.24		-0.058784		
4.25		-0.0588704		
4.26		-0.058957		
4.27		-0.0590438		
4.28		-0.0591306		
4.29		-0.0592176		
4.3		-0.0593048		
4.31		-0.0593921		
4.32		-0.0594795		
4.33		-0.059567		
4.34		-0.0596547		
4.35		-0.0597425		
4.36		-0.0598304		
4.37		-0.0599184		
4.38		-0.0600065		
4.39		-0.0600947		
4.4		-0.0601831		
4.41		-0.0602715		
4.42		-0.06036		
4.43		-0.0604487		
4.44		-0.0605374		
4.45		-0.0606262		
4.46		-0.0607151		
4.47		-0.0608041		
4.48		-0.0608931		
4.49		-0.0609823		
4.5		-0.0610715		
4.51		-0.0611608		
4.52		-0.0612501		
4.53		-0.0613395		
4.54		-0.061429		
4.55		-0.0615186		
4.56		-0.0616082		
4.57		-0.0616978		
4.58		-0.0617876		
4.59		-0.0618773		
4.6		-0.0619671		
4.61		-0.062057		
4.62		-0.0621469		
4.63		-0.0622369		
4.64		-0.0623269		
4.65		-0.0624169		
4.66		-0.0625069		
4.67		-0.062597		
4.68		-0.0626872		
4.69		-0.0627773		
4.7		-0.0628675		
4.71		-0.0629577		
4.72		-0.0630479		
4.73		-0.0631382		
4.74		-0.0632284		
4.75		-0.0633187		
4.76		-0.063409		
4.77		-0.0634993		
4.78		-0.0635896		
4.79		-0.06368		
4.8		-0.0637703		
4.81		-0.0638606		
4.82		-0.063951		
4.83		-0.0640413		
4.84		-0.0641316		
4.85		-0.0642219		
4.86		-0.0643123		
4.87		-0.0644026		
4.88		-0.0644929		
4.89		-0.0645832		
4.9		-0.0646735		
4.91		-0.0647637		
4.92		-0.064854		
4.93		-0.0649442		
4.94		-0.0650344		
4.95		-0.0651246		
4.96		-0.0652148		
4.97		-0.065305		
4.98		-0.0653951		
4.99		-0.0654852		
5		-0.0655753		
5.01		-0.0656653		
5.02		-0.0657553		
5.03		-0.0658453		
5.04		-0.0659352		
5.05		-0.0660251		
5.06		-0.066115		
5.07		-0.0662048		
5.08		-0.0662946		
5.09		-0.0663843		
5.1		-0.066474		
5.11		-0.0665637		
5.12		-0.0666533		
5.13		-0.0667428		
5.14		-0.0668324		
5.15		-0.0669218		
5.16		-0.0670112		
5.17		-0.0671006		
5.18		-0.0671899		
5.19		-0.0672792		
5.2		-0.0673684		
5.21		-0.0674575		
5.22		-0.0675466		
5.23		-0.0676356		
5.24		-0.0677246		
5.25		-0.0678135		
5.26		-0.0679023		
5.27		-0.0679911		
5.28		-0.0680798		
5.29		-0.0681684		
5.3		-0.068257		
5.31		-0.0683455		
5.32		-0.0684339		
5.33		-0.0685223		
5.34		-0.0686106		
5.35		-0.0686988		
5.36		-0.0687869		
5.37		-0.068875		
5.38		-0.068963		
5.39		-0.0690509		
5.4		-0.0691387		
5.41		-0.0692265		
5.42		-0.0693142		
5.43		-0.0694018		
5.44		-0.0694893		
5.45		-0.0695767		
5.46		-0.0696641		
5.47		-0.0697514		
5.48		-0.0698385		
5.49		-0.0699256		
5.5		-0.0700127		
5.51		-0.0700996		
5.52		-0.0701864		
5.53		-0.0702732		
5.54		-0.0703598		
5.55		-0.0704464		
5.56		-0.0705329		
5.57		-0.0706192		
5.58		-0.0707055		
5.59		-0.0707917		
5.6		-0.0708778		
5.61		-0.0709638		
5.62		-0.0710497		
5.63		-0.0711356		
5.64		-0.0712213		
5.65		-0.0713069		
5.66		-0.0713924		
5.67		-0.0714778		
5.68		-0.0715631		
5.69		-0.0716483		
5.7		-0.0717335		
5.71		-0.0718185		
5.72		-0.0719034		
5.73		-0.0719882		
5.74		-0.0720729		
5.75		-0.0721575		
5.76		-0.072242		
5.77		-0.0723263		
5.78		-0.0724106		
5.79		-0.0724948		
5.8		-0.0725788		
5.81		-0.0726628		
5.82		-0.0727466		
5.83		-0.0728304		
5.84		-0.072914		
5.85		-0.0729975		
5.86		-0.0730809		
5.87		-0.0731642		
5.88		-0.0732474		
5.89		-0.0733304		
5.9		-0.0734134		
5.91		-0.0734962		
5.92		-0.0735789		
5.93		-0.0736615		
5.94		-0.073744		
5.95		-0.0738264		
5.96		-0.0739087		
5.97		-0.0739908		
5.98		-0.0740728		
5.99		-0.0741547		
6		-0.0742365		
6.01		-0.0743182		
6.02		-0.0743997		
6.03		-0.0744812		
6.04		-0.0745625		
6.05		-0.0746436		
6.06		-0.0747247		
6.07		-0.0748057		
6.08		-0.0748865		
6.09		-0.0749672		
6.1		-0.0750478		
6.11		-0.0751282		
6.12		-0.0752086		
6.13		-0.0752888		
6.14		-0.0753688		
6.15		-0.0754488		
6.16		-0.0755286		
6.17		-0.0756084		
6.18		-0.0756879		
6.19		-0.0757674		
6.2		-0.0758467		
6.21		-0.0759259		
6.22		-0.076005		
6.23		-0.076084		
6.24		-0.0761628		
6.25		-0.0762415		
6.26		-0.0763201		
6.27		-0.0763985		
6.28		-0.0764768		
6.29		-0.076555		
6.3		-0.0766331		
6.31		-0.076711		
6.32		-0.0767888		
6.33		-0.0768664		
6.34		-0.076944		
6.35		-0.0770214		
6.36		-0.0770987		
6.37		-0.0771758		
6.38		-0.0772528		
6.39		-0.0773297		
6.4		-0.0774064		
6.41		-0.0774831		
6.42		-0.0775595		
6.43		-0.0776359		
6.44		-0.0777121		
6.45		-0.0777882		
6.46		-0.0778641		
6.47		-0.07794		
6.48		-0.0780156		
6.49		-0.0780912		
6.5		-0.0781666		
6.51		-0.0782419		
6.52		-0.078317		
6.53		-0.078392		
6.54		-0.0784669		
6.55		-0.0785417		
6.56		-0.0786163		
6.57		-0.0786907		
6.58		-0.0787651		
6.59		-0.0788393		
6.6		-0.0789134		
6.61		-0.0789873		
6.62		-0.0790611		
6.63		-0.0791347		
6.64		-0.0792082		
6.65		-0.0792816		
6.66		-0.0793549		
6.67		-0.079428		
6.68		-0.079501		
6.69		-0.0795738		
6.7		-0.0796465		
6.71		-0.0797191		
6.72		-0.0797915		
6.73		-0.0798638		
6.74		-0.0799359		
6.75		-0.0800079		
6.76		-0.0800798		
6.77		-0.0801515		
6.78		-0.0802231		
6.79		-0.0802946		
6.8		-0.0803659		
6.81		-0.0804371		
6.82		-0.0805081		
6.83		-0.080579		
6.84		-0.0806498		
6.85		-0.0807204		
6.86		-0.0807909		
6.87		-0.0808612		
6.88		-0.0809314		
6.89		-0.0810015		
6.9		-0.0810714		
6.91		-0.0811412		
6.92		-0.0812109		
6.93		-0.0812804		
6.94		-0.0813498		
6.95		-0.081419		
6.96		-0.0814881		
6.97		-0.081557		
6.98		-0.0816259		
6.99		-0.0816945		
7		-0.0817631		
7.01		-0.0818315		
7.02		-0.0818997		
7.03		-0.0819678		
7.04		-0.0820358		
7.05		-0.0821036		
7.06		-0.0821713		
7.07		-0.0822389		
7.08		-0.0823063		
7.09		-0.0823736		
7.1		-0.0824407		
7.11		-0.0825077		
7.12		-0.0825745		
7.13		-0.0826413		
7.14		-0.0827078		
7.15		-0.0827743		
7.16		-0.0828406		
7.17		-0.0829067		
7.18		-0.0829727		
7.19		-0.0830386		
7.2		-0.0831043		
7.21		-0.0831699		
7.22		-0.0832354		
7.23		-0.0833007		
7.24		-0.0833659		
7.25		-0.0834309		
7.26		-0.0834958		
7.27		-0.0835605		
7.28		-0.0836251		
7.29		-0.0836896		
7.3		-0.083754		
7.31		-0.0838181		
7.32		-0.0838822		
7.33		-0.0839461		
7.34		-0.0840099		
7.35		-0.0840735		
7.36		-0.084137		
7.37		-0.0842004		
7.38		-0.0842636		
7.39		-0.0843266		
7.4		-0.0843896		
7.41		-0.0844524		
7.42		-0.084515		
7.43		-0.0845776		
7.44		-0.0846399		
7.45		-0.0847022		
7.46		-0.0847643		
7.47		-0.0848262		
7.48		-0.084888		
7.49		-0.0849497		
7.5		-0.0850113		
7.51		-0.0850727		
7.52		-0.0851339		
7.53		-0.0851951		
7.54		-0.085256		
7.55		-0.0853169		
7.56		-0.0853776		
7.57		-0.0854382		
7.58		-0.0854986		
7.59		-0.0855589		
7.6		-0.0856191		
7.61		-0.0856791		
7.62		-0.085739		
7.63		-0.0857987		
7.64		-0.0858583		
7.65		-0.0859178		
7.66		-0.0859771		
7.67		-0.0860363		
7.68		-0.0860954		
7.69		-0.0861543		
7.7		-0.086213		
7.71		-0.0862717		
7.72		-0.0863302		
7.73		-0.0863886		
7.74		-0.0864468		
7.75		-0.0865049		
7.76		-0.0865628		
7.77		-0.0866207		
7.78		-0.0866784		
7.79		-0.0867359		
7.8		-0.0867933		
7.81		-0.0868506		
7.82		-0.0869077		
7.83		-0.0869647		
7.84		-0.0870216		
7.85		-0.0870783		
7.86		-0.0871349		
7.87		-0.0871914		
7.88		-0.0872477		
7.89		-0.0873039		
7.9		-0.08736		
7.91		-0.0874159		
7.92		-0.0874717		
7.93		-0.0875273		
7.94		-0.0875829		
7.95		-0.0876382		
7.96		-0.0876935		
7.97		-0.0877486		
7.98		-0.0878036		
7.99		-0.0878584		
8		-0.0879132		
8.01		-0.0879677		
8.02		-0.0880222		
8.03		-0.0880765		
8.04		-0.0881307		
8.05		-0.0881847		
8.06		-0.0882386		
8.07		-0.0882924		
8.08		-0.0883461		
8.09		-0.0883996		
8.1		-0.088453		
8.11		-0.0885062		
8.12		-0.0885594		
8.13		-0.0886124		
8.14		-0.0886652		
8.15		-0.0887179		
8.16		-0.0887705		
8.17		-0.088823		
8.18		-0.0888753		
8.19		-0.0889275		
8.2		-0.0889796		
8.21		-0.0890316		
8.22		-0.0890834		
8.23		-0.0891351		
8.24		-0.0891866		
8.25		-0.089238		
8.26		-0.0892893		
8.27		-0.0893405		
8.28		-0.0893915		
8.29		-0.0894424		
8.3		-0.0894932		
8.31		-0.0895439		
8.32		-0.0895944		
8.33		-0.0896448		
8.34		-0.0896951		
8.35		-0.0897452		
8.36		-0.0897952		
8.37		-0.0898451		
8.38		-0.0898949		
8.39		-0.0899445		
8.4		-0.089994		
8.41		-0.0900434		
8.42		-0.0900926		
8.43		-0.0901417		
8.44		-0.0901907		
8.45		-0.0902396		
8.46		-0.0902883		
8.47		-0.090337		
8.48		-0.0903855		
8.49		-0.0904338		
8.5		-0.0904821		
8.51		-0.0905302		
8.52		-0.0905782		
8.53		-0.0906261		
8.54		-0.0906738		
8.55		-0.0907214		
8.56		-0.0907689		
8.57		-0.0908163		
8.58		-0.0908636		
8.59		-0.0909107		
8.6		-0.0909577		
8.61		-0.0910046		
8.62		-0.0910513		
8.63		-0.091098		
8.64		-0.0911445		
8.65		-0.0911909		
8.66		-0.0912372		
8.67		-0.0912833		
8.68		-0.0913294		
8.69		-0.0913753		
8.7		-0.0914211		
8.71		-0.0914667		
8.72		-0.0915123		
8.73		-0.0915577		
8.74		-0.091603		
8.75		-0.0916482		
8.76		-0.0916933		
8.77		-0.0917382		
8.78		-0.0917831		
8.79		-0.0918278		
8.8		-0.0918724		
8.81		-0.0919169		
8.82		-0.0919612		
8.83		-0.0920055		
8.84		-0.0920496		
8.85		-0.0920936		
8.86		-0.0921375		
8.87		-0.0921813		
8.88		-0.0922249		
8.89		-0.0922685		
8.9		-0.0923119		
8.91		-0.0923552		
8.92		-0.0923984		
8.93		-0.0924415		
8.94		-0.0924844		
8.95		-0.0925273		
8.96		-0.09257		
8.97		-0.0926127		
8.98		-0.0926552		
8.99		-0.0926976		
9		-0.0927398		
9.01		-0.092782		
9.02		-0.0928241		
9.03		-0.092866		
9.04		-0.0929078		
9.05		-0.0929495		
9.06		-0.0929912		
9.07		-0.0930326		
9.08		-0.093074		
9.09		-0.0931153		
9.1		-0.0931565		
9.11		-0.0931975		
9.12		-0.0932384		
9.13		-0.0932793		
9.14		-0.09332		
9.15		-0.0933606		
9.16		-0.0934011		
9.17		-0.0934415		
9.18		-0.0934818		
9.19		-0.0935219		
9.2		-0.093562		
9.21		-0.093602		
9.22		-0.0936418		
9.23		-0.0936816		
9.24		-0.0937212		
9.25		-0.0937607		
9.26		-0.0938001		
9.27		-0.0938395		
9.28		-0.0938787		
9.29		-0.0939178		
9.3		-0.0939568		
9.31		-0.0939957		
9.32		-0.0940345		
9.33		-0.0940731		
9.34		-0.0941117		
9.35		-0.0941502		
9.36		-0.0941886		
9.37		-0.0942268		
9.38		-0.094265		
9.39		-0.0943031		
9.4		-0.094341		
9.41		-0.0943789		
9.42		-0.0944166		
9.43		-0.0944543		
9.44		-0.0944918		
9.45		-0.0945293		
9.46		-0.0945666		
9.47		-0.0946039		
9.48		-0.094641		
9.49		-0.0946781		
9.5		-0.094715		
9.51		-0.0947519		
9.52		-0.0947886		
9.53		-0.0948253		
9.54		-0.0948618		
9.55		-0.0948983		
9.56		-0.0949346		
9.57		-0.0949709		
9.58		-0.095007		
9.59		-0.0950431		
9.6		-0.0950791		
9.61		-0.0951149		
9.62		-0.0951507		
9.63		-0.0951864		
9.64		-0.095222		
9.65		-0.0952575		
9.66		-0.0952929		
9.67		-0.0953282		
9.68		-0.0953634		
9.69		-0.0953985		
9.7		-0.0954335		
9.71		-0.0954684		
9.72		-0.0955032		
9.73		-0.095538		
9.74		-0.0955726		
9.75		-0.0956072		
9.76		-0.0956417		
9.77		-0.095676		
9.78		-0.0957103		
9.79		-0.0957445		
9.8		-0.0957786		
9.81		-0.0958126		
9.82		-0.0958465		
9.83		-0.0958803		
9.84		-0.0959141		
9.85		-0.0959477		
9.86		-0.0959813		
9.87		-0.0960148		
9.88		-0.0960482		
9.89		-0.0960815		
9.9		-0.0961147		
9.91		-0.0961478		
9.92		-0.0961808		
9.93		-0.0962138		
9.94		-0.0962467		
9.95		-0.0962795		
9.96		-0.0963122		
9.97		-0.0963448		
9.98		-0.0963773		
9.99		-0.0964097		
10		-0.0964421		
10.01		-0.0964744		
10.02		-0.0965066		
10.03		-0.0965387		
10.04		-0.0965707		
10.05		-0.0966027		
10.06		-0.0966345		
10.07		-0.0966663		
10.08		-0.096698		
10.09		-0.0967296		
10.1		-0.0967612		
10.11		-0.0967926		
10.12		-0.096824		
10.13		-0.0968553		
10.14		-0.0968866		
10.15		-0.0969177		
10.16		-0.0969488		
10.17		-0.0969798		
10.18		-0.0970107		
10.19		-0.0970415		
10.2		-0.0970723		
10.21		-0.097103		
10.22		-0.0971336		
10.23		-0.0971641		
10.24		-0.0971945		
10.25		-0.0972249		
10.26		-0.0972552		
10.27		-0.0972855		
10.28		-0.0973156		
10.29		-0.0973457		
10.3		-0.0973757		
10.31		-0.0974057		
10.32		-0.0974355		
10.33		-0.0974653		
10.34		-0.0974951		
10.35		-0.0975247		
10.36		-0.0975543		
10.37		-0.0975838		
10.38		-0.0976132		
10.39		-0.0976426		
10.4		-0.0976719		
10.41		-0.0977011		
10.42		-0.0977303		
10.43		-0.0977594		
10.44		-0.0977884		
10.45		-0.0978174		
10.46		-0.0978463		
10.47		-0.0978751		
10.48		-0.0979039		
10.49		-0.0979326		
10.5		-0.0979612		
10.51		-0.0979898		
10.52		-0.0980183		
10.53		-0.0980467		
10.54		-0.0980751		
10.55		-0.0981034		
10.56		-0.0981316		
10.57		-0.0981598		
10.58		-0.0981879		
10.59		-0.098216		
10.6		-0.098244		
10.61		-0.0982719		
10.62		-0.0982998		
10.63		-0.0983276		
10.64		-0.0983554		
10.65		-0.0983831		
10.66		-0.0984107		
10.67		-0.0984383		
10.68		-0.0984658		
10.69		-0.0984933		
10.7		-0.0985207		
10.71		-0.098548		
10.72		-0.0985753		
10.73		-0.0986025		
10.74		-0.0986297		
10.75		-0.0986568		
10.76		-0.0986839		
10.77		-0.0987109		
10.78		-0.0987379		
10.79		-0.0987648		
10.8		-0.0987916		
10.81		-0.0988184		
10.82		-0.0988452		
10.83		-0.0988719		
10.84		-0.0988985		
10.85		-0.0989251		
10.86		-0.0989516		
10.87		-0.0989781		
10.88		-0.0990046		
10.89		-0.099031		
10.9		-0.0990573		
10.91		-0.0990836		
10.92		-0.0991098		
10.93		-0.099136		
10.94		-0.0991622		
10.95		-0.0991883		
10.96		-0.0992143		
10.97		-0.0992403		
10.98		-0.0992663		
10.99		-0.0992922		
11		-0.0993181		
11.01		-0.0993439		
11.02		-0.0993697		
11.03		-0.0993954		
11.04		-0.0994211		
11.05		-0.0994468		
11.06		-0.0994724		
11.07		-0.099498		
11.08		-0.0995235		
11.09		-0.099549		
11.1		-0.0995744		
11.11		-0.0995998		
11.12		-0.0996252		
11.13		-0.0996505		
11.14		-0.0996758		
11.15		-0.099701		
11.16		-0.0997263		
11.17		-0.0997514		
11.18		-0.0997766		
11.19		-0.0998017		
11.2		-0.0998267		
11.21		-0.0998518		
11.22		-0.0998768		
11.23		-0.0999017		
11.24		-0.0999266		
11.25		-0.0999515		
11.26		-0.0999764		
11.27		-0.100001		
11.28		-0.100026		
11.29		-0.100051		
11.3		-0.100075		
11.31		-0.1001		
11.32		-0.100125		
11.33		-0.100149		
11.34		-0.100174		
11.35		-0.100199		
11.36		-0.100223		
11.37		-0.100248		
11.38		-0.100272		
11.39		-0.100297		
11.4		-0.100321		
11.41		-0.100346		
11.42		-0.10037		
11.43		-0.100394		
11.44		-0.100419		
11.45		-0.100443		
11.46		-0.100467		
11.47		-0.100492		
11.48		-0.100516		
11.49		-0.10054		
11.5		-0.100564		
11.51		-0.100588		
11.52		-0.100613		
11.53		-0.100637		
11.54		-0.100661		
11.55		-0.100685		
11.56		-0.100709		
11.57		-0.100733		
11.58		-0.100757		
11.59		-0.100781		
11.6		-0.100805		
11.61		-0.100829		
11.62		-0.100853		
11.63		-0.100877		
11.64		-0.100901		
11.65		-0.100925		
11.66		-0.100949		
11.67		-0.100973		
11.68		-0.100997		
11.69		-0.10102		
11.7		-0.101044		
11.71		-0.101068		
11.72		-0.101092		
11.73		-0.101116		
11.74		-0.10114		
11.75		-0.101163		
11.76		-0.101187		
11.77		-0.101211		
11.78		-0.101235		
11.79		-0.101259		
11.8		-0.101282		
11.81		-0.101306		
11.82		-0.10133		
11.83		-0.101354		
11.84		-0.101377		
11.85		-0.101401		
11.86		-0.101425		
11.87		-0.101449		
11.88		-0.101472		
11.89		-0.101496		
11.9		-0.10152		
11.91		-0.101543		
11.92		-0.101567		
11.93		-0.101591		
11.94		-0.101615		
11.95		-0.101638		
11.96		-0.101662		
11.97		-0.101686		
11.98		-0.10171		
11.99		-0.101733		
12		-0.101757		
12.01		-0.101781		
12.02		-0.101804		
12.03		-0.101828		
12.04		-0.101852		
12.05		-0.101876		
12.06		-0.1019		
12.07		-0.101923		
12.08		-0.101947		
12.09		-0.101971		
12.1		-0.101995		
12.11		-0.102018		
12.12		-0.102042		
12.13		-0.102066		
12.14		-0.10209		
12.15		-0.102114		
12.16		-0.102138		
12.17		-0.102162		
12.18		-0.102185		
12.19		-0.102209		
12.2		-0.102233		
12.21		-0.102257		
12.22		-0.102281		
12.23		-0.102305		
12.24		-0.102329		
12.25		-0.102353		
12.26		-0.102377		
12.27		-0.102401		
12.28		-0.102425		
12.29		-0.102449		
12.3		-0.102473		
12.31		-0.102497		
12.32		-0.102522		
12.33		-0.102546		
12.34		-0.10257		
12.35		-0.102594		
12.36		-0.102618		
12.37		-0.102643		
12.38		-0.102667		
12.39		-0.102691		
12.4		-0.102715		
12.41		-0.10274		
12.42		-0.102764		
12.43		-0.102789		
12.44		-0.102813		
12.45		-0.102837		
12.46		-0.102862		
12.47		-0.102886		
12.48		-0.102911		
12.49		-0.102936		
12.5		-0.10296		
12.51		-0.102985		
12.52		-0.103009		
12.53		-0.103034		
12.54		-0.103059		
12.55		-0.103084		
12.56		-0.103108		
12.57		-0.103133		
12.58		-0.103158		
12.59		-0.103183		
12.6		-0.103208		
12.61		-0.103233		
12.62		-0.103258		
12.63		-0.103283		
12.64		-0.103308		
12.65		-0.103333		
12.66		-0.103359		
12.67		-0.103384		
12.68		-0.103409		
12.69		-0.103434		
12.7		-0.10346		
12.71		-0.103485		
12.72		-0.103511		
12.73		-0.103536		
12.74		-0.103562		
12.75		-0.103587		
12.76		-0.103613		
12.77		-0.103639		
12.78		-0.103664		
12.79		-0.10369		
12.8		-0.103716		
12.81		-0.103742		
12.82		-0.103768		
12.83		-0.103794		
12.84		-0.10382		
12.85		-0.103846		
12.86		-0.103872		
12.87		-0.103898		
12.88		-0.103924		
12.89		-0.103951		
12.9		-0.103977		
12.91		-0.104003		
12.92		-0.10403		
12.93		-0.104056		
12.94		-0.104083		
12.95		-0.10411		
12.96		-0.104136		
12.97		-0.104163		
12.98		-0.10419		
12.99		-0.104217		
13		-0.104244		
13.01		-0.104271		
13.02		-0.104298		
13.03		-0.104325		
13.04		-0.104352		
13.05		-0.104379		
13.06		-0.104407		
13.07		-0.104434		
13.08		-0.104461		
13.09		-0.104489		
13.1		-0.104517		
13.11		-0.104544		
13.12		-0.104572		
13.13		-0.1046		
13.14		-0.104628		
13.15		-0.104656		
13.16		-0.104684		
13.17		-0.104712		
13.18		-0.10474		
13.19		-0.104768		
13.2		-0.104796		
13.21		-0.104825		
13.22		-0.104853		
13.23		-0.104882		
13.24		-0.10491		
13.25		-0.104939		
13.26		-0.104968		
13.27		-0.104997		
13.28		-0.105026		
13.29		-0.105055		
13.3		-0.105084		
13.31		-0.105113		
13.32		-0.105142		
13.33		-0.105172		
13.34		-0.105201		
13.35		-0.10523		
13.36		-0.10526		
13.37		-0.10529		
13.38		-0.10532		
13.39		-0.105349		
13.4		-0.105379		
13.41		-0.105409		
13.42		-0.105439		
13.43		-0.10547		
13.44		-0.1055		
13.45		-0.10553		
13.46		-0.105561		
13.47		-0.105591		
13.48		-0.105622		
13.49		-0.105653		
13.5		-0.105684		
13.51		-0.105715		
13.52		-0.105746		
13.53		-0.105777		
13.54		-0.105808		
13.55		-0.10584		
13.56		-0.105871		
13.57		-0.105903		
13.58		-0.105934		
13.59		-0.105966		
13.6		-0.105998		
13.61		-0.10603		
13.62		-0.106062		
13.63		-0.106094		
13.64		-0.106126		
13.65		-0.106159		
13.66		-0.106191		
13.67		-0.106224		
13.68		-0.106256		
13.69		-0.106289		
13.7		-0.106322		
13.71		-0.106355		
13.72		-0.106388		
13.73		-0.106421		
13.74		-0.106455		
13.75		-0.106488		
13.76		-0.106522		
13.77		-0.106555		
13.78		-0.106589		
13.79		-0.106623		
13.8		-0.106657		
13.81		-0.106691		
13.82		-0.106725		
13.83		-0.10676		
13.84		-0.106794		
13.85		-0.106829		
13.86		-0.106864		
13.87		-0.106899		
13.88		-0.106934		
13.89		-0.106969		
13.9		-0.107004		
13.91		-0.107039		
13.92		-0.107075		
13.93		-0.10711		
13.94		-0.107146		
13.95		-0.107182		
13.96		-0.107218		
13.97		-0.107254		
13.98		-0.10729		
13.99		-0.107327		
14		-0.107363		
14.01		-0.1074		
14.02		-0.107436		
14.03		-0.107473		
14.04		-0.10751		
14.05		-0.107547		
14.06		-0.107585		
14.07		-0.107622		
14.08		-0.10766		
14.09		-0.107697		
14.1		-0.107735		
14.11		-0.107773		
14.12		-0.107811		
14.13		-0.10785		
14.14		-0.107888		
14.15		-0.107927		
14.16		-0.107965		
14.17		-0.108004		
14.18		-0.108043		
14.19		-0.108082		
14.2		-0.108121		
14.21		-0.108161		
14.22		-0.1082		
14.23		-0.10824		
14.24		-0.10828		
14.25		-0.10832		
14.26		-0.10836		
14.27		-0.1084		
14.28		-0.108441		
14.29		-0.108481		
14.3		-0.108522		
14.31		-0.108563		
14.32		-0.108604		
14.33		-0.108645		
14.34		-0.108686		
14.35		-0.108728		
14.36		-0.10877		
14.37		-0.108812		
14.38		-0.108853		
14.39		-0.108896		
14.4		-0.108938		
14.41		-0.10898		
14.42		-0.109023		
14.43		-0.109066		
14.44		-0.109109		
14.45		-0.109152		
14.46		-0.109195		
14.47		-0.109239		
14.48		-0.109282		
14.49		-0.109326		
14.5		-0.10937		
14.51		-0.109414		
14.52		-0.109458		
14.53		-0.109503		
14.54		-0.109547		
14.55		-0.109592		
14.56		-0.109637		
14.57		-0.109682		
14.58		-0.109728		
14.59		-0.109773		
14.6		-0.109819		
14.61		-0.109865		
14.62		-0.109911		
14.63		-0.109957		
14.64		-0.110003		
14.65		-0.11005		
14.66		-0.110097		
14.67		-0.110144		
14.68		-0.110191		
14.69		-0.110238		
14.7		-0.110285		
14.71		-0.110333		
14.72		-0.110381		
14.73		-0.110429		
14.74		-0.110477		
14.75		-0.110526		
14.76		-0.110574		
14.77		-0.110623		
14.78		-0.110672		
14.79		-0.110721		
14.8		-0.11077		
14.81		-0.11082		
14.82		-0.11087		
14.83		-0.11092		
14.84		-0.11097		
14.85		-0.11102		
14.86		-0.111071		
14.87		-0.111121		
14.88		-0.111172		
14.89		-0.111223		
14.9		-0.111275		
14.91		-0.111326		
14.92		-0.111378		
14.93		-0.11143		
14.94		-0.111482		
14.95		-0.111534		
14.96		-0.111587		
14.97		-0.111639		
14.98		-0.111692		
14.99		-0.111745		
15		-0.111799		
15.01		-0.111852		
15.02		-0.111906		
15.03		-0.11196		
15.04		-0.112014		
15.05		-0.112069		
15.06		-0.112123		
15.07		-0.112178		
15.08		-0.112233		
15.09		-0.112288		
15.1		-0.112344		
15.11		-0.1124		
15.12		-0.112455		
15.13		-0.112512		
15.14		-0.112568		
15.15		-0.112624		
15.16		-0.112681		
15.17		-0.112738		
15.18		-0.112795		
15.19		-0.112853		
15.2		-0.112911		
15.21		-0.112968		
15.22		-0.113027		
15.23		-0.113085		
15.24		-0.113143		
15.25		-0.113202		
15.26		-0.113261		
15.27		-0.113321		
15.28		-0.11338		
15.29		-0.11344		
15.3		-0.1135		
15.31		-0.11356		
15.32		-0.11362		
15.33		-0.113681		
15.34		-0.113742		
15.35		-0.113803		
15.36		-0.113864		
15.37		-0.113926		
15.38		-0.113988		
15.39		-0.11405		
15.4		-0.114112		
15.41		-0.114175		
15.42		-0.114238		
15.43		-0.114301		
15.44		-0.114364		
15.45		-0.114427		
15.46		-0.114491		
15.47		-0.114555		
15.48		-0.114619		
15.49		-0.114684		
15.5		-0.114749		
15.51		-0.114814		
15.52		-0.114879		
15.53		-0.114945		
15.54		-0.11501		
15.55		-0.115076		
15.56		-0.115143		
15.57		-0.115209		
15.58		-0.115276		
15.59		-0.115343		
15.6		-0.11541		
15.61		-0.115478		
15.62		-0.115546		
15.63		-0.115614		
15.64		-0.115682		
15.65		-0.115751		
15.66		-0.11582		
15.67		-0.115889		
15.68		-0.115958		
15.69		-0.116028		
15.7		-0.116098		
15.71		-0.116168		
15.72		-0.116238		
15.73		-0.116309		
15.74		-0.11638		
15.75		-0.116451		
15.76		-0.116523		
15.77		-0.116595		
15.78		-0.116667		
15.79		-0.116739		
15.8		-0.116812		
15.81		-0.116885		
15.82		-0.116958		
15.83		-0.117031		
15.84		-0.117105		
15.85		-0.117179		
15.86		-0.117254		
15.87		-0.117328		
15.88		-0.117403		
15.89		-0.117478		
15.9		-0.117554		
15.91		-0.117629		
15.92		-0.117705		
15.93		-0.117782		
15.94		-0.117858		
15.95		-0.117935		
15.96		-0.118012		
15.97		-0.11809		
15.98		-0.118167		
15.99		-0.118245		
16		-0.118324		
16.01		-0.118402		
16.02		-0.118481		
16.03		-0.11856		
16.04		-0.11864		
16.05		-0.11872		
16.06		-0.1188		
16.07		-0.11888		
16.08		-0.118961		
16.09		-0.119042		
16.1		-0.119123		
16.11		-0.119205		
16.12		-0.119286		
16.13		-0.119369		
16.14		-0.119451		
16.15		-0.119534		
16.16		-0.119617		
16.17		-0.1197		
16.18		-0.119784		
16.19		-0.119868		
16.2		-0.119953		
16.21		-0.120037		
16.22		-0.120122		
16.23		-0.120207		
16.24		-0.120293		
16.25		-0.120379		
16.26		-0.120465		
16.27		-0.120552		
16.28		-0.120638		
16.29		-0.120726		
16.3		-0.120813		
16.31		-0.120901		
16.32		-0.120989		
16.33		-0.121077		
16.34		-0.121166		
16.35		-0.121255		
16.36		-0.121345		
16.37		-0.121434		
16.38		-0.121525		
16.39		-0.121615		
16.4		-0.121706		
16.41		-0.121797		
16.42		-0.121888		
16.43		-0.12198		
16.44		-0.122072		
16.45		-0.122164		
16.46		-0.122257		
16.47		-0.12235		
16.48		-0.122443		
16.49		-0.122537		
16.5		-0.122631		
16.51		-0.122725		
16.52		-0.12282		
16.53		-0.122915		
16.54		-0.123011		
16.55		-0.123106		
16.56		-0.123202		
16.57		-0.123299		
16.58		-0.123395		
16.59		-0.123493		
16.6		-0.12359		
16.61		-0.123688		
16.62		-0.123786		
16.63		-0.123884		
16.64		-0.123983		
16.65		-0.124082		
16.66		-0.124182		
16.67		-0.124282		
16.68		-0.124382		
16.69		-0.124483		
16.7		-0.124584		
16.71		-0.124685		
16.72		-0.124787		
16.73		-0.124889		
16.74		-0.124991		
16.75		-0.125094		
16.76		-0.125197		
16.77		-0.1253		
16.78		-0.125404		
16.79		-0.125508		
16.8		-0.125613		
16.81		-0.125718		
16.82		-0.125823		
16.83		-0.125929		
16.84		-0.126035		
16.85		-0.126141		
16.86		-0.126248		
16.87		-0.126355		
16.88		-0.126462		
16.89		-0.12657		
16.9		-0.126678		
16.91		-0.126787		
16.92		-0.126896		
16.93		-0.127005		
16.94		-0.127115		
16.95		-0.127225		
16.96		-0.127336		
16.97		-0.127447		
16.98		-0.127558		
16.99		-0.127669		
17		-0.127781		
17.01		-0.127894		
17.02		-0.128007		
17.03		-0.12812		
17.04		-0.128233		
17.05		-0.128347		
17.06		-0.128461		
17.07		-0.128576		
17.08		-0.128691		
17.09		-0.128807		
17.1		-0.128923		
17.11		-0.129039		
17.12		-0.129155		
17.13		-0.129272		
17.14		-0.12939		
17.15		-0.129508		
17.16		-0.129626		
17.17		-0.129745		
17.18		-0.129864		
17.19		-0.129983		
17.2		-0.130103		
17.21		-0.130223		
17.22		-0.130344		
17.23		-0.130465		
17.24		-0.130586		
17.25		-0.130708		
17.26		-0.13083		
17.27		-0.130953		
17.28		-0.131076		
17.29		-0.131199		
17.3		-0.131323		
17.31		-0.131447		
17.32		-0.131572		
17.33		-0.131697		
17.34		-0.131823		
17.35		-0.131949		
17.36		-0.132075		
17.37		-0.132202		
17.38		-0.132329		
17.39		-0.132456		
17.4		-0.132584		
17.41		-0.132713		
17.42		-0.132842		
17.43		-0.132971		
17.44		-0.133101		
17.45		-0.133231		
17.46		-0.133361		
17.47		-0.133492		
17.48		-0.133623		
17.49		-0.133755		
17.5		-0.133887		
17.51		-0.13402		
17.52		-0.134153		
17.53		-0.134287		
17.54		-0.134421		
17.55		-0.134555		
17.56		-0.13469		
17.57		-0.134825		
17.58		-0.134961		
17.59		-0.135097		
17.6		-0.135233		
17.61		-0.13537		
17.62		-0.135508		
17.63		-0.135646		
17.64		-0.135784		
17.65		-0.135923		
17.66		-0.136062		
17.67		-0.136201		
17.68		-0.136341		
17.69		-0.136482		
17.7		-0.136623		
17.71		-0.136764		
17.72		-0.136906		
17.73		-0.137048		
17.74		-0.137191		
17.75		-0.137334		
17.76		-0.137478		
17.77		-0.137622		
17.78		-0.137767		
17.79		-0.137912		
17.8		-0.138057		
17.81		-0.138203		
17.82		-0.138349		
17.83		-0.138496		
17.84		-0.138644		
17.85		-0.138791		
17.86		-0.138939		
17.87		-0.139088		
17.88		-0.139237		
17.89		-0.139387		
17.9		-0.139537		
17.91		-0.139687		
17.92		-0.139838		
17.93		-0.13999		
17.94		-0.140142		
17.95		-0.140294		
17.96		-0.140447		
17.97		-0.1406		
17.98		-0.140754		
17.99		-0.140908		
18		-0.141063		
18.01		-0.141218		
18.02		-0.141374		
18.03		-0.14153		
18.04		-0.141687		
18.05		-0.141844		
18.06		-0.142001		
18.07		-0.142159		
18.08		-0.142318		
18.09		-0.142477		
18.1		-0.142637		
18.11		-0.142797		
18.12		-0.142957		
18.13		-0.143118		
18.14		-0.143279		
18.15		-0.143441		
18.16		-0.143604		
18.17		-0.143767		
18.18		-0.14393		
18.19		-0.144094		
18.2		-0.144258		
18.21		-0.144423		
18.22		-0.144588		
18.23		-0.144754		
18.24		-0.144921		
18.25		-0.145088		
18.26		-0.145255		
18.27		-0.145423		
18.28		-0.145591		
18.29		-0.14576		
18.3		-0.145929		
18.31		-0.146099		
18.32		-0.146269		
18.33		-0.14644		
18.34		-0.146612		
18.35		-0.146783		
18.36		-0.146956		
18.37		-0.147129		
18.38		-0.147302		
18.39		-0.147476		
18.4		-0.14765		
18.41		-0.147825		
18.42		-0.148		
18.43		-0.148176		
18.44		-0.148353		
18.45		-0.14853		
18.46		-0.148707		
18.47		-0.148885		
18.48		-0.149064		
18.49		-0.149243		
18.5		-0.149422		
18.51		-0.149602		
18.52		-0.149783		
18.53		-0.149964		
18.54		-0.150145		
18.55		-0.150328		
18.56		-0.15051		
18.57		-0.150693		
18.58		-0.150877		
18.59		-0.151061		
18.6		-0.151246		
18.61		-0.151431		
18.62		-0.151617		
18.63		-0.151803		
18.64		-0.15199		
18.65		-0.152178		
18.66		-0.152366		
18.67		-0.152554		
18.68		-0.152743		
18.69		-0.152933		
18.7		-0.153123		
18.71		-0.153313		
18.72		-0.153504		
18.73		-0.153696		
18.74		-0.153888		
18.75		-0.154081		
18.76		-0.154274		
18.77		-0.154468		
18.78		-0.154662		
18.79		-0.154857		
18.8		-0.155053		
18.81		-0.155249		
18.82		-0.155445		
18.83		-0.155643		
18.84		-0.15584		
18.85		-0.156038		
18.86		-0.156237		
18.87		-0.156437		
18.88		-0.156636		
18.89		-0.156837		
18.9		-0.157038		
18.91		-0.157239		
18.92		-0.157441		
18.93		-0.157644		
18.94		-0.157847		
18.95		-0.158051		
18.96		-0.158255		
18.97		-0.15846		
18.98		-0.158666		
18.99		-0.158872		
19		-0.159078		
19.01		-0.159285		
19.02		-0.159493		
19.03		-0.159701		
19.04		-0.15991		
19.05		-0.160119		
19.06		-0.160329		
19.07		-0.16054		
19.08		-0.160751		
19.09		-0.160963		
19.1		-0.161175		
19.11		-0.161388		
19.12		-0.161601		
19.13		-0.161815		
19.14		-0.162029		
19.15		-0.162244		
19.16		-0.16246		
19.17		-0.162676		
19.18		-0.162893		
19.19		-0.163111		
19.2		-0.163329		
19.21		-0.165138		
19.22		-0.165054		
19.23		-0.164969		
19.24		-0.164884		
19.25		-0.164799		
19.26		-0.164713		
19.27		-0.164628		
19.28		-0.164542		
19.29		-0.164456		
19.3		-0.16437		
19.31		-0.164284		
19.32		-0.164198		
19.33		-0.164111		
19.34		-0.164025		
19.35		-0.163938		
19.36		-0.163851		
19.37		-0.163764		
19.38		-0.163677		
19.39		-0.163589		
19.4		-0.163502		
19.41		-0.163414		
19.42		-0.163326		
19.43		-0.163238		
19.44		-0.16315		
19.45		-0.163061		
19.46		-0.162973		
19.47		-0.162884		
19.48		-0.162796		
19.49		-0.162707		
19.5		-0.162618		
19.51		-0.162528		
19.52		-0.162439		
19.53		-0.162349		
19.54		-0.16226		
19.55		-0.16217		
19.56		-0.16208		
19.57		-0.16199		
19.58		-0.1619		
19.59		-0.16181		
19.6		-0.161719		
19.61		-0.161629		
19.62		-0.161538		
19.63		-0.161447		
19.64		-0.161356		
19.65		-0.161265		
19.66		-0.161174		
19.67		-0.161083		
19.68		-0.160991		
19.69		-0.1609		
19.7		-0.160808		
19.71		-0.160716		
19.72		-0.160624		
19.73		-0.160532		
19.74		-0.16044		
19.75		-0.160348		
19.76		-0.160255		
19.77		-0.160163		
19.78		-0.16007		
19.79		-0.159977		
19.8		-0.159885		
19.81		-0.159792		
19.82		-0.159699		
19.83		-0.159605		
19.84		-0.159512		
19.85		-0.159419		
19.86		-0.159325		
19.87		-0.159232		
19.88		-0.159138		
19.89		-0.159044		
19.9		-0.15895		
19.91		-0.158856		
19.92		-0.158762		
19.93		-0.158668		
19.94		-0.158574		
19.95		-0.158479		
19.96		-0.158385		
19.97		-0.15829		
19.98		-0.158195		
19.99		-0.1581		
20		-0.158006		
20.01		-0.157911		
20.02		-0.157815		
20.03		-0.15772		
20.04		-0.157625		
20.05		-0.15753		
20.06		-0.157434		
20.07		-0.157339		
20.08		-0.157243		
20.09		-0.157147		
20.1		-0.157052		
20.11		-0.156956		
20.12		-0.15686		
20.13		-0.156764		
20.14		-0.156668		
20.15		-0.156571		
20.16		-0.156475		
20.17		-0.156379		
20.18		-0.156282		
20.19		-0.156186		
20.2		-0.156089		
20.21		-0.155993		
20.22		-0.155896		
20.23		-0.155799		
20.24		-0.155702		
20.25		-0.155605		
20.26		-0.155508		
20.27		-0.155411		
20.28		-0.155314		
20.29		-0.155216		
20.3		-0.155119		
20.31		-0.155022		
20.32		-0.154924		
20.33		-0.154827		
20.34		-0.154729		
20.35		-0.154631		
20.36		-0.154534		
20.37		-0.154436		
20.38		-0.154338		
20.39		-0.15424		
20.4		-0.154142		
20.41		-0.154044		
20.42		-0.153946		
20.43		-0.153848		
20.44		-0.153749		
20.45		-0.153651		
20.46		-0.153553		
20.47		-0.153454		
20.48		-0.153356		
20.49		-0.153257		
20.5		-0.153159		
20.51		-0.15306		
20.52		-0.152961		
20.53		-0.152863		
20.54		-0.152764		
20.55		-0.152665		
20.56		-0.152566		
20.57		-0.152467		
20.58		-0.152368		
20.59		-0.152269		
20.6		-0.15217		
20.61		-0.152071		
20.62		-0.151972		
20.63		-0.151872		
20.64		-0.151773		
20.65		-0.151674		
20.66		-0.151574		
20.67		-0.151475		
20.68		-0.151375		
20.69		-0.151276		
20.7		-0.151176		
20.71		-0.151077		
20.72		-0.150977		
20.73		-0.150877		
20.74		-0.150778		
20.75		-0.150678		
20.76		-0.150578		
20.77		-0.150478		
20.78		-0.150378		
20.79		-0.150278		
20.8		-0.150178		
20.81		-0.150078		
20.82		-0.149978		
20.83		-0.149878		
20.84		-0.149778		
20.85		-0.149678		
20.86		-0.149578		
20.87		-0.149478		
20.88		-0.149377		
20.89		-0.149277		
20.9		-0.149177		
20.91		-0.149076		
20.92		-0.148976		
20.93		-0.148876		
20.94		-0.148775		
20.95		-0.148675		
20.96		-0.148574		
20.97		-0.148474		
20.98		-0.148373		
20.99		-0.148272		
21		-0.148172		
21.01		-0.148071		
21.02		-0.147971		
21.03		-0.14787		
21.04		-0.147769		
21.05		-0.147668		
21.06		-0.147568		
21.07		-0.147467		
21.08		-0.147366		
21.09		-0.147265		
21.1		-0.147164		
21.11		-0.147064		
21.12		-0.146963		
21.13		-0.146862		
21.14		-0.146761		
21.15		-0.14666		
21.16		-0.146559		
21.17		-0.146458		
21.18		-0.146357		
21.19		-0.146256		
21.2		-0.146155		
21.21		-0.146054		
21.22		-0.145953		
21.23		-0.145852		
21.24		-0.145751		
21.25		-0.14565		
21.26		-0.145548		
21.27		-0.145447		
21.28		-0.145346		
21.29		-0.145245		
21.3		-0.145144		
21.31		-0.145043		
21.32		-0.144941		
21.33		-0.14484		
21.34		-0.144739		
21.35		-0.144638		
21.36		-0.144536		
21.37		-0.144435		
21.38		-0.144334		
21.39		-0.144233		
21.4		-0.144131		
21.41		-0.14403		
21.42		-0.143929		
21.43		-0.143828		
21.44		-0.143726		
21.45		-0.143625		
21.46		-0.143524		
21.47		-0.143422		
21.48		-0.143321		
21.49		-0.14322		
21.5		-0.143118		
21.51		-0.143017		
21.52		-0.142916		
21.53		-0.142814		
21.54		-0.142713		
21.55		-0.142612		
21.56		-0.14251		
21.57		-0.142409		
21.58		-0.142308		
21.59		-0.142206		
21.6		-0.142105		
21.61		-0.142004		
21.62		-0.141902		
21.63		-0.141801		
21.64		-0.1417		
21.65		-0.141598		
21.66		-0.141497		
21.67		-0.141396		
21.68		-0.141294		
21.69		-0.141193		
21.7		-0.141092		
21.71		-0.14099		
21.72		-0.140889		
21.73		-0.140788		
21.74		-0.140686		
21.75		-0.140585		
21.76		-0.140484		
21.77		-0.140382		
21.78		-0.140281		
21.79		-0.14018		
21.8		-0.140079		
21.81		-0.139977		
21.82		-0.139876		
21.83		-0.139775		
21.84		-0.139674		
21.85		-0.139572		
21.86		-0.139471		
21.87		-0.13937		
21.88		-0.139269		
21.89		-0.139168		
21.9		-0.139066		
21.91		-0.138965		
21.92		-0.138864		
21.93		-0.138763		
21.94		-0.138662		
21.95		-0.138561		
21.96		-0.13846		
21.97		-0.138359		
21.98		-0.138257		
21.99		-0.138156		
22		-0.138055		
22.01		-0.137954		
22.02		-0.137853		
22.03		-0.137752		
22.04		-0.137651		
22.05		-0.13755		
22.06		-0.137449		
22.07		-0.137348		
22.08		-0.137247		
22.09		-0.137147		
22.1		-0.137046		
22.11		-0.136945		
22.12		-0.136844		
22.13		-0.136743		
22.14		-0.136642		
22.15		-0.136541		
22.16		-0.136441		
22.17		-0.13634		
22.18		-0.136239		
22.19		-0.136138		
22.2		-0.136038		
22.21		-0.135937		
22.22		-0.135836		
22.23		-0.135736		
22.24		-0.135635		
22.25		-0.135535		
22.26		-0.135434		
22.27		-0.135333		
22.28		-0.135233		
22.29		-0.135132		
22.3		-0.135032		
22.31		-0.134931		
22.32		-0.134831		
22.33		-0.13473		
22.34		-0.13463		
22.35		-0.13453		
22.36		-0.134429		
22.37		-0.134329		
22.38		-0.134229		
22.39		-0.134128		
22.4		-0.134028		
22.41		-0.133928		
22.42		-0.133828		
22.43		-0.133728		
22.44		-0.133627		
22.45		-0.133527		
22.46		-0.133427		
22.47		-0.133327		
22.48		-0.133227		
22.49		-0.133127		
22.5		-0.133027		
22.51		-0.132927		
22.52		-0.132827		
22.53		-0.132727		
22.54		-0.132627		
22.55		-0.132527		
22.56		-0.132428		
22.57		-0.132328		
22.58		-0.132228		
22.59		-0.132128		
22.6		-0.132029		
22.61		-0.131929		
22.62		-0.131829		
22.63		-0.13173		
22.64		-0.13163		
22.65		-0.13153		
22.66		-0.131431		
22.67		-0.131331		
22.68		-0.131232		
22.69		-0.131133		
22.7		-0.131033		
22.71		-0.130934		
22.72		-0.130834		
22.73		-0.130735		
22.74		-0.130636		
22.75		-0.130537		
22.76		-0.130437		
22.77		-0.130338		
22.78		-0.130239		
22.79		-0.13014		
22.8		-0.130041		
22.81		-0.129942		
22.82		-0.129843		
22.83		-0.129744		
22.84		-0.129645		
22.85		-0.129546		
22.86		-0.129447		
22.87		-0.129348		
22.88		-0.12925		
22.89		-0.129151		
22.9		-0.129052		
22.91		-0.128953		
22.92		-0.128855		
22.93		-0.128756		
22.94		-0.128658		
22.95		-0.128559		
22.96		-0.128461		
22.97		-0.128362		
22.98		-0.128264		
22.99		-0.128165		
23		-0.128067		
23.01		-0.127969		
23.02		-0.12787		
23.03		-0.127772		
23.04		-0.127674		
23.05		-0.127576		
23.06		-0.127478		
23.07		-0.12738		
23.08		-0.127281		
23.09		-0.127183		
23.1		-0.127085		
23.11		-0.126988		
23.12		-0.12689		
23.13		-0.126792		
23.14		-0.126694		
23.15		-0.126596		
23.16		-0.126499		
23.17		-0.126401		
23.18		-0.126303		
23.19		-0.126206		
23.2		-0.126108		
23.21		-0.12601		
23.22		-0.125913		
23.23		-0.125816		
23.24		-0.125718		
23.25		-0.125621		
23.26		-0.125523		
23.27		-0.125426		
23.28		-0.125329		
23.29		-0.125232		
23.3		-0.125135		
23.31		-0.125037		
23.32		-0.12494		
23.33		-0.124843		
23.34		-0.124746		
23.35		-0.124649		
23.36		-0.124553		
23.37		-0.124456		
23.38		-0.124359		
23.39		-0.124262		
23.4		-0.124165		
23.41		-0.124069		
23.42		-0.123972		
23.43		-0.123876		
23.44		-0.123779		
23.45		-0.123682		
23.46		-0.123586		
23.47		-0.12349		
23.48		-0.123393		
23.49		-0.123297		
23.5		-0.123201		
23.51		-0.123104		
23.52		-0.123008		
23.53		-0.122912		
23.54		-0.122816		
23.55		-0.12272		
23.56		-0.122624		
23.57		-0.122528		
23.58		-0.122432		
23.59		-0.122336		
23.6		-0.12224		
23.61		-0.122145		
23.62		-0.122049		
23.63		-0.121953		
23.64		-0.121858		
23.65		-0.121762		
23.66		-0.121667		
23.67		-0.121571		
23.68		-0.121476		
23.69		-0.12138		
23.7		-0.121285		
23.71		-0.12119		
23.72		-0.121094		
23.73		-0.120999		
23.74		-0.120904		
23.75		-0.120809		
23.76		-0.120714		
23.77		-0.120619		
23.78		-0.120524		
23.79		-0.120429		
23.8		-0.120334		
23.81		-0.120239		
23.82		-0.120144		
23.83		-0.12005		
23.84		-0.119955		
23.85		-0.11986		
23.86		-0.119766		
23.87		-0.119671		
23.88		-0.119577		
23.89		-0.119482		
23.9		-0.119388		
23.91		-0.119294		
23.92		-0.119199		
23.93		-0.119105		
23.94		-0.119011		
23.95		-0.118917		
23.96		-0.118823		
23.97		-0.118729		
23.98		-0.118635		
23.99		-0.118541		
24		-0.118447		
24.01		-0.118353		
24.02		-0.11826		
24.03		-0.118166		
24.04		-0.118072		
24.05		-0.117979		
24.06		-0.117885		
24.07		-0.117791		
24.08		-0.117698		
24.09		-0.117605		
24.1		-0.117511		
24.11		-0.117418		
24.12		-0.117325		
24.13		-0.117231		
24.14		-0.117138		
24.15		-0.117045		
24.16		-0.116952		
24.17		-0.116859		
24.18		-0.116766		
24.19		-0.116673		
24.2		-0.11658		
24.21		-0.116488		
24.22		-0.116395		
24.23		-0.116302		
24.24		-0.11621		
24.25		-0.116117		
24.26		-0.116025		
24.27		-0.115932		
24.28		-0.11584		
24.29		-0.115747		
24.3		-0.115655		
24.31		-0.115563		
24.32		-0.11547		
24.33		-0.115378		
24.34		-0.115286		
24.35		-0.115194		
24.36		-0.115102		
24.37		-0.11501		
24.38		-0.114918		
24.39		-0.114827		
24.4		-0.114735		
24.41		-0.114643		
24.42		-0.114551		
24.43		-0.11446		
24.44		-0.114368		
24.45		-0.114277		
24.46		-0.114185		
24.47		-0.114094		
24.48		-0.114002		
24.49		-0.113911		
24.5		-0.11382		
24.51		-0.113729		
24.52		-0.113638		
24.53		-0.113547		
24.54		-0.113456		
24.55		-0.113365		
24.56		-0.113274		
24.57		-0.113183		
24.58		-0.113092		
24.59		-0.113001		
24.6		-0.112911		
24.61		-0.11282		
24.62		-0.112729		
24.63		-0.112639		
24.64		-0.112548		
24.65		-0.112458		
24.66		-0.112368		
24.67		-0.112277		
24.68		-0.112187		
24.69		-0.112097		
24.7		-0.112007		
24.71		-0.111917		
24.72		-0.111827		
24.73		-0.111737		
24.74		-0.111647		
24.75		-0.111557		
24.76		-0.111467		
24.77		-0.111377		
24.78		-0.111288		
24.79		-0.111198		
24.8		-0.111108		
24.81		-0.111019		
24.82		-0.110929		
24.83		-0.11084		
24.84		-0.110751		
24.85		-0.110661		
24.86		-0.110572		
24.87		-0.110483		
24.88		-0.110394		
24.89		-0.110305		
24.9		-0.110216		
24.91		-0.110127		
24.92		-0.110038		
24.93		-0.109949		
24.94		-0.10986		
24.95		-0.109772		
24.96		-0.109683		
24.97		-0.109594		
24.98		-0.109506		
24.99		-0.109417		
25		-0.109329		
25.01		-0.10924		
25.02		-0.109152		
25.03		-0.109064		
25.04		-0.108976		
25.05		-0.108887		
25.06		-0.108799		
25.07		-0.108711		
25.08		-0.108623		
25.09		-0.108535		
25.1		-0.108447		
25.11		-0.10836		
25.12		-0.108272		
25.13		-0.108184		
25.14		-0.108096		
25.15		-0.108009		
25.16		-0.107921		
25.17		-0.107834		
25.18		-0.107746		
25.19		-0.107659		
25.2		-0.107572		
25.21		-0.107485		
25.22		-0.107397		
25.23		-0.10731		
25.24		-0.107223		
25.25		-0.107136		
25.26		-0.107049		
25.27		-0.106962		
25.28		-0.106875		
25.29		-0.106789		
25.3		-0.106702		
25.31		-0.106615		
25.32		-0.106529		
25.33		-0.104424		
25.34		-0.103063		
25.35		-0.101736		
25.36		-0.100443		
25.37		-0.0991827		
25.38		-0.0979541		
25.39		-0.0967563		
25.4		-0.0955883		
25.41		-0.0944493		
25.42		-0.0933384		
25.43		-0.0922549		
25.44		-0.0911978		
25.45		-0.0901664		
25.46		-0.08916		
25.47		-0.0881778		
25.48		-0.0872191		
25.49		-0.0862832		
25.5		-0.0853696		
25.51		-0.0844774		
25.52		-0.0836061		
25.53		-0.0827551		
25.54		-0.0819238		
25.55		-0.0811116		
25.56		-0.0803181		
25.57		-0.0795425		
25.58		-0.0787845		
25.59		-0.0780434		
25.6		-0.077319		
25.61		-0.0766105		
25.62		-0.0759177		
25.63		-0.07524		
25.64		-0.074577		
25.65		-0.0739284		
25.66		-0.0732936		
25.67		-0.0726723		
25.68		-0.0720642		
25.69		-0.0714688		
25.7		-0.0708858		
25.71		-0.0703148		
25.72		-0.0697555		
25.73		-0.0692077		
25.74		-0.0686708		
25.75		-0.0681448		
25.76		-0.0676292		
25.77		-0.0671237		
25.78		-0.0666282		
25.79		-0.0661422		
25.8		-0.0656657		
25.81		-0.0651981		
25.82		-0.0647395		
25.83		-0.0642894		
25.84		-0.0638477		
25.85		-0.0634142		
25.86		-0.0629885		
25.87		-0.0625706		
25.88		-0.0621602		
25.89		-0.061757		
25.9		-0.061361		
25.91		-0.0609719		
25.92		-0.0605894		
25.93		-0.0602136		
25.94		-0.0598441		
25.95		-0.0594808		
25.96		-0.0591236		
25.97		-0.0587722		
25.98		-0.0584266		
25.99		-0.0580866		
26		-0.0577519		
26.01		-0.0574226		
26.02		-0.0570985		
26.03		-0.0567793		
26.04		-0.0564651		
26.05		-0.0561556		
26.06		-0.0558508		
26.07		-0.0555505		
26.08		-0.0552547		
26.09		-0.0549631		
26.1		-0.0546757		
26.11		-0.0543925		
26.12		-0.0541132		
26.13		-0.0538378		
26.14		-0.0535662		
26.15		-0.0532984		
26.16		-0.0530341		
26.17		-0.0527733		
26.18		-0.052516		
26.19		-0.0522621		
26.2		-0.0520114		
26.21		-0.0517639		
26.22		-0.0515196		
26.23		-0.0512783		
26.24		-0.05104		
26.25		-0.0508045		
26.26		-0.050572		
26.27		-0.0503421		
26.28		-0.050115		
26.29		-0.0498906		
26.3		-0.0496687		
26.31		-0.0494494		
26.32		-0.0492325		
26.33		-0.0490181		
26.34		-0.048806		
26.35		-0.0485962		
26.36		-0.0483886		
26.37		-0.0481833		
26.38		-0.0479802		
26.39		-0.0477791		
26.4		-0.0475801		
26.41		-0.0473832		
26.42		-0.0471882		
26.43		-0.0469952		
26.44		-0.046804		
26.45		-0.0466147		
26.46		-0.0464273		
26.47		-0.0462416		
26.48		-0.0460576		
26.49		-0.0458754		
26.5		-0.0456949		
26.51		-0.045516		
26.52		-0.0453387		
26.53		-0.0451629		
26.54		-0.0449888		
26.55		-0.0448161		
26.56		-0.0446449		
26.57		-0.0444752		
26.58		-0.0443069		
26.59		-0.0441401		
26.6		-0.0439746		
26.61		-0.0438104		
26.62		-0.0436476		
26.63		-0.0434861		
26.64		-0.0433259		
26.65		-0.0431669		
26.66		-0.0430091		
26.67		-0.0428526		
26.68		-0.0426973		
26.69		-0.0425431		
26.7		-0.0423901		
26.71		-0.0422382		
26.72		-0.0420874		
26.73		-0.0419377		
26.74		-0.0417891		
26.75		-0.0416416		
26.76		-0.0414951		
26.77		-0.0413496		
26.78		-0.0412051		
26.79		-0.0410616		
26.8		-0.0409191		
26.81		-0.0407775		
26.82		-0.0406369		
26.83		-0.0404972		
26.84		-0.0403585		
26.85		-0.0402206		
26.86		-0.0400837		
26.87		-0.0399476		
26.88		-0.0398123		
26.89		-0.039678		
26.9		-0.0395444		
26.91		-0.0394117		
26.92		-0.0392798		
26.93		-0.0391487		
26.94		-0.0390185		
26.95		-0.0388889		
26.96		-0.0387602		
26.97		-0.0386322		
26.98		-0.038505		
26.99		-0.0383785		
27		-0.0382528		
27.01		-0.0381278		
27.02		-0.0380034		
27.03		-0.0378798		
27.04		-0.0377569		
27.05		-0.0376347		
27.06		-0.0375132		
27.07		-0.0373923		
27.08		-0.0372721		
27.09		-0.0371525		
27.1		-0.0370336		
27.11		-0.0369154		
27.12		-0.0367977		
27.13		-0.0366807		
27.14		-0.0365644		
27.15		-0.0364486		
27.16		-0.0363334		
27.17		-0.0362189		
27.18		-0.0361049		
27.19		-0.0359915		
27.2		-0.0358787		
27.21		-0.0357665		
27.22		-0.0356548		
27.23		-0.0355437		
27.24		-0.0354332		
27.25		-0.0353232		
27.26		-0.0352138		
27.27		-0.0351049		
27.28		-0.0349965		
27.29		-0.0348887		
27.3		-0.0347813		
27.31		-0.0346746		
27.32		-0.0345683		
27.33		-0.0344625		
27.34		-0.0343573		
27.35		-0.0342525		
27.36		-0.0341483		
27.37		-0.0340445		
27.38		-0.0339412		
27.39		-0.0338384		
27.4		-0.0337361		
27.41		-0.0336343		
27.42		-0.0335329		
27.43		-0.033432		
27.44		-0.0333316		
27.45		-0.0332316		
27.46		-0.0331321		
27.47		-0.0330331		
27.48		-0.0329345		
27.49		-0.0328363		
27.5		-0.0327386		
27.51		-0.0326413		
27.52		-0.0325444		
27.53		-0.032448		
27.54		-0.032352		
27.55		-0.0322565		
27.56		-0.0321613		
27.57		-0.0320666		
27.58		-0.0319723		
27.59		-0.0318784		
27.6		-0.031785		
27.61		-0.0316919		
27.62		-0.0315992		
27.63		-0.031507		
27.64		-0.0314151		
27.65		-0.0313236		
27.66		-0.0312325		
27.67		-0.0311419		
27.68		-0.0310516		
27.69		-0.0309617		
27.7		-0.0308721		
27.71		-0.030783		
27.72		-0.0306942		
27.73		-0.0306058		
27.74		-0.0305178		
27.75		-0.0304301		
27.76		-0.0303429		
27.77		-0.0302559		
27.78		-0.0301694		
27.79		-0.0300832		
27.8		-0.0299974		
27.81		-0.0299119		
27.82		-0.0298268		
27.83		-0.029742		
27.84		-0.0296576		
27.85		-0.0295735		
27.86		-0.0294898		
27.87		-0.0294064		
27.88		-0.0293234		
27.89		-0.0292407		
27.9		-0.0291583		
27.91		-0.0290763		
27.92		-0.0289946		
27.93		-0.0289132		
27.94		-0.0288322		
27.95		-0.0287515		
27.96		-0.0286711		
27.97		-0.0285911		
27.98		-0.0285113		
27.99		-0.0284319		
28		-0.0283528		
28.01		-0.0282741		
28.02		-0.0281956		
28.03		-0.0281175		
28.04		-0.0280396		
28.05		-0.0279621		
28.06		-0.0278849		
28.07		-0.027808		
28.08		-0.0277314		
28.09		-0.0276551		
28.1		-0.0275791		
28.11		-0.0275034		
28.12		-0.027428		
28.13		-0.0273529		
28.14		-0.0272781		
28.15		-0.0272036		
28.16		-0.0271294		
28.17		-0.0270554		
28.18		-0.0269818		
28.19		-0.0269085		
28.2		-0.0268354		
28.21		-0.0267626		
28.22		-0.0266901		
28.23		-0.0266179		
28.24		-0.026546		
28.25		-0.0264743		
28.26		-0.026403		
28.27		-0.0263319		
28.28		-0.0262611		
28.29		-0.0261905		
28.3		-0.0261202		
28.31		-0.0260502		
28.32		-0.0259805		
28.33		-0.025911		
28.34		-0.0258418		
28.35		-0.0257729		
28.36		-0.0257042		
28.37		-0.0256358		
28.38		-0.0255677		
28.39		-0.0254998		
28.4		-0.0254322		
28.41		-0.0253648		
28.42		-0.0252977		
28.43		-0.0252308		
28.44		-0.0251642		
28.45		-0.0250979		
28.46		-0.0250318		
28.47		-0.024966		
28.48		-0.0249004		
28.49		-0.024835		
28.5		-0.0247699		
28.51		-0.0247051		
28.52		-0.0246405		
28.53		-0.0245761		
28.54		-0.024512		
28.55		-0.0244481		
28.56		-0.0243845		
28.57		-0.0243211		
28.58		-0.0242579		
28.59		-0.024195		
28.6		-0.0241323		
28.61		-0.0240698		
28.62		-0.0240076		
28.63		-0.0239456		
28.64		-0.0238839		
28.65		-0.0238223		
28.66		-0.023761		
28.67		-0.0237		
28.68		-0.0236391		
28.69		-0.0235785		
28.7		-0.0235181		
28.71		-0.0234579		
28.72		-0.023398		
28.73		-0.0233383		
28.74		-0.0232788		
28.75		-0.0232195		
28.76		-0.0231604		
28.77		-0.0231016		
28.78		-0.023043		
28.79		-0.0229846		
28.8		-0.0229264		
28.81		-0.0228684		
28.82		-0.0228106		
28.83		-0.0227531		
28.84		-0.0226957		
28.85		-0.0226386		
28.86		-0.0225817		
28.87		-0.022525		
28.88		-0.0224684		
28.89		-0.0224121		
28.9		-0.0223561		
28.91		-0.0223002		
28.92		-0.0222445		
28.93		-0.022189		
28.94		-0.0221337		
28.95		-0.0220786		
28.96		-0.0220238		
28.97		-0.0219691		
28.98		-0.0219146		
28.99		-0.0218603		
29		-0.0218062		
29.01		-0.0217523		
29.02		-0.0216986		
29.03		-0.0216451		
29.04		-0.0215918		
29.05		-0.0215387		
29.06		-0.0214858		
29.07		-0.0214331		
29.08		-0.0213805		
29.09		-0.0213282		
29.1		-0.021276		
29.11		-0.021224		
29.12		-0.0211722		
29.13		-0.0211206		
29.14		-0.0210692		
29.15		-0.021018		
29.16		-0.0209669		
29.17		-0.0209161		
29.18		-0.0208654		
29.19		-0.0208149		
29.2		-0.0207646		
29.21		-0.0207144		
29.22		-0.0206645		
29.23		-0.0206147		
29.24		-0.0205651		
29.25		-0.0205156		
29.26		-0.0204664		
29.27		-0.0204173		
29.28		-0.0203684		
29.29		-0.0203197		
29.3		-0.0202711		
29.31		-0.0202227		
29.32		-0.0201745		
29.33		-0.0201264		
29.34		-0.0200786		
29.35		-0.0200309		
29.36		-0.0199833		
29.37		-0.019936		
29.38		-0.0198888		
29.39		-0.0198417		
29.4		-0.0197948		
29.41		-0.0197481		
29.42		-0.0197016		
29.43		-0.0196552		
29.44		-0.019609		
29.45		-0.019563		
29.46		-0.0195171		
29.47		-0.0194713		
29.48		-0.0194258		
29.49		-0.0193804		
29.5		-0.0193351		
29.51		-0.01929		
29.52		-0.0192451		
29.53		-0.0192003		
29.54		-0.0191557		
29.55		-0.0191112		
29.56		-0.0190669		
29.57		-0.0190227		
29.58		-0.0189787		
29.59		-0.0189349		
29.6		-0.0188912		
29.61		-0.0188476		
29.62		-0.0188042		
29.63		-0.018761		
29.64		-0.0187179		
29.65		-0.0186749		
29.66		-0.0186321		
29.67		-0.0185895		
29.68		-0.018547		
29.69		-0.0185046		
29.7		-0.0184624		
29.71		-0.0184204		
29.72		-0.0183784		
29.73		-0.0183367		
29.74		-0.018295		
29.75		-0.0182535		
29.76		-0.0182122		
29.77		-0.018171		
29.78		-0.0181299		
29.79		-0.018089		
29.8		-0.0180482		
29.81		-0.0180076		
29.82		-0.0179671		
29.83		-0.0179267		
29.84		-0.0178865		
29.85		-0.0178464		
29.86		-0.0178065		
29.87		-0.0177666		
29.88		-0.017727		
29.89		-0.0176874		
29.9		-0.017648		
29.91		-0.0176087		
29.92		-0.0175696		
29.93		-0.0175306		
29.94		-0.0174917		
29.95		-0.0174529		
29.96		-0.0174143		
29.97		-0.0173758		
29.98		-0.0173375		
29.99		-0.0172993		
30		-0.0172612		
