t [fm]		bulkNS
0.25		-2.3687
0.26		-2.1925		
0.27		-2.0361		
0.28		-1.8964		
0.29		-1.7713		
0.3		-1.6586		
0.31		-1.5568		
0.32		-1.4644		
0.33		-1.3804		
0.34		-1.3037		
0.35		-1.2334		
0.36		-1.169		
0.37		-1.1096		
0.38		-1.0548		
0.39		-1.0041		
0.4		-0.95716		
0.41		-0.91353		
0.42		-0.87293		
0.43		-0.83508		
0.44		-0.79972		
0.45		-0.76664		
0.46		-0.73565		
0.47		-0.70656		
0.48		-0.67922		
0.49		-0.65349		
0.5		-0.62925		
0.51		-0.60638		
0.52		-0.58477		
0.53		-0.56434		
0.54		-0.54499		
0.55		-0.52666		
0.56		-0.50926		
0.57		-0.49275		
0.58		-0.47704		
0.59		-0.46211		
0.6		-0.44788		
0.61		-0.43433		
0.62		-0.4214		
0.63		-0.40906		
0.64		-0.39727		
0.65		-0.386		
0.66		-0.37522		
0.67		-0.36491		
0.68		-0.35502		
0.69		-0.34555		
0.7		-0.33647		
0.71		-0.32775		
0.72		-0.31938		
0.73		-0.31134		
0.74		-0.30361		
0.75		-0.29618		
0.76		-0.28903		
0.77		-0.28215		
0.78		-0.27552		
0.79		-0.26913		
0.8		-0.26297		
0.81		-0.25703		
0.82		-0.2513		
0.83		-0.24577		
0.84		-0.24043		
0.85		-0.23527		
0.86		-0.23028		
0.87		-0.22546		
0.88		-0.2208		
0.89		-0.2163		
0.9		-0.21193		
0.91		-0.20771		
0.92		-0.20362		
0.93		-0.19966		
0.94		-0.19582		
0.95		-0.1921		
0.96		-0.18849		
0.97		-0.18499		
0.98		-0.1816		
0.99		-0.1783		
1		-0.17511		
1.01		-0.172		
1.02		-0.16899		
1.03		-0.16606		
1.04		-0.16322		
1.05		-0.16046		
1.06		-0.15777		
1.07		-0.15516		
1.08		-0.15262		
1.09		-0.15015		
1.1		-0.14775		
1.11		-0.14541		
1.12		-0.14313		
1.13		-0.14092		
1.14		-0.13876		
1.15		-0.13666		
1.16		-0.13462		
1.17		-0.13263		
1.18		-0.13069		
1.19		-0.1288		
1.2		-0.12695		
1.21		-0.12516		
1.22		-0.12341		
1.23		-0.1217		
1.24		-0.12003		
1.25		-0.11841		
1.26		-0.11683		
1.27		-0.11528		
1.28		-0.11377		
1.29		-0.1123		
1.3		-0.11087		
1.31		-0.10947		
1.32		-0.1081		
1.33		-0.10676		
1.34		-0.10546		
1.35		-0.10418		
1.36		-0.10294		
1.37		-0.10173		
1.38		-0.10054		
1.39		-0.099382		
1.4		-0.098249		
1.41		-0.097143		
1.42		-0.096062		
1.43		-0.095006		
1.44		-0.093974		
1.45		-0.092965		
1.46		-0.091979		
1.47		-0.091015		
1.48		-0.090073		
1.49		-0.089151		
1.5		-0.088251		
1.51		-0.08737		
1.52		-0.086509		
1.53		-0.085667		
1.54		-0.084843		
1.55		-0.084038		
1.56		-0.08325		
1.57		-0.082479		
1.58		-0.081726		
1.59		-0.080988		
1.6		-0.080267		
1.61		-0.079562		
1.62		-0.078872		
1.63		-0.078197		
1.64		-0.077536		
1.65		-0.07689		
1.66		-0.076257		
1.67		-0.075639		
1.68		-0.075034		
1.69		-0.074441		
1.7		-0.073862		
1.71		-0.073295		
1.72		-0.07274		
1.73		-0.072197		
1.74		-0.071666		
1.75		-0.071146		
1.76		-0.070637		
1.77		-0.07014		
1.78		-0.069653		
1.79		-0.069176		
1.8		-0.06871		
1.81		-0.068254		
1.82		-0.067807		
1.83		-0.06737		
1.84		-0.066943		
1.85		-0.066525		
1.86		-0.066116		
1.87		-0.065716		
1.88		-0.065324		
1.89		-0.064941		
1.9		-0.064566		
1.91		-0.0642		
1.92		-0.063841		
1.93		-0.063491		
1.94		-0.063148		
1.95		-0.062812		
1.96		-0.062484		
1.97		-0.062164		
1.98		-0.06185		
1.99		-0.061543		
2		-0.061244		
2.01		-0.060951		
2.02		-0.060664		
2.03		-0.060384		
2.04		-0.06011		
2.05		-0.059843		
2.06		-0.059582		
2.07		-0.059326		
2.08		-0.059077		
2.09		-0.058833		
2.1		-0.058595		
2.11		-0.058362		
2.12		-0.058135		
2.13		-0.057914		
2.14		-0.057697		
2.15		-0.057486		
2.16		-0.05728		
2.17		-0.057079		
2.18		-0.056882		
2.19		-0.056691		
2.2		-0.056504		
2.21		-0.056322		
2.22		-0.056144		
2.23		-0.055971		
2.24		-0.055803		
2.25		-0.055638		
2.26		-0.055478		
2.27		-0.055322		
2.28		-0.055171		
2.29		-0.055023		
2.3		-0.054879		
2.31		-0.054739		
2.32		-0.054603		
2.33		-0.054471		
2.34		-0.054342		
2.35		-0.054217		
2.36		-0.054095		
2.37		-0.053978		
2.38		-0.053863		
2.39		-0.053752		
2.4		-0.053644		
2.41		-0.05354		
2.42		-0.053439		
2.43		-0.053341		
2.44		-0.053246		
2.45		-0.053154		
2.46		-0.053065		
2.47		-0.052979		
2.48		-0.052897		
2.49		-0.052817		
2.5		-0.052739		
2.51		-0.052665		
2.52		-0.052593		
2.53		-0.052524		
2.54		-0.052458		
2.55		-0.052394		
2.56		-0.052333		
2.57		-0.052275		
2.58		-0.052219		
2.59		-0.052165		
2.6		-0.052114		
2.61		-0.052065		
2.62		-0.052018		
2.63		-0.051974		
2.64		-0.051932		
2.65		-0.051892		
2.66		-0.051855		
2.67		-0.051819		
2.68		-0.051786		
2.69		-0.051755		
2.7		-0.051726		
2.71		-0.051698		
2.72		-0.051673		
2.73		-0.05165		
2.74		-0.051629		
2.75		-0.051609		
2.76		-0.051592		
2.77		-0.051576		
2.78		-0.051562		
2.79		-0.05155		
2.8		-0.05154		
2.81		-0.051532		
2.82		-0.051525		
2.83		-0.051519		
2.84		-0.051516		
2.85		-0.051514		
2.86		-0.051514		
2.87		-0.051515		
2.88		-0.051518		
2.89		-0.051522		
2.9		-0.051528		
2.91		-0.051535		
2.92		-0.051544		
2.93		-0.051554		
2.94		-0.051566		
2.95		-0.051579		
2.96		-0.051593		
2.97		-0.051609		
2.98		-0.051626		
2.99		-0.051645		
3		-0.051664		
3.01		-0.051685		
3.02		-0.051708		
3.03		-0.051731		
3.04		-0.051756		
3.05		-0.051782		
3.06		-0.051809		
3.07		-0.051837		
3.08		-0.051866		
3.09		-0.051897		
3.1		-0.051928		
3.11		-0.051961		
3.12		-0.051995		
3.13		-0.05203		
3.14		-0.052065		
3.15		-0.052102		
3.16		-0.05214		
3.17		-0.052179		
3.18		-0.052219		
3.19		-0.05226		
3.2		-0.052302		
3.21		-0.052344		
3.22		-0.052388		
3.23		-0.052432		
3.24		-0.052478		
3.25		-0.052524		
3.26		-0.052571		
3.27		-0.052619		
3.28		-0.052668		
3.29		-0.052718		
3.3		-0.052769		
3.31		-0.05282		
3.32		-0.052872		
3.33		-0.052925		
3.34		-0.052979		
3.35		-0.053033		
3.36		-0.053088		
3.37		-0.053144		
3.38		-0.053201		
3.39		-0.053258		
3.4		-0.053316		
3.41		-0.053375		
3.42		-0.053434		
3.43		-0.053494		
3.44		-0.053555		
3.45		-0.053616		
3.46		-0.053678		
3.47		-0.053741		
3.48		-0.053804		
3.49		-0.053868		
3.5		-0.053933		
3.51		-0.053998		
3.52		-0.054063		
3.53		-0.054129		
3.54		-0.054196		
3.55		-0.054263		
3.56		-0.054331		
3.57		-0.054399		
3.58		-0.054468		
3.59		-0.054538		
3.6		-0.054608		
3.61		-0.054678		
3.62		-0.054749		
3.63		-0.05482		
3.64		-0.054892		
3.65		-0.054964		
3.66		-0.055037		
3.67		-0.05511		
3.68		-0.055184		
3.69		-0.055258		
3.7		-0.055333		
3.71		-0.055408		
3.72		-0.055483		
3.73		-0.055559		
3.74		-0.055635		
3.75		-0.055712		
3.76		-0.055789		
3.77		-0.055866		
3.78		-0.055944		
3.79		-0.056022		
3.8		-0.0561		
3.81		-0.056179		
3.82		-0.056258		
3.83		-0.056338		
3.84		-0.056418		
3.85		-0.056498		
3.86		-0.056578		
3.87		-0.056659		
3.88		-0.05674		
3.89		-0.056822		
3.9		-0.056903		
3.91		-0.056985		
3.92		-0.057068		
3.93		-0.05715		
3.94		-0.057233		
3.95		-0.057316		
3.96		-0.0574		
3.97		-0.057483		
3.98		-0.057567		
3.99		-0.057652		
4		-0.057736		
4.01		-0.057821		
4.02		-0.057906		
4.03		-0.057991		
4.04		-0.058076		
4.05		-0.058162		
4.06		-0.058248		
4.07		-0.058334		
4.08		-0.05842		
4.09		-0.058507		
4.1		-0.058593		
4.11		-0.05868		
4.12		-0.058767		
4.13		-0.058855		
4.14		-0.058942		
4.15		-0.05903		
4.16		-0.059117		
4.17		-0.059205		
4.18		-0.059294		
4.19		-0.059382		
4.2		-0.05947		
4.21		-0.059559		
4.22		-0.059648		
4.23		-0.059737		
4.24		-0.059826		
4.25		-0.059915		
4.26		-0.060005		
4.27		-0.060094		
4.28		-0.060184		
4.29		-0.060273		
4.3		-0.060363		
4.31		-0.060453		
4.32		-0.060544		
4.33		-0.060634		
4.34		-0.060724		
4.35		-0.060815		
4.36		-0.060905		
4.37		-0.060996		
4.38		-0.061087		
4.39		-0.061178		
4.4		-0.061269		
4.41		-0.06136		
4.42		-0.061451		
4.43		-0.061542		
4.44		-0.061633		
4.45		-0.061725		
4.46		-0.061816		
4.47		-0.061908		
4.48		-0.061999		
4.49		-0.062091		
4.5		-0.062183		
4.51		-0.062274		
4.52		-0.062366		
4.53		-0.062458		
4.54		-0.06255		
4.55		-0.062642		
4.56		-0.062734		
4.57		-0.062826		
4.58		-0.062919		
4.59		-0.063011		
4.6		-0.063103		
4.61		-0.063195		
4.62		-0.063288		
4.63		-0.06338		
4.64		-0.063472		
4.65		-0.063565		
4.66		-0.063657		
4.67		-0.06375		
4.68		-0.063842		
4.69		-0.063935		
4.7		-0.064027		
4.71		-0.06412		
4.72		-0.064212		
4.73		-0.064305		
4.74		-0.064397		
4.75		-0.06449		
4.76		-0.064582		
4.77		-0.064675		
4.78		-0.064767		
4.79		-0.06486		
4.8		-0.064953		
4.81		-0.065045		
4.82		-0.065138		
4.83		-0.06523		
4.84		-0.065323		
4.85		-0.065415		
4.86		-0.065508		
4.87		-0.0656		
4.88		-0.065693		
4.89		-0.065785		
4.9		-0.065878		
4.91		-0.06597		
4.92		-0.066062		
4.93		-0.066155		
4.94		-0.066247		
4.95		-0.066339		
4.96		-0.066431		
4.97		-0.066524		
4.98		-0.066616		
4.99		-0.066708		
5		-0.0668		
5.01		-0.066892		
5.02		-0.066984		
5.03		-0.067076		
5.04		-0.067168		
5.05		-0.06726		
5.06		-0.067352		
5.07		-0.067444		
5.08		-0.067536		
5.09		-0.067627		
5.1		-0.067719		
5.11		-0.067811		
5.12		-0.067902		
5.13		-0.067994		
5.14		-0.068085		
5.15		-0.068176		
5.16		-0.068268		
5.17		-0.068359		
5.18		-0.06845		
5.19		-0.068541		
5.2		-0.068632		
5.21		-0.068723		
5.22		-0.068814		
5.23		-0.068905		
5.24		-0.068996		
5.25		-0.069087		
5.26		-0.069177		
5.27		-0.069268		
5.28		-0.069358		
5.29		-0.069449		
5.3		-0.069539		
5.31		-0.06963		
5.32		-0.06972		
5.33		-0.06981		
5.34		-0.0699		
5.35		-0.06999		
5.36		-0.07008		
5.37		-0.07017		
5.38		-0.070259		
5.39		-0.070349		
5.4		-0.070438		
5.41		-0.070528		
5.42		-0.070617		
5.43		-0.070707		
5.44		-0.070796		
5.45		-0.070885		
5.46		-0.070974		
5.47		-0.071063		
5.48		-0.071152		
5.49		-0.07124		
5.5		-0.071329		
5.51		-0.071418		
5.52		-0.071506		
5.53		-0.071594		
5.54		-0.071683		
5.55		-0.071771		
5.56		-0.071859		
5.57		-0.071947		
5.58		-0.072035		
5.59		-0.072123		
5.6		-0.07221		
5.61		-0.072298		
5.62		-0.072385		
5.63		-0.072473		
5.64		-0.07256		
5.65		-0.072647		
5.66		-0.072734		
5.67		-0.072821		
5.68		-0.072908		
5.69		-0.072994		
5.7		-0.073081		
5.71		-0.073168		
5.72		-0.073254		
5.73		-0.07334		
5.74		-0.073426		
5.75		-0.073512		
5.76		-0.073598		
5.77		-0.073684		
5.78		-0.07377		
5.79		-0.073855		
5.8		-0.073941		
5.81		-0.074026		
5.82		-0.074112		
5.83		-0.074197		
5.84		-0.074282		
5.85		-0.074367		
5.86		-0.074451		
5.87		-0.074536		
5.88		-0.07462		
5.89		-0.074705		
5.9		-0.074789		
5.91		-0.074873		
5.92		-0.074957		
5.93		-0.075041		
5.94		-0.075125		
5.95		-0.075209		
5.96		-0.075292		
5.97		-0.075376		
5.98		-0.075459		
5.99		-0.075542		
6		-0.075625		
6.01		-0.075708		
6.02		-0.075791		
6.03		-0.075874		
6.04		-0.075956		
6.05		-0.076039		
6.06		-0.076121		
6.07		-0.076203		
6.08		-0.076285		
6.09		-0.076367		
6.1		-0.076449		
6.11		-0.076531		
6.12		-0.076612		
6.13		-0.076694		
6.14		-0.076775		
6.15		-0.076856		
6.16		-0.076937		
6.17		-0.077018		
6.18		-0.077099		
6.19		-0.077179		
6.2		-0.07726		
6.21		-0.07734		
6.22		-0.07742		
6.23		-0.077501		
6.24		-0.077581		
6.25		-0.07766		
6.26		-0.07774		
6.27		-0.07782		
6.28		-0.077899		
6.29		-0.077978		
6.3		-0.078057		
6.31		-0.078136		
6.32		-0.078215		
6.33		-0.078294		
6.34		-0.078373		
6.35		-0.078451		
6.36		-0.078529		
6.37		-0.078608		
6.38		-0.078686		
6.39		-0.078764		
6.4		-0.078841		
6.41		-0.078919		
6.42		-0.078996		
6.43		-0.079074		
6.44		-0.079151		
6.45		-0.079228		
6.46		-0.079305		
6.47		-0.079382		
6.48		-0.079459		
6.49		-0.079535		
6.5		-0.079611		
6.51		-0.079688		
6.52		-0.079764		
6.53		-0.07984		
6.54		-0.079916		
6.55		-0.079991		
6.56		-0.080067		
6.57		-0.080142		
6.58		-0.080218		
6.59		-0.080293		
6.6		-0.080368		
6.61		-0.080442		
6.62		-0.080517		
6.63		-0.080592		
6.64		-0.080666		
6.65		-0.08074		
6.66		-0.080815		
6.67		-0.080889		
6.68		-0.080962		
6.69		-0.081036		
6.7		-0.08111		
6.71		-0.081183		
6.72		-0.081256		
6.73		-0.081329		
6.74		-0.081402		
6.75		-0.081475		
6.76		-0.081548		
6.77		-0.08162		
6.78		-0.081693		
6.79		-0.081765		
6.8		-0.081837		
6.81		-0.081909		
6.82		-0.081981		
6.83		-0.082053		
6.84		-0.082124		
6.85		-0.082196		
6.86		-0.082267		
6.87		-0.082338		
6.88		-0.082409		
6.89		-0.08248		
6.9		-0.082551		
6.91		-0.082621		
6.92		-0.082692		
6.93		-0.082762		
6.94		-0.082832		
6.95		-0.082902		
6.96		-0.082972		
6.97		-0.083041		
6.98		-0.083111		
6.99		-0.08318		
7		-0.083249		
7.01		-0.083319		
7.02		-0.083388		
7.03		-0.083456		
7.04		-0.083525		
7.05		-0.083593		
7.06		-0.083662		
7.07		-0.08373		
7.08		-0.083798		
7.09		-0.083866		
7.1		-0.083934		
7.11		-0.084002		
7.12		-0.084069		
7.13		-0.084136		
7.14		-0.084204		
7.15		-0.084271		
7.16		-0.084338		
7.17		-0.084404		
7.18		-0.084471		
7.19		-0.084537		
7.2		-0.084604		
7.21		-0.08467		
7.22		-0.084736		
7.23		-0.084802		
7.24		-0.084868		
7.25		-0.084933		
7.26		-0.084999		
7.27		-0.085064		
7.28		-0.085129		
7.29		-0.085194		
7.3		-0.085259		
7.31		-0.085324		
7.32		-0.085389		
7.33		-0.085453		
7.34		-0.085517		
7.35		-0.085581		
7.36		-0.085646		
7.37		-0.085709		
7.38		-0.085773		
7.39		-0.085837		
7.4		-0.0859		
7.41		-0.085963		
7.42		-0.086027		
7.43		-0.08609		
7.44		-0.086153		
7.45		-0.086215		
7.46		-0.086278		
7.47		-0.08634		
7.48		-0.086403		
7.49		-0.086465		
7.5		-0.086527		
7.51		-0.086589		
7.52		-0.08665		
7.53		-0.086712		
7.54		-0.086773		
7.55		-0.086835		
7.56		-0.086896		
7.57		-0.086957		
7.58		-0.087018		
7.59		-0.087079		
7.6		-0.087139		
7.61		-0.0872		
7.62		-0.08726		
7.63		-0.08732		
7.64		-0.08738		
7.65		-0.08744		
7.66		-0.0875		
7.67		-0.087559		
7.68		-0.087619		
7.69		-0.087678		
7.7		-0.087737		
7.71		-0.087796		
7.72		-0.087855		
7.73		-0.087914		
7.74		-0.087972		
7.75		-0.088031		
7.76		-0.088089		
7.77		-0.088147		
7.78		-0.088206		
7.79		-0.088263		
7.8		-0.088321		
7.81		-0.088379		
7.82		-0.088436		
7.83		-0.088494		
7.84		-0.088551		
7.85		-0.088608		
7.86		-0.088665		
7.87		-0.088722		
7.88		-0.088778		
7.89		-0.088835		
7.9		-0.088891		
7.91		-0.088947		
7.92		-0.089004		
7.93		-0.08906		
7.94		-0.089115		
7.95		-0.089171		
7.96		-0.089227		
7.97		-0.089282		
7.98		-0.089337		
7.99		-0.089392		
8		-0.089447		
8.01		-0.089502		
8.02		-0.089557		
8.03		-0.089612		
8.04		-0.089666		
8.05		-0.08972		
8.06		-0.089775		
8.07		-0.089829		
8.08		-0.089882		
8.09		-0.089936		
8.1		-0.08999		
8.11		-0.090043		
8.12		-0.090097		
8.13		-0.09015		
8.14		-0.090203		
8.15		-0.090256		
8.16		-0.090309		
8.17		-0.090362		
8.18		-0.090414		
8.19		-0.090467		
8.2		-0.090519		
8.21		-0.090571		
8.22		-0.090623		
8.23		-0.090675		
8.24		-0.090727		
8.25		-0.090778		
8.26		-0.09083		
8.27		-0.090881		
8.28		-0.090933		
8.29		-0.090984		
8.3		-0.091035		
8.31		-0.091085		
8.32		-0.091136		
8.33		-0.091187		
8.34		-0.091237		
8.35		-0.091287		
8.36		-0.091338		
8.37		-0.091388		
8.38		-0.091438		
8.39		-0.091487		
8.4		-0.091537		
8.41		-0.091587		
8.42		-0.091636		
8.43		-0.091685		
8.44		-0.091735		
8.45		-0.091784		
8.46		-0.091832		
8.47		-0.091881		
8.48		-0.09193		
8.49		-0.091978		
8.5		-0.092027		
8.51		-0.092075		
8.52		-0.092123		
8.53		-0.092171		
8.54		-0.092219		
8.55		-0.092267		
8.56		-0.092314		
8.57		-0.092362		
8.58		-0.092409		
8.59		-0.092457		
8.6		-0.092504		
8.61		-0.092551		
8.62		-0.092598		
8.63		-0.092644		
8.64		-0.092691		
8.65		-0.092737		
8.66		-0.092784		
8.67		-0.09283		
8.68		-0.092876		
8.69		-0.092922		
8.7		-0.092968		
8.71		-0.093014		
8.72		-0.09306		
8.73		-0.093105		
8.74		-0.09315		
8.75		-0.093196		
8.76		-0.093241		
8.77		-0.093286		
8.78		-0.093331		
8.79		-0.093376		
8.8		-0.09342		
8.81		-0.093465		
8.82		-0.093509		
8.83		-0.093554		
8.84		-0.093598		
8.85		-0.093642		
8.86		-0.093686		
8.87		-0.09373		
8.88		-0.093773		
8.89		-0.093817		
8.9		-0.093861		
8.91		-0.093904		
8.92		-0.093947		
8.93		-0.09399		
8.94		-0.094033		
8.95		-0.094076		
8.96		-0.094119		
8.97		-0.094162		
8.98		-0.094204		
8.99		-0.094247		
9		-0.094289		
9.01		-0.094331		
9.02		-0.094373		
9.03		-0.094415		
9.04		-0.094457		
9.05		-0.094499		
9.06		-0.094541		
9.07		-0.094582		
9.08		-0.094624		
9.09		-0.094665		
9.1		-0.094706		
9.11		-0.094747		
9.12		-0.094788		
9.13		-0.094829		
9.14		-0.09487		
9.15		-0.09491		
9.16		-0.094951		
9.17		-0.094991		
9.18		-0.095032		
9.19		-0.095072		
9.2		-0.095112		
9.21		-0.095152		
9.22		-0.095192		
9.23		-0.095232		
9.24		-0.095271		
9.25		-0.095311		
9.26		-0.09535		
9.27		-0.09539		
9.28		-0.095429		
9.29		-0.095468		
9.3		-0.095507		
9.31		-0.095546		
9.32		-0.095585		
9.33		-0.095623		
9.34		-0.095662		
9.35		-0.0957		
9.36		-0.095739		
9.37		-0.095777		
9.38		-0.095815		
9.39		-0.095853		
9.4		-0.095891		
9.41		-0.095929		
9.42		-0.095967		
9.43		-0.096005		
9.44		-0.096042		
9.45		-0.09608		
9.46		-0.096117		
9.47		-0.096154		
9.48		-0.096191		
9.49		-0.096229		
9.5		-0.096265		
9.51		-0.096302		
9.52		-0.096339		
9.53		-0.096376		
9.54		-0.096412		
9.55		-0.096449		
9.56		-0.096485		
9.57		-0.096521		
9.58		-0.096558		
9.59		-0.096594		
9.6		-0.09663		
9.61		-0.096666		
9.62		-0.096701		
9.63		-0.096737		
9.64		-0.096773		
9.65		-0.096808		
9.66		-0.096843		
9.67		-0.096879		
9.68		-0.096914		
9.69		-0.096949		
9.7		-0.096984		
9.71		-0.097019		
9.72		-0.097054		
9.73		-0.097089		
9.74		-0.097123		
9.75		-0.097158		
9.76		-0.097192		
9.77		-0.097227		
9.78		-0.097261		
9.79		-0.097295		
9.8		-0.097329		
9.81		-0.097363		
9.82		-0.097397		
9.83		-0.097431		
9.84		-0.097465		
9.85		-0.097499		
9.86		-0.097532		
9.87		-0.097566		
9.88		-0.097599		
9.89		-0.097632		
9.9		-0.097666		
9.91		-0.097699		
9.92		-0.097732		
9.93		-0.097765		
9.94		-0.097798		
9.95		-0.097831		
9.96		-0.097863		
9.97		-0.097896		
9.98		-0.097929		
9.99		-0.097961		
10		-0.097993		
10.01		-0.098026		
10.02		-0.098058		
10.03		-0.09809		
10.04		-0.098122		
10.05		-0.098154		
10.06		-0.098186		
10.07		-0.098218		
10.08		-0.09825		
10.09		-0.098281		
10.1		-0.098313		
10.11		-0.098344		
10.12		-0.098376		
10.13		-0.098407		
10.14		-0.098439		
10.15		-0.09847		
10.16		-0.098501		
10.17		-0.098532		
10.18		-0.098563		
10.19		-0.098594		
10.2		-0.098625		
10.21		-0.098655		
10.22		-0.098686		
10.23		-0.098717		
10.24		-0.098747		
10.25		-0.098778		
10.26		-0.098808		
10.27		-0.098838		
10.28		-0.098869		
10.29		-0.098899		
10.3		-0.098929		
10.31		-0.098959		
10.32		-0.098989		
10.33		-0.099019		
10.34		-0.099049		
10.35		-0.099078		
10.36		-0.099108		
10.37		-0.099138		
10.38		-0.099167		
10.39		-0.099197		
10.4		-0.099226		
10.41		-0.099255		
10.42		-0.099285		
10.43		-0.099314		
10.44		-0.099343		
10.45		-0.099372		
10.46		-0.099401		
10.47		-0.09943		
10.48		-0.099459		
10.49		-0.099488		
10.5		-0.099517		
10.51		-0.099545		
10.52		-0.099574		
10.53		-0.099602		
10.54		-0.099631		
10.55		-0.099659		
10.56		-0.099688		
10.57		-0.099716		
10.58		-0.099744		
10.59		-0.099773		
10.6		-0.099801		
10.61		-0.099829		
10.62		-0.099857		
10.63		-0.099885		
10.64		-0.099913		
10.65		-0.099941		
10.66		-0.099969		
10.67		-0.099996		
10.68		-0.10002		
10.69		-0.10005		
10.7		-0.10008		
10.71		-0.10011		
10.72		-0.10013		
10.73		-0.10016		
10.74		-0.10019		
10.75		-0.10022		
10.76		-0.10024		
10.77		-0.10027		
10.78		-0.1003		
10.79		-0.10033		
10.8		-0.10035		
10.81		-0.10038		
10.82		-0.10041		
10.83		-0.10043		
10.84		-0.10046		
10.85		-0.10049		
10.86		-0.10051		
10.87		-0.10054		
10.88		-0.10057		
10.89		-0.10059		
10.9		-0.10062		
10.91		-0.10065		
10.92		-0.10067		
10.93		-0.1007		
10.94		-0.10073		
10.95		-0.10075		
10.96		-0.10078		
10.97		-0.10081		
10.98		-0.10083		
10.99		-0.10086		
11		-0.10088		
11.01		-0.10091		
11.02		-0.10094		
11.03		-0.10096		
11.04		-0.10099		
11.05		-0.10101		
11.06		-0.10104		
11.07		-0.10107		
11.08		-0.10109		
11.09		-0.10112		
11.1		-0.10114		
11.11		-0.10117		
11.12		-0.1012		
11.13		-0.10122		
11.14		-0.10125		
11.15		-0.10127		
11.16		-0.1013		
11.17		-0.10132		
11.18		-0.10135		
11.19		-0.10137		
11.2		-0.1014		
11.21		-0.10143		
11.22		-0.10145		
11.23		-0.10148		
11.24		-0.1015		
11.25		-0.10153		
11.26		-0.10155		
11.27		-0.10158		
11.28		-0.1016		
11.29		-0.10163		
11.3		-0.10165		
11.31		-0.10168		
11.32		-0.1017		
11.33		-0.10173		
11.34		-0.10175		
11.35		-0.10178		
11.36		-0.1018		
11.37		-0.10183		
11.38		-0.10185		
11.39		-0.10188		
11.4		-0.1019		
11.41		-0.10193		
11.42		-0.10195		
11.43		-0.10198		
11.44		-0.102		
11.45		-0.10203		
11.46		-0.10205		
11.47		-0.10208		
11.48		-0.1021		
11.49		-0.10213		
11.5		-0.10215		
11.51		-0.10218		
11.52		-0.1022		
11.53		-0.10223		
11.54		-0.10225		
11.55		-0.10228		
11.56		-0.1023		
11.57		-0.10233		
11.58		-0.10235		
11.59		-0.10238		
11.6		-0.1024		
11.61		-0.10242		
11.62		-0.10245		
11.63		-0.10247		
11.64		-0.1025		
11.65		-0.10252		
11.66		-0.10255		
11.67		-0.10257		
11.68		-0.1026		
11.69		-0.10262		
11.7		-0.10265		
11.71		-0.10267		
11.72		-0.1027		
11.73		-0.10272		
11.74		-0.10274		
11.75		-0.10277		
11.76		-0.10279		
11.77		-0.10282		
11.78		-0.10284		
11.79		-0.10287		
11.8		-0.10289		
11.81		-0.10292		
11.82		-0.10294		
11.83		-0.10297		
11.84		-0.10299		
11.85		-0.10301		
11.86		-0.10304		
11.87		-0.10306		
11.88		-0.10309		
11.89		-0.10311		
11.9		-0.10314		
11.91		-0.10316		
11.92		-0.10319		
11.93		-0.10321		
11.94		-0.10324		
11.95		-0.10326		
11.96		-0.10329		
11.97		-0.10331		
11.98		-0.10334		
11.99		-0.10336		
12		-0.10338		
12.01		-0.10341		
12.02		-0.10343		
12.03		-0.10346		
12.04		-0.10348		
12.05		-0.10351		
12.06		-0.10353		
12.07		-0.10356		
12.08		-0.10358		
12.09		-0.10361		
12.1		-0.10363		
12.11		-0.10366		
12.12		-0.10368		
12.13		-0.10371		
12.14		-0.10373		
12.15		-0.10376		
12.16		-0.10378		
12.17		-0.10381		
12.18		-0.10383		
12.19		-0.10386		
12.2		-0.10388		
12.21		-0.10391		
12.22		-0.10393		
12.23		-0.10396		
12.24		-0.10398		
12.25		-0.10401		
12.26		-0.10403		
12.27		-0.10406		
12.28		-0.10408		
12.29		-0.10411		
12.3		-0.10413		
12.31		-0.10416		
12.32		-0.10419		
12.33		-0.10421		
12.34		-0.10424		
12.35		-0.10426		
12.36		-0.10429		
12.37		-0.10431		
12.38		-0.10434		
12.39		-0.10436		
12.4		-0.10439		
12.41		-0.10442		
12.42		-0.10444		
12.43		-0.10447		
12.44		-0.10449		
12.45		-0.10452		
12.46		-0.10454		
12.47		-0.10457		
12.48		-0.1046		
12.49		-0.10462		
12.5		-0.10465		
12.51		-0.10468		
12.52		-0.1047		
12.53		-0.10473		
12.54		-0.10475		
12.55		-0.10478		
12.56		-0.10481		
12.57		-0.10483		
12.58		-0.10486		
12.59		-0.10489		
12.6		-0.10491		
12.61		-0.10494		
12.62		-0.10497		
12.63		-0.10499		
12.64		-0.10502		
12.65		-0.10505		
12.66		-0.10507		
12.67		-0.1051		
12.68		-0.10513		
12.69		-0.10515		
12.7		-0.10518		
12.71		-0.10521		
12.72		-0.10523		
12.73		-0.10526		
12.74		-0.10529		
12.75		-0.10532		
12.76		-0.10534		
12.77		-0.10537		
12.78		-0.1054		
12.79		-0.10543		
12.8		-0.10545		
12.81		-0.10548		
12.82		-0.10551		
12.83		-0.10554		
12.84		-0.10557		
12.85		-0.10559		
12.86		-0.10562		
12.87		-0.10565		
12.88		-0.10568		
12.89		-0.10571		
12.9		-0.10573		
12.91		-0.10576		
12.92		-0.10579		
12.93		-0.10582		
12.94		-0.10585		
12.95		-0.10588		
12.96		-0.10591		
12.97		-0.10594		
12.98		-0.10596		
12.99		-0.10599		
13		-0.10602		
13.01		-0.10605		
13.02		-0.10608		
13.03		-0.10611		
13.04		-0.10614		
13.05		-0.10617		
13.06		-0.1062		
13.07		-0.10623		
13.08		-0.10626		
13.09		-0.10629		
13.1		-0.10632		
13.11		-0.10635		
13.12		-0.10638		
13.13		-0.10641		
13.14		-0.10644		
13.15		-0.10647		
13.16		-0.1065		
13.17		-0.10653		
13.18		-0.10656		
13.19		-0.10659		
13.2		-0.10662		
13.21		-0.10665		
13.22		-0.10668		
13.23		-0.10671		
13.24		-0.10674		
13.25		-0.10678		
13.26		-0.10681		
13.27		-0.10684		
13.28		-0.10687		
13.29		-0.1069		
13.3		-0.10693		
13.31		-0.10696		
13.32		-0.107		
13.33		-0.10703		
13.34		-0.10706		
13.35		-0.10709		
13.36		-0.10712		
13.37		-0.10716		
13.38		-0.10719		
13.39		-0.10722		
13.4		-0.10725		
13.41		-0.10729		
13.42		-0.10732		
13.43		-0.10735		
13.44		-0.10739		
13.45		-0.10742		
13.46		-0.10745		
13.47		-0.10749		
13.48		-0.10752		
13.49		-0.10755		
13.5		-0.10759		
13.51		-0.10762		
13.52		-0.10766		
13.53		-0.10769		
13.54		-0.10772		
13.55		-0.10776		
13.56		-0.10779		
13.57		-0.10783		
13.58		-0.10786		
13.59		-0.1079		
13.6		-0.10793		
13.61		-0.10797		
13.62		-0.108		
13.63		-0.10804		
13.64		-0.10807		
13.65		-0.10811		
13.66		-0.10814		
13.67		-0.10818		
13.68		-0.10822		
13.69		-0.10825		
13.7		-0.10829		
13.71		-0.10832		
13.72		-0.10836		
13.73		-0.1084		
13.74		-0.10843		
13.75		-0.10847		
13.76		-0.10851		
13.77		-0.10854		
13.78		-0.10858		
13.79		-0.10862		
13.8		-0.10866		
13.81		-0.10869		
13.82		-0.10873		
13.83		-0.10877		
13.84		-0.10881		
13.85		-0.10885		
13.86		-0.10888		
13.87		-0.10892		
13.88		-0.10896		
13.89		-0.109		
13.9		-0.10904		
13.91		-0.10908		
13.92		-0.10912		
13.93		-0.10916		
13.94		-0.1092		
13.95		-0.10924		
13.96		-0.10927		
13.97		-0.10931		
13.98		-0.10935		
13.99		-0.10939		
14		-0.10944		
14.01		-0.10948		
14.02		-0.10952		
14.03		-0.10956		
14.04		-0.1096		
14.05		-0.10964		
14.06		-0.10968		
14.07		-0.10972		
14.08		-0.10976		
14.09		-0.10981		
14.1		-0.10985		
14.11		-0.10989		
14.12		-0.10993		
14.13		-0.10997		
14.14		-0.11002		
14.15		-0.11006		
14.16		-0.1101		
14.17		-0.11014		
14.18		-0.11019		
14.19		-0.11023		
14.2		-0.11027		
14.21		-0.11032		
14.22		-0.11036		
14.23		-0.11041		
14.24		-0.11045		
14.25		-0.1105		
14.26		-0.11054		
14.27		-0.11058		
14.28		-0.11063		
14.29		-0.11067		
14.3		-0.11072		
14.31		-0.11076		
14.32		-0.11081		
14.33		-0.11086		
14.34		-0.1109		
14.35		-0.11095		
14.36		-0.11099		
14.37		-0.11104		
14.38		-0.11109		
14.39		-0.11113		
14.4		-0.11118		
14.41		-0.11123		
14.42		-0.11128		
14.43		-0.11132		
14.44		-0.11137		
14.45		-0.11142		
14.46		-0.11147		
14.47		-0.11152		
14.48		-0.11156		
14.49		-0.11161		
14.5		-0.11166		
14.51		-0.11171		
14.52		-0.11176		
14.53		-0.11181		
14.54		-0.11186		
14.55		-0.11191		
14.56		-0.11196		
14.57		-0.11201		
14.58		-0.11206		
14.59		-0.11211		
14.6		-0.11216		
14.61		-0.11221		
14.62		-0.11226		
14.63		-0.11232		
14.64		-0.11237		
14.65		-0.11242		
14.66		-0.11247		
14.67		-0.11252		
14.68		-0.11258		
14.69		-0.11263		
14.7		-0.11268		
14.71		-0.11274		
14.72		-0.11279		
14.73		-0.11284		
14.74		-0.1129		
14.75		-0.11295		
14.76		-0.113		
14.77		-0.11306		
14.78		-0.11311		
14.79		-0.11317		
14.8		-0.11322		
14.81		-0.11328		
14.82		-0.11333		
14.83		-0.11339		
14.84		-0.11345		
14.85		-0.1135		
14.86		-0.11356		
14.87		-0.11361		
14.88		-0.11367		
14.89		-0.11373		
14.9		-0.11379		
14.91		-0.11384		
14.92		-0.1139		
14.93		-0.11396		
14.94		-0.11402		
14.95		-0.11408		
14.96		-0.11413		
14.97		-0.11419		
14.98		-0.11425		
14.99		-0.11431		
15		-0.11437		
15.01		-0.11443		
15.02		-0.11449		
15.03		-0.11455		
15.04		-0.11461		
15.05		-0.11467		
15.06		-0.11473		
15.07		-0.1148		
15.08		-0.11486		
15.09		-0.11492		
15.1		-0.11498		
15.11		-0.11504		
15.12		-0.11511		
15.13		-0.11517		
15.14		-0.11523		
15.15		-0.11529		
15.16		-0.11536		
15.17		-0.11542		
15.18		-0.11549		
15.19		-0.11555		
15.2		-0.11561		
15.21		-0.11568		
15.22		-0.11574		
15.23		-0.11581		
15.24		-0.11587		
15.25		-0.11594		
15.26		-0.11601		
15.27		-0.11607		
15.28		-0.11614		
15.29		-0.11621		
15.3		-0.11627		
15.31		-0.11634		
15.32		-0.11641		
15.33		-0.11648		
15.34		-0.11654		
15.35		-0.11661		
15.36		-0.11668		
15.37		-0.11675		
15.38		-0.11682		
15.39		-0.11689		
15.4		-0.11696		
15.41		-0.11703		
15.42		-0.1171		
15.43		-0.11717		
15.44		-0.11724		
15.45		-0.11731		
15.46		-0.11738		
15.47		-0.11745		
15.48		-0.11753		
15.49		-0.1176		
15.5		-0.11767		
15.51		-0.11774		
15.52		-0.11782		
15.53		-0.11789		
15.54		-0.11796		
15.55		-0.11804		
15.56		-0.11811		
15.57		-0.11819		
15.58		-0.11826		
15.59		-0.11834		
15.6		-0.11841		
15.61		-0.11849		
15.62		-0.11856		
15.63		-0.11864		
15.64		-0.11872		
15.65		-0.11879		
15.66		-0.11887		
15.67		-0.11895		
15.68		-0.11903		
15.69		-0.1191		
15.7		-0.11918		
15.71		-0.11926		
15.72		-0.11934		
15.73		-0.11942		
15.74		-0.1195		
15.75		-0.11958		
15.76		-0.11966		
15.77		-0.11974		
15.78		-0.11982		
15.79		-0.1199		
15.8		-0.11998		
15.81		-0.12006		
15.82		-0.12015		
15.83		-0.12023		
15.84		-0.12031		
15.85		-0.12039		
15.86		-0.12048		
15.87		-0.12056		
15.88		-0.12064		
15.89		-0.12073		
15.9		-0.12081		
15.91		-0.1209		
15.92		-0.12098		
15.93		-0.12107		
15.94		-0.12115		
15.95		-0.12124		
15.96		-0.12133		
15.97		-0.12141		
15.98		-0.1215		
15.99		-0.12159		
16		-0.12168		
16.01		-0.12176		
16.02		-0.12185		
16.03		-0.12194		
16.04		-0.12203		
16.05		-0.12212		
16.06		-0.12221		
16.07		-0.1223		
16.08		-0.12239		
16.09		-0.12248		
16.1		-0.12257		
16.11		-0.12266		
16.12		-0.12276		
16.13		-0.12285		
16.14		-0.12294		
16.15		-0.12303		
16.16		-0.12313		
16.17		-0.12322		
16.18		-0.12331		
16.19		-0.12341		
16.2		-0.1235		
16.21		-0.1236		
16.22		-0.12369		
16.23		-0.12379		
16.24		-0.12388		
16.25		-0.12398		
16.26		-0.12408		
16.27		-0.12417		
16.28		-0.12427		
16.29		-0.12437		
16.3		-0.12447		
16.31		-0.12456		
16.32		-0.12466		
16.33		-0.12476		
16.34		-0.12486		
16.35		-0.12496		
16.36		-0.12506		
16.37		-0.12516		
16.38		-0.12526		
16.39		-0.12537		
16.4		-0.12547		
16.41		-0.12557		
16.42		-0.12567		
16.43		-0.12577		
16.44		-0.12588		
16.45		-0.12598		
16.46		-0.12608		
16.47		-0.12619		
16.48		-0.12629		
16.49		-0.1264		
16.5		-0.1265		
16.51		-0.12661		
16.52		-0.12672		
16.53		-0.12682		
16.54		-0.12693		
16.55		-0.12704		
16.56		-0.12714		
16.57		-0.12725		
16.58		-0.12736		
16.59		-0.12747		
16.6		-0.12758		
16.61		-0.12769		
16.62		-0.1278		
16.63		-0.12791		
16.64		-0.12802		
16.65		-0.12813		
16.66		-0.12824		
16.67		-0.12836		
16.68		-0.12847		
16.69		-0.12858		
16.7		-0.12869		
16.71		-0.12881		
16.72		-0.12892		
16.73		-0.12904		
16.74		-0.12915		
16.75		-0.12927		
16.76		-0.12938		
16.77		-0.1295		
16.78		-0.12961		
16.79		-0.12973		
16.8		-0.12985		
16.81		-0.12996		
16.82		-0.13008		
16.83		-0.1302		
16.84		-0.13032		
16.85		-0.13044		
16.86		-0.13056		
16.87		-0.13068		
16.88		-0.1308		
16.89		-0.13092		
16.9		-0.13104		
16.91		-0.13116		
16.92		-0.13129		
16.93		-0.13141		
16.94		-0.13153		
16.95		-0.13165		
16.96		-0.13178		
16.97		-0.1319		
16.98		-0.13203		
16.99		-0.13215		
17		-0.13228		
17.01		-0.1324		
17.02		-0.13253		
17.03		-0.13266		
17.04		-0.13278		
17.05		-0.13291		
17.06		-0.13304		
17.07		-0.13317		
17.08		-0.1333		
17.09		-0.13343		
17.1		-0.13356		
17.11		-0.13369		
17.12		-0.13382		
17.13		-0.13395		
17.14		-0.13408		
17.15		-0.13421		
17.16		-0.13435		
17.17		-0.13448		
17.18		-0.13461		
17.19		-0.13475		
17.2		-0.13488		
17.21		-0.13501		
17.22		-0.13515		
17.23		-0.13529		
17.24		-0.13542		
17.25		-0.13556		
17.26		-0.1357		
17.27		-0.13583		
17.28		-0.13597		
17.29		-0.13611		
17.3		-0.13625		
17.31		-0.13639		
17.32		-0.13653		
17.33		-0.13667		
17.34		-0.13681		
17.35		-0.13695		
17.36		-0.13709		
17.37		-0.13723		
17.38		-0.13737		
17.39		-0.13752		
17.4		-0.13766		
17.41		-0.13781		
17.42		-0.13795		
17.43		-0.13809		
17.44		-0.13824		
17.45		-0.13839		
17.46		-0.13853		
17.47		-0.13868		
17.48		-0.13883		
17.49		-0.13897		
17.5		-0.13912		
17.51		-0.13927		
17.52		-0.13942		
17.53		-0.13957		
17.54		-0.13972		
17.55		-0.13987		
17.56		-0.14002		
17.57		-0.14017		
17.58		-0.14032		
17.59		-0.14048		
17.6		-0.14063		
17.61		-0.14078		
17.62		-0.14094		
17.63		-0.14109		
17.64		-0.14125		
17.65		-0.1414		
17.66		-0.14156		
17.67		-0.14171		
17.68		-0.14187		
17.69		-0.14203		
17.7		-0.14219		
17.71		-0.14235		
17.72		-0.1425		
17.73		-0.14266		
17.74		-0.14282		
17.75		-0.14298		
17.76		-0.14315		
17.77		-0.14331		
17.78		-0.14347		
17.79		-0.14363		
17.8		-0.14379		
17.81		-0.14396		
17.82		-0.14412		
17.83		-0.14429		
17.84		-0.14445		
17.85		-0.14462		
17.86		-0.14478		
17.87		-0.14495		
17.88		-0.14512		
17.89		-0.14528		
17.9		-0.14545		
17.91		-0.14562		
17.92		-0.14579		
17.93		-0.14596		
17.94		-0.14613		
17.95		-0.1463		
17.96		-0.14647		
17.97		-0.14664		
17.98		-0.14682		
17.99		-0.14699		
18		-0.14716		
18.01		-0.14734		
18.02		-0.14751		
18.03		-0.14769		
18.04		-0.14786		
18.05		-0.14804		
18.06		-0.14821		
18.07		-0.14839		
18.08		-0.14857		
18.09		-0.14875		
18.1		-0.14893		
18.11		-0.14911		
18.12		-0.14929		
18.13		-0.14947		
18.14		-0.14965		
18.15		-0.14983		
18.16		-0.15001		
18.17		-0.15019		
18.18		-0.15038		
18.19		-0.15056		
18.2		-0.15074		
18.21		-0.15093		
18.22		-0.15111		
18.23		-0.1513		
18.24		-0.15149		
18.25		-0.15167		
18.26		-0.15186		
18.27		-0.15205		
18.28		-0.15224		
18.29		-0.15243		
18.3		-0.15262		
18.31		-0.15281		
18.32		-0.153		
18.33		-0.15319		
18.34		-0.15338		
18.35		-0.15357		
18.36		-0.15377		
18.37		-0.15396		
18.38		-0.15415		
18.39		-0.15435		
18.4		-0.15454		
18.41		-0.15474		
18.42		-0.15494		
18.43		-0.15513		
18.44		-0.15533		
18.45		-0.15553		
18.46		-0.15573		
18.47		-0.15593		
18.48		-0.15613		
18.49		-0.15633		
18.5		-0.15653		
18.51		-0.15673		
18.52		-0.15693		
18.53		-0.15714		
18.54		-0.15734		
18.55		-0.15754		
18.56		-0.15775		
18.57		-0.15795		
18.58		-0.15816		
18.59		-0.15837		
18.6		-0.15857		
18.61		-0.15878		
18.62		-0.15899		
18.63		-0.1592		
18.64		-0.15941		
18.65		-0.15962		
18.66		-0.15983		
18.67		-0.16004		
18.68		-0.16025		
18.69		-0.16046		
18.7		-0.16068		
18.71		-0.16089		
18.72		-0.1611		
18.73		-0.16132		
18.74		-0.16153		
18.75		-0.16175		
18.76		-0.16197		
18.77		-0.16218		
18.78		-0.1624		
18.79		-0.16262		
18.8		-0.16284		
18.81		-0.16306		
18.82		-0.16328		
18.83		-0.1635		
18.84		-0.16372		
18.85		-0.16394		
18.86		-0.16417		
18.87		-0.16439		
18.88		-0.16461		
18.89		-0.16484		
18.9		-0.16506		
18.91		-0.16529		
18.92		-0.16552		
18.93		-0.16574		
18.94		-0.16749		
18.95		-0.1674		
18.96		-0.16731		
18.97		-0.16722		
18.98		-0.16714		
18.99		-0.16705		
19		-0.16696		
19.01		-0.16687		
19.02		-0.16678		
19.03		-0.16669		
19.04		-0.16661		
19.05		-0.16652		
19.06		-0.16643		
19.07		-0.16634		
19.08		-0.16625		
19.09		-0.16616		
19.1		-0.16607		
19.11		-0.16598		
19.12		-0.16589		
19.13		-0.1658		
19.14		-0.16571		
19.15		-0.16562		
19.16		-0.16553		
19.17		-0.16544		
19.18		-0.16534		
19.19		-0.16525		
19.2		-0.16516		
19.21		-0.16507		
19.22		-0.16498		
19.23		-0.16489		
19.24		-0.16479		
19.25		-0.1647		
19.26		-0.16461		
19.27		-0.16452		
19.28		-0.16442		
19.29		-0.16433		
19.3		-0.16424		
19.31		-0.16415		
19.32		-0.16405		
19.33		-0.16396		
19.34		-0.16387		
19.35		-0.16377		
19.36		-0.16368		
19.37		-0.16358		
19.38		-0.16349		
19.39		-0.1634		
19.4		-0.1633		
19.41		-0.16321		
19.42		-0.16311		
19.43		-0.16302		
19.44		-0.16292		
19.45		-0.16283		
19.46		-0.16273		
19.47		-0.16264		
19.48		-0.16254		
19.49		-0.16245		
19.5		-0.16235		
19.51		-0.16226		
19.52		-0.16216		
19.53		-0.16206		
19.54		-0.16197		
19.55		-0.16187		
19.56		-0.16178		
19.57		-0.16168		
19.58		-0.16158		
19.59		-0.16149		
19.6		-0.16139		
19.61		-0.16129		
19.62		-0.1612		
19.63		-0.1611		
19.64		-0.161		
19.65		-0.1609		
19.66		-0.16081		
19.67		-0.16071		
19.68		-0.16061		
19.69		-0.16051		
19.7		-0.16042		
19.71		-0.16032		
19.72		-0.16022		
19.73		-0.16012		
19.74		-0.16002		
19.75		-0.15993		
19.76		-0.15983		
19.77		-0.15973		
19.78		-0.15963		
19.79		-0.15953		
19.8		-0.15943		
19.81		-0.15933		
19.82		-0.15924		
19.83		-0.15914		
19.84		-0.15904		
19.85		-0.15894		
19.86		-0.15884		
19.87		-0.15874		
19.88		-0.15864		
19.89		-0.15854		
19.9		-0.15844		
19.91		-0.15834		
19.92		-0.15824		
19.93		-0.15814		
19.94		-0.15804		
19.95		-0.15794		
19.96		-0.15784		
19.97		-0.15774		
19.98		-0.15764		
19.99		-0.15754		
20		-0.15744		
20.01		-0.15734		
20.02		-0.15724		
20.03		-0.15714		
20.04		-0.15704		
20.05		-0.15694		
20.06		-0.15683		
20.07		-0.15673		
20.08		-0.15663		
20.09		-0.15653		
20.1		-0.15643		
20.11		-0.15633		
20.12		-0.15623		
20.13		-0.15613		
20.14		-0.15602		
20.15		-0.15592		
20.16		-0.15582		
20.17		-0.15572		
20.18		-0.15562		
20.19		-0.15552		
20.2		-0.15541		
20.21		-0.15531		
20.22		-0.15521		
20.23		-0.15511		
20.24		-0.15501		
20.25		-0.1549		
20.26		-0.1548		
20.27		-0.1547		
20.28		-0.1546		
20.29		-0.15449		
20.3		-0.15439		
20.31		-0.15429		
20.32		-0.15419		
20.33		-0.15408		
20.34		-0.15398		
20.35		-0.15388		
20.36		-0.15378		
20.37		-0.15367		
20.38		-0.15357		
20.39		-0.15347		
20.4		-0.15337		
20.41		-0.15326		
20.42		-0.15316		
20.43		-0.15306		
20.44		-0.15295		
20.45		-0.15285		
20.46		-0.15275		
20.47		-0.15264		
20.48		-0.15254		
20.49		-0.15244		
20.5		-0.15233		
20.51		-0.15223		
20.52		-0.15213		
20.53		-0.15202		
20.54		-0.15192		
20.55		-0.15182		
20.56		-0.15171		
20.57		-0.15161		
20.58		-0.1515		
20.59		-0.1514		
20.6		-0.1513		
20.61		-0.15119		
20.62		-0.15109		
20.63		-0.15099		
20.64		-0.15088		
20.65		-0.15078		
20.66		-0.15067		
20.67		-0.15057		
20.68		-0.15047		
20.69		-0.15036		
20.7		-0.15026		
20.71		-0.15015		
20.72		-0.15005		
20.73		-0.14995		
20.74		-0.14984		
20.75		-0.14974		
20.76		-0.14963		
20.77		-0.14953		
20.78		-0.14942		
20.79		-0.14932		
20.8		-0.14922		
20.81		-0.14911		
20.82		-0.14901		
20.83		-0.1489		
20.84		-0.1488		
20.85		-0.14869		
20.86		-0.14859		
20.87		-0.14848		
20.88		-0.14838		
20.89		-0.14828		
20.9		-0.14817		
20.91		-0.14807		
20.92		-0.14796		
20.93		-0.14786		
20.94		-0.14775		
20.95		-0.14765		
20.96		-0.14754		
20.97		-0.14744		
20.98		-0.14733		
20.99		-0.14723		
21		-0.14712		
21.01		-0.14702		
21.02		-0.14691		
21.03		-0.14681		
21.04		-0.1467		
21.05		-0.1466		
21.06		-0.1465		
21.07		-0.14639		
21.08		-0.14629		
21.09		-0.14618		
21.1		-0.14608		
21.11		-0.14597		
21.12		-0.14587		
21.13		-0.14576		
21.14		-0.14566		
21.15		-0.14555		
21.16		-0.14545		
21.17		-0.14534		
21.18		-0.14524		
21.19		-0.14513		
21.2		-0.14503		
21.21		-0.14492		
21.22		-0.14482		
21.23		-0.14471		
21.24		-0.14461		
21.25		-0.1445		
21.26		-0.1444		
21.27		-0.14429		
21.28		-0.14419		
21.29		-0.14408		
21.3		-0.14398		
21.31		-0.14387		
21.32		-0.14377		
21.33		-0.14366		
21.34		-0.14356		
21.35		-0.14345		
21.36		-0.14335		
21.37		-0.14324		
21.38		-0.14314		
21.39		-0.14303		
21.4		-0.14293		
21.41		-0.14282		
21.42		-0.14272		
21.43		-0.14261		
21.44		-0.14251		
21.45		-0.1424		
21.46		-0.1423		
21.47		-0.14219		
21.48		-0.14209		
21.49		-0.14198		
21.5		-0.14188		
21.51		-0.14178		
21.52		-0.14167		
21.53		-0.14157		
21.54		-0.14146		
21.55		-0.14136		
21.56		-0.14125		
21.57		-0.14115		
21.58		-0.14104		
21.59		-0.14094		
21.6		-0.14083		
21.61		-0.14073		
21.62		-0.14062		
21.63		-0.14052		
21.64		-0.14041		
21.65		-0.14031		
21.66		-0.1402		
21.67		-0.1401		
21.68		-0.13999		
21.69		-0.13989		
21.7		-0.13978		
21.71		-0.13968		
21.72		-0.13958		
21.73		-0.13947		
21.74		-0.13937		
21.75		-0.13926		
21.76		-0.13916		
21.77		-0.13905		
21.78		-0.13895		
21.79		-0.13884		
21.8		-0.13874		
21.81		-0.13864		
21.82		-0.13853		
21.83		-0.13843		
21.84		-0.13832		
21.85		-0.13822		
21.86		-0.13811		
21.87		-0.13801		
21.88		-0.1379		
21.89		-0.1378		
21.9		-0.1377		
21.91		-0.13759		
21.92		-0.13749		
21.93		-0.13738		
21.94		-0.13728		
21.95		-0.13717		
21.96		-0.13707		
21.97		-0.13697		
21.98		-0.13686		
21.99		-0.13676		
22		-0.13665		
22.01		-0.13655		
22.02		-0.13645		
22.03		-0.13634		
22.04		-0.13624		
22.05		-0.13613		
22.06		-0.13603		
22.07		-0.13593		
22.08		-0.13582		
22.09		-0.13572		
22.1		-0.13562		
22.11		-0.13551		
22.12		-0.13541		
22.13		-0.1353		
22.14		-0.1352		
22.15		-0.1351		
22.16		-0.13499		
22.17		-0.13489		
22.18		-0.13479		
22.19		-0.13468		
22.2		-0.13458		
22.21		-0.13448		
22.22		-0.13437		
22.23		-0.13427		
22.24		-0.13416		
22.25		-0.13406		
22.26		-0.13396		
22.27		-0.13385		
22.28		-0.13375		
22.29		-0.13365		
22.3		-0.13355		
22.31		-0.13344		
22.32		-0.13334		
22.33		-0.13324		
22.34		-0.13313		
22.35		-0.13303		
22.36		-0.13293		
22.37		-0.13282		
22.38		-0.13272		
22.39		-0.13262		
22.4		-0.13251		
22.41		-0.13241		
22.42		-0.13231		
22.43		-0.13221		
22.44		-0.1321		
22.45		-0.132		
22.46		-0.1319		
22.47		-0.1318		
22.48		-0.13169		
22.49		-0.13159		
22.5		-0.13149		
22.51		-0.13139		
22.52		-0.13128		
22.53		-0.13118		
22.54		-0.13108		
22.55		-0.13098		
22.56		-0.13087		
22.57		-0.13077		
22.58		-0.13067		
22.59		-0.13057		
22.6		-0.13046		
22.61		-0.13036		
22.62		-0.13026		
22.63		-0.13016		
22.64		-0.13006		
22.65		-0.12995		
22.66		-0.12985		
22.67		-0.12975		
22.68		-0.12965		
22.69		-0.12955		
22.7		-0.12944		
22.71		-0.12934		
22.72		-0.12924		
22.73		-0.12914		
22.74		-0.12904		
22.75		-0.12894		
22.76		-0.12884		
22.77		-0.12873		
22.78		-0.12863		
22.79		-0.12853		
22.8		-0.12843		
22.81		-0.12833		
22.82		-0.12823		
22.83		-0.12813		
22.84		-0.12802		
22.85		-0.12792		
22.86		-0.12782		
22.87		-0.12772		
22.88		-0.12762		
22.89		-0.12752		
22.9		-0.12742		
22.91		-0.12732		
22.92		-0.12722		
22.93		-0.12712		
22.94		-0.12701		
22.95		-0.12691		
22.96		-0.12681		
22.97		-0.12671		
22.98		-0.12661		
22.99		-0.12651		
23		-0.12641		
23.01		-0.12631		
23.02		-0.12621		
23.03		-0.12611		
23.04		-0.12601		
23.05		-0.12591		
23.06		-0.12581		
23.07		-0.12571		
23.08		-0.12561		
23.09		-0.12551		
23.1		-0.12541		
23.11		-0.12531		
23.12		-0.12521		
23.13		-0.12511		
23.14		-0.12501		
23.15		-0.12491		
23.16		-0.12481		
23.17		-0.12471		
23.18		-0.12461		
23.19		-0.12451		
23.2		-0.12441		
23.21		-0.12431		
23.22		-0.12421		
23.23		-0.12411		
23.24		-0.12401		
23.25		-0.12391		
23.26		-0.12382		
23.27		-0.12372		
23.28		-0.12362		
23.29		-0.12352		
23.3		-0.12342		
23.31		-0.12332		
23.32		-0.12322		
23.33		-0.12312		
23.34		-0.12302		
23.35		-0.12292		
23.36		-0.12283		
23.37		-0.12273		
23.38		-0.12263		
23.39		-0.12253		
23.4		-0.12243		
23.41		-0.12233		
23.42		-0.12223		
23.43		-0.12214		
23.44		-0.12204		
23.45		-0.12194		
23.46		-0.12184		
23.47		-0.12174		
23.48		-0.12164		
23.49		-0.12155		
23.5		-0.12145		
23.51		-0.12135		
23.52		-0.12125		
23.53		-0.12115		
23.54		-0.12106		
23.55		-0.12096		
23.56		-0.12086		
23.57		-0.12076		
23.58		-0.12067		
23.59		-0.12057		
23.6		-0.12047		
23.61		-0.12037		
23.62		-0.12028		
23.63		-0.12018		
23.64		-0.12008		
23.65		-0.11998		
23.66		-0.11989		
23.67		-0.11979		
23.68		-0.11969		
23.69		-0.1196		
23.7		-0.1195		
23.71		-0.1194		
23.72		-0.1193		
23.73		-0.11921		
23.74		-0.11911		
23.75		-0.11901		
23.76		-0.11892		
23.77		-0.11882		
23.78		-0.11872		
23.79		-0.11863		
23.8		-0.11853		
23.81		-0.11843		
23.82		-0.11834		
23.83		-0.11824		
23.84		-0.11815		
23.85		-0.11805		
23.86		-0.11795		
23.87		-0.11786		
23.88		-0.11776		
23.89		-0.11767		
23.9		-0.11757		
23.91		-0.11747		
23.92		-0.11738		
23.93		-0.11728		
23.94		-0.11719		
23.95		-0.11709		
23.96		-0.117		
23.97		-0.1169		
23.98		-0.1168		
23.99		-0.11671		
24		-0.11661		
24.01		-0.11652		
24.02		-0.11642		
24.03		-0.11633		
24.04		-0.11623		
24.05		-0.11614		
24.06		-0.11604		
24.07		-0.11595		
24.08		-0.11585		
24.09		-0.11576		
24.1		-0.11566		
24.11		-0.11557		
24.12		-0.11547		
24.13		-0.11538		
24.14		-0.11529		
24.15		-0.11519		
24.16		-0.1151		
24.17		-0.115		
24.18		-0.11491		
24.19		-0.11481		
24.2		-0.11472		
24.21		-0.11463		
24.22		-0.11453		
24.23		-0.11444		
24.24		-0.11434		
24.25		-0.11425		
24.26		-0.11416		
24.27		-0.11406		
24.28		-0.11397		
24.29		-0.11387		
24.3		-0.11378		
24.31		-0.11369		
24.32		-0.11359		
24.33		-0.1135		
24.34		-0.11341		
24.35		-0.11331		
24.36		-0.11322		
24.37		-0.11313		
24.38		-0.11303		
24.39		-0.11294		
24.4		-0.11285		
24.41		-0.11276		
24.42		-0.11266		
24.43		-0.11257		
24.44		-0.11248		
24.45		-0.11238		
24.46		-0.11229		
24.47		-0.1122		
24.48		-0.11211		
24.49		-0.11201		
24.5		-0.11192		
24.51		-0.11183		
24.52		-0.11174		
24.53		-0.11165		
24.54		-0.11155		
24.55		-0.11146		
24.56		-0.11137		
24.57		-0.11128		
24.58		-0.11119		
24.59		-0.11109		
24.6		-0.111		
24.61		-0.11091		
24.62		-0.11082		
24.63		-0.11073		
24.64		-0.11063		
24.65		-0.11054		
24.66		-0.11045		
24.67		-0.11036		
24.68		-0.11027		
24.69		-0.11018		
24.7		-0.11009		
24.71		-0.11		
24.72		-0.1099		
24.73		-0.10981		
24.74		-0.10972		
24.75		-0.10963		
24.76		-0.10954		
24.77		-0.10945		
24.78		-0.10936		
24.79		-0.10927		
24.8		-0.10918		
24.81		-0.10909		
24.82		-0.109		
24.83		-0.10891		
24.84		-0.10882		
24.85		-0.10873		
24.86		-0.10864		
24.87		-0.10855		
24.88		-0.10846		
24.89		-0.10837		
24.9		-0.10642		
24.91		-0.10499		
24.92		-0.10361		
24.93		-0.10225		
24.94		-0.10094		
24.95		-0.099654		
24.96		-0.098404		
24.97		-0.097185		
24.98		-0.095998		
24.99		-0.094841		
25		-0.093713		
25.01		-0.092614		
25.02		-0.091542		
25.03		-0.090496		
25.04		-0.089476		
25.05		-0.088482		
25.06		-0.087511		
25.07		-0.086564		
25.08		-0.085641		
25.09		-0.084739		
25.1		-0.083858		
25.11		-0.082999		
25.12		-0.08216		
25.13		-0.081341		
25.14		-0.08054		
25.15		-0.079758		
25.16		-0.078994		
25.17		-0.078248		
25.18		-0.077518		
25.19		-0.076805		
25.2		-0.076108		
25.21		-0.075427		
25.22		-0.07476		
25.23		-0.074108		
25.24		-0.07347		
25.25		-0.072846		
25.26		-0.072235		
25.27		-0.071638		
25.28		-0.071053		
25.29		-0.07048		
25.3		-0.069919		
25.31		-0.069369		
25.32		-0.068831		
25.33		-0.068304		
25.34		-0.067787		
25.35		-0.067281		
25.36		-0.066784		
25.37		-0.066298		
25.38		-0.065821		
25.39		-0.065353		
25.4		-0.064894		
25.41		-0.064443		
25.42		-0.064001		
25.43		-0.063567		
25.44		-0.063142		
25.45		-0.062724		
25.46		-0.062313		
25.47		-0.06191		
25.48		-0.061514		
25.49		-0.061125		
25.5		-0.060743		
25.51		-0.060367		
25.52		-0.059998		
25.53		-0.059634		
25.54		-0.059277		
25.55		-0.058926		
25.56		-0.058581		
25.57		-0.058241		
25.58		-0.057907		
25.59		-0.057577		
25.6		-0.057253		
25.61		-0.056935		
25.62		-0.05662		
25.63		-0.056311		
25.64		-0.056007		
25.65		-0.055706		
25.66		-0.055411		
25.67		-0.055119		
25.68		-0.054832		
25.69		-0.054549		
25.7		-0.05427		
25.71		-0.053994		
25.72		-0.053723		
25.73		-0.053455		
25.74		-0.053191		
25.75		-0.05293		
25.76		-0.052672		
25.77		-0.052418		
25.78		-0.052168		
25.79		-0.05192		
25.8		-0.051676		
25.81		-0.051434		
25.82		-0.051196		
25.83		-0.05096		
25.84		-0.050727		
25.85		-0.050497		
25.86		-0.05027		
25.87		-0.050045		
25.88		-0.049823		
25.89		-0.049603		
25.9		-0.049386		
25.91		-0.049171		
25.92		-0.048959		
25.93		-0.048748		
25.94		-0.04854		
25.95		-0.048335		
25.96		-0.048131		
25.97		-0.047929		
25.98		-0.04773		
25.99		-0.047532		
26		-0.047337		
26.01		-0.047143		
26.02		-0.046951		
26.03		-0.046761		
26.04		-0.046573		
26.05		-0.046387		
26.06		-0.046202		
26.07		-0.046019		
26.08		-0.045838		
26.09		-0.045658		
26.1		-0.04548		
26.11		-0.045304		
26.12		-0.045129		
26.13		-0.044955		
26.14		-0.044783		
26.15		-0.044613		
26.16		-0.044444		
26.17		-0.044276		
26.18		-0.04411		
26.19		-0.043944		
26.2		-0.043781		
26.21		-0.043618		
26.22		-0.043457		
26.23		-0.043297		
26.24		-0.043139		
26.25		-0.042981		
26.26		-0.042825		
26.27		-0.04267		
26.28		-0.042516		
26.29		-0.042363		
26.3		-0.042211		
26.31		-0.04206		
26.32		-0.041911		
26.33		-0.041762		
26.34		-0.041615		
26.35		-0.041468		
26.36		-0.041323		
26.37		-0.041178		
26.38		-0.041035		
26.39		-0.040892		
26.4		-0.04075		
26.41		-0.04061		
26.42		-0.04047		
26.43		-0.040331		
26.44		-0.040193		
26.45		-0.040056		
26.46		-0.039919		
26.47		-0.039784		
26.48		-0.039649		
26.49		-0.039516		
26.5		-0.039383		
26.51		-0.03925		
26.52		-0.039119		
26.53		-0.038988		
26.54		-0.038859		
26.55		-0.03873		
26.56		-0.038601		
26.57		-0.038474		
26.58		-0.038347		
26.59		-0.038221		
26.6		-0.038095		
26.61		-0.037971		
26.62		-0.037847		
26.63		-0.037723		
26.64		-0.037601		
26.65		-0.037479		
26.66		-0.037358		
26.67		-0.037237		
26.68		-0.037117		
26.69		-0.036998		
26.7		-0.036879		
26.71		-0.036761		
26.72		-0.036644		
26.73		-0.036527		
26.74		-0.036411		
26.75		-0.036295		
26.76		-0.03618		
26.77		-0.036066		
26.78		-0.035952		
26.79		-0.035838		
26.8		-0.035726		
26.81		-0.035614		
26.82		-0.035502		
26.83		-0.035391		
26.84		-0.035281		
26.85		-0.035171		
26.86		-0.035061		
26.87		-0.034953		
26.88		-0.034844		
26.89		-0.034737		
26.9		-0.034629		
26.91		-0.034523		
26.92		-0.034416		
26.93		-0.034311		
26.94		-0.034205		
26.95		-0.034101		
26.96		-0.033996		
26.97		-0.033893		
26.98		-0.033789		
26.99		-0.033687		
27		-0.033584		
27.01		-0.033483		
27.02		-0.033381		
27.03		-0.03328		
27.04		-0.03318		
27.05		-0.03308		
27.06		-0.03298		
27.07		-0.032881		
27.08		-0.032783		
27.09		-0.032685		
27.1		-0.032587		
27.11		-0.03249		
27.12		-0.032393		
27.13		-0.032296		
27.14		-0.0322		
27.15		-0.032105		
27.16		-0.03201		
27.17		-0.031915		
27.18		-0.031821		
27.19		-0.031727		
27.2		-0.031633		
27.21		-0.03154		
27.22		-0.031448		
27.23		-0.031355		
27.24		-0.031263		
27.25		-0.031172		
27.26		-0.031081		
27.27		-0.03099		
27.28		-0.0309		
27.29		-0.03081		
27.3		-0.03072		
27.31		-0.030631		
27.32		-0.030543		
27.33		-0.030454		
27.34		-0.030366		
27.35		-0.030278		
27.36		-0.030191		
27.37		-0.030104		
27.38		-0.030018		
27.39		-0.029932		
27.4		-0.029846		
27.41		-0.02976		
27.42		-0.029675		
27.43		-0.02959		
27.44		-0.029506		
27.45		-0.029422		
27.46		-0.029338		
27.47		-0.029255		
27.48		-0.029172		
27.49		-0.029089		
27.5		-0.029007		
27.51		-0.028925		
27.52		-0.028843		
27.53		-0.028762		
27.54		-0.028681		
27.55		-0.0286		
27.56		-0.02852		
27.57		-0.02844		
27.58		-0.02836		
27.59		-0.028281		
27.6		-0.028202		
27.61		-0.028123		
27.62		-0.028044		
27.63		-0.027966		
27.64		-0.027889		
27.65		-0.027811		
27.66		-0.027734		
27.67		-0.027657		
27.68		-0.02758		
27.69		-0.027504		
27.7		-0.027428		
27.71		-0.027353		
27.72		-0.027277		
27.73		-0.027202		
27.74		-0.027128		
27.75		-0.027053		
27.76		-0.026979		
27.77		-0.026905		
27.78		-0.026831		
27.79		-0.026758		
27.8		-0.026685		
27.81		-0.026613		
27.82		-0.02654		
27.83		-0.026468		
27.84		-0.026396		
27.85		-0.026325		
27.86		-0.026253		
27.87		-0.026182		
27.88		-0.026111		
27.89		-0.026041		
27.9		-0.025971		
27.91		-0.025901		
27.92		-0.025831		
27.93		-0.025762		
27.94		-0.025693		
27.95		-0.025624		
27.96		-0.025555		
27.97		-0.025487		
27.98		-0.025419		
27.99		-0.025351		
28		-0.025284		
28.01		-0.025216		
28.02		-0.025149		
28.03		-0.025083		
28.04		-0.025016		
28.05		-0.02495		
28.06		-0.024884		
28.07		-0.024818		
28.08		-0.024753		
28.09		-0.024688		
28.1		-0.024623		
28.11		-0.024558		
28.12		-0.024493		
28.13		-0.024429		
28.14		-0.024365		
28.15		-0.024301		
28.16		-0.024238		
28.17		-0.024175		
28.18		-0.024111		
28.19		-0.024049		
28.2		-0.023986		
28.21		-0.023924		
28.22		-0.023862		
28.23		-0.0238		
28.24		-0.023738		
28.25		-0.023677		
28.26		-0.023616		
28.27		-0.023555		
28.28		-0.023494		
28.29		-0.023434		
28.3		-0.023373		
28.31		-0.023313		
28.32		-0.023254		
28.33		-0.023194		
28.34		-0.023135		
28.35		-0.023075		
28.36		-0.023017		
28.37		-0.022958		
28.38		-0.022899		
28.39		-0.022841		
28.4		-0.022783		
28.41		-0.022725		
28.42		-0.022668		
28.43		-0.02261		
28.44		-0.022553		
28.45		-0.022496		
28.46		-0.022439		
28.47		-0.022383		
28.48		-0.022326		
28.49		-0.02227		
28.5		-0.022214		
28.51		-0.022159		
28.52		-0.022103		
28.53		-0.022048		
28.54		-0.021993		
28.55		-0.021938		
28.56		-0.021883		
28.57		-0.021829		
28.58		-0.021774		
28.59		-0.02172		
28.6		-0.021666		
28.61		-0.021612		
28.62		-0.021559		
28.63		-0.021506		
28.64		-0.021452		
28.65		-0.0214		
28.66		-0.021347		
28.67		-0.021294		
28.68		-0.021242		
28.69		-0.02119		
28.7		-0.021138		
28.71		-0.021086		
28.72		-0.021034		
28.73		-0.020983		
28.74		-0.020932		
28.75		-0.020881		
28.76		-0.02083		
28.77		-0.020779		
28.78		-0.020729		
28.79		-0.020678		
28.8		-0.020628		
28.81		-0.020578		
28.82		-0.020528		
28.83		-0.020479		
28.84		-0.020429		
28.85		-0.02038		
28.86		-0.020331		
28.87		-0.020282		
28.88		-0.020233		
28.89		-0.020185		
28.9		-0.020137		
28.91		-0.020088		
28.92		-0.02004		
28.93		-0.019992		
28.94		-0.019945		
28.95		-0.019897		
28.96		-0.01985		
28.97		-0.019803		
28.98		-0.019756		
28.99		-0.019709		
29		-0.019662		
29.01		-0.019616		
29.02		-0.019569		
29.03		-0.019523		
29.04		-0.019477		
29.05		-0.019431		
29.06		-0.019386		
29.07		-0.01934		
29.08		-0.019295		
29.09		-0.01925		
29.1		-0.019204		
29.11		-0.01916		
29.12		-0.019115		
29.13		-0.01907		
29.14		-0.019026		
29.15		-0.018982		
29.16		-0.018938		
29.17		-0.018894		
29.18		-0.01885		
29.19		-0.018806		
29.2		-0.018763		
29.21		-0.018719		
29.22		-0.018676		
29.23		-0.018633		
29.24		-0.01859		
29.25		-0.018547		
29.26		-0.018505		
29.27		-0.018462		
29.28		-0.01842		
29.29		-0.018378		
29.3		-0.018336		
29.31		-0.018294		
29.32		-0.018252		
29.33		-0.018211		
29.34		-0.018169		
29.35		-0.018128		
29.36		-0.018087		
29.37		-0.018046		
29.38		-0.018005		
29.39		-0.017964		
29.4		-0.017924		
29.41		-0.017883		
29.42		-0.017843		
29.43		-0.017803		
29.44		-0.017763		
29.45		-0.017723		
29.46		-0.017683		
29.47		-0.017644		
29.48		-0.017604		
29.49		-0.017565		
29.5		-0.017526		
29.51		-0.017487		
29.52		-0.017448		
29.53		-0.017409		
29.54		-0.01737		
29.55		-0.017332		
29.56		-0.017293		
29.57		-0.017255		
29.58		-0.017217		
29.59		-0.017179		
29.6		-0.017141		
29.61		-0.017103		
29.62		-0.017066		
29.63		-0.017028		
29.64		-0.016991		
29.65		-0.016953		
29.66		-0.016916		
29.67		-0.016879		
29.68		-0.016842		
29.69		-0.016806		
29.7		-0.016769		
29.71		-0.016733		
29.72		-0.016696		
29.73		-0.01666		
29.74		-0.016624		
29.75		-0.016588		
29.76		-0.016552		
29.77		-0.016516		
29.78		-0.01648		
29.79		-0.016445		
29.8		-0.01641		
29.81		-0.016374		
29.82		-0.016339		
29.83		-0.016304		
29.84		-0.016269		
29.85		-0.016234		
29.86		-0.0162		
29.87		-0.016165		
29.88		-0.016131		
29.89		-0.016096		
29.9		-0.016062		
29.91		-0.016028		
29.92		-0.015994		
29.93		-0.01596		
29.94		-0.015926		
29.95		-0.015892		
29.96		-0.015859		
29.97		-0.015825		
29.98		-0.015792		
29.99		-0.015759		
30		-0.015726		
