tau [fm]		Pi [fm^-4]
0.25		0
0.26		-0.36871		
0.27		-0.61137		
0.28		-0.75381		
0.29		-0.8264		
0.3		-0.85091		
0.31		-0.84293		
0.32		-0.8136		
0.33		-0.77085		
0.34		-0.72028		
0.35		-0.66581		
0.36		-0.61015		
0.37		-0.55512		
0.38		-0.50194		
0.39		-0.45137		
0.4		-0.40384		
0.41		-0.35956		
0.42		-0.3186		
0.43		-0.28092		
0.44		-0.24639		
0.45		-0.21486		
0.46		-0.18615		
0.47		-0.16006		
0.48		-0.1364		
0.49		-0.11498		
0.5		-0.095611		
0.51		-0.078113		
0.52		-0.062323		
0.53		-0.048088		
0.54		-0.035265		
0.55		-0.023724		
0.56		-0.013346		
0.57		-0.0040226		
0.58		0.0043457		
0.59		0.011848		
0.6		0.018567		
0.61		0.024575		
0.62		0.02994		
0.63		0.034721		
0.64		0.038974		
0.65		0.042747		
0.66		0.046085		
0.67		0.049029		
0.68		0.051614		
0.69		0.053875		
0.7		0.05584		
0.71		0.057537		
0.72		0.058991		
0.73		0.060223		
0.74		0.061254		
0.75		0.062101		
0.76		0.062783		
0.77		0.063313		
0.78		0.063705		
0.79		0.063973		
0.8		0.064127		
0.81		0.064177		
0.82		0.064134		
0.83		0.064005		
0.84		0.063799		
0.85		0.063523		
0.86		0.063184		
0.87		0.062787		
0.88		0.062338		
0.89		0.061843		
0.9		0.061305		
0.91		0.060729		
0.92		0.060119		
0.93		0.059479		
0.94		0.058811		
0.95		0.05812		
0.96		0.057407		
0.97		0.056675		
0.98		0.055926		
0.99		0.055164		
1		0.054389		
1.01		0.053603		
1.02		0.052809		
1.03		0.052008		
1.04		0.0512		
1.05		0.050388		
1.06		0.049573		
1.07		0.048755		
1.08		0.047937		
1.09		0.047118		
1.1		0.046299		
1.11		0.045482		
1.12		0.044667		
1.13		0.043855		
1.14		0.043046		
1.15		0.042241		
1.16		0.04144		
1.17		0.040644		
1.18		0.039854		
1.19		0.039069		
1.2		0.03829		
1.21		0.037517		
1.22		0.036751		
1.23		0.035991		
1.24		0.035239		
1.25		0.034494		
1.26		0.033756		
1.27		0.033026		
1.28		0.032303		
1.29		0.031588		
1.3		0.030881		
1.31		0.030182		
1.32		0.029491		
1.33		0.028809		
1.34		0.028134		
1.35		0.027467		
1.36		0.026809		
1.37		0.026158		
1.38		0.025516		
1.39		0.024882		
1.4		0.024256		
1.41		0.023638		
1.42		0.023028		
1.43		0.022427		
1.44		0.021833		
1.45		0.021247		
1.46		0.020669		
1.47		0.020099		
1.48		0.019536		
1.49		0.018981		
1.5		0.018434		
1.51		0.017894		
1.52		0.017362		
1.53		0.016837		
1.54		0.01632		
1.55		0.015809		
1.56		0.015306		
1.57		0.01481		
1.58		0.01432		
1.59		0.013838		
1.6		0.013362		
1.61		0.012893		
1.62		0.012431		
1.63		0.011975		
1.64		0.011525		
1.65		0.011082		
1.66		0.010645		
1.67		0.010213		
1.68		0.0097884		
1.69		0.0093693		
1.7		0.008956		
1.71		0.0085484		
1.72		0.0081464		
1.73		0.00775		
1.74		0.007359		
1.75		0.0069734		
1.76		0.0065931		
1.77		0.0062179		
1.78		0.0058478		
1.79		0.0054828		
1.8		0.0051226		
1.81		0.0047673		
1.82		0.0044167		
1.83		0.0040708		
1.84		0.0037294		
1.85		0.0033926		
1.86		0.0030601		
1.87		0.002732		
1.88		0.0024082		
1.89		0.0020885		
1.9		0.0017729		
1.91		0.0014613		
1.92		0.0011537		
1.93		0.00084993		
1.94		0.00054997		
1.95		0.00025374		
1.96		-3.8833e-05		
1.97		-0.00032782		
1.98		-0.00061329		
1.99		-0.0008953		
2		-0.0011739		
2.01		-0.0014492		
2.02		-0.0017213		
2.03		-0.0019902		
2.04		-0.0022559		
2.05		-0.0025185		
2.06		-0.0027782		
2.07		-0.0030349		
2.08		-0.0032886		
2.09		-0.0035396		
2.1		-0.0037877		
2.11		-0.0040332		
2.12		-0.0042759		
2.13		-0.004516		
2.14		-0.0047536		
2.15		-0.0049886		
2.16		-0.0052212		
2.17		-0.0054513		
2.18		-0.005679		
2.19		-0.0059044		
2.2		-0.0061275		
2.21		-0.0063483		
2.22		-0.006567		
2.23		-0.0067835		
2.24		-0.0069979		
2.25		-0.0072101		
2.26		-0.0074204		
2.27		-0.0076286		
2.28		-0.0078349		
2.29		-0.0080393		
2.3		-0.0082417		
2.31		-0.0084424		
2.32		-0.0086412		
2.33		-0.0088382		
2.34		-0.0090334		
2.35		-0.009227		
2.36		-0.0094188		
2.37		-0.009609		
2.38		-0.0097976		
2.39		-0.0099845		
2.4		-0.01017		
2.41		-0.010354		
2.42		-0.010536		
2.43		-0.010717		
2.44		-0.010896		
2.45		-0.011074		
2.46		-0.011251		
2.47		-0.011426		
2.48		-0.0116		
2.49		-0.011772		
2.5		-0.011944		
2.51		-0.012113		
2.52		-0.012282		
2.53		-0.012449		
2.54		-0.012615		
2.55		-0.01278		
2.56		-0.012944		
2.57		-0.013107		
2.58		-0.013268		
2.59		-0.013428		
2.6		-0.013587		
2.61		-0.013746		
2.62		-0.013903		
2.63		-0.014058		
2.64		-0.014213		
2.65		-0.014367		
2.66		-0.01452		
2.67		-0.014672		
2.68		-0.014823		
2.69		-0.014972		
2.7		-0.015121		
2.71		-0.015269		
2.72		-0.015416		
2.73		-0.015562		
2.74		-0.015708		
2.75		-0.015852		
2.76		-0.015995		
2.77		-0.016138		
2.78		-0.016279		
2.79		-0.01642		
2.8		-0.01656		
2.81		-0.016699		
2.82		-0.016838		
2.83		-0.016975		
2.84		-0.017112		
2.85		-0.017248		
2.86		-0.017383		
2.87		-0.017517		
2.88		-0.017651		
2.89		-0.017784		
2.9		-0.017916		
2.91		-0.018047		
2.92		-0.018178		
2.93		-0.018308		
2.94		-0.018437		
2.95		-0.018565		
2.96		-0.018693		
2.97		-0.01882		
2.98		-0.018947		
2.99		-0.019072		
3		-0.019197		
3.01		-0.019322		
3.02		-0.019445		
3.03		-0.019568		
3.04		-0.019691		
3.05		-0.019813		
3.06		-0.019934		
3.07		-0.020054		
3.08		-0.020174		
3.09		-0.020293		
3.1		-0.020412		
3.11		-0.02053		
3.12		-0.020647		
3.13		-0.020764		
3.14		-0.02088		
3.15		-0.020996		
3.16		-0.021111		
3.17		-0.021225		
3.18		-0.021339		
3.19		-0.021452		
3.2		-0.021565		
3.21		-0.021677		
3.22		-0.021788		
3.23		-0.021899		
3.24		-0.02201		
3.25		-0.022119		
3.26		-0.022229		
3.27		-0.022337		
3.28		-0.022445		
3.29		-0.022553		
3.3		-0.02266		
3.31		-0.022767		
3.32		-0.022873		
3.33		-0.022978		
3.34		-0.023083		
3.35		-0.023188		
3.36		-0.023291		
3.37		-0.023395		
3.38		-0.023498		
3.39		-0.0236		
3.4		-0.023702		
3.41		-0.023803		
3.42		-0.023904		
3.43		-0.024004		
3.44		-0.024104		
3.45		-0.024204		
3.46		-0.024302		
3.47		-0.024401		
3.48		-0.024499		
3.49		-0.024596		
3.5		-0.024693		
3.51		-0.024789		
3.52		-0.024885		
3.53		-0.024981		
3.54		-0.025075		
3.55		-0.02517		
3.56		-0.025264		
3.57		-0.025357		
3.58		-0.025451		
3.59		-0.025543		
3.6		-0.025635		
3.61		-0.025727		
3.62		-0.025818		
3.63		-0.025909		
3.64		-0.025999		
3.65		-0.026089		
3.66		-0.026179		
3.67		-0.026267		
3.68		-0.026356		
3.69		-0.026444		
3.7		-0.026532		
3.71		-0.026619		
3.72		-0.026706		
3.73		-0.026792		
3.74		-0.026878		
3.75		-0.026963		
3.76		-0.027048		
3.77		-0.027133		
3.78		-0.027217		
3.79		-0.027301		
3.8		-0.027384		
3.81		-0.027467		
3.82		-0.027549		
3.83		-0.027631		
3.84		-0.027713		
3.85		-0.027794		
3.86		-0.027875		
3.87		-0.027955		
3.88		-0.028035		
3.89		-0.028115		
3.9		-0.028194		
3.91		-0.028273		
3.92		-0.028351		
3.93		-0.028429		
3.94		-0.028507		
3.95		-0.028584		
3.96		-0.028661		
3.97		-0.028737		
3.98		-0.028813		
3.99		-0.028889		
4		-0.028964		
4.01		-0.029039		
4.02		-0.029113		
4.03		-0.029187		
4.04		-0.029261		
4.05		-0.029334		
4.06		-0.029407		
4.07		-0.02948		
4.08		-0.029552		
4.09		-0.029624		
4.1		-0.029695		
4.11		-0.029766		
4.12		-0.029837		
4.13		-0.029907		
4.14		-0.029977		
4.15		-0.030047		
4.16		-0.030116		
4.17		-0.030185		
4.18		-0.030254		
4.19		-0.030322		
4.2		-0.03039		
4.21		-0.030457		
4.22		-0.030524		
4.23		-0.030591		
4.24		-0.030658		
4.25		-0.030724		
4.26		-0.03079		
4.27		-0.030855		
4.28		-0.03092		
4.29		-0.030985		
4.3		-0.03105		
4.31		-0.031114		
4.32		-0.031178		
4.33		-0.031241		
4.34		-0.031304		
4.35		-0.031367		
4.36		-0.03143		
4.37		-0.031492		
4.38		-0.031554		
4.39		-0.031615		
4.4		-0.031676		
4.41		-0.031737		
4.42		-0.031798		
4.43		-0.031858		
4.44		-0.031918		
4.45		-0.031978		
4.46		-0.032037		
4.47		-0.032096		
4.48		-0.032155		
4.49		-0.032214		
4.5		-0.032272		
4.51		-0.03233		
4.52		-0.032388		
4.53		-0.032445		
4.54		-0.032502		
4.55		-0.032559		
4.56		-0.032615		
4.57		-0.032671		
4.58		-0.032727		
4.59		-0.032783		
4.6		-0.032838		
4.61		-0.032893		
4.62		-0.032948		
4.63		-0.033002		
4.64		-0.033057		
4.65		-0.033111		
4.66		-0.033164		
4.67		-0.033218		
4.68		-0.033271		
4.69		-0.033324		
4.7		-0.033376		
4.71		-0.033429		
4.72		-0.033481		
4.73		-0.033533		
4.74		-0.033584		
4.75		-0.033636		
4.76		-0.033687		
4.77		-0.033738		
4.78		-0.033788		
4.79		-0.033839		
4.8		-0.033889		
4.81		-0.033939		
4.82		-0.033988		
4.83		-0.034038		
4.84		-0.034087		
4.85		-0.034136		
4.86		-0.034185		
4.87		-0.034233		
4.88		-0.034281		
4.89		-0.034329		
4.9		-0.034377		
4.91		-0.034425		
4.92		-0.034472		
4.93		-0.034519		
4.94		-0.034566		
4.95		-0.034613		
4.96		-0.034659		
4.97		-0.034705		
4.98		-0.034751		
4.99		-0.034797		
5		-0.034843		
5.01		-0.034888		
5.02		-0.034933		
5.03		-0.034978		
5.04		-0.035023		
5.05		-0.035068		
5.06		-0.035112		
5.07		-0.035156		
5.08		-0.0352		
5.09		-0.035244		
5.1		-0.035287		
5.11		-0.035331		
5.12		-0.035374		
5.13		-0.035417		
5.14		-0.03546		
5.15		-0.035502		
5.16		-0.035545		
5.17		-0.035587		
5.18		-0.035629		
5.19		-0.035671		
5.2		-0.035712		
5.21		-0.035754		
5.22		-0.035795		
5.23		-0.035836		
5.24		-0.035877		
5.25		-0.035918		
5.26		-0.035959		
5.27		-0.035999		
5.28		-0.03604		
5.29		-0.03608		
5.3		-0.03612		
5.31		-0.036159		
5.32		-0.036199		
5.33		-0.036238		
5.34		-0.036278		
5.35		-0.036317		
5.36		-0.036356		
5.37		-0.036395		
5.38		-0.036433		
5.39		-0.036472		
5.4		-0.03651		
5.41		-0.036549		
5.42		-0.036587		
5.43		-0.036625		
5.44		-0.036662		
5.45		-0.0367		
5.46		-0.036737		
5.47		-0.036775		
5.48		-0.036812		
5.49		-0.036849		
5.5		-0.036886		
5.51		-0.036923		
5.52		-0.036959		
5.53		-0.036996		
5.54		-0.037032		
5.55		-0.037068		
5.56		-0.037104		
5.57		-0.03714		
5.58		-0.037176		
5.59		-0.037212		
5.6		-0.037248		
5.61		-0.037283		
5.62		-0.037318		
5.63		-0.037354		
5.64		-0.037389		
5.65		-0.037424		
5.66		-0.037458		
5.67		-0.037493		
5.68		-0.037528		
5.69		-0.037562		
5.7		-0.037597		
5.71		-0.037631		
5.72		-0.037665		
5.73		-0.037699		
5.74		-0.037733		
5.75		-0.037767		
5.76		-0.037801		
5.77		-0.037834		
5.78		-0.037868		
5.79		-0.037901		
5.8		-0.037934		
5.81		-0.037967		
5.82		-0.038001		
5.83		-0.038034		
5.84		-0.038066		
5.85		-0.038099		
5.86		-0.038132		
5.87		-0.038164		
5.88		-0.038197		
5.89		-0.038229		
5.9		-0.038262		
5.91		-0.038294		
5.92		-0.038326		
5.93		-0.038358		
5.94		-0.03839		
5.95		-0.038422		
5.96		-0.038453		
5.97		-0.038485		
5.98		-0.038517		
5.99		-0.038548		
6		-0.038579		
6.01		-0.038611		
6.02		-0.038642		
6.03		-0.038673		
6.04		-0.038704		
6.05		-0.038735		
6.06		-0.038766		
6.07		-0.038797		
6.08		-0.038828		
6.09		-0.038858		
6.1		-0.038889		
6.11		-0.03892		
6.12		-0.03895		
6.13		-0.03898		
6.14		-0.039011		
6.15		-0.039041		
6.16		-0.039071		
6.17		-0.039101		
6.18		-0.039131		
6.19		-0.039161		
6.2		-0.039191		
6.21		-0.039221		
6.22		-0.039251		
6.23		-0.03928		
6.24		-0.03931		
6.25		-0.039339		
6.26		-0.039369		
6.27		-0.039398		
6.28		-0.039428		
6.29		-0.039457		
6.3		-0.039486		
6.31		-0.039516		
6.32		-0.039545		
6.33		-0.039574		
6.34		-0.039603		
6.35		-0.039632		
6.36		-0.039661		
6.37		-0.039689		
6.38		-0.039718		
6.39		-0.039747		
6.4		-0.039776		
6.41		-0.039804		
6.42		-0.039833		
6.43		-0.039861		
6.44		-0.03989		
6.45		-0.039918		
6.46		-0.039947		
6.47		-0.039975		
6.48		-0.040003		
6.49		-0.040032		
6.5		-0.04006		
6.51		-0.040088		
6.52		-0.040116		
6.53		-0.040144		
6.54		-0.040172		
6.55		-0.0402		
6.56		-0.040228		
6.57		-0.040256		
6.58		-0.040284		
6.59		-0.040311		
6.6		-0.040339		
6.61		-0.040367		
6.62		-0.040395		
6.63		-0.040422		
6.64		-0.04045		
6.65		-0.040477		
6.66		-0.040505		
6.67		-0.040532		
6.68		-0.04056		
6.69		-0.040587		
6.7		-0.040615		
6.71		-0.040642		
6.72		-0.040669		
6.73		-0.040697		
6.74		-0.040724		
6.75		-0.040751		
6.76		-0.040778		
6.77		-0.040805		
6.78		-0.040832		
6.79		-0.040859		
6.8		-0.040886		
6.81		-0.040913		
6.82		-0.04094		
6.83		-0.040967		
6.84		-0.040994		
6.85		-0.041021		
6.86		-0.041048		
6.87		-0.041075		
6.88		-0.041102		
6.89		-0.041129		
6.9		-0.041155		
6.91		-0.041182		
6.92		-0.041209		
6.93		-0.041235		
6.94		-0.041262		
6.95		-0.041289		
6.96		-0.041315		
6.97		-0.041342		
6.98		-0.041368		
6.99		-0.041395		
7		-0.041421		
7.01		-0.041448		
7.02		-0.041474		
7.03		-0.041501		
7.04		-0.041527		
7.05		-0.041554		
7.06		-0.04158		
7.07		-0.041606		
7.08		-0.041633		
7.09		-0.041659		
7.1		-0.041685		
7.11		-0.041712		
7.12		-0.041738		
7.13		-0.041764		
7.14		-0.04179		
7.15		-0.041816		
7.16		-0.041843		
7.17		-0.041869		
7.18		-0.041895		
7.19		-0.041921		
7.2		-0.041947		
7.21		-0.041973		
7.22		-0.041999		
7.23		-0.042025		
7.24		-0.042051		
7.25		-0.042077		
7.26		-0.042103		
7.27		-0.042129		
7.28		-0.042155		
7.29		-0.042181		
7.3		-0.042207		
7.31		-0.042233		
7.32		-0.042259		
7.33		-0.042285		
7.34		-0.042311		
7.35		-0.042337		
7.36		-0.042363		
7.37		-0.042389		
7.38		-0.042415		
7.39		-0.04244		
7.4		-0.042466		
7.41		-0.042492		
7.42		-0.042518		
7.43		-0.042544		
7.44		-0.042569		
7.45		-0.042595		
7.46		-0.042621		
7.47		-0.042647		
7.48		-0.042672		
7.49		-0.042698		
7.5		-0.042724		
7.51		-0.04275		
7.52		-0.042775		
7.53		-0.042801		
7.54		-0.042827		
7.55		-0.042852		
7.56		-0.042878		
7.57		-0.042904		
7.58		-0.042929		
7.59		-0.042955		
7.6		-0.042981		
7.61		-0.043006		
7.62		-0.043032		
7.63		-0.043057		
7.64		-0.043083		
7.65		-0.043109		
7.66		-0.043134		
7.67		-0.04316		
7.68		-0.043185		
7.69		-0.043211		
7.7		-0.043236		
7.71		-0.043262		
7.72		-0.043287		
7.73		-0.043313		
7.74		-0.043339		
7.75		-0.043364		
7.76		-0.04339		
7.77		-0.043415		
7.78		-0.043441		
7.79		-0.043466		
7.8		-0.043491		
7.81		-0.043517		
7.82		-0.043542		
7.83		-0.043568		
7.84		-0.043593		
7.85		-0.043619		
7.86		-0.043644		
7.87		-0.04367		
7.88		-0.043695		
7.89		-0.043721		
7.9		-0.043746		
7.91		-0.043771		
7.92		-0.043797		
7.93		-0.043822		
7.94		-0.043848		
7.95		-0.043873		
7.96		-0.043898		
7.97		-0.043924		
7.98		-0.043949		
7.99		-0.043975		
8		-0.044		
8.01		-0.044025		
8.02		-0.044051		
8.03		-0.044076		
8.04		-0.044101		
8.05		-0.044127		
8.06		-0.044152		
8.07		-0.044177		
8.08		-0.044203		
8.09		-0.044228		
8.1		-0.044253		
8.11		-0.044279		
8.12		-0.044304		
8.13		-0.044329		
8.14		-0.044355		
8.15		-0.04438		
8.16		-0.044405		
8.17		-0.044431		
8.18		-0.044456		
8.19		-0.044481		
8.2		-0.044507		
8.21		-0.044532		
8.22		-0.044557		
8.23		-0.044582		
8.24		-0.044608		
8.25		-0.044633		
8.26		-0.044658		
8.27		-0.044683		
8.28		-0.044709		
8.29		-0.044734		
8.3		-0.044759		
8.31		-0.044784		
8.32		-0.04481		
8.33		-0.044835		
8.34		-0.04486		
8.35		-0.044885		
8.36		-0.044911		
8.37		-0.044936		
8.38		-0.044961		
8.39		-0.044986		
8.4		-0.045011		
8.41		-0.045037		
8.42		-0.045062		
8.43		-0.045087		
8.44		-0.045112		
8.45		-0.045137		
8.46		-0.045163		
8.47		-0.045188		
8.48		-0.045213		
8.49		-0.045238		
8.5		-0.045263		
8.51		-0.045289		
8.52		-0.045314		
8.53		-0.045339		
8.54		-0.045364		
8.55		-0.045389		
8.56		-0.045414		
8.57		-0.045439		
8.58		-0.045465		
8.59		-0.04549		
8.6		-0.045515		
8.61		-0.04554		
8.62		-0.045565		
8.63		-0.04559		
8.64		-0.045615		
8.65		-0.04564		
8.66		-0.045665		
8.67		-0.045691		
8.68		-0.045716		
8.69		-0.045741		
8.7		-0.045766		
8.71		-0.045791		
8.72		-0.045816		
8.73		-0.045841		
8.74		-0.045866		
8.75		-0.045891		
8.76		-0.045916		
8.77		-0.045941		
8.78		-0.045966		
8.79		-0.045991		
8.8		-0.046016		
8.81		-0.046041		
8.82		-0.046066		
8.83		-0.046091		
8.84		-0.046116		
8.85		-0.046141		
8.86		-0.046166		
8.87		-0.046191		
8.88		-0.046216		
8.89		-0.046241		
8.9		-0.046266		
8.91		-0.046291		
8.92		-0.046316		
8.93		-0.046341		
8.94		-0.046366		
8.95		-0.046391		
8.96		-0.046416		
8.97		-0.046441		
8.98		-0.046466		
8.99		-0.046491		
9		-0.046516		
9.01		-0.04654		
9.02		-0.046565		
9.03		-0.04659		
9.04		-0.046615		
9.05		-0.04664		
9.06		-0.046665		
9.07		-0.04669		
9.08		-0.046715		
9.09		-0.046739		
9.1		-0.046764		
9.11		-0.046789		
9.12		-0.046814		
9.13		-0.046839		
9.14		-0.046864		
9.15		-0.046888		
9.16		-0.046913		
9.17		-0.046938		
9.18		-0.046963		
9.19		-0.046987		
9.2		-0.047012		
9.21		-0.047037		
9.22		-0.047062		
9.23		-0.047086		
9.24		-0.047111		
9.25		-0.047136		
9.26		-0.047161		
9.27		-0.047185		
9.28		-0.04721		
9.29		-0.047235		
9.3		-0.047259		
9.31		-0.047284		
9.32		-0.047309		
9.33		-0.047333		
9.34		-0.047358		
9.35		-0.047383		
9.36		-0.047407		
9.37		-0.047432		
9.38		-0.047457		
9.39		-0.047481		
9.4		-0.047506		
9.41		-0.04753		
9.42		-0.047555		
9.43		-0.047579		
9.44		-0.047604		
9.45		-0.047628		
9.46		-0.047653		
9.47		-0.047678		
9.48		-0.047702		
9.49		-0.047727		
9.5		-0.047751		
9.51		-0.047776		
9.52		-0.0478		
9.53		-0.047824		
9.54		-0.047849		
9.55		-0.047873		
9.56		-0.047898		
9.57		-0.047922		
9.58		-0.047947		
9.59		-0.047971		
9.6		-0.047995		
9.61		-0.04802		
9.62		-0.048044		
9.63		-0.048068		
9.64		-0.048093		
9.65		-0.048117		
9.66		-0.048141		
9.67		-0.048166		
9.68		-0.04819		
9.69		-0.048214		
9.7		-0.048239		
9.71		-0.048263		
9.72		-0.048287		
9.73		-0.048311		
9.74		-0.048336		
9.75		-0.04836		
9.76		-0.048384		
9.77		-0.048408		
9.78		-0.048432		
9.79		-0.048456		
9.8		-0.048481		
9.81		-0.048505		
9.82		-0.048529		
9.83		-0.048553		
9.84		-0.048577		
9.85		-0.048601		
9.86		-0.048625		
9.87		-0.048649		
9.88		-0.048673		
9.89		-0.048697		
9.9		-0.048721		
9.91		-0.048745		
9.92		-0.048769		
9.93		-0.048793		
9.94		-0.048817		
9.95		-0.048841		
9.96		-0.048865		
9.97		-0.048889		
9.98		-0.048913		
9.99		-0.048937		
10		-0.048961		
10.01		-0.048985		
10.02		-0.049009		
10.03		-0.049032		
10.04		-0.049056		
10.05		-0.04908		
10.06		-0.049104		
10.07		-0.049128		
10.08		-0.049151		
10.09		-0.049175		
10.1		-0.049199		
10.11		-0.049223		
10.12		-0.049246		
10.13		-0.04927		
10.14		-0.049294		
10.15		-0.049317		
10.16		-0.049341		
10.17		-0.049365		
10.18		-0.049388		
10.19		-0.049412		
10.2		-0.049435		
10.21		-0.049459		
10.22		-0.049482		
10.23		-0.049506		
10.24		-0.04953		
10.25		-0.049553		
10.26		-0.049577		
10.27		-0.0496		
10.28		-0.049623		
10.29		-0.049647		
10.3		-0.04967		
10.31		-0.049694		
10.32		-0.049717		
10.33		-0.04974		
10.34		-0.049764		
10.35		-0.049787		
10.36		-0.04981		
10.37		-0.049834		
10.38		-0.049857		
10.39		-0.04988		
10.4		-0.049904		
10.41		-0.049927		
10.42		-0.04995		
10.43		-0.049973		
10.44		-0.049996		
10.45		-0.05002		
10.46		-0.050043		
10.47		-0.050066		
10.48		-0.050089		
10.49		-0.050112		
10.5		-0.050135		
10.51		-0.050158		
10.52		-0.050181		
10.53		-0.050204		
10.54		-0.050227		
10.55		-0.05025		
10.56		-0.050273		
10.57		-0.050296		
10.58		-0.050319		
10.59		-0.050342		
10.6		-0.050365		
10.61		-0.050388		
10.62		-0.050411		
10.63		-0.050434		
10.64		-0.050457		
10.65		-0.050479		
10.66		-0.050502		
10.67		-0.050525		
10.68		-0.050548		
10.69		-0.05057		
10.7		-0.050593		
10.71		-0.050616		
10.72		-0.050638		
10.73		-0.050661		
10.74		-0.050684		
10.75		-0.050706		
10.76		-0.050729		
10.77		-0.050752		
10.78		-0.050774		
10.79		-0.050797		
10.8		-0.050819		
10.81		-0.050842		
10.82		-0.050864		
10.83		-0.050887		
10.84		-0.050909		
10.85		-0.050932		
10.86		-0.050954		
10.87		-0.050976		
10.88		-0.050999		
10.89		-0.051021		
10.9		-0.051043		
10.91		-0.051066		
10.92		-0.051088		
10.93		-0.05111		
10.94		-0.051132		
10.95		-0.051155		
10.96		-0.051177		
10.97		-0.051199		
10.98		-0.051221		
10.99		-0.051243		
11		-0.051266		
11.01		-0.051288		
11.02		-0.05131		
11.03		-0.051332		
11.04		-0.051354		
11.05		-0.051376		
11.06		-0.051398		
11.07		-0.05142		
11.08		-0.051442		
11.09		-0.051464		
11.1		-0.051486		
11.11		-0.051508		
11.12		-0.051529		
11.13		-0.051551		
11.14		-0.051573		
11.15		-0.051595		
11.16		-0.051617		
11.17		-0.051639		
11.18		-0.05166		
11.19		-0.051682		
11.2		-0.051704		
11.21		-0.051725		
11.22		-0.051747		
11.23		-0.051769		
11.24		-0.05179		
11.25		-0.051812		
11.26		-0.051834		
11.27		-0.051855		
11.28		-0.051877		
11.29		-0.051898		
11.3		-0.05192		
11.31		-0.051941		
11.32		-0.051963		
11.33		-0.051984		
11.34		-0.052005		
11.35		-0.052027		
11.36		-0.052048		
11.37		-0.05207		
11.38		-0.052091		
11.39		-0.052112		
11.4		-0.052133		
11.41		-0.052155		
11.42		-0.052176		
11.43		-0.052197		
11.44		-0.052218		
11.45		-0.05224		
11.46		-0.052261		
11.47		-0.052282		
11.48		-0.052303		
11.49		-0.052324		
11.5		-0.052345		
11.51		-0.052366		
11.52		-0.052387		
11.53		-0.052408		
11.54		-0.052429		
11.55		-0.05245		
11.56		-0.052471		
11.57		-0.052492		
11.58		-0.052513		
11.59		-0.052534		
11.6		-0.052554		
11.61		-0.052575		
11.62		-0.052596		
11.63		-0.052617		
11.64		-0.052638		
11.65		-0.052658		
11.66		-0.052679		
11.67		-0.0527		
11.68		-0.05272		
11.69		-0.052741		
11.7		-0.052762		
11.71		-0.052782		
11.72		-0.052803		
11.73		-0.052823		
11.74		-0.052844		
11.75		-0.052864		
11.76		-0.052885		
11.77		-0.052905		
11.78		-0.052926		
11.79		-0.052946		
11.8		-0.052966		
11.81		-0.052987		
11.82		-0.053007		
11.83		-0.053027		
11.84		-0.053048		
11.85		-0.053068		
11.86		-0.053088		
11.87		-0.053108		
11.88		-0.053129		
11.89		-0.053149		
11.9		-0.053169		
11.91		-0.053189		
11.92		-0.053209		
11.93		-0.053229		
11.94		-0.053249		
11.95		-0.053269		
11.96		-0.053289		
11.97		-0.053309		
11.98		-0.053329		
11.99		-0.053349		
12		-0.053369		
12.01		-0.053389		
12.02		-0.053409		
12.03		-0.053429		
12.04		-0.053449		
12.05		-0.053469		
12.06		-0.053488		
12.07		-0.053508		
12.08		-0.053528		
12.09		-0.053548		
12.1		-0.053567		
12.11		-0.053587		
12.12		-0.053607		
12.13		-0.053626		
12.14		-0.053646		
12.15		-0.053666		
12.16		-0.053685		
12.17		-0.053705		
12.18		-0.053724		
12.19		-0.053744		
12.2		-0.053763		
12.21		-0.053783		
12.22		-0.053802		
12.23		-0.053821		
12.24		-0.053841		
12.25		-0.05386		
12.26		-0.05388		
12.27		-0.053899		
12.28		-0.053918		
12.29		-0.053937		
12.3		-0.053957		
12.31		-0.053976		
12.32		-0.053995		
12.33		-0.054014		
12.34		-0.054033		
12.35		-0.054053		
12.36		-0.054072		
12.37		-0.054091		
12.38		-0.05411		
12.39		-0.054129		
12.4		-0.054148		
12.41		-0.054167		
12.42		-0.054186		
12.43		-0.054205		
12.44		-0.054224		
12.45		-0.054243		
12.46		-0.054262		
12.47		-0.05428		
12.48		-0.054299		
12.49		-0.054318		
12.5		-0.054337		
12.51		-0.054356		
12.52		-0.054374		
12.53		-0.054393		
12.54		-0.054412		
12.55		-0.054431		
12.56		-0.054449		
12.57		-0.054468		
12.58		-0.054486		
12.59		-0.054505		
12.6		-0.054524		
12.61		-0.054542		
12.62		-0.054561		
12.63		-0.054579		
12.64		-0.054598		
12.65		-0.054616		
12.66		-0.054635		
12.67		-0.054653		
12.68		-0.054671		
12.69		-0.05469		
12.7		-0.054708		
12.71		-0.054726		
12.72		-0.054745		
12.73		-0.054763		
12.74		-0.054781		
12.75		-0.0548		
12.76		-0.054818		
12.77		-0.054836		
12.78		-0.054854		
12.79		-0.054872		
12.8		-0.05489		
12.81		-0.054909		
12.82		-0.054927		
12.83		-0.054945		
12.84		-0.054963		
12.85		-0.054981		
12.86		-0.054999		
12.87		-0.055017		
12.88		-0.055035		
12.89		-0.055053		
12.9		-0.055071		
12.91		-0.055088		
12.92		-0.055106		
12.93		-0.055124		
12.94		-0.055142		
12.95		-0.05516		
12.96		-0.055178		
12.97		-0.055195		
12.98		-0.055213		
12.99		-0.055231		
13		-0.055249		
13.01		-0.055266		
13.02		-0.055284		
13.03		-0.055302		
13.04		-0.055319		
13.05		-0.055337		
13.06		-0.055354		
13.07		-0.055372		
13.08		-0.055389		
13.09		-0.055407		
13.1		-0.055424		
13.11		-0.055442		
13.12		-0.055459		
13.13		-0.055477		
13.14		-0.055494		
13.15		-0.055512		
13.16		-0.055529		
13.17		-0.055546		
13.18		-0.055564		
13.19		-0.055581		
13.2		-0.055598		
13.21		-0.055616		
13.22		-0.055633		
13.23		-0.05565		
13.24		-0.055667		
13.25		-0.055684		
13.26		-0.055702		
13.27		-0.055719		
13.28		-0.055736		
13.29		-0.055753		
13.3		-0.05577		
13.31		-0.055787		
13.32		-0.055804		
13.33		-0.055821		
13.34		-0.055838		
13.35		-0.055855		
13.36		-0.055872		
13.37		-0.055889		
13.38		-0.055906		
13.39		-0.055923		
13.4		-0.05594		
13.41		-0.055957		
13.42		-0.055974		
13.43		-0.05599		
13.44		-0.056007		
13.45		-0.056024		
13.46		-0.056041		
13.47		-0.056058		
13.48		-0.056074		
13.49		-0.056091		
13.5		-0.056108		
13.51		-0.056124		
13.52		-0.056141		
13.53		-0.056158		
13.54		-0.056174		
13.55		-0.056191		
13.56		-0.056208		
13.57		-0.056224		
13.58		-0.056241		
13.59		-0.056257		
13.6		-0.056274		
13.61		-0.05629		
13.62		-0.056307		
13.63		-0.056323		
13.64		-0.05634		
13.65		-0.056356		
13.66		-0.056372		
13.67		-0.056389		
13.68		-0.056405		
13.69		-0.056422		
13.7		-0.056438		
13.71		-0.056454		
13.72		-0.05647		
13.73		-0.056487		
13.74		-0.056503		
13.75		-0.056519		
13.76		-0.056535		
13.77		-0.056552		
13.78		-0.056568		
13.79		-0.056584		
13.8		-0.0566		
13.81		-0.056616		
13.82		-0.056632		
13.83		-0.056649		
13.84		-0.056665		
13.85		-0.056681		
13.86		-0.056697		
13.87		-0.056713		
13.88		-0.056729		
13.89		-0.056745		
13.9		-0.056761		
13.91		-0.056777		
13.92		-0.056793		
13.93		-0.056809		
13.94		-0.056825		
13.95		-0.05684		
13.96		-0.056856		
13.97		-0.056872		
13.98		-0.056888		
13.99		-0.056904		
14		-0.05692		
14.01		-0.056935		
14.02		-0.056951		
14.03		-0.056967		
14.04		-0.056983		
14.05		-0.056998		
14.06		-0.057014		
14.07		-0.05703		
14.08		-0.057046		
14.09		-0.057061		
14.1		-0.057077		
14.11		-0.057093		
14.12		-0.057108		
14.13		-0.057124		
14.14		-0.057139		
14.15		-0.057155		
14.16		-0.057171		
14.17		-0.057186		
14.18		-0.057202		
14.19		-0.057217		
14.2		-0.057233		
14.21		-0.057248		
14.22		-0.057264		
14.23		-0.057279		
14.24		-0.057294		
14.25		-0.05731		
14.26		-0.057325		
14.27		-0.057341		
14.28		-0.057356		
14.29		-0.057371		
14.3		-0.057387		
14.31		-0.057402		
14.32		-0.057417		
14.33		-0.057433		
14.34		-0.057448		
14.35		-0.057463		
14.36		-0.057479		
14.37		-0.057494		
14.38		-0.057509		
14.39		-0.057524		
14.4		-0.057539		
14.41		-0.057555		
14.42		-0.05757		
14.43		-0.057585		
14.44		-0.0576		
14.45		-0.057615		
14.46		-0.05763		
14.47		-0.057646		
14.48		-0.057661		
14.49		-0.057676		
14.5		-0.057691		
14.51		-0.057706		
14.52		-0.057721		
14.53		-0.057736		
14.54		-0.057751		
14.55		-0.057766		
14.56		-0.057781		
14.57		-0.057796		
14.58		-0.057811		
14.59		-0.057826		
14.6		-0.057841		
14.61		-0.057856		
14.62		-0.057871		
14.63		-0.057885		
14.64		-0.0579		
14.65		-0.057915		
14.66		-0.05793		
14.67		-0.057945		
14.68		-0.05796		
14.69		-0.057975		
14.7		-0.057989		
14.71		-0.058004		
14.72		-0.058019		
14.73		-0.058034		
14.74		-0.058049		
14.75		-0.058063		
14.76		-0.058078		
14.77		-0.058093		
14.78		-0.058108		
14.79		-0.058122		
14.8		-0.058137		
14.81		-0.058152		
14.82		-0.058166		
14.83		-0.058181		
14.84		-0.058196		
14.85		-0.05821		
14.86		-0.058225		
14.87		-0.058239		
14.88		-0.058254		
14.89		-0.058269		
14.9		-0.058283		
14.91		-0.058298		
14.92		-0.058312		
14.93		-0.058327		
14.94		-0.058341		
14.95		-0.058356		
14.96		-0.058371		
14.97		-0.058385		
14.98		-0.0584		
14.99		-0.058414		
15		-0.058428		
15.01		-0.058443		
15.02		-0.058457		
15.03		-0.058472		
15.04		-0.058486		
15.05		-0.058501		
15.06		-0.058515		
15.07		-0.05853		
15.08		-0.058544		
15.09		-0.058558		
15.1		-0.058573		
15.11		-0.058587		
15.12		-0.058601		
15.13		-0.058616		
15.14		-0.05863		
15.15		-0.058644		
15.16		-0.058659		
15.17		-0.058673		
15.18		-0.058687		
15.19		-0.058702		
15.2		-0.058716		
15.21		-0.05873		
15.22		-0.058744		
15.23		-0.058759		
15.24		-0.058773		
15.25		-0.058787		
15.26		-0.058801		
15.27		-0.058816		
15.28		-0.05883		
15.29		-0.058844		
15.3		-0.058858		
15.31		-0.058872		
15.32		-0.058887		
15.33		-0.058901		
15.34		-0.058915		
15.35		-0.058929		
15.36		-0.058943		
15.37		-0.058957		
15.38		-0.058972		
15.39		-0.058986		
15.4		-0.059		
15.41		-0.059014		
15.42		-0.059028		
15.43		-0.059042		
15.44		-0.059056		
15.45		-0.05907		
15.46		-0.059084		
15.47		-0.059098		
15.48		-0.059112		
15.49		-0.059126		
15.5		-0.05914		
15.51		-0.059154		
15.52		-0.059168		
15.53		-0.059183		
15.54		-0.059197		
15.55		-0.059211		
15.56		-0.059225		
15.57		-0.059238		
15.58		-0.059252		
15.59		-0.059266		
15.6		-0.05928		
15.61		-0.059294		
15.62		-0.059308		
15.63		-0.059322		
15.64		-0.059336		
15.65		-0.05935		
15.66		-0.059364		
15.67		-0.059378		
15.68		-0.059392		
15.69		-0.059406		
15.7		-0.05942		
15.71		-0.059434		
15.72		-0.059447		
15.73		-0.059461		
15.74		-0.059475		
15.75		-0.059489		
15.76		-0.059503		
15.77		-0.059517		
15.78		-0.059531		
15.79		-0.059544		
15.8		-0.059558		
15.81		-0.059572		
15.82		-0.059586		
15.83		-0.0596		
15.84		-0.059614		
15.85		-0.059627		
15.86		-0.059641		
15.87		-0.059655		
15.88		-0.059669		
15.89		-0.059683		
15.9		-0.059696		
15.91		-0.05971		
15.92		-0.059724		
15.93		-0.059738		
15.94		-0.059751		
15.95		-0.059765		
15.96		-0.059779		
15.97		-0.059793		
15.98		-0.059806		
15.99		-0.05982		
16		-0.059834		
16.01		-0.059848		
16.02		-0.059861		
16.03		-0.059875		
16.04		-0.059889		
16.05		-0.059903		
16.06		-0.059916		
16.07		-0.05993		
16.08		-0.059944		
16.09		-0.059957		
16.1		-0.059971		
16.11		-0.059985		
16.12		-0.059998		
16.13		-0.060012		
16.14		-0.060026		
16.15		-0.060039		
16.16		-0.060053		
16.17		-0.060067		
16.18		-0.06008		
16.19		-0.060094		
16.2		-0.060108		
16.21		-0.060121		
16.22		-0.060135		
16.23		-0.060149		
16.24		-0.060162		
16.25		-0.060176		
16.26		-0.060189		
16.27		-0.060203		
16.28		-0.060217		
16.29		-0.06023		
16.3		-0.060244		
16.31		-0.060257		
16.32		-0.060271		
16.33		-0.060285		
16.34		-0.060298		
16.35		-0.060312		
16.36		-0.060325		
16.37		-0.060339		
16.38		-0.060353		
16.39		-0.060366		
16.4		-0.06038		
16.41		-0.060393		
16.42		-0.060407		
16.43		-0.06042		
16.44		-0.060434		
16.45		-0.060448		
16.46		-0.060461		
16.47		-0.060475		
16.48		-0.060488		
16.49		-0.060502		
16.5		-0.060515		
16.51		-0.060529		
16.52		-0.060542		
16.53		-0.060556		
16.54		-0.060569		
16.55		-0.060583		
16.56		-0.060597		
16.57		-0.06061		
16.58		-0.060624		
16.59		-0.060637		
16.6		-0.060651		
16.61		-0.060664		
16.62		-0.060678		
16.63		-0.060691		
16.64		-0.060705		
16.65		-0.060718		
16.66		-0.060732		
16.67		-0.060745		
16.68		-0.060759		
16.69		-0.060772		
16.7		-0.060786		
16.71		-0.060799		
16.72		-0.060813		
16.73		-0.060826		
16.74		-0.06084		
16.75		-0.060853		
16.76		-0.060867		
16.77		-0.06088		
16.78		-0.060894		
16.79		-0.060907		
16.8		-0.060921		
16.81		-0.060934		
16.82		-0.060947		
16.83		-0.060961		
16.84		-0.060974		
16.85		-0.060988		
16.86		-0.061001		
16.87		-0.061015		
16.88		-0.061028		
16.89		-0.061042		
16.9		-0.061055		
16.91		-0.061069		
16.92		-0.061082		
16.93		-0.061096		
16.94		-0.061109		
16.95		-0.061122		
16.96		-0.061136		
16.97		-0.061149		
16.98		-0.061163		
16.99		-0.061176		
17		-0.06119		
17.01		-0.061203		
17.02		-0.061217		
17.03		-0.06123		
17.04		-0.061243		
17.05		-0.061257		
17.06		-0.06127		
17.07		-0.061284		
17.08		-0.061297		
17.09		-0.061311		
17.1		-0.061324		
17.11		-0.061338		
17.12		-0.061351		
17.13		-0.061364		
17.14		-0.061378		
17.15		-0.061391		
17.16		-0.061405		
17.17		-0.061418		
17.18		-0.061432		
17.19		-0.061445		
17.2		-0.061458		
17.21		-0.061472		
17.22		-0.061485		
17.23		-0.061499		
17.24		-0.061512		
17.25		-0.061525		
17.26		-0.061539		
17.27		-0.061552		
17.28		-0.061566		
17.29		-0.061579		
17.3		-0.061593		
17.31		-0.061606		
17.32		-0.061619		
17.33		-0.061633		
17.34		-0.061646		
17.35		-0.06166		
17.36		-0.061673		
17.37		-0.061686		
17.38		-0.0617		
17.39		-0.061713		
17.4		-0.061727		
17.41		-0.06174		
17.42		-0.061753		
17.43		-0.061767		
17.44		-0.06178		
17.45		-0.061794		
17.46		-0.061807		
17.47		-0.061821		
17.48		-0.061834		
17.49		-0.061847		
17.5		-0.061861		
17.51		-0.061874		
17.52		-0.061888		
17.53		-0.061901		
17.54		-0.061914		
17.55		-0.061928		
17.56		-0.061941		
17.57		-0.061955		
17.58		-0.061968		
17.59		-0.061981		
17.6		-0.061995		
17.61		-0.062008		
17.62		-0.062022		
17.63		-0.062035		
17.64		-0.062048		
17.65		-0.062062		
17.66		-0.062075		
17.67		-0.062088		
17.68		-0.062102		
17.69		-0.062115		
17.7		-0.062129		
17.71		-0.062142		
17.72		-0.062155		
17.73		-0.062169		
17.74		-0.062182		
17.75		-0.062196		
17.76		-0.062209		
17.77		-0.062222		
17.78		-0.062236		
17.79		-0.062249		
17.8		-0.062263		
17.81		-0.062276		
17.82		-0.062289		
17.83		-0.062303		
17.84		-0.062316		
17.85		-0.06233		
17.86		-0.062343		
17.87		-0.062356		
17.88		-0.06237		
17.89		-0.062383		
17.9		-0.062396		
17.91		-0.06241		
17.92		-0.062423		
17.93		-0.062437		
17.94		-0.06245		
17.95		-0.062463		
17.96		-0.062477		
17.97		-0.06249		
17.98		-0.062504		
17.99		-0.062517		
18		-0.06253		
18.01		-0.062544		
18.02		-0.062557		
18.03		-0.06257		
18.04		-0.062584		
18.05		-0.062597		
18.06		-0.062611		
18.07		-0.062624		
18.08		-0.062637		
18.09		-0.062651		
18.1		-0.062664		
18.11		-0.062678		
18.12		-0.062691		
18.13		-0.062704		
18.14		-0.062718		
18.15		-0.062731		
18.16		-0.062744		
18.17		-0.062758		
18.18		-0.062771		
18.19		-0.062785		
18.2		-0.062798		
18.21		-0.062811		
18.22		-0.062825		
18.23		-0.062838		
18.24		-0.062851		
18.25		-0.062865		
18.26		-0.062878		
18.27		-0.062892		
18.28		-0.062905		
18.29		-0.062918		
18.3		-0.062932		
18.31		-0.062945		
18.32		-0.062958		
18.33		-0.062972		
18.34		-0.062985		
18.35		-0.062998		
18.36		-0.063012		
18.37		-0.063025		
18.38		-0.063039		
18.39		-0.063052		
18.4		-0.063065		
18.41		-0.063079		
18.42		-0.063092		
18.43		-0.063105		
18.44		-0.063119		
18.45		-0.063132		
18.46		-0.063145		
18.47		-0.063159		
18.48		-0.063172		
18.49		-0.063186		
18.5		-0.063199		
18.51		-0.063212		
18.52		-0.063226		
18.53		-0.063239		
18.54		-0.063253		
18.55		-0.063266		
18.56		-0.06328		
18.57		-0.063293		
18.58		-0.063307		
18.59		-0.06332		
18.6		-0.063333		
18.61		-0.063347		
18.62		-0.06336		
18.63		-0.063373		
18.64		-0.063386		
18.65		-0.063399		
18.66		-0.063412		
18.67		-0.063425		
18.68		-0.063438		
18.69		-0.06345		
18.7		-0.063463		
18.71		-0.063476		
18.72		-0.063488		
18.73		-0.063501		
18.74		-0.063513		
18.75		-0.063526		
18.76		-0.063538		
18.77		-0.063551		
18.78		-0.063563		
18.79		-0.063575		
18.8		-0.063587		
18.81		-0.063599		
18.82		-0.063611		
18.83		-0.063623		
18.84		-0.063635		
18.85		-0.063647		
18.86		-0.063659		
18.87		-0.063671		
18.88		-0.063682		
18.89		-0.063694		
18.9		-0.063706		
18.91		-0.063717		
18.92		-0.063729		
18.93		-0.06374		
18.94		-0.063751		
18.95		-0.063763		
18.96		-0.063774		
18.97		-0.063785		
18.98		-0.063796		
18.99		-0.063807		
19		-0.063818		
19.01		-0.063829		
19.02		-0.06384		
19.03		-0.063851		
19.04		-0.063862		
19.05		-0.063873		
19.06		-0.063883		
19.07		-0.063894		
19.08		-0.063905		
19.09		-0.063915		
19.1		-0.063926		
19.11		-0.063936		
19.12		-0.063946		
19.13		-0.063957		
19.14		-0.063967		
19.15		-0.063977		
19.16		-0.063987		
19.17		-0.063997		
19.18		-0.064008		
19.19		-0.064018		
19.2		-0.064027		
19.21		-0.064037		
19.22		-0.064047		
19.23		-0.064057		
19.24		-0.064067		
19.25		-0.064076		
19.26		-0.064086		
19.27		-0.064096		
19.28		-0.064105		
19.29		-0.064115		
19.3		-0.064124		
19.31		-0.064133		
19.32		-0.064143		
19.33		-0.064152		
19.34		-0.064161		
19.35		-0.06417		
19.36		-0.064179		
19.37		-0.064188		
19.38		-0.064197		
19.39		-0.064206		
19.4		-0.064215		
19.41		-0.064224		
19.42		-0.064233		
19.43		-0.064241		
19.44		-0.06425		
19.45		-0.064259		
19.46		-0.064267		
19.47		-0.064276		
19.48		-0.064284		
19.49		-0.064293		
19.5		-0.064301		
19.51		-0.064309		
19.52		-0.064318		
19.53		-0.064326		
19.54		-0.064334		
19.55		-0.064342		
19.56		-0.06435		
19.57		-0.064358		
19.58		-0.064366		
19.59		-0.064374		
19.6		-0.064382		
19.61		-0.06439		
19.62		-0.064398		
19.63		-0.064405		
19.64		-0.064413		
19.65		-0.06442		
19.66		-0.064428		
19.67		-0.064436		
19.68		-0.064443		
19.69		-0.06445		
19.7		-0.064458		
19.71		-0.064465		
19.72		-0.064472		
19.73		-0.06448		
19.74		-0.064487		
19.75		-0.064494		
19.76		-0.064501		
19.77		-0.064508		
19.78		-0.064515		
19.79		-0.064522		
19.8		-0.064529		
19.81		-0.064535		
19.82		-0.064542		
19.83		-0.064549		
19.84		-0.064556		
19.85		-0.064562		
19.86		-0.064569		
19.87		-0.064575		
19.88		-0.064582		
19.89		-0.064588		
19.9		-0.064595		
19.91		-0.064601		
19.92		-0.064607		
19.93		-0.064613		
19.94		-0.06462		
19.95		-0.064626		
19.96		-0.064632		
19.97		-0.064638		
19.98		-0.064644		
19.99		-0.06465		
20		-0.064656		
20.01		-0.064662		
20.02		-0.064667		
20.03		-0.064673		
20.04		-0.064679		
20.05		-0.064685		
20.06		-0.06469		
20.07		-0.064696		
20.08		-0.064701		
20.09		-0.064707		
20.1		-0.064712		
20.11		-0.064718		
20.12		-0.064723		
20.13		-0.064728		
20.14		-0.064734		
20.15		-0.064739		
20.16		-0.064744		
20.17		-0.064749		
20.18		-0.064754		
20.19		-0.064759		
20.2		-0.064764		
20.21		-0.064769		
20.22		-0.064774		
20.23		-0.064779		
20.24		-0.064784		
20.25		-0.064788		
20.26		-0.064793		
20.27		-0.064798		
20.28		-0.064802		
20.29		-0.064807		
20.3		-0.064811		
20.31		-0.064816		
20.32		-0.06482		
20.33		-0.064825		
20.34		-0.064829		
20.35		-0.064833		
20.36		-0.064837		
20.37		-0.064842		
20.38		-0.064846		
20.39		-0.06485		
20.4		-0.064854		
20.41		-0.064858		
20.42		-0.064862		
20.43		-0.064866		
20.44		-0.06487		
20.45		-0.064874		
20.46		-0.064877		
20.47		-0.064881		
20.48		-0.064885		
20.49		-0.064889		
20.5		-0.064892		
20.51		-0.064896		
20.52		-0.064899		
20.53		-0.064903		
20.54		-0.064906		
20.55		-0.06491		
20.56		-0.064913		
20.57		-0.064916		
20.58		-0.06492		
20.59		-0.064923		
20.6		-0.064926		
20.61		-0.064929		
20.62		-0.064932		
20.63		-0.064936		
20.64		-0.064939		
20.65		-0.064942		
20.66		-0.064944		
20.67		-0.064947		
20.68		-0.06495		
20.69		-0.064953		
20.7		-0.064956		
20.71		-0.064959		
20.72		-0.064961		
20.73		-0.064964		
20.74		-0.064967		
20.75		-0.064969		
20.76		-0.064972		
20.77		-0.064974		
20.78		-0.064977		
20.79		-0.064979		
20.8		-0.064981		
20.81		-0.064984		
20.82		-0.064986		
20.83		-0.064988		
20.84		-0.06499		
20.85		-0.064992		
20.86		-0.064995		
20.87		-0.064997		
20.88		-0.064999		
20.89		-0.065001		
20.9		-0.065003		
20.91		-0.065004		
20.92		-0.065006		
20.93		-0.065008		
20.94		-0.06501		
20.95		-0.065012		
20.96		-0.065013		
20.97		-0.065015		
20.98		-0.065017		
20.99		-0.065018		
21		-0.06502		
21.01		-0.065021		
21.02		-0.065023		
21.03		-0.065024		
21.04		-0.065025		
21.05		-0.065027		
21.06		-0.065028		
21.07		-0.065029		
21.08		-0.065031		
21.09		-0.065032		
21.1		-0.065033		
21.11		-0.065034		
21.12		-0.065035		
21.13		-0.065036		
21.14		-0.065037		
21.15		-0.065038		
21.16		-0.065039		
21.17		-0.06504		
21.18		-0.065041		
21.19		-0.065041		
21.2		-0.065042		
21.21		-0.065043		
21.22		-0.065044		
21.23		-0.065044		
21.24		-0.065045		
21.25		-0.065045		
21.26		-0.065046		
21.27		-0.065046		
21.28		-0.065047		
21.29		-0.065047		
21.3		-0.065047		
21.31		-0.065048		
21.32		-0.065048		
21.33		-0.065048		
21.34		-0.065049		
21.35		-0.065049		
21.36		-0.065049		
21.37		-0.065049		
21.38		-0.065049		
21.39		-0.065049		
21.4		-0.065049		
21.41		-0.065049		
21.42		-0.065049		
21.43		-0.065049		
21.44		-0.065049		
21.45		-0.065048		
21.46		-0.065048		
21.47		-0.065048		
21.48		-0.065048		
21.49		-0.065047		
21.5		-0.065047		
21.51		-0.065046		
21.52		-0.065046		
21.53		-0.065045		
21.54		-0.065045		
21.55		-0.065044		
21.56		-0.065044		
21.57		-0.065043		
21.58		-0.065042		
21.59		-0.065042		
21.6		-0.065041		
21.61		-0.06504		
21.62		-0.065039		
21.63		-0.065038		
21.64		-0.065038		
21.65		-0.065037		
21.66		-0.065036		
21.67		-0.065035		
21.68		-0.065034		
21.69		-0.065033		
21.7		-0.065031		
21.71		-0.06503		
21.72		-0.065029		
21.73		-0.065028		
21.74		-0.065027		
21.75		-0.065025		
21.76		-0.065024		
21.77		-0.065023		
21.78		-0.065021		
21.79		-0.06502		
21.8		-0.065018		
21.81		-0.065017		
21.82		-0.065015		
21.83		-0.065014		
21.84		-0.065012		
21.85		-0.065011		
21.86		-0.065009		
21.87		-0.065007		
21.88		-0.065005		
21.89		-0.065004		
21.9		-0.065002		
21.91		-0.065		
21.92		-0.064998		
21.93		-0.064996		
21.94		-0.064994		
21.95		-0.064992		
21.96		-0.06499		
21.97		-0.064988		
21.98		-0.064986		
21.99		-0.064984		
22		-0.064982		
22.01		-0.06498		
22.02		-0.064977		
22.03		-0.064975		
22.04		-0.064973		
22.05		-0.064971		
22.06		-0.064968		
22.07		-0.064966		
22.08		-0.064963		
22.09		-0.064961		
22.1		-0.064958		
22.11		-0.064956		
22.12		-0.064953		
22.13		-0.064951		
22.14		-0.064948		
22.15		-0.064945		
22.16		-0.064943		
22.17		-0.06494		
22.18		-0.064937		
22.19		-0.064935		
22.2		-0.064932		
22.21		-0.064929		
22.22		-0.064926		
22.23		-0.064923		
22.24		-0.06492		
22.25		-0.064917		
22.26		-0.064914		
22.27		-0.064911		
22.28		-0.064908		
22.29		-0.064905		
22.3		-0.064902		
22.31		-0.064899		
22.32		-0.064895		
22.33		-0.064892		
22.34		-0.064889		
22.35		-0.064886		
22.36		-0.064882		
22.37		-0.064879		
22.38		-0.064875		
22.39		-0.064872		
22.4		-0.064869		
22.41		-0.064865		
22.42		-0.064862		
22.43		-0.064858		
22.44		-0.064854		
22.45		-0.064851		
22.46		-0.064847		
22.47		-0.064843		
22.48		-0.06484		
22.49		-0.064836		
22.5		-0.064832		
22.51		-0.064828		
22.52		-0.064825		
22.53		-0.064821		
22.54		-0.064817		
22.55		-0.064813		
22.56		-0.064809		
22.57		-0.064805		
22.58		-0.064801		
22.59		-0.064797		
22.6		-0.064793		
22.61		-0.064789		
22.62		-0.064785		
22.63		-0.06478		
22.64		-0.064776		
22.65		-0.064772		
22.66		-0.064768		
22.67		-0.064763		
22.68		-0.064759		
22.69		-0.064755		
22.7		-0.06475		
22.71		-0.064746		
22.72		-0.064741		
22.73		-0.064737		
22.74		-0.064732		
22.75		-0.064728		
22.76		-0.064723		
22.77		-0.064719		
22.78		-0.064714		
22.79		-0.06471		
22.8		-0.064705		
22.81		-0.0647		
22.82		-0.064695		
22.83		-0.064691		
22.84		-0.064686		
22.85		-0.064681		
22.86		-0.064676		
22.87		-0.064671		
22.88		-0.064666		
22.89		-0.064661		
22.9		-0.064656		
22.91		-0.064651		
22.92		-0.064646		
22.93		-0.064641		
22.94		-0.064636		
22.95		-0.064631		
22.96		-0.064626		
22.97		-0.064621		
22.98		-0.064616		
22.99		-0.06461		
23		-0.064605		
23.01		-0.0646		
23.02		-0.064595		
23.03		-0.064589		
23.04		-0.064584		
23.05		-0.064579		
23.06		-0.064573		
23.07		-0.064568		
23.08		-0.064562		
23.09		-0.064557		
23.1		-0.064551		
23.11		-0.064546		
23.12		-0.06454		
23.13		-0.064534		
23.14		-0.064529		
23.15		-0.064523		
23.16		-0.064517		
23.17		-0.064512		
23.18		-0.064506		
23.19		-0.0645		
23.2		-0.064494		
23.21		-0.064488		
23.22		-0.064483		
23.23		-0.064477		
23.24		-0.064471		
23.25		-0.064465		
23.26		-0.064459		
23.27		-0.064453		
23.28		-0.064447		
23.29		-0.064441		
23.3		-0.064435		
23.31		-0.064428		
23.32		-0.064422		
23.33		-0.064416		
23.34		-0.06441		
23.35		-0.064404		
23.36		-0.064398		
23.37		-0.064391		
23.38		-0.064385		
23.39		-0.064379		
23.4		-0.064372		
23.41		-0.064366		
23.42		-0.06436		
23.43		-0.064353		
23.44		-0.064347		
23.45		-0.06434		
23.46		-0.064334		
23.47		-0.064327		
23.48		-0.064321		
23.49		-0.064314		
23.5		-0.064307		
23.51		-0.064301		
23.52		-0.064294		
23.53		-0.064287		
23.54		-0.064281		
23.55		-0.064274		
23.56		-0.064267		
23.57		-0.06426		
23.58		-0.064254		
23.59		-0.064247		
23.6		-0.06424		
23.61		-0.064233		
23.62		-0.064226		
23.63		-0.064219		
23.64		-0.064212		
23.65		-0.064205		
23.66		-0.064198		
23.67		-0.064191		
23.68		-0.064184		
23.69		-0.064177		
23.7		-0.06417		
23.71		-0.064163		
23.72		-0.064155		
23.73		-0.064148		
23.74		-0.064141		
23.75		-0.064134		
23.76		-0.064127		
23.77		-0.064119		
23.78		-0.064112		
23.79		-0.064105		
23.8		-0.064097		
23.81		-0.06409		
23.82		-0.064082		
23.83		-0.064075		
23.84		-0.064067		
23.85		-0.06406		
23.86		-0.064052		
23.87		-0.064045		
23.88		-0.064037		
23.89		-0.06403		
23.9		-0.064022		
23.91		-0.064015		
23.92		-0.064007		
23.93		-0.063999		
23.94		-0.063991		
23.95		-0.063984		
23.96		-0.063976		
23.97		-0.063968		
23.98		-0.06396		
23.99		-0.063953		
24		-0.063945		
24.01		-0.063937		
24.02		-0.063929		
24.03		-0.063921		
24.04		-0.063913		
24.05		-0.063905		
24.06		-0.063897		
24.07		-0.063889		
24.08		-0.063881		
24.09		-0.063873		
24.1		-0.063865		
24.11		-0.063857		
24.12		-0.063849		
24.13		-0.063841		
24.14		-0.063832		
24.15		-0.063824		
24.16		-0.063816		
24.17		-0.063808		
24.18		-0.063799		
24.19		-0.063791		
24.2		-0.063783		
24.21		-0.063775		
24.22		-0.063766		
24.23		-0.063758		
24.24		-0.063749		
24.25		-0.063741		
24.26		-0.063733		
24.27		-0.063724		
24.28		-0.063716		
24.29		-0.063707		
24.3		-0.063698		
24.31		-0.06369		
24.32		-0.063681		
24.33		-0.063673		
24.34		-0.063664		
24.35		-0.063655		
24.36		-0.063647		
24.37		-0.063638		
24.38		-0.063629		
24.39		-0.063619		
24.4		-0.063609		
24.41		-0.063599		
24.42		-0.063588		
24.43		-0.063577		
24.44		-0.063566		
24.45		-0.063554		
24.46		-0.063541		
24.47		-0.063529		
24.48		-0.063516		
24.49		-0.063502		
24.5		-0.063488		
24.51		-0.063474		
24.52		-0.06346		
24.53		-0.063445		
24.54		-0.063429		
24.55		-0.063414		
24.56		-0.063397		
24.57		-0.063381		
24.58		-0.063364		
24.59		-0.063347		
24.6		-0.063329		
24.61		-0.063311		
24.62		-0.063293		
24.63		-0.063275		
24.64		-0.063256		
24.65		-0.063236		
24.66		-0.063217		
24.67		-0.063197		
24.68		-0.063176		
24.69		-0.063156		
24.7		-0.063135		
24.71		-0.063113		
24.72		-0.063092		
24.73		-0.06307		
24.74		-0.063047		
24.75		-0.063025		
24.76		-0.063002		
24.77		-0.062978		
24.78		-0.062955		
24.79		-0.062931		
24.8		-0.062907		
24.81		-0.062882		
24.82		-0.062858		
24.83		-0.062832		
24.84		-0.062807		
24.85		-0.062781		
24.86		-0.062755		
24.87		-0.062729		
24.88		-0.062703		
24.89		-0.062676		
24.9		-0.062649		
24.91		-0.062621		
24.92		-0.062594		
24.93		-0.062566		
24.94		-0.062537		
24.95		-0.062509		
24.96		-0.06248		
24.97		-0.062451		
24.98		-0.062422		
24.99		-0.062393		
25		-0.062363		
25.01		-0.062333		
25.02		-0.062303		
25.03		-0.062272		
25.04		-0.062241		
25.05		-0.06221		
25.06		-0.062179		
25.07		-0.062148		
25.08		-0.062116		
25.09		-0.062084		
25.1		-0.062052		
25.11		-0.062019		
25.12		-0.061987		
25.13		-0.061954		
25.14		-0.061921		
25.15		-0.061888		
25.16		-0.061854		
25.17		-0.06182		
25.18		-0.061786		
25.19		-0.061752		
25.2		-0.061718		
25.21		-0.061683		
25.22		-0.061649		
25.23		-0.061614		
25.24		-0.061579		
25.25		-0.061543		
25.26		-0.061508		
25.27		-0.061472		
25.28		-0.061436		
25.29		-0.0614		
25.3		-0.061363		
25.31		-0.061327		
25.32		-0.06129		
25.33		-0.061253		
25.34		-0.061216		
25.35		-0.061179		
25.36		-0.061141		
25.37		-0.061103		
25.38		-0.061066		
25.39		-0.061027		
25.4		-0.060989		
25.41		-0.060951		
25.42		-0.060912		
25.43		-0.060874		
25.44		-0.060835		
25.45		-0.060796		
25.46		-0.060756		
25.47		-0.060717		
25.48		-0.060677		
25.49		-0.060637		
25.5		-0.060598		
25.51		-0.060557		
25.52		-0.060517		
25.53		-0.060477		
25.54		-0.060436		
25.55		-0.060395		
25.56		-0.060354		
25.57		-0.060313		
25.58		-0.060272		
25.59		-0.060231		
25.6		-0.060189		
25.61		-0.060147		
25.62		-0.060106		
25.63		-0.060064		
25.64		-0.060021		
25.65		-0.059979		
25.66		-0.059937		
25.67		-0.059894		
25.68		-0.059851		
25.69		-0.059808		
25.7		-0.059765		
25.71		-0.059722		
25.72		-0.059679		
25.73		-0.059635		
25.74		-0.059592		
25.75		-0.059548		
25.76		-0.059504		
25.77		-0.05946		
25.78		-0.059416		
25.79		-0.059371		
25.8		-0.059327		
25.81		-0.059282		
25.82		-0.059237		
25.83		-0.059193		
25.84		-0.059148		
25.85		-0.059102		
25.86		-0.059057		
25.87		-0.059012		
25.88		-0.058966		
25.89		-0.05892		
25.9		-0.058875		
25.91		-0.058829		
25.92		-0.058782		
25.93		-0.058736		
25.94		-0.05869		
25.95		-0.058643		
25.96		-0.058597		
25.97		-0.05855		
25.98		-0.058503		
25.99		-0.058456		
26		-0.058409		
26.01		-0.058362		
26.02		-0.058314		
26.03		-0.058267		
26.04		-0.058219		
26.05		-0.058171		
26.06		-0.058124		
26.07		-0.058076		
26.08		-0.058027		
26.09		-0.057979		
26.1		-0.057931		
26.11		-0.057882		
26.12		-0.057834		
26.13		-0.057785		
26.14		-0.057736		
26.15		-0.057687		
26.16		-0.057638		
26.17		-0.057589		
26.18		-0.05754		
26.19		-0.05749		
26.2		-0.057441		
26.21		-0.057391		
26.22		-0.057341		
26.23		-0.057291		
26.24		-0.057241		
26.25		-0.057191		
26.26		-0.057141		
26.27		-0.05709		
26.28		-0.05704		
26.29		-0.056989		
26.3		-0.056939		
26.31		-0.056888		
26.32		-0.056837		
26.33		-0.056786		
26.34		-0.056735		
26.35		-0.056684		
26.36		-0.056632		
26.37		-0.056581		
26.38		-0.056529		
26.39		-0.056478		
26.4		-0.056426		
26.41		-0.056374		
26.42		-0.056322		
26.43		-0.05627		
26.44		-0.056218		
26.45		-0.056165		
26.46		-0.056113		
26.47		-0.05606		
26.48		-0.056008		
26.49		-0.055955		
26.5		-0.055902		
26.51		-0.055849		
26.52		-0.055796		
26.53		-0.055743		
26.54		-0.05569		
26.55		-0.055637		
26.56		-0.055583		
26.57		-0.05553		
26.58		-0.055476		
26.59		-0.055422		
26.6		-0.055368		
26.61		-0.055315		
26.62		-0.05526		
26.63		-0.055206		
26.64		-0.055152		
26.65		-0.055098		
26.66		-0.055043		
26.67		-0.054989		
26.68		-0.054934		
26.69		-0.05488		
26.7		-0.054825		
26.71		-0.05477		
26.72		-0.054715		
26.73		-0.05466		
26.74		-0.054605		
26.75		-0.054549		
26.76		-0.054494		
26.77		-0.054439		
26.78		-0.054383		
26.79		-0.054327		
26.8		-0.054272		
26.81		-0.054216		
26.82		-0.05416		
26.83		-0.054104		
26.84		-0.054048		
26.85		-0.053992		
26.86		-0.053936		
26.87		-0.053879		
26.88		-0.053823		
26.89		-0.053766		
26.9		-0.05371		
26.91		-0.053653		
26.92		-0.053596		
26.93		-0.053539		
26.94		-0.053482		
26.95		-0.053425		
26.96		-0.053368		
26.97		-0.053311		
26.98		-0.053254		
26.99		-0.053196		
27		-0.053139		
27.01		-0.053081		
27.02		-0.053024		
27.03		-0.052966		
27.04		-0.052908		
27.05		-0.05285		
27.06		-0.052793		
27.07		-0.052735		
27.08		-0.052676		
27.09		-0.052618		
27.1		-0.05256		
27.11		-0.052502		
27.12		-0.052443		
27.13		-0.052385		
27.14		-0.052326		
27.15		-0.052268		
27.16		-0.052209		
27.17		-0.05215		
27.18		-0.052091		
27.19		-0.052032		
27.2		-0.051973		
27.21		-0.051914		
27.22		-0.051855		
27.23		-0.051796		
27.24		-0.051737		
27.25		-0.051677		
27.26		-0.051618		
27.27		-0.051558		
27.28		-0.051499		
27.29		-0.051439		
27.3		-0.051379		
27.31		-0.05132		
27.32		-0.05126		
27.33		-0.0512		
27.34		-0.05114		
27.35		-0.05108		
27.36		-0.05102		
27.37		-0.050959		
27.38		-0.050899		
27.39		-0.050839		
27.4		-0.050778		
27.41		-0.050718		
27.42		-0.050657		
27.43		-0.050597		
27.44		-0.050536		
27.45		-0.050475		
27.46		-0.050415		
27.47		-0.050354		
27.48		-0.050293		
27.49		-0.050232		
27.5		-0.050171		
27.51		-0.05011		
27.52		-0.050049		
27.53		-0.049987		
27.54		-0.049926		
27.55		-0.049865		
27.56		-0.049803		
27.57		-0.049742		
27.58		-0.04968		
27.59		-0.049619		
27.6		-0.049557		
27.61		-0.049495		
27.62		-0.049434		
27.63		-0.049372		
27.64		-0.04931		
27.65		-0.049248		
27.66		-0.049186		
27.67		-0.049124		
27.68		-0.049062		
27.69		-0.049		
27.7		-0.048938		
27.71		-0.048876		
27.72		-0.048813		
27.73		-0.048751		
27.74		-0.048689		
27.75		-0.048626		
27.76		-0.048564		
27.77		-0.048501		
27.78		-0.048439		
27.79		-0.048376		
27.8		-0.048313		
27.81		-0.048251		
27.82		-0.048188		
27.83		-0.048125		
27.84		-0.048062		
27.85		-0.047999		
27.86		-0.047936		
27.87		-0.047873		
27.88		-0.04781		
27.89		-0.047747		
27.9		-0.047684		
27.91		-0.047621		
27.92		-0.047558		
27.93		-0.047494		
27.94		-0.047431		
27.95		-0.047368		
27.96		-0.047304		
27.97		-0.047241		
27.98		-0.047177		
27.99		-0.047114		
28		-0.04705		
28.01		-0.046987		
28.02		-0.046923		
28.03		-0.04686		
28.04		-0.046796		
28.05		-0.046732		
28.06		-0.046668		
28.07		-0.046605		
28.08		-0.046541		
28.09		-0.046477		
28.1		-0.046413		
28.11		-0.046349		
28.12		-0.046285		
28.13		-0.046221		
28.14		-0.046157		
28.15		-0.046093		
28.16		-0.046029		
28.17		-0.045965		
28.18		-0.0459		
28.19		-0.045836		
28.2		-0.045772		
28.21		-0.045708		
28.22		-0.045643		
28.23		-0.045579		
28.24		-0.045515		
28.25		-0.04545		
28.26		-0.045386		
28.27		-0.045321		
28.28		-0.045257		
28.29		-0.045192		
28.3		-0.045128		
28.31		-0.045063		
28.32		-0.044999		
28.33		-0.044934		
28.34		-0.04487		
28.35		-0.044805		
28.36		-0.04474		
28.37		-0.044676		
28.38		-0.044611		
28.39		-0.044546		
28.4		-0.044481		
28.41		-0.044417		
28.42		-0.044352		
28.43		-0.044287		
28.44		-0.044222		
28.45		-0.044157		
28.46		-0.044092		
28.47		-0.044027		
28.48		-0.043963		
28.49		-0.043898		
28.5		-0.043833		
28.51		-0.043768		
28.52		-0.043703		
28.53		-0.043638		
28.54		-0.043573		
28.55		-0.043508		
28.56		-0.043443		
28.57		-0.043378		
28.58		-0.043313		
28.59		-0.043247		
28.6		-0.043182		
28.61		-0.043117		
28.62		-0.043052		
28.63		-0.042987		
28.64		-0.042922		
28.65		-0.042857		
28.66		-0.042792		
28.67		-0.042726		
28.68		-0.042661		
28.69		-0.042596		
28.7		-0.042531		
28.71		-0.042466		
28.72		-0.0424		
28.73		-0.042335		
28.74		-0.04227		
28.75		-0.042205		
28.76		-0.042139		
28.77		-0.042074		
28.78		-0.042009		
28.79		-0.041944		
28.8		-0.041878		
28.81		-0.041813		
28.82		-0.041748		
28.83		-0.041683		
28.84		-0.041617		
28.85		-0.041552		
28.86		-0.041487		
28.87		-0.041422		
28.88		-0.041356		
28.89		-0.041291		
28.9		-0.041226		
28.91		-0.041161		
28.92		-0.041095		
28.93		-0.04103		
28.94		-0.040965		
28.95		-0.040899		
28.96		-0.040834		
28.97		-0.040769		
28.98		-0.040704		
28.99		-0.040638		
29		-0.040573		
29.01		-0.040508		
29.02		-0.040443		
29.03		-0.040378		
29.04		-0.040312		
29.05		-0.040247		
29.06		-0.040182		
29.07		-0.040117		
29.08		-0.040052		
29.09		-0.039986		
29.1		-0.039921		
29.11		-0.039856		
29.12		-0.039791		
29.13		-0.039726		
29.14		-0.039661		
29.15		-0.039595		
29.16		-0.03953		
29.17		-0.039465		
29.18		-0.0394		
29.19		-0.039335		
29.2		-0.03927		
29.21		-0.039205		
29.22		-0.03914		
29.23		-0.039075		
29.24		-0.03901		
29.25		-0.038945		
29.26		-0.03888		
29.27		-0.038815		
29.28		-0.03875		
29.29		-0.038685		
29.3		-0.03862		
29.31		-0.038555		
29.32		-0.038491		
29.33		-0.038426		
29.34		-0.038361		
29.35		-0.038296		
29.36		-0.038231		
29.37		-0.038167		
29.38		-0.038102		
29.39		-0.038037		
29.4		-0.037972		
29.41		-0.037908		
29.42		-0.037843		
29.43		-0.037778		
29.44		-0.037714		
29.45		-0.037649		
29.46		-0.037585		
29.47		-0.03752		
29.48		-0.037455		
29.49		-0.037391		
29.5		-0.037326		
29.51		-0.037262		
29.52		-0.037198		
29.53		-0.037133		
29.54		-0.037069		
29.55		-0.037005		
29.56		-0.03694		
29.57		-0.036876		
29.58		-0.036812		
29.59		-0.036747		
29.6		-0.036683		
29.61		-0.036619		
29.62		-0.036555		
29.63		-0.036491		
29.64		-0.036427		
29.65		-0.036363		
29.66		-0.036299		
29.67		-0.036235		
29.68		-0.036171		
29.69		-0.036107		
29.7		-0.036043		
29.71		-0.035979		
29.72		-0.035915		
29.73		-0.035851		
29.74		-0.035788		
29.75		-0.035724		
29.76		-0.03566		
29.77		-0.035597		
29.78		-0.035533		
29.79		-0.035469		
29.8		-0.035406		
29.81		-0.035342		
29.82		-0.035279		
29.83		-0.035215		
29.84		-0.035152		
29.85		-0.035089		
29.86		-0.035025		
29.87		-0.034962		
29.88		-0.034899		
29.89		-0.034836		
29.9		-0.034772		
29.91		-0.034709		
29.92		-0.034646		
29.93		-0.034583		
29.94		-0.03452		
29.95		-0.034457		
29.96		-0.034394		
29.97		-0.034331		
29.98		-0.034269		
29.99		-0.034206		
30		-0.034143		
