tau [fm]		e/e0
0.25		1
0.26		0.95005		
0.27		0.90477		
0.28		0.86355		
0.29		0.82585		
0.3		0.79127		
0.31		0.75942		
0.32		0.73		
0.33		0.70275		
0.34		0.67743		
0.35		0.65385		
0.36		0.63183		
0.37		0.61123		
0.38		0.59191		
0.39		0.57375		
0.4		0.55666		
0.41		0.54055		
0.42		0.52532		
0.43		0.51092		
0.44		0.49727		
0.45		0.48432		
0.46		0.47201		
0.47		0.4603		
0.48		0.44915		
0.49		0.43851		
0.5		0.42835		
0.51		0.41864		
0.52		0.40936		
0.53		0.40046		
0.54		0.39193		
0.55		0.38375		
0.56		0.3759		
0.57		0.36835		
0.58		0.36109		
0.59		0.3541		
0.6		0.34737		
0.61		0.34088		
0.62		0.33462		
0.63		0.32858		
0.64		0.32274		
0.65		0.3171		
0.66		0.31165		
0.67		0.30638		
0.68		0.30127		
0.69		0.29633		
0.7		0.29153		
0.71		0.28689		
0.72		0.28238		
0.73		0.27801		
0.74		0.27377		
0.75		0.26964		
0.76		0.26564		
0.77		0.26174		
0.78		0.25795		
0.79		0.25427		
0.8		0.25068		
0.81		0.24719		
0.82		0.24379		
0.83		0.24048		
0.84		0.23725		
0.85		0.23411		
0.86		0.23104		
0.87		0.22804		
0.88		0.22512		
0.89		0.22227		
0.9		0.21949		
0.91		0.21677		
0.92		0.21411		
0.93		0.21151		
0.94		0.20898		
0.95		0.2065		
0.96		0.20407		
0.97		0.2017		
0.98		0.19938		
0.99		0.1971		
1		0.19488		
1.01		0.1927		
1.02		0.19057		
1.03		0.18848		
1.04		0.18644		
1.05		0.18443		
1.06		0.18247		
1.07		0.18054		
1.08		0.17865		
1.09		0.1768		
1.1		0.17498		
1.11		0.1732		
1.12		0.17145		
1.13		0.16973		
1.14		0.16805		
1.15		0.1664		
1.16		0.16477		
1.17		0.16318		
1.18		0.16161		
1.19		0.16007		
1.2		0.15856		
1.21		0.15708		
1.22		0.15562		
1.23		0.15418		
1.24		0.15277		
1.25		0.15138		
1.26		0.15002		
1.27		0.14868		
1.28		0.14736		
1.29		0.14606		
1.3		0.14479		
1.31		0.14353		
1.32		0.14229		
1.33		0.14108		
1.34		0.13988		
1.35		0.1387		
1.36		0.13754		
1.37		0.1364		
1.38		0.13527		
1.39		0.13416		
1.4		0.13307		
1.41		0.132		
1.42		0.13094		
1.43		0.12989		
1.44		0.12886		
1.45		0.12785		
1.46		0.12685		
1.47		0.12586		
1.48		0.12489		
1.49		0.12394		
1.5		0.12299		
1.51		0.12206		
1.52		0.12114		
1.53		0.12024		
1.54		0.11934		
1.55		0.11846		
1.56		0.11759		
1.57		0.11673		
1.58		0.11589		
1.59		0.11505		
1.6		0.11423		
1.61		0.11342		
1.62		0.11261		
1.63		0.11182		
1.64		0.11104		
1.65		0.11026		
1.66		0.1095		
1.67		0.10875		
1.68		0.10801		
1.69		0.10727		
1.7		0.10655		
1.71		0.10583		
1.72		0.10512		
1.73		0.10442		
1.74		0.10373		
1.75		0.10305		
1.76		0.10238		
1.77		0.10171		
1.78		0.10105		
1.79		0.1004		
1.8		0.099758		
1.81		0.099122		
1.82		0.098494		
1.83		0.097874		
1.84		0.09726		
1.85		0.096653		
1.86		0.096053		
1.87		0.09546		
1.88		0.094873		
1.89		0.094293		
1.9		0.09372		
1.91		0.093153		
1.92		0.092592		
1.93		0.092037		
1.94		0.091488		
1.95		0.090945		
1.96		0.090408		
1.97		0.089877		
1.98		0.089351		
1.99		0.088831		
2		0.088316		
2.01		0.087807		
2.02		0.087303		
2.03		0.086805		
2.04		0.086311		
2.05		0.085823		
2.06		0.085339		
2.07		0.084861		
2.08		0.084387		
2.09		0.083919		
2.1		0.083454		
2.11		0.082995		
2.12		0.08254		
2.13		0.08209		
2.14		0.081644		
2.15		0.081202		
2.16		0.080765		
2.17		0.080332		
2.18		0.079904		
2.19		0.079479		
2.2		0.079058		
2.21		0.078642		
2.22		0.078229		
2.23		0.077821		
2.24		0.077416		
2.25		0.077015		
2.26		0.076618		
2.27		0.076225		
2.28		0.075835		
2.29		0.075449		
2.3		0.075066		
2.31		0.074687		
2.32		0.074311		
2.33		0.073939		
2.34		0.07357		
2.35		0.073205		
2.36		0.072842		
2.37		0.072483		
2.38		0.072127		
2.39		0.071775		
2.4		0.071425		
2.41		0.071079		
2.42		0.070735		
2.43		0.070395		
2.44		0.070058		
2.45		0.069723		
2.46		0.069391		
2.47		0.069063		
2.48		0.068737		
2.49		0.068414		
2.5		0.068093		
2.51		0.067775		
2.52		0.06746		
2.53		0.067148		
2.54		0.066838		
2.55		0.066531		
2.56		0.066226		
2.57		0.065924		
2.58		0.065625		
2.59		0.065328		
2.6		0.065033		
2.61		0.064741		
2.62		0.064451		
2.63		0.064163		
2.64		0.063878		
2.65		0.063595		
2.66		0.063314		
2.67		0.063036		
2.68		0.062759		
2.69		0.062485		
2.7		0.062213		
2.71		0.061944		
2.72		0.061676		
2.73		0.061411		
2.74		0.061147		
2.75		0.060886		
2.76		0.060626		
2.77		0.060369		
2.78		0.060113		
2.79		0.05986		
2.8		0.059608		
2.81		0.059359		
2.82		0.059111		
2.83		0.058865		
2.84		0.058621		
2.85		0.058379		
2.86		0.058139		
2.87		0.0579		
2.88		0.057663		
2.89		0.057428		
2.9		0.057195		
2.91		0.056963		
2.92		0.056733		
2.93		0.056505		
2.94		0.056279		
2.95		0.056054		
2.96		0.05583		
2.97		0.055609		
2.98		0.055389		
2.99		0.05517		
3		0.054953		
3.01		0.054738		
3.02		0.054524		
3.03		0.054311		
3.04		0.054101		
3.05		0.053891		
3.06		0.053683		
3.07		0.053477		
3.08		0.053272		
3.09		0.053068		
3.1		0.052866		
3.11		0.052665		
3.12		0.052466		
3.13		0.052268		
3.14		0.052071		
3.15		0.051876		
3.16		0.051682		
3.17		0.051489		
3.18		0.051298		
3.19		0.051107		
3.2		0.050919		
3.21		0.050731		
3.22		0.050545		
3.23		0.05036		
3.24		0.050176		
3.25		0.049993		
3.26		0.049812		
3.27		0.049631		
3.28		0.049452		
3.29		0.049274		
3.3		0.049098		
3.31		0.048922		
3.32		0.048748		
3.33		0.048574		
3.34		0.048402		
3.35		0.048231		
3.36		0.048061		
3.37		0.047892		
3.38		0.047724		
3.39		0.047558		
3.4		0.047392		
3.41		0.047227		
3.42		0.047064		
3.43		0.046901		
3.44		0.046739		
3.45		0.046579		
3.46		0.046419		
3.47		0.046261		
3.48		0.046103		
3.49		0.045947		
3.5		0.045791		
3.51		0.045636		
3.52		0.045482		
3.53		0.04533		
3.54		0.045178		
3.55		0.045027		
3.56		0.044877		
3.57		0.044728		
3.58		0.044579		
3.59		0.044432		
3.6		0.044286		
3.61		0.04414		
3.62		0.043995		
3.63		0.043851		
3.64		0.043708		
3.65		0.043566		
3.66		0.043425		
3.67		0.043285		
3.68		0.043145		
3.69		0.043006		
3.7		0.042868		
3.71		0.042731		
3.72		0.042594		
3.73		0.042459		
3.74		0.042324		
3.75		0.04219		
3.76		0.042057		
3.77		0.041924		
3.78		0.041792		
3.79		0.041661		
3.8		0.041531		
3.81		0.041402		
3.82		0.041273		
3.83		0.041145		
3.84		0.041017		
3.85		0.040891		
3.86		0.040765		
3.87		0.04064		
3.88		0.040515		
3.89		0.040391		
3.9		0.040268		
3.91		0.040146		
3.92		0.040024		
3.93		0.039903		
3.94		0.039782		
3.95		0.039663		
3.96		0.039543		
3.97		0.039425		
3.98		0.039307		
3.99		0.03919		
4		0.039073		
4.01		0.038958		
4.02		0.038842		
4.03		0.038728		
4.04		0.038614		
4.05		0.0385		
4.06		0.038387		
4.07		0.038275		
4.08		0.038163		
4.09		0.038052		
4.1		0.037942		
4.11		0.037832		
4.12		0.037723		
4.13		0.037614		
4.14		0.037506		
4.15		0.037398		
4.16		0.037291		
4.17		0.037185		
4.18		0.037079		
4.19		0.036974		
4.2		0.036869		
4.21		0.036765		
4.22		0.036661		
4.23		0.036558		
4.24		0.036455		
4.25		0.036353		
4.26		0.036251		
4.27		0.03615		
4.28		0.03605		
4.29		0.035949		
4.3		0.03585		
4.31		0.035751		
4.32		0.035652		
4.33		0.035554		
4.34		0.035457		
4.35		0.03536		
4.36		0.035263		
4.37		0.035167		
4.38		0.035071		
4.39		0.034976		
4.4		0.034881		
4.41		0.034787		
4.42		0.034693		
4.43		0.0346		
4.44		0.034507		
4.45		0.034415		
4.46		0.034323		
4.47		0.034231		
4.48		0.03414		
4.49		0.03405		
4.5		0.033959		
4.51		0.03387		
4.52		0.03378		
4.53		0.033691		
4.54		0.033603		
4.55		0.033515		
4.56		0.033427		
4.57		0.03334		
4.58		0.033253		
4.59		0.033167		
4.6		0.033081		
4.61		0.032996		
4.62		0.03291		
4.63		0.032826		
4.64		0.032741		
4.65		0.032657		
4.66		0.032574		
4.67		0.032491		
4.68		0.032408		
4.69		0.032326		
4.7		0.032244		
4.71		0.032162		
4.72		0.032081		
4.73		0.032		
4.74		0.031919		
4.75		0.031839		
4.76		0.031759		
4.77		0.03168		
4.78		0.031601		
4.79		0.031522		
4.8		0.031444		
4.81		0.031366		
4.82		0.031289		
4.83		0.031211		
4.84		0.031134		
4.85		0.031058		
4.86		0.030982		
4.87		0.030906		
4.88		0.03083		
4.89		0.030755		
4.9		0.03068		
4.91		0.030606		
4.92		0.030531		
4.93		0.030458		
4.94		0.030384		
4.95		0.030311		
4.96		0.030238		
4.97		0.030165		
4.98		0.030093		
4.99		0.030021		
5		0.02995		
5.01		0.029878		
5.02		0.029807		
5.03		0.029737		
5.04		0.029666		
5.05		0.029596		
5.06		0.029526		
5.07		0.029457		
5.08		0.029388		
5.09		0.029319		
5.1		0.02925		
5.11		0.029182		
5.12		0.029114		
5.13		0.029046		
5.14		0.028979		
5.15		0.028912		
5.16		0.028845		
5.17		0.028778		
5.18		0.028712		
5.19		0.028646		
5.2		0.02858		
5.21		0.028515		
5.22		0.02845		
5.23		0.028385		
5.24		0.02832		
5.25		0.028256		
5.26		0.028192		
5.27		0.028128		
5.28		0.028064		
5.29		0.028001		
5.3		0.027938		
5.31		0.027875		
5.32		0.027813		
5.33		0.027751		
5.34		0.027689		
5.35		0.027627		
5.36		0.027565		
5.37		0.027504		
5.38		0.027443		
5.39		0.027382		
5.4		0.027322		
5.41		0.027262		
5.42		0.027202		
5.43		0.027142		
5.44		0.027082		
5.45		0.027023		
5.46		0.026964		
5.47		0.026905		
5.48		0.026847		
5.49		0.026788		
5.5		0.02673		
5.51		0.026672		
5.52		0.026615		
5.53		0.026557		
5.54		0.0265		
5.55		0.026443		
5.56		0.026386		
5.57		0.02633		
5.58		0.026273		
5.59		0.026217		
5.6		0.026162		
5.61		0.026106		
5.62		0.02605		
5.63		0.025995		
5.64		0.02594		
5.65		0.025886		
5.66		0.025831		
5.67		0.025777		
5.68		0.025722		
5.69		0.025669		
5.7		0.025615		
5.71		0.025561		
5.72		0.025508		
5.73		0.025455		
5.74		0.025402		
5.75		0.025349		
5.76		0.025297		
5.77		0.025245		
5.78		0.025192		
5.79		0.025141		
5.8		0.025089		
5.81		0.025037		
5.82		0.024986		
5.83		0.024935		
5.84		0.024884		
5.85		0.024833		
5.86		0.024783		
5.87		0.024732		
5.88		0.024682		
5.89		0.024632		
5.9		0.024582		
5.91		0.024533		
5.92		0.024483		
5.93		0.024434		
5.94		0.024385		
5.95		0.024336		
5.96		0.024287		
5.97		0.024239		
5.98		0.024191		
5.99		0.024142		
6		0.024094		
6.01		0.024047		
6.02		0.023999		
6.03		0.023951		
6.04		0.023904		
6.05		0.023857		
6.06		0.02381		
6.07		0.023763		
6.08		0.023717		
6.09		0.02367		
6.1		0.023624		
6.11		0.023578		
6.12		0.023532		
6.13		0.023486		
6.14		0.023441		
6.15		0.023395		
6.16		0.02335		
6.17		0.023305		
6.18		0.02326		
6.19		0.023215		
6.2		0.02317		
6.21		0.023126		
6.22		0.023081		
6.23		0.023037		
6.24		0.022993		
6.25		0.022949		
6.26		0.022906		
6.27		0.022862		
6.28		0.022819		
6.29		0.022776		
6.3		0.022732		
6.31		0.022689		
6.32		0.022647		
6.33		0.022604		
6.34		0.022562		
6.35		0.022519		
6.36		0.022477		
6.37		0.022435		
6.38		0.022393		
6.39		0.022351		
6.4		0.02231		
6.41		0.022268		
6.42		0.022227		
6.43		0.022186		
6.44		0.022144		
6.45		0.022104		
6.46		0.022063		
6.47		0.022022		
6.48		0.021982		
6.49		0.021941		
6.5		0.021901		
6.51		0.021861		
6.52		0.021821		
6.53		0.021781		
6.54		0.021741		
6.55		0.021702		
6.56		0.021662		
6.57		0.021623		
6.58		0.021584		
6.59		0.021545		
6.6		0.021506		
6.61		0.021467		
6.62		0.021429		
6.63		0.02139		
6.64		0.021352		
6.65		0.021314		
6.66		0.021275		
6.67		0.021237		
6.68		0.0212		
6.69		0.021162		
6.7		0.021124		
6.71		0.021087		
6.72		0.021049		
6.73		0.021012		
6.74		0.020975		
6.75		0.020938		
6.76		0.020901		
6.77		0.020864		
6.78		0.020828		
6.79		0.020791		
6.8		0.020755		
6.81		0.020718		
6.82		0.020682		
6.83		0.020646		
6.84		0.02061		
6.85		0.020574		
6.86		0.020538		
6.87		0.020503		
6.88		0.020467		
6.89		0.020432		
6.9		0.020397		
6.91		0.020362		
6.92		0.020327		
6.93		0.020292		
6.94		0.020257		
6.95		0.020222		
6.96		0.020188		
6.97		0.020153		
6.98		0.020119		
6.99		0.020084		
7		0.02005		
7.01		0.020016		
7.02		0.019982		
7.03		0.019948		
7.04		0.019915		
7.05		0.019881		
7.06		0.019847		
7.07		0.019814		
7.08		0.019781		
7.09		0.019748		
7.1		0.019714		
7.11		0.019681		
7.12		0.019649		
7.13		0.019616		
7.14		0.019583		
7.15		0.01955		
7.16		0.019518		
7.17		0.019486		
7.18		0.019453		
7.19		0.019421		
7.2		0.019389		
7.21		0.019357		
7.22		0.019325		
7.23		0.019293		
7.24		0.019262		
7.25		0.01923		
7.26		0.019198		
7.27		0.019167		
7.28		0.019136		
7.29		0.019104		
7.3		0.019073		
7.31		0.019042		
7.32		0.019011		
7.33		0.01898		
7.34		0.01895		
7.35		0.018919		
7.36		0.018888		
7.37		0.018858		
7.38		0.018828		
7.39		0.018797		
7.4		0.018767		
7.41		0.018737		
7.42		0.018707		
7.43		0.018677		
7.44		0.018647		
7.45		0.018617		
7.46		0.018588		
7.47		0.018558		
7.48		0.018528		
7.49		0.018499		
7.5		0.01847		
7.51		0.01844		
7.52		0.018411		
7.53		0.018382		
7.54		0.018353		
7.55		0.018324		
7.56		0.018296		
7.57		0.018267		
7.58		0.018238		
7.59		0.01821		
7.6		0.018181		
7.61		0.018153		
7.62		0.018124		
7.63		0.018096		
7.64		0.018068		
7.65		0.01804		
7.66		0.018012		
7.67		0.017984		
7.68		0.017956		
7.69		0.017928		
7.7		0.017901		
7.71		0.017873		
7.72		0.017846		
7.73		0.017818		
7.74		0.017791		
7.75		0.017764		
7.76		0.017736		
7.77		0.017709		
7.78		0.017682		
7.79		0.017655		
7.8		0.017628		
7.81		0.017601		
7.82		0.017575		
7.83		0.017548		
7.84		0.017521		
7.85		0.017495		
7.86		0.017468		
7.87		0.017442		
7.88		0.017416		
7.89		0.01739		
7.9		0.017363		
7.91		0.017337		
7.92		0.017311		
7.93		0.017285		
7.94		0.01726		
7.95		0.017234		
7.96		0.017208		
7.97		0.017182		
7.98		0.017157		
7.99		0.017131		
8		0.017106		
8.01		0.017081		
8.02		0.017055		
8.03		0.01703		
8.04		0.017005		
8.05		0.01698		
8.06		0.016955		
8.07		0.01693		
8.08		0.016905		
8.09		0.01688		
8.1		0.016855		
8.11		0.016831		
8.12		0.016806		
8.13		0.016782		
8.14		0.016757		
8.15		0.016733		
8.16		0.016708		
8.17		0.016684		
8.18		0.01666		
8.19		0.016636		
8.2		0.016612		
8.21		0.016588		
8.22		0.016564		
8.23		0.01654		
8.24		0.016516		
8.25		0.016492		
8.26		0.016468		
8.27		0.016445		
8.28		0.016421		
8.29		0.016398		
8.3		0.016374		
8.31		0.016351		
8.32		0.016328		
8.33		0.016304		
8.34		0.016281		
8.35		0.016258		
8.36		0.016235		
8.37		0.016212		
8.38		0.016189		
8.39		0.016166		
8.4		0.016143		
8.41		0.016121		
8.42		0.016098		
8.43		0.016075		
8.44		0.016053		
8.45		0.01603		
8.46		0.016008		
8.47		0.015985		
8.48		0.015963		
8.49		0.01594		
8.5		0.015918		
8.51		0.015896		
8.52		0.015874		
8.53		0.015852		
8.54		0.01583		
8.55		0.015808		
8.56		0.015786		
8.57		0.015764		
8.58		0.015742		
8.59		0.015721		
8.6		0.015699		
8.61		0.015677		
8.62		0.015656		
8.63		0.015634		
8.64		0.015613		
8.65		0.015591		
8.66		0.01557		
8.67		0.015549		
8.68		0.015528		
8.69		0.015506		
8.7		0.015485		
8.71		0.015464		
8.72		0.015443		
8.73		0.015422		
8.74		0.015401		
8.75		0.01538		
8.76		0.01536		
8.77		0.015339		
8.78		0.015318		
8.79		0.015298		
8.8		0.015277		
8.81		0.015256		
8.82		0.015236		
8.83		0.015215		
8.84		0.015195		
8.85		0.015175		
8.86		0.015154		
8.87		0.015134		
8.88		0.015114		
8.89		0.015094		
8.9		0.015074		
8.91		0.015054		
8.92		0.015034		
8.93		0.015014		
8.94		0.014994		
8.95		0.014974		
8.96		0.014954		
8.97		0.014935		
8.98		0.014915		
8.99		0.014895		
9		0.014876		
9.01		0.014856		
9.02		0.014837		
9.03		0.014817		
9.04		0.014798		
9.05		0.014778		
9.06		0.014759		
9.07		0.01474		
9.08		0.014721		
9.09		0.014701		
9.1		0.014682		
9.11		0.014663		
9.12		0.014644		
9.13		0.014625		
9.14		0.014606		
9.15		0.014587		
9.16		0.014569		
9.17		0.01455		
9.18		0.014531		
9.19		0.014512		
9.2		0.014494		
9.21		0.014475		
9.22		0.014456		
9.23		0.014438		
9.24		0.014419		
9.25		0.014401		
9.26		0.014383		
9.27		0.014364		
9.28		0.014346		
9.29		0.014328		
9.3		0.014309		
9.31		0.014291		
9.32		0.014273		
9.33		0.014255		
9.34		0.014237		
9.35		0.014219		
9.36		0.014201		
9.37		0.014183		
9.38		0.014165		
9.39		0.014147		
9.4		0.014129		
9.41		0.014112		
9.42		0.014094		
9.43		0.014076		
9.44		0.014059		
9.45		0.014041		
9.46		0.014024		
9.47		0.014006		
9.48		0.013989		
9.49		0.013971		
9.5		0.013954		
9.51		0.013936		
9.52		0.013919		
9.53		0.013902		
9.54		0.013885		
9.55		0.013867		
9.56		0.01385		
9.57		0.013833		
9.58		0.013816		
9.59		0.013799		
9.6		0.013782		
9.61		0.013765		
9.62		0.013748		
9.63		0.013731		
9.64		0.013715		
9.65		0.013698		
9.66		0.013681		
9.67		0.013664		
9.68		0.013648		
9.69		0.013631		
9.7		0.013614		
9.71		0.013598		
9.72		0.013581		
9.73		0.013565		
9.74		0.013548		
9.75		0.013532		
9.76		0.013515		
9.77		0.013499		
9.78		0.013483		
9.79		0.013467		
9.8		0.01345		
9.81		0.013434		
9.82		0.013418		
9.83		0.013402		
9.84		0.013386		
9.85		0.01337		
9.86		0.013354		
9.87		0.013338		
9.88		0.013322		
9.89		0.013306		
9.9		0.01329		
9.91		0.013274		
9.92		0.013258		
9.93		0.013243		
9.94		0.013227		
9.95		0.013211		
9.96		0.013196		
9.97		0.01318		
9.98		0.013164		
9.99		0.013149		
10		0.013133		
10.01		0.013118		
10.02		0.013102		
10.03		0.013087		
10.04		0.013072		
10.05		0.013056		
10.06		0.013041		
10.07		0.013026		
10.08		0.01301		
10.09		0.012995		
10.1		0.01298		
10.11		0.012965		
10.12		0.01295		
10.13		0.012935		
10.14		0.01292		
10.15		0.012905		
10.16		0.01289		
10.17		0.012875		
10.18		0.01286		
10.19		0.012845		
10.2		0.01283		
10.21		0.012815		
10.22		0.0128		
10.23		0.012786		
10.24		0.012771		
10.25		0.012756		
10.26		0.012741		
10.27		0.012727		
10.28		0.012712		
10.29		0.012698		
10.3		0.012683		
10.31		0.012669		
10.32		0.012654		
10.33		0.01264		
10.34		0.012625		
10.35		0.012611		
10.36		0.012597		
10.37		0.012582		
10.38		0.012568		
10.39		0.012554		
10.4		0.012539		
10.41		0.012525		
10.42		0.012511		
10.43		0.012497		
10.44		0.012483		
10.45		0.012469		
10.46		0.012455		
10.47		0.012441		
10.48		0.012427		
10.49		0.012413		
10.5		0.012399		
10.51		0.012385		
10.52		0.012371		
10.53		0.012357		
10.54		0.012343		
10.55		0.01233		
10.56		0.012316		
10.57		0.012302		
10.58		0.012288		
10.59		0.012275		
10.6		0.012261		
10.61		0.012247		
10.62		0.012234		
10.63		0.01222		
10.64		0.012207		
10.65		0.012193		
10.66		0.01218		
10.67		0.012166		
10.68		0.012153		
10.69		0.01214		
10.7		0.012126		
10.71		0.012113		
10.72		0.0121		
10.73		0.012086		
10.74		0.012073		
10.75		0.01206		
10.76		0.012047		
10.77		0.012033		
10.78		0.01202		
10.79		0.012007		
10.8		0.011994		
10.81		0.011981		
10.82		0.011968		
10.83		0.011955		
10.84		0.011942		
10.85		0.011929		
10.86		0.011916		
10.87		0.011903		
10.88		0.01189		
10.89		0.011877		
10.9		0.011865		
10.91		0.011852		
10.92		0.011839		
10.93		0.011826		
10.94		0.011814		
10.95		0.011801		
10.96		0.011788		
10.97		0.011776		
10.98		0.011763		
10.99		0.01175		
11		0.011738		
11.01		0.011725		
11.02		0.011713		
11.03		0.0117		
11.04		0.011688		
11.05		0.011675		
11.06		0.011663		
11.07		0.011651		
11.08		0.011638		
11.09		0.011626		
11.1		0.011614		
11.11		0.011601		
11.12		0.011589		
11.13		0.011577		
11.14		0.011564		
11.15		0.011552		
11.16		0.01154		
11.17		0.011528		
11.18		0.011516		
11.19		0.011504		
11.2		0.011492		
11.21		0.01148		
11.22		0.011468		
11.23		0.011456		
11.24		0.011444		
11.25		0.011432		
11.26		0.01142		
11.27		0.011408		
11.28		0.011396		
11.29		0.011384		
11.3		0.011372		
11.31		0.01136		
11.32		0.011349		
11.33		0.011337		
11.34		0.011325		
11.35		0.011313		
11.36		0.011302		
11.37		0.01129		
11.38		0.011278		
11.39		0.011267		
11.4		0.011255		
11.41		0.011243		
11.42		0.011232		
11.43		0.01122		
11.44		0.011209		
11.45		0.011197		
11.46		0.011186		
11.47		0.011174		
11.48		0.011163		
11.49		0.011152		
11.5		0.01114		
11.51		0.011129		
11.52		0.011117		
11.53		0.011106		
11.54		0.011095		
11.55		0.011084		
11.56		0.011072		
11.57		0.011061		
11.58		0.01105		
11.59		0.011039		
11.6		0.011027		
11.61		0.011016		
11.62		0.011005		
11.63		0.010994		
11.64		0.010983		
11.65		0.010972		
11.66		0.010961		
11.67		0.01095		
11.68		0.010939		
11.69		0.010928		
11.7		0.010917		
11.71		0.010906		
11.72		0.010895		
11.73		0.010884		
11.74		0.010873		
11.75		0.010862		
11.76		0.010851		
11.77		0.010841		
11.78		0.01083		
11.79		0.010819		
11.8		0.010808		
11.81		0.010798		
11.82		0.010787		
11.83		0.010776		
11.84		0.010765		
11.85		0.010755		
11.86		0.010744		
11.87		0.010734		
11.88		0.010723		
11.89		0.010712		
11.9		0.010702		
11.91		0.010691		
11.92		0.010681		
11.93		0.01067		
11.94		0.01066		
11.95		0.010649		
11.96		0.010639		
11.97		0.010628		
11.98		0.010618		
11.99		0.010608		
12		0.010597		
12.01		0.010587		
12.02		0.010577		
12.03		0.010566		
12.04		0.010556		
12.05		0.010546		
12.06		0.010535		
12.07		0.010525		
12.08		0.010515		
12.09		0.010505		
12.1		0.010495		
12.11		0.010485		
12.12		0.010474		
12.13		0.010464		
12.14		0.010454		
12.15		0.010444		
12.16		0.010434		
12.17		0.010424		
12.18		0.010414		
12.19		0.010404		
12.2		0.010394		
12.21		0.010384		
12.22		0.010374		
12.23		0.010364		
12.24		0.010354		
12.25		0.010344		
12.26		0.010334		
12.27		0.010324		
12.28		0.010315		
12.29		0.010305		
12.3		0.010295		
12.31		0.010285		
12.32		0.010275		
12.33		0.010266		
12.34		0.010256		
12.35		0.010246		
12.36		0.010236		
12.37		0.010227		
12.38		0.010217		
12.39		0.010207		
12.4		0.010198		
12.41		0.010188		
12.42		0.010178		
12.43		0.010169		
12.44		0.010159		
12.45		0.01015		
12.46		0.01014		
12.47		0.010131		
12.48		0.010121		
12.49		0.010112		
12.5		0.010102		
12.51		0.010093		
12.52		0.010083		
12.53		0.010074		
12.54		0.010065		
12.55		0.010055		
12.56		0.010046		
12.57		0.010036		
12.58		0.010027		
12.59		0.010018		
12.6		0.010008		
12.61		0.0099991		
12.62		0.0099899		
12.63		0.0099806		
12.64		0.0099714		
12.65		0.0099621		
12.66		0.0099529		
12.67		0.0099437		
12.68		0.0099346		
12.69		0.0099254		
12.7		0.0099163		
12.71		0.0099071		
12.72		0.009898		
12.73		0.0098889		
12.74		0.0098798		
12.75		0.0098708		
12.76		0.0098617		
12.77		0.0098527		
12.78		0.0098437		
12.79		0.0098347		
12.8		0.0098257		
12.81		0.0098167		
12.82		0.0098077		
12.83		0.0097988		
12.84		0.0097899		
12.85		0.009781		
12.86		0.0097721		
12.87		0.0097632		
12.88		0.0097543		
12.89		0.0097455		
12.9		0.0097366		
12.91		0.0097278		
12.92		0.009719		
12.93		0.0097102		
12.94		0.0097014		
12.95		0.0096927		
12.96		0.0096839		
12.97		0.0096752		
12.98		0.0096665		
12.99		0.0096578		
13		0.0096491		
13.01		0.0096404		
13.02		0.0096318		
13.03		0.0096231		
13.04		0.0096145		
13.05		0.0096059		
13.06		0.0095973		
13.07		0.0095887		
13.08		0.0095801		
13.09		0.0095716		
13.1		0.009563		
13.11		0.0095545		
13.12		0.009546		
13.13		0.0095375		
13.14		0.009529		
13.15		0.0095206		
13.16		0.0095121		
13.17		0.0095037		
13.18		0.0094952		
13.19		0.0094868		
13.2		0.0094784		
13.21		0.0094701		
13.22		0.0094617		
13.23		0.0094533		
13.24		0.009445		
13.25		0.0094367		
13.26		0.0094283		
13.27		0.00942		
13.28		0.0094118		
13.29		0.0094035		
13.3		0.0093952		
13.31		0.009387		
13.32		0.0093788		
13.33		0.0093705		
13.34		0.0093623		
13.35		0.0093541		
13.36		0.009346		
13.37		0.0093378		
13.38		0.0093296		
13.39		0.0093215		
13.4		0.0093134		
13.41		0.0093053		
13.42		0.0092972		
13.43		0.0092891		
13.44		0.009281		
13.45		0.009273		
13.46		0.0092649		
13.47		0.0092569		
13.48		0.0092489		
13.49		0.0092409		
13.5		0.0092329		
13.51		0.0092249		
13.52		0.0092169		
13.53		0.009209		
13.54		0.0092011		
13.55		0.0091931		
13.56		0.0091852		
13.57		0.0091773		
13.58		0.0091694		
13.59		0.0091616		
13.6		0.0091537		
13.61		0.0091458		
13.62		0.009138		
13.63		0.0091302		
13.64		0.0091224		
13.65		0.0091146		
13.66		0.0091068		
13.67		0.009099		
13.68		0.0090913		
13.69		0.0090835		
13.7		0.0090758		
13.71		0.0090681		
13.72		0.0090603		
13.73		0.0090526		
13.74		0.009045		
13.75		0.0090373		
13.76		0.0090296		
13.77		0.009022		
13.78		0.0090143		
13.79		0.0090067		
13.8		0.0089991		
13.81		0.0089915		
13.82		0.0089839		
13.83		0.0089763		
13.84		0.0089688		
13.85		0.0089612		
13.86		0.0089537		
13.87		0.0089462		
13.88		0.0089386		
13.89		0.0089311		
13.9		0.0089236		
13.91		0.0089162		
13.92		0.0089087		
13.93		0.0089012		
13.94		0.0088938		
13.95		0.0088864		
13.96		0.0088789		
13.97		0.0088715		
13.98		0.0088641		
13.99		0.0088567		
14		0.0088494		
14.01		0.008842		
14.02		0.0088347		
14.03		0.0088273		
14.04		0.00882		
14.05		0.0088127		
14.06		0.0088054		
14.07		0.0087981		
14.08		0.0087908		
14.09		0.0087835		
14.1		0.0087763		
14.11		0.008769		
14.12		0.0087618		
14.13		0.0087546		
14.14		0.0087473		
14.15		0.0087401		
14.16		0.008733		
14.17		0.0087258		
14.18		0.0087186		
14.19		0.0087114		
14.2		0.0087043		
14.21		0.0086972		
14.22		0.00869		
14.23		0.0086829		
14.24		0.0086758		
14.25		0.0086687		
14.26		0.0086616		
14.27		0.0086546		
14.28		0.0086475		
14.29		0.0086405		
14.3		0.0086334		
14.31		0.0086264		
14.32		0.0086194		
14.33		0.0086124		
14.34		0.0086054		
14.35		0.0085984		
14.36		0.0085914		
14.37		0.0085845		
14.38		0.0085775		
14.39		0.0085706		
14.4		0.0085637		
14.41		0.0085567		
14.42		0.0085498		
14.43		0.0085429		
14.44		0.008536		
14.45		0.0085292		
14.46		0.0085223		
14.47		0.0085154		
14.48		0.0085086		
14.49		0.0085018		
14.5		0.0084949		
14.51		0.0084881		
14.52		0.0084813		
14.53		0.0084745		
14.54		0.0084677		
14.55		0.008461		
14.56		0.0084542		
14.57		0.0084475		
14.58		0.0084407		
14.59		0.008434		
14.6		0.0084273		
14.61		0.0084206		
14.62		0.0084138		
14.63		0.0084072		
14.64		0.0084005		
14.65		0.0083938		
14.66		0.0083871		
14.67		0.0083805		
14.68		0.0083739		
14.69		0.0083672		
14.7		0.0083606		
14.71		0.008354		
14.72		0.0083474		
14.73		0.0083408		
14.74		0.0083342		
14.75		0.0083276		
14.76		0.0083211		
14.77		0.0083145		
14.78		0.008308		
14.79		0.0083014		
14.8		0.0082949		
14.81		0.0082884		
14.82		0.0082819		
14.83		0.0082754		
14.84		0.0082689		
14.85		0.0082625		
14.86		0.008256		
14.87		0.0082495		
14.88		0.0082431		
14.89		0.0082367		
14.9		0.0082302		
14.91		0.0082238		
14.92		0.0082174		
14.93		0.008211		
14.94		0.0082046		
14.95		0.0081982		
14.96		0.0081919		
14.97		0.0081855		
14.98		0.0081792		
14.99		0.0081728		
15		0.0081665		
15.01		0.0081602		
15.02		0.0081538		
15.03		0.0081475		
15.04		0.0081412		
15.05		0.0081349		
15.06		0.0081287		
15.07		0.0081224		
15.08		0.0081161		
15.09		0.0081099		
15.1		0.0081037		
15.11		0.0080974		
15.12		0.0080912		
15.13		0.008085		
15.14		0.0080788		
15.15		0.0080726		
15.16		0.0080664		
15.17		0.0080602		
15.18		0.0080541		
15.19		0.0080479		
15.2		0.0080417		
15.21		0.0080356		
15.22		0.0080295		
15.23		0.0080233		
15.24		0.0080172		
15.25		0.0080111		
15.26		0.008005		
15.27		0.0079989		
15.28		0.0079929		
15.29		0.0079868		
15.3		0.0079807		
15.31		0.0079747		
15.32		0.0079686		
15.33		0.0079626		
15.34		0.0079566		
15.35		0.0079505		
15.36		0.0079445		
15.37		0.0079385		
15.38		0.0079325		
15.39		0.0079266		
15.4		0.0079206		
15.41		0.0079146		
15.42		0.0079087		
15.43		0.0079027		
15.44		0.0078968		
15.45		0.0078908		
15.46		0.0078849		
15.47		0.007879		
15.48		0.0078731		
15.49		0.0078672		
15.5		0.0078613		
15.51		0.0078554		
15.52		0.0078495		
15.53		0.0078437		
15.54		0.0078378		
15.55		0.007832		
15.56		0.0078261		
15.57		0.0078203		
15.58		0.0078145		
15.59		0.0078086		
15.6		0.0078028		
15.61		0.007797		
15.62		0.0077912		
15.63		0.0077855		
15.64		0.0077797		
15.65		0.0077739		
15.66		0.0077682		
15.67		0.0077624		
15.68		0.0077567		
15.69		0.0077509		
15.7		0.0077452		
15.71		0.0077395		
15.72		0.0077338		
15.73		0.0077281		
15.74		0.0077224		
15.75		0.0077167		
15.76		0.007711		
15.77		0.0077053		
15.78		0.0076997		
15.79		0.007694		
15.8		0.0076884		
15.81		0.0076827		
15.82		0.0076771		
15.83		0.0076715		
15.84		0.0076659		
15.85		0.0076602		
15.86		0.0076546		
15.87		0.0076491		
15.88		0.0076435		
15.89		0.0076379		
15.9		0.0076323		
15.91		0.0076268		
15.92		0.0076212		
15.93		0.0076157		
15.94		0.0076101		
15.95		0.0076046		
15.96		0.0075991		
15.97		0.0075935		
15.98		0.007588		
15.99		0.0075825		
16		0.007577		
16.01		0.0075716		
16.02		0.0075661		
16.03		0.0075606		
16.04		0.0075551		
16.05		0.0075497		
16.06		0.0075442		
16.07		0.0075388		
16.08		0.0075334		
16.09		0.0075279		
16.1		0.0075225		
16.11		0.0075171		
16.12		0.0075117		
16.13		0.0075063		
16.14		0.0075009		
16.15		0.0074955		
16.16		0.0074902		
16.17		0.0074848		
16.18		0.0074794		
16.19		0.0074741		
16.2		0.0074687		
16.21		0.0074634		
16.22		0.0074581		
16.23		0.0074528		
16.24		0.0074474		
16.25		0.0074421		
16.26		0.0074368		
16.27		0.0074315		
16.28		0.0074262		
16.29		0.007421		
16.3		0.0074157		
16.31		0.0074104		
16.32		0.0074052		
16.33		0.0073999		
16.34		0.0073947		
16.35		0.0073894		
16.36		0.0073842		
16.37		0.007379		
16.38		0.0073738		
16.39		0.0073686		
16.4		0.0073633		
16.41		0.0073582		
16.42		0.007353		
16.43		0.0073478		
16.44		0.0073426		
16.45		0.0073374		
16.46		0.0073323		
16.47		0.0073271		
16.48		0.007322		
16.49		0.0073168		
16.5		0.0073117		
16.51		0.0073066		
16.52		0.0073015		
16.53		0.0072963		
16.54		0.0072912		
16.55		0.0072861		
16.56		0.007281		
16.57		0.007276		
16.58		0.0072709		
16.59		0.0072658		
16.6		0.0072607		
16.61		0.0072557		
16.62		0.0072506		
16.63		0.0072456		
16.64		0.0072405		
16.65		0.0072355		
16.66		0.0072305		
16.67		0.0072255		
16.68		0.0072205		
16.69		0.0072155		
16.7		0.0072105		
16.71		0.0072055		
16.72		0.0072005		
16.73		0.0071955		
16.74		0.0071905		
16.75		0.0071856		
16.76		0.0071806		
16.77		0.0071756		
16.78		0.0071707		
16.79		0.0071658		
16.8		0.0071608		
16.81		0.0071559		
16.82		0.007151		
16.83		0.0071461		
16.84		0.0071412		
16.85		0.0071363		
16.86		0.0071314		
16.87		0.0071265		
16.88		0.0071216		
16.89		0.0071167		
16.9		0.0071118		
16.91		0.007107		
16.92		0.0071021		
16.93		0.0070973		
16.94		0.0070924		
16.95		0.0070876		
16.96		0.0070828		
16.97		0.0070779		
16.98		0.0070731		
16.99		0.0070683		
17		0.0070635		
17.01		0.0070587		
17.02		0.0070539		
17.03		0.0070491		
17.04		0.0070443		
17.05		0.0070395		
17.06		0.0070348		
17.07		0.00703		
17.08		0.0070253		
17.09		0.0070205		
17.1		0.0070158		
17.11		0.007011		
17.12		0.0070063		
17.13		0.0070016		
17.14		0.0069968		
17.15		0.0069921		
17.16		0.0069874		
17.17		0.0069827		
17.18		0.006978		
17.19		0.0069733		
17.2		0.0069686		
17.21		0.006964		
17.22		0.0069593		
17.23		0.0069546		
17.24		0.00695		
17.25		0.0069453		
17.26		0.0069406		
17.27		0.006936		
17.28		0.0069314		
17.29		0.0069267		
17.3		0.0069221		
17.31		0.0069175		
17.32		0.0069129		
17.33		0.0069083		
17.34		0.0069037		
17.35		0.0068991		
17.36		0.0068945		
17.37		0.0068899		
17.38		0.0068853		
17.39		0.0068807		
17.4		0.0068762		
17.41		0.0068716		
17.42		0.0068671		
17.43		0.0068625		
17.44		0.006858		
17.45		0.0068534		
17.46		0.0068489		
17.47		0.0068444		
17.48		0.0068398		
17.49		0.0068353		
17.5		0.0068308		
17.51		0.0068263		
17.52		0.0068218		
17.53		0.0068173		
17.54		0.0068128		
17.55		0.0068084		
17.56		0.0068039		
17.57		0.0067994		
17.58		0.0067949		
17.59		0.0067905		
17.6		0.006786		
17.61		0.0067816		
17.62		0.0067771		
17.63		0.0067727		
17.64		0.0067683		
17.65		0.0067638		
17.66		0.0067594		
17.67		0.006755		
17.68		0.0067506		
17.69		0.0067462		
17.7		0.0067418		
17.71		0.0067374		
17.72		0.006733		
17.73		0.0067286		
17.74		0.0067242		
17.75		0.0067199		
17.76		0.0067155		
17.77		0.0067111		
17.78		0.0067068		
17.79		0.0067024		
17.8		0.0066981		
17.81		0.0066938		
17.82		0.0066894		
17.83		0.0066851		
17.84		0.0066808		
17.85		0.0066765		
17.86		0.0066721		
17.87		0.0066678		
17.88		0.0066635		
17.89		0.0066592		
17.9		0.0066549		
17.91		0.0066507		
17.92		0.0066464		
17.93		0.0066421		
17.94		0.0066378		
17.95		0.0066336		
17.96		0.0066293		
17.97		0.006625		
17.98		0.0066208		
17.99		0.0066166		
18		0.0066123		
18.01		0.0066081		
18.02		0.0066039		
18.03		0.0065996		
18.04		0.0065954		
18.05		0.0065912		
18.06		0.006587		
18.07		0.0065828		
18.08		0.0065786		
18.09		0.0065744		
18.1		0.0065702		
18.11		0.006566		
18.12		0.0065618		
18.13		0.0065577		
18.14		0.0065535		
18.15		0.0065493		
18.16		0.0065452		
18.17		0.006541		
18.18		0.0065369		
18.19		0.0065327		
18.2		0.0065286		
18.21		0.0065245		
18.22		0.0065203		
18.23		0.0065162		
18.24		0.0065121		
18.25		0.006508		
18.26		0.0065039		
18.27		0.0064998		
18.28		0.0064957		
18.29		0.0064916		
18.3		0.0064875		
18.31		0.0064834		
18.32		0.0064793		
18.33		0.0064753		
18.34		0.0064712		
18.35		0.0064671		
18.36		0.0064631		
18.37		0.006459		
18.38		0.006455		
18.39		0.0064509		
18.4		0.0064469		
18.41		0.0064428		
18.42		0.0064388		
18.43		0.0064348		
18.44		0.0064308		
18.45		0.0064268		
18.46		0.0064227		
18.47		0.0064187		
18.48		0.0064147		
18.49		0.0064107		
18.5		0.0064067		
18.51		0.0064028		
18.52		0.0063988		
18.53		0.0063948		
18.54		0.0063908		
18.55		0.0063869		
18.56		0.0063829		
18.57		0.0063789		
18.58		0.006375		
18.59		0.006371		
18.6		0.0063671		
18.61		0.0063631		
18.62		0.0063592		
18.63		0.0063553		
18.64		0.0063514		
18.65		0.0063474		
18.66		0.0063435		
18.67		0.0063396		
18.68		0.0063357		
18.69		0.0063318		
18.7		0.0063279		
18.71		0.006324		
18.72		0.0063201		
18.73		0.0063162		
18.74		0.0063123		
18.75		0.0063085		
18.76		0.0063046		
18.77		0.0063007		
18.78		0.0062969		
18.79		0.006293		
18.8		0.0062892		
18.81		0.0062853		
18.82		0.0062815		
18.83		0.0062776		
18.84		0.0062738		
18.85		0.00627		
18.86		0.0062661		
18.87		0.0062623		
18.88		0.0062585		
18.89		0.0062547		
18.9		0.0062509		
18.91		0.0062471		
18.92		0.0062433		
18.93		0.0062395		
18.94		0.0062357		
18.95		0.0062319		
18.96		0.0062281		
18.97		0.0062243		
18.98		0.0062206		
18.99		0.0062168		
19		0.006213		
19.01		0.0062093		
19.02		0.0062055		
19.03		0.0062018		
19.04		0.006198		
19.05		0.0061943		
19.06		0.0061905		
19.07		0.0061868		
19.08		0.0061831		
19.09		0.0061793		
19.1		0.0061756		
19.11		0.0061719		
19.12		0.0061682		
19.13		0.0061645		
19.14		0.0061608		
19.15		0.0061571		
19.16		0.0061534		
19.17		0.0061497		
19.18		0.006146		
19.19		0.0061423		
19.2		0.0061386		
19.21		0.006135		
19.22		0.0061313		
19.23		0.0061276		
19.24		0.006124		
19.25		0.0061203		
19.26		0.0061166		
19.27		0.006113		
19.28		0.0061093		
19.29		0.0061057		
19.3		0.0061021		
19.31		0.0060984		
19.32		0.0060948		
19.33		0.0060912		
19.34		0.0060876		
19.35		0.0060839		
19.36		0.0060803		
19.37		0.0060767		
19.38		0.0060731		
19.39		0.0060695		
19.4		0.0060659		
19.41		0.0060623		
19.42		0.0060587		
19.43		0.0060551		
19.44		0.0060516		
19.45		0.006048		
19.46		0.0060444		
19.47		0.0060408		
19.48		0.0060373		
19.49		0.0060337		
19.5		0.0060302		
19.51		0.0060266		
19.52		0.0060231		
19.53		0.0060195		
19.54		0.006016		
19.55		0.0060124		
19.56		0.0060089		
19.57		0.0060054		
19.58		0.0060019		
19.59		0.0059983		
19.6		0.0059948		
19.61		0.0059913		
19.62		0.0059878		
19.63		0.0059843		
19.64		0.0059808		
19.65		0.0059773		
19.66		0.0059738		
19.67		0.0059703		
19.68		0.0059668		
19.69		0.0059633		
19.7		0.0059599		
19.71		0.0059564		
19.72		0.0059529		
19.73		0.0059495		
19.74		0.005946		
19.75		0.0059425		
19.76		0.0059391		
19.77		0.0059356		
19.78		0.0059322		
19.79		0.0059287		
19.8		0.0059253		
19.81		0.0059219		
19.82		0.0059184		
19.83		0.005915		
19.84		0.0059116		
19.85		0.0059082		
19.86		0.0059047		
19.87		0.0059013		
19.88		0.0058979		
19.89		0.0058945		
19.9		0.0058911		
19.91		0.0058877		
19.92		0.0058843		
19.93		0.0058809		
19.94		0.0058775		
19.95		0.0058742		
19.96		0.0058708		
19.97		0.0058674		
19.98		0.005864		
19.99		0.0058607		
20		0.0058573		
20.01		0.0058539		
20.02		0.0058506		
20.03		0.0058472		
20.04		0.0058439		
20.05		0.0058405		
20.06		0.0058372		
20.07		0.0058339		
20.08		0.0058305		
20.09		0.0058272		
20.1		0.0058239		
20.11		0.0058205		
20.12		0.0058172		
20.13		0.0058139		
20.14		0.0058106		
20.15		0.0058073		
20.16		0.005804		
20.17		0.0058007		
20.18		0.0057974		
20.19		0.0057941		
20.2		0.0057908		
20.21		0.0057875		
20.22		0.0057842		
20.23		0.0057809		
20.24		0.0057776		
20.25		0.0057744		
20.26		0.0057711		
20.27		0.0057678		
20.28		0.0057646		
20.29		0.0057613		
20.3		0.005758		
20.31		0.0057548		
20.32		0.0057515		
20.33		0.0057483		
20.34		0.0057451		
20.35		0.0057418		
20.36		0.0057386		
20.37		0.0057353		
20.38		0.0057321		
20.39		0.0057289		
20.4		0.0057257		
20.41		0.0057225		
20.42		0.0057192		
20.43		0.005716		
20.44		0.0057128		
20.45		0.0057096		
20.46		0.0057064		
20.47		0.0057032		
20.48		0.0057		
20.49		0.0056968		
20.5		0.0056936		
20.51		0.0056905		
20.52		0.0056873		
20.53		0.0056841		
20.54		0.0056809		
20.55		0.0056778		
20.56		0.0056746		
20.57		0.0056714		
20.58		0.0056683		
20.59		0.0056651		
20.6		0.005662		
20.61		0.0056588		
20.62		0.0056557		
20.63		0.0056525		
20.64		0.0056494		
20.65		0.0056462		
20.66		0.0056431		
20.67		0.00564		
20.68		0.0056368		
20.69		0.0056337		
20.7		0.0056306		
20.71		0.0056275		
20.72		0.0056244		
20.73		0.0056213		
20.74		0.0056181		
20.75		0.005615		
20.76		0.0056119		
20.77		0.0056088		
20.78		0.0056058		
20.79		0.0056027		
20.8		0.0055996		
20.81		0.0055965		
20.82		0.0055934		
20.83		0.0055903		
20.84		0.0055873		
20.85		0.0055842		
20.86		0.0055811		
20.87		0.005578		
20.88		0.005575		
20.89		0.0055719		
20.9		0.0055689		
20.91		0.0055658		
20.92		0.0055628		
20.93		0.0055597		
20.94		0.0055567		
20.95		0.0055536		
20.96		0.0055506		
20.97		0.0055476		
20.98		0.0055445		
20.99		0.0055415		
21		0.0055385		
21.01		0.0055355		
21.02		0.0055325		
21.03		0.0055294		
21.04		0.0055264		
21.05		0.0055234		
21.06		0.0055204		
21.07		0.0055174		
21.08		0.0055144		
21.09		0.0055114		
21.1		0.0055084		
21.11		0.0055054		
21.12		0.0055024		
21.13		0.0054995		
21.14		0.0054965		
21.15		0.0054935		
21.16		0.0054905		
21.17		0.0054876		
21.18		0.0054846		
21.19		0.0054816		
21.2		0.0054787		
21.21		0.0054757		
21.22		0.0054728		
21.23		0.0054698		
21.24		0.0054668		
21.25		0.0054639		
21.26		0.005461		
21.27		0.005458		
21.28		0.0054551		
21.29		0.0054521		
21.3		0.0054492		
21.31		0.0054463		
21.32		0.0054434		
21.33		0.0054404		
21.34		0.0054375		
21.35		0.0054346		
21.36		0.0054317		
21.37		0.0054288		
21.38		0.0054259		
21.39		0.005423		
21.4		0.0054201		
21.41		0.0054172		
21.42		0.0054143		
21.43		0.0054114		
21.44		0.0054085		
21.45		0.0054056		
21.46		0.0054027		
21.47		0.0053998		
21.48		0.005397		
21.49		0.0053941		
21.5		0.0053912		
21.51		0.0053883		
21.52		0.0053855		
21.53		0.0053826		
21.54		0.0053797		
21.55		0.0053769		
21.56		0.005374		
21.57		0.0053712		
21.58		0.0053683		
21.59		0.0053655		
21.6		0.0053626		
21.61		0.0053598		
21.62		0.005357		
21.63		0.0053541		
21.64		0.0053513		
21.65		0.0053485		
21.66		0.0053456		
21.67		0.0053428		
21.68		0.00534		
21.69		0.0053372		
21.7		0.0053344		
21.71		0.0053316		
21.72		0.0053287		
21.73		0.0053259		
21.74		0.0053231		
21.75		0.0053203		
21.76		0.0053175		
21.77		0.0053147		
21.78		0.0053119		
21.79		0.0053092		
21.8		0.0053064		
21.81		0.0053036		
21.82		0.0053008		
21.83		0.005298		
21.84		0.0052952		
21.85		0.0052925		
21.86		0.0052897		
21.87		0.0052869		
21.88		0.0052842		
21.89		0.0052814		
21.9		0.0052787		
21.91		0.0052759		
21.92		0.0052731		
21.93		0.0052704		
21.94		0.0052676		
21.95		0.0052649		
21.96		0.0052622		
21.97		0.0052594		
21.98		0.0052567		
21.99		0.0052539		
22		0.0052512		
22.01		0.0052485		
22.02		0.0052458		
22.03		0.005243		
22.04		0.0052403		
22.05		0.0052376		
22.06		0.0052349		
22.07		0.0052322		
22.08		0.0052295		
22.09		0.0052267		
22.1		0.005224		
22.11		0.0052213		
22.12		0.0052186		
22.13		0.0052159		
22.14		0.0052132		
22.15		0.0052106		
22.16		0.0052079		
22.17		0.0052052		
22.18		0.0052025		
22.19		0.0051998		
22.2		0.0051971		
22.21		0.0051945		
22.22		0.0051918		
22.23		0.0051891		
22.24		0.0051865		
22.25		0.0051838		
22.26		0.0051811		
22.27		0.0051785		
22.28		0.0051758		
22.29		0.0051731		
22.3		0.0051705		
22.31		0.0051678		
22.32		0.0051652		
22.33		0.0051626		
22.34		0.0051599		
22.35		0.0051573		
22.36		0.0051546		
22.37		0.005152		
22.38		0.0051494		
22.39		0.0051467		
22.4		0.0051441		
22.41		0.0051415		
22.42		0.0051389		
22.43		0.0051363		
22.44		0.0051336		
22.45		0.005131		
22.46		0.0051284		
22.47		0.0051258		
22.48		0.0051232		
22.49		0.0051206		
22.5		0.005118		
22.51		0.0051154		
22.52		0.0051128		
22.53		0.0051102		
22.54		0.0051076		
22.55		0.005105		
22.56		0.0051024		
22.57		0.0050999		
22.58		0.0050973		
22.59		0.0050947		
22.6		0.0050921		
22.61		0.0050895		
22.62		0.005087		
22.63		0.0050844		
22.64		0.0050818		
22.65		0.0050793		
22.66		0.0050767		
22.67		0.0050742		
22.68		0.0050716		
22.69		0.005069		
22.7		0.0050665		
22.71		0.0050639		
22.72		0.0050614		
22.73		0.0050589		
22.74		0.0050563		
22.75		0.0050538		
22.76		0.0050512		
22.77		0.0050487		
22.78		0.0050462		
22.79		0.0050436		
22.8		0.0050411		
22.81		0.0050386		
22.82		0.0050361		
22.83		0.0050335		
22.84		0.005031		
22.85		0.0050285		
22.86		0.005026		
22.87		0.0050235		
22.88		0.005021		
22.89		0.0050185		
22.9		0.005016		
22.91		0.0050135		
22.92		0.005011		
22.93		0.0050085		
22.94		0.005006		
22.95		0.0050035		
22.96		0.005001		
22.97		0.0049985		
22.98		0.004996		
22.99		0.0049935		
23		0.0049911		
23.01		0.0049886		
23.02		0.0049861		
23.03		0.0049836		
23.04		0.0049812		
23.05		0.0049787		
23.06		0.0049762		
23.07		0.0049738		
23.08		0.0049713		
23.09		0.0049689		
23.1		0.0049664		
23.11		0.0049639		
23.12		0.0049615		
23.13		0.004959		
23.14		0.0049566		
23.15		0.0049542		
23.16		0.0049517		
23.17		0.0049493		
23.18		0.0049468		
23.19		0.0049444		
23.2		0.004942		
23.21		0.0049395		
23.22		0.0049371		
23.23		0.0049347		
23.24		0.0049323		
23.25		0.0049298		
23.26		0.0049274		
23.27		0.004925		
23.28		0.0049226		
23.29		0.0049202		
23.3		0.0049178		
23.31		0.0049153		
23.32		0.0049129		
23.33		0.0049105		
23.34		0.0049081		
23.35		0.0049057		
23.36		0.0049033		
23.37		0.0049009		
23.38		0.0048986		
23.39		0.0048962		
23.4		0.0048938		
23.41		0.0048914		
23.42		0.004889		
23.43		0.0048866		
23.44		0.0048842		
23.45		0.0048819		
23.46		0.0048795		
23.47		0.0048771		
23.48		0.0048747		
23.49		0.0048724		
23.5		0.00487		
23.51		0.0048677		
23.52		0.0048653		
23.53		0.0048629		
23.54		0.0048606		
23.55		0.0048582		
23.56		0.0048559		
23.57		0.0048535		
23.58		0.0048512		
23.59		0.0048488		
23.6		0.0048465		
23.61		0.0048441		
23.62		0.0048418		
23.63		0.0048395		
23.64		0.0048371		
23.65		0.0048348		
23.66		0.0048325		
23.67		0.0048301		
23.68		0.0048278		
23.69		0.0048255		
23.7		0.0048231		
23.71		0.0048208		
23.72		0.0048185		
23.73		0.0048162		
23.74		0.0048139		
23.75		0.0048116		
23.76		0.0048093		
23.77		0.0048069		
23.78		0.0048046		
23.79		0.0048023		
23.8		0.0048		
23.81		0.0047977		
23.82		0.0047954		
23.83		0.0047931		
23.84		0.0047908		
23.85		0.0047886		
23.86		0.0047863		
23.87		0.004784		
23.88		0.0047817		
23.89		0.0047794		
23.9		0.0047771		
23.91		0.0047749		
23.92		0.0047726		
23.93		0.0047703		
23.94		0.004768		
23.95		0.0047658		
23.96		0.0047635		
23.97		0.0047612		
23.98		0.004759		
23.99		0.0047567		
24		0.0047544		
24.01		0.0047522		
24.02		0.0047499		
24.03		0.0047477		
24.04		0.0047454		
24.05		0.0047432		
24.06		0.0047409		
24.07		0.0047387		
24.08		0.0047364		
24.09		0.0047342		
24.1		0.0047319		
24.11		0.0047297		
24.12		0.0047275		
24.13		0.0047252		
24.14		0.004723		
24.15		0.0047208		
24.16		0.0047185		
24.17		0.0047163		
24.18		0.0047141		
24.19		0.0047119		
24.2		0.0047097		
24.21		0.0047074		
24.22		0.0047052		
24.23		0.004703		
24.24		0.0047008		
24.25		0.0046986		
24.26		0.0046964		
24.27		0.0046942		
24.28		0.004692		
24.29		0.0046898		
24.3		0.0046876		
24.31		0.0046854		
24.32		0.0046832		
24.33		0.004681		
24.34		0.0046788		
24.35		0.0046766		
24.36		0.0046744		
24.37		0.0046722		
24.38		0.00467		
24.39		0.0046679		
24.4		0.0046657		
24.41		0.0046635		
24.42		0.0046613		
24.43		0.0046591		
24.44		0.004657		
24.45		0.0046548		
24.46		0.0046526		
24.47		0.0046505		
24.48		0.0046483		
24.49		0.0046461		
24.5		0.004644		
24.51		0.0046418		
24.52		0.0046397		
24.53		0.0046375		
24.54		0.0046354		
24.55		0.0046332		
24.56		0.0046311		
24.57		0.0046289		
24.58		0.0046268		
24.59		0.0046246		
24.6		0.0046225		
24.61		0.0046203		
24.62		0.0046182		
24.63		0.0046161		
24.64		0.0046139		
24.65		0.0046118		
24.66		0.0046097		
24.67		0.0046075		
24.68		0.0046054		
24.69		0.0046033		
24.7		0.0046012		
24.71		0.004599		
24.72		0.0045969		
24.73		0.0045948		
24.74		0.0045927		
24.75		0.0045906		
24.76		0.0045885		
24.77		0.0045863		
24.78		0.0045842		
24.79		0.0045821		
24.8		0.00458		
24.81		0.0045779		
24.82		0.0045758		
24.83		0.0045737		
24.84		0.0045716		
24.85		0.0045695		
24.86		0.0045674		
24.87		0.0045653		
24.88		0.0045632		
24.89		0.0045612		
24.9		0.0045591		
24.91		0.004557		
24.92		0.0045549		
24.93		0.0045528		
24.94		0.0045507		
24.95		0.0045487		
24.96		0.0045466		
24.97		0.0045445		
24.98		0.0045424		
24.99		0.0045404		
25		0.0045383		
25.01		0.0045362		
25.02		0.0045342		
25.03		0.0045321		
25.04		0.00453		
25.05		0.004528		
25.06		0.0045259		
25.07		0.0045239		
25.08		0.0045218		
25.09		0.0045198		
25.1		0.0045177		
25.11		0.0045157		
25.12		0.0045136		
25.13		0.0045116		
25.14		0.0045095		
25.15		0.0045075		
25.16		0.0045054		
25.17		0.0045034		
25.18		0.0045014		
25.19		0.0044993		
25.2		0.0044973		
25.21		0.0044953		
25.22		0.0044932		
25.23		0.0044912		
25.24		0.0044892		
25.25		0.0044872		
25.26		0.0044851		
25.27		0.0044831		
25.28		0.0044811		
25.29		0.0044791		
25.3		0.0044771		
25.31		0.004475		
25.32		0.004473		
25.33		0.004471		
25.34		0.004469		
25.35		0.004467		
25.36		0.004465		
25.37		0.004463		
25.38		0.004461		
25.39		0.004459		
25.4		0.004457		
25.41		0.004455		
25.42		0.004453		
25.43		0.004451		
25.44		0.004449		
25.45		0.004447		
25.46		0.004445		
25.47		0.0044431		
25.48		0.0044411		
25.49		0.0044391		
25.5		0.0044371		
25.51		0.0044351		
25.52		0.0044331		
25.53		0.0044312		
25.54		0.0044292		
25.55		0.0044272		
25.56		0.0044252		
25.57		0.0044233		
25.58		0.0044213		
25.59		0.0044193		
25.6		0.0044174		
25.61		0.0044154		
25.62		0.0044134		
25.63		0.0044115		
25.64		0.0044095		
25.65		0.0044076		
25.66		0.0044056		
25.67		0.0044037		
25.68		0.0044017		
25.69		0.0043998		
25.7		0.0043978		
25.71		0.0043959		
25.72		0.0043939		
25.73		0.004392		
25.74		0.00439		
25.75		0.0043881		
25.76		0.0043861		
25.77		0.0043842		
25.78		0.0043823		
25.79		0.0043803		
25.8		0.0043784		
25.81		0.0043765		
25.82		0.0043745		
25.83		0.0043726		
25.84		0.0043707		
25.85		0.0043688		
25.86		0.0043668		
25.87		0.0043649		
25.88		0.004363		
25.89		0.0043611		
25.9		0.0043592		
25.91		0.0043572		
25.92		0.0043553		
25.93		0.0043534		
25.94		0.0043515		
25.95		0.0043496		
25.96		0.0043477		
25.97		0.0043458		
25.98		0.0043439		
25.99		0.004342		
26		0.0043401		
26.01		0.0043382		
26.02		0.0043363		
26.03		0.0043344		
26.04		0.0043325		
26.05		0.0043306		
26.06		0.0043287		
26.07		0.0043268		
26.08		0.0043249		
26.09		0.004323		
26.1		0.0043212		
26.11		0.0043193		
26.12		0.0043174		
26.13		0.0043155		
26.14		0.0043136		
26.15		0.0043118		
26.16		0.0043099		
26.17		0.004308		
26.18		0.0043061		
26.19		0.0043043		
26.2		0.0043024		
26.21		0.0043005		
26.22		0.0042987		
26.23		0.0042968		
26.24		0.0042949		
26.25		0.0042931		
26.26		0.0042912		
26.27		0.0042893		
26.28		0.0042875		
26.29		0.0042856		
26.3		0.0042838		
26.31		0.0042819		
26.32		0.0042801		
26.33		0.0042782		
26.34		0.0042764		
26.35		0.0042745		
26.36		0.0042727		
26.37		0.0042708		
26.38		0.004269		
26.39		0.0042672		
26.4		0.0042653		
26.41		0.0042635		
26.42		0.0042616		
26.43		0.0042598		
26.44		0.004258		
26.45		0.0042561		
26.46		0.0042543		
26.47		0.0042525		
26.48		0.0042506		
26.49		0.0042488		
26.5		0.004247		
26.51		0.0042452		
26.52		0.0042434		
26.53		0.0042415		
26.54		0.0042397		
26.55		0.0042379		
26.56		0.0042361		
26.57		0.0042343		
26.58		0.0042325		
26.59		0.0042306		
26.6		0.0042288		
26.61		0.004227		
26.62		0.0042252		
26.63		0.0042234		
26.64		0.0042216		
26.65		0.0042198		
26.66		0.004218		
26.67		0.0042162		
26.68		0.0042144		
26.69		0.0042126		
26.7		0.0042108		
26.71		0.004209		
26.72		0.0042072		
26.73		0.0042054		
26.74		0.0042036		
26.75		0.0042019		
26.76		0.0042001		
26.77		0.0041983		
26.78		0.0041965		
26.79		0.0041947		
26.8		0.0041929		
26.81		0.0041912		
26.82		0.0041894		
26.83		0.0041876		
26.84		0.0041858		
26.85		0.004184		
26.86		0.0041823		
26.87		0.0041805		
26.88		0.0041787		
26.89		0.004177		
26.9		0.0041752		
26.91		0.0041734		
26.92		0.0041717		
26.93		0.0041699		
26.94		0.0041681		
26.95		0.0041664		
26.96		0.0041646		
26.97		0.0041629		
26.98		0.0041611		
26.99		0.0041594		
27		0.0041576		
27.01		0.0041559		
27.02		0.0041541		
27.03		0.0041524		
27.04		0.0041506		
27.05		0.0041489		
27.06		0.0041471		
27.07		0.0041454		
27.08		0.0041436		
27.09		0.0041419		
27.1		0.0041401		
27.11		0.0041384		
27.12		0.0041367		
27.13		0.0041349		
27.14		0.0041332		
27.15		0.0041315		
27.16		0.0041297		
27.17		0.004128		
27.18		0.0041263		
27.19		0.0041246		
27.2		0.0041228		
27.21		0.0041211		
27.22		0.0041194		
27.23		0.0041177		
27.24		0.0041159		
27.25		0.0041142		
27.26		0.0041125		
27.27		0.0041108		
27.28		0.0041091		
27.29		0.0041074		
27.3		0.0041056		
27.31		0.0041039		
27.32		0.0041022		
27.33		0.0041005		
27.34		0.0040988		
27.35		0.0040971		
27.36		0.0040954		
27.37		0.0040937		
27.38		0.004092		
27.39		0.0040903		
27.4		0.0040886		
27.41		0.0040869		
27.42		0.0040852		
27.43		0.0040835		
27.44		0.0040818		
27.45		0.0040801		
27.46		0.0040784		
27.47		0.0040767		
27.48		0.0040751		
27.49		0.0040734		
27.5		0.0040717		
27.51		0.00407		
27.52		0.0040683		
27.53		0.0040666		
27.54		0.004065		
27.55		0.0040633		
27.56		0.0040616		
27.57		0.0040599		
27.58		0.0040582		
27.59		0.0040566		
27.6		0.0040549		
27.61		0.0040532		
27.62		0.0040516		
27.63		0.0040499		
27.64		0.0040482		
27.65		0.0040466		
27.66		0.0040449		
27.67		0.0040432		
27.68		0.0040416		
27.69		0.0040399		
27.7		0.0040382		
27.71		0.0040366		
27.72		0.0040349		
27.73		0.0040333		
27.74		0.0040316		
27.75		0.00403		
27.76		0.0040283		
27.77		0.0040267		
27.78		0.004025		
27.79		0.0040234		
27.8		0.0040217		
27.81		0.0040201		
27.82		0.0040184		
27.83		0.0040168		
27.84		0.0040151		
27.85		0.0040135		
27.86		0.0040119		
27.87		0.0040102		
27.88		0.0040086		
27.89		0.0040069		
27.9		0.0040053		
27.91		0.0040037		
27.92		0.004002		
27.93		0.0040004		
27.94		0.0039988		
27.95		0.0039972		
27.96		0.0039955		
27.97		0.0039939		
27.98		0.0039923		
27.99		0.0039907		
28		0.003989		
28.01		0.0039874		
28.02		0.0039858		
28.03		0.0039842		
28.04		0.0039826		
28.05		0.0039809		
28.06		0.0039793		
28.07		0.0039777		
28.08		0.0039761		
28.09		0.0039745		
28.1		0.0039729		
28.11		0.0039713		
28.12		0.0039697		
28.13		0.0039681		
28.14		0.0039665		
28.15		0.0039649		
28.16		0.0039633		
28.17		0.0039617		
28.18		0.0039601		
28.19		0.0039585		
28.2		0.0039569		
28.21		0.0039553		
28.22		0.0039537		
28.23		0.0039521		
28.24		0.0039505		
28.25		0.0039489		
28.26		0.0039473		
28.27		0.0039457		
28.28		0.0039441		
28.29		0.0039425		
28.3		0.0039409		
28.31		0.0039394		
28.32		0.0039378		
28.33		0.0039362		
28.34		0.0039346		
28.35		0.003933		
28.36		0.0039315		
28.37		0.0039299		
28.38		0.0039283		
28.39		0.0039267		
28.4		0.0039252		
28.41		0.0039236		
28.42		0.003922		
28.43		0.0039204		
28.44		0.0039189		
28.45		0.0039173		
28.46		0.0039157		
28.47		0.0039142		
28.48		0.0039126		
28.49		0.003911		
28.5		0.0039095		
28.51		0.0039079		
28.52		0.0039064		
28.53		0.0039048		
28.54		0.0039032		
28.55		0.0039017		
28.56		0.0039001		
28.57		0.0038986		
28.58		0.003897		
28.59		0.0038955		
28.6		0.0038939		
28.61		0.0038924		
28.62		0.0038908		
28.63		0.0038893		
28.64		0.0038877		
28.65		0.0038862		
28.66		0.0038846		
28.67		0.0038831		
28.68		0.0038816		
28.69		0.00388		
28.7		0.0038785		
28.71		0.0038769		
28.72		0.0038754		
28.73		0.0038739		
28.74		0.0038723		
28.75		0.0038708		
28.76		0.0038693		
28.77		0.0038677		
28.78		0.0038662		
28.79		0.0038647		
28.8		0.0038632		
28.81		0.0038616		
28.82		0.0038601		
28.83		0.0038586		
28.84		0.0038571		
28.85		0.0038555		
28.86		0.003854		
28.87		0.0038525		
28.88		0.003851		
28.89		0.0038495		
28.9		0.0038479		
28.91		0.0038464		
28.92		0.0038449		
28.93		0.0038434		
28.94		0.0038419		
28.95		0.0038404		
28.96		0.0038389		
28.97		0.0038374		
28.98		0.0038359		
28.99		0.0038343		
29		0.0038328		
29.01		0.0038313		
29.02		0.0038298		
29.03		0.0038283		
29.04		0.0038268		
29.05		0.0038253		
29.06		0.0038238		
29.07		0.0038223		
29.08		0.0038208		
29.09		0.0038193		
29.1		0.0038179		
29.11		0.0038164		
29.12		0.0038149		
29.13		0.0038134		
29.14		0.0038119		
29.15		0.0038104		
29.16		0.0038089		
29.17		0.0038074		
29.18		0.0038059		
29.19		0.0038045		
29.2		0.003803		
29.21		0.0038015		
29.22		0.0038		
29.23		0.0037985		
29.24		0.003797		
29.25		0.0037956		
29.26		0.0037941		
29.27		0.0037926		
29.28		0.0037911		
29.29		0.0037897		
29.3		0.0037882		
29.31		0.0037867		
29.32		0.0037853		
29.33		0.0037838		
29.34		0.0037823		
29.35		0.0037808		
29.36		0.0037794		
29.37		0.0037779		
29.38		0.0037764		
29.39		0.003775		
29.4		0.0037735		
29.41		0.0037721		
29.42		0.0037706		
29.43		0.0037691		
29.44		0.0037677		
29.45		0.0037662		
29.46		0.0037648		
29.47		0.0037633		
29.48		0.0037619		
29.49		0.0037604		
29.5		0.003759		
29.51		0.0037575		
29.52		0.0037561		
29.53		0.0037546		
29.54		0.0037532		
29.55		0.0037517		
29.56		0.0037503		
29.57		0.0037488		
29.58		0.0037474		
29.59		0.0037459		
29.6		0.0037445		
29.61		0.0037431		
29.62		0.0037416		
29.63		0.0037402		
29.64		0.0037388		
29.65		0.0037373		
29.66		0.0037359		
29.67		0.0037344		
29.68		0.003733		
29.69		0.0037316		
29.7		0.0037302		
29.71		0.0037287		
29.72		0.0037273		
29.73		0.0037259		
29.74		0.0037244		
29.75		0.003723		
29.76		0.0037216		
29.77		0.0037202		
29.78		0.0037187		
29.79		0.0037173		
29.8		0.0037159		
29.81		0.0037145		
29.82		0.0037131		
29.83		0.0037116		
29.84		0.0037102		
29.85		0.0037088		
29.86		0.0037074		
29.87		0.003706		
29.88		0.0037046		
29.89		0.0037032		
29.9		0.0037017		
29.91		0.0037003		
29.92		0.0036989		
29.93		0.0036975		
29.94		0.0036961		
29.95		0.0036947		
29.96		0.0036933		
29.97		0.0036919		
29.98		0.0036905		
29.99		0.0036891		
30		0.0036877		
