tau [fm]		e/e0
0.25		1
0.26		0.950049		
0.27		0.904756		
0.28		0.863511		
0.29		0.825802		
0.3		0.791199		
0.31		0.759339		
0.32		0.729911		
0.33		0.70265		
0.34		0.677326		
0.35		0.653742		
0.36		0.631726		
0.37		0.611126		
0.38		0.591812		
0.39		0.573665		
0.4		0.556585		
0.41		0.54048		
0.42		0.525268		
0.43		0.510878		
0.44		0.497244		
0.45		0.484308		
0.46		0.472018		
0.47		0.460326		
0.48		0.449191		
0.49		0.438572		
0.5		0.428435		
0.51		0.418747		
0.52		0.409479		
0.53		0.400605		
0.54		0.392099		
0.55		0.383939		
0.56		0.376104		
0.57		0.368575		
0.58		0.361334		
0.59		0.354366		
0.6		0.347654		
0.61		0.341185		
0.62		0.334946		
0.63		0.328925		
0.64		0.32311		
0.65		0.31749		
0.66		0.312058		
0.67		0.306802		
0.68		0.301714		
0.69		0.296787		
0.7		0.292013		
0.71		0.287384		
0.72		0.282895		
0.73		0.278539		
0.74		0.27431		
0.75		0.270202		
0.76		0.266211		
0.77		0.262332		
0.78		0.258559		
0.79		0.254889		
0.8		0.251317		
0.81		0.24784		
0.82		0.244453		
0.83		0.241154		
0.84		0.237938		
0.85		0.234804		
0.86		0.231747		
0.87		0.228764		
0.88		0.225854		
0.89		0.223013		
0.9		0.22024		
0.91		0.217531		
0.92		0.214884		
0.93		0.212298		
0.94		0.20977		
0.95		0.207298		
0.96		0.204881		
0.97		0.202517		
0.98		0.200203		
0.99		0.197939		
1		0.195722		
1.01		0.193552		
1.02		0.191427		
1.03		0.189345		
1.04		0.187305		
1.05		0.185306		
1.06		0.183347		
1.07		0.181426		
1.08		0.179543		
1.09		0.177696		
1.1		0.175884		
1.11		0.174106		
1.12		0.172362		
1.13		0.17065		
1.14		0.16897		
1.15		0.16732		
1.16		0.1657		
1.17		0.164109		
1.18		0.162546		
1.19		0.161011		
1.2		0.159502		
1.21		0.15802		
1.22		0.156563		
1.23		0.155131		
1.24		0.153722		
1.25		0.152338		
1.26		0.150976		
1.27		0.149637		
1.28		0.14832		
1.29		0.147024		
1.3		0.145749		
1.31		0.144494		
1.32		0.143259		
1.33		0.142043		
1.34		0.140846		
1.35		0.139668		
1.36		0.138508		
1.37		0.137366		
1.38		0.136241		
1.39		0.135132		
1.4		0.134041		
1.41		0.132965		
1.42		0.131905		
1.43		0.130861		
1.44		0.129832		
1.45		0.128817		
1.46		0.127817		
1.47		0.126832		
1.48		0.12586		
1.49		0.124901		
1.5		0.123957		
1.51		0.123025		
1.52		0.122106		
1.53		0.121199		
1.54		0.120305		
1.55		0.119423		
1.56		0.118552		
1.57		0.117693		
1.58		0.116846		
1.59		0.116009		
1.6		0.115184		
1.61		0.114369		
1.62		0.113565		
1.63		0.11277		
1.64		0.111987		
1.65		0.111213		
1.66		0.110448		
1.67		0.109694		
1.68		0.108948		
1.69		0.108212		
1.7		0.107485		
1.71		0.106767		
1.72		0.106057		
1.73		0.105356		
1.74		0.104664		
1.75		0.103979		
1.76		0.103303		
1.77		0.102635		
1.78		0.101975		
1.79		0.101322		
1.8		0.100677		
1.81		0.100039		
1.82		0.0994092		
1.83		0.0987861		
1.84		0.0981701		
1.85		0.0975611		
1.86		0.0969589		
1.87		0.0963634		
1.88		0.0957746		
1.89		0.0951923		
1.9		0.0946164		
1.91		0.0940468		
1.92		0.0934835		
1.93		0.0929262		
1.94		0.092375		
1.95		0.0918296		
1.96		0.0912901		
1.97		0.0907564		
1.98		0.0902283		
1.99		0.0897057		
2		0.0891886		
2.01		0.088677		
2.02		0.0881706		
2.03		0.0876695		
2.04		0.0871735		
2.05		0.0866825		
2.06		0.0861966		
2.07		0.0857156		
2.08		0.0852395		
2.09		0.0847681		
2.1		0.0843015		
2.11		0.0838395		
2.12		0.0833821		
2.13		0.0829292		
2.14		0.0824807		
2.15		0.0820366		
2.16		0.0815969		
2.17		0.0811613		
2.18		0.08073		
2.19		0.0803029		
2.2		0.0798798		
2.21		0.0794607		
2.22		0.0790457		
2.23		0.0786345		
2.24		0.0782272		
2.25		0.0778237		
2.26		0.077424		
2.27		0.077028		
2.28		0.0766356		
2.29		0.0762468		
2.3		0.0758616		
2.31		0.07548		
2.32		0.0751017		
2.33		0.0747269		
2.34		0.0743555		
2.35		0.0739874		
2.36		0.0736227		
2.37		0.0732611		
2.38		0.0729028		
2.39		0.0725476		
2.4		0.0721955		
2.41		0.0718466		
2.42		0.0715007		
2.43		0.0711577		
2.44		0.0708178		
2.45		0.0704808		
2.46		0.0701467		
2.47		0.0698154		
2.48		0.069487		
2.49		0.0691613		
2.5		0.0688384		
2.51		0.0685182		
2.52		0.0682008		
2.53		0.0678859		
2.54		0.0675737		
2.55		0.0672641		
2.56		0.066957		
2.57		0.0666525		
2.58		0.0663505		
2.59		0.0660509		
2.6		0.0657538		
2.61		0.0654591		
2.62		0.0651668		
2.63		0.0648769		
2.64		0.0645892		
2.65		0.0643039		
2.66		0.0640209		
2.67		0.06374		
2.68		0.0634615		
2.69		0.0631851		
2.7		0.0629109		
2.71		0.0626388		
2.72		0.0623689		
2.73		0.062101		
2.74		0.0618353		
2.75		0.0615716		
2.76		0.0613099		
2.77		0.0610502		
2.78		0.0607925		
2.79		0.0605368		
2.8		0.060283		
2.81		0.0600312		
2.82		0.0597812		
2.83		0.0595332		
2.84		0.0592869		
2.85		0.0590426		
2.86		0.0588		
2.87		0.0585592		
2.88		0.0583203		
2.89		0.058083		
2.9		0.0578476		
2.91		0.0576138		
2.92		0.0573818		
2.93		0.0571514		
2.94		0.0569227		
2.95		0.0566957		
2.96		0.0564703		
2.97		0.0562465		
2.98		0.0560243		
2.99		0.0558038		
3		0.0555847		
3.01		0.0553673		
3.02		0.0551513		
3.03		0.0549369		
3.04		0.054724		
3.05		0.0545126		
3.06		0.0543027		
3.07		0.0540942		
3.08		0.0538872		
3.09		0.0536816		
3.1		0.0534774		
3.11		0.0532746		
3.12		0.0530732		
3.13		0.0528732		
3.14		0.0526746		
3.15		0.0524773		
3.16		0.0522813		
3.17		0.0520867		
3.18		0.0518934		
3.19		0.0517013		
3.2		0.0515106		
3.21		0.0513211		
3.22		0.0511329		
3.23		0.050946		
3.24		0.0507602		
3.25		0.0505757		
3.26		0.0503924		
3.27		0.0502104		
3.28		0.0500295		
3.29		0.0498497		
3.3		0.0496712		
3.31		0.0494938		
3.32		0.0493176		
3.33		0.0491424		
3.34		0.0489685		
3.35		0.0487956		
3.36		0.0486238		
3.37		0.0484532		
3.38		0.0482836		
3.39		0.0481151		
3.4		0.0479476		
3.41		0.0477812		
3.42		0.0476159		
3.43		0.0474516		
3.44		0.0472883		
3.45		0.047126		
3.46		0.0469648		
3.47		0.0468045		
3.48		0.0466452		
3.49		0.0464869		
3.5		0.0463296		
3.51		0.0461733		
3.52		0.0460179		
3.53		0.0458634		
3.54		0.0457099		
3.55		0.0455574		
3.56		0.0454057		
3.57		0.045255		
3.58		0.0451051		
3.59		0.0449562		
3.6		0.0448082		
3.61		0.044661		
3.62		0.0445147		
3.63		0.0443693		
3.64		0.0442248		
3.65		0.0440811		
3.66		0.0439382		
3.67		0.0437962		
3.68		0.043655		
3.69		0.0435147		
3.7		0.0433751		
3.71		0.0432364		
3.72		0.0430985		
3.73		0.0429614		
3.74		0.042825		
3.75		0.0426895		
3.76		0.0425547		
3.77		0.0424207		
3.78		0.0422875		
3.79		0.042155		
3.8		0.0420233		
3.81		0.0418923		
3.82		0.0417621		
3.83		0.0416326		
3.84		0.0415038		
3.85		0.0413758		
3.86		0.0412485		
3.87		0.0411219		
3.88		0.0409959		
3.89		0.0408707		
3.9		0.0407462		
3.91		0.0406224		
3.92		0.0404992		
3.93		0.0403768		
3.94		0.040255		
3.95		0.0401339		
3.96		0.0400134		
3.97		0.0398936		
3.98		0.0397744		
3.99		0.0396559		
4		0.0395381		
4.01		0.0394208		
4.02		0.0393042		
4.03		0.0391883		
4.04		0.0390729		
4.05		0.0389582		
4.06		0.0388441		
4.07		0.0387306		
4.08		0.0386177		
4.09		0.0385053		
4.1		0.0383936		
4.11		0.0382825		
4.12		0.038172		
4.13		0.038062		
4.14		0.0379526		
4.15		0.0378438		
4.16		0.0377356		
4.17		0.0376279		
4.18		0.0375207		
4.19		0.0374142		
4.2		0.0373082		
4.21		0.0372027		
4.22		0.0370978		
4.23		0.0369934		
4.24		0.0368895		
4.25		0.0367862		
4.26		0.0366834		
4.27		0.0365811		
4.28		0.0364794		
4.29		0.0363781		
4.3		0.0362774		
4.31		0.0361772		
4.32		0.0360774		
4.33		0.0359782		
4.34		0.0358795		
4.35		0.0357813		
4.36		0.0356835		
4.37		0.0355863		
4.38		0.0354895		
4.39		0.0353932		
4.4		0.0352974		
4.41		0.0352021		
4.42		0.0351072		
4.43		0.0350128		
4.44		0.0349189		
4.45		0.0348254		
4.46		0.0347323		
4.47		0.0346398		
4.48		0.0345477		
4.49		0.034456		
4.5		0.0343647		
4.51		0.0342739		
4.52		0.0341836		
4.53		0.0340937		
4.54		0.0340042		
4.55		0.0339151		
4.56		0.0338265		
4.57		0.0337383		
4.58		0.0336505		
4.59		0.0335631		
4.6		0.0334761		
4.61		0.0333896		
4.62		0.0333034		
4.63		0.0332177		
4.64		0.0331324		
4.65		0.0330474		
4.66		0.0329629		
4.67		0.0328787		
4.68		0.032795		
4.69		0.0327116		
4.7		0.0326286		
4.71		0.032546		
4.72		0.0324638		
4.73		0.032382		
4.74		0.0323006		
4.75		0.0322195		
4.76		0.0321388		
4.77		0.0320584		
4.78		0.0319784		
4.79		0.0318988		
4.8		0.0318196		
4.81		0.0317407		
4.82		0.0316622		
4.83		0.031584		
4.84		0.0315062		
4.85		0.0314287		
4.86		0.0313516		
4.87		0.0312748		
4.88		0.0311984		
4.89		0.0311223		
4.9		0.0310465		
4.91		0.0309711		
4.92		0.030896		
4.93		0.0308213		
4.94		0.0307469		
4.95		0.0306728		
4.96		0.030599		
4.97		0.0305256		
4.98		0.0304525		
4.99		0.0303797		
5		0.0303072		
5.01		0.030235		
5.02		0.0301632		
5.03		0.0300916		
5.04		0.0300204		
5.05		0.0299495		
5.06		0.0298789		
5.07		0.0298086		
5.08		0.0297386		
5.09		0.0296689		
5.1		0.0295995		
5.11		0.0295304		
5.12		0.0294616		
5.13		0.029393		
5.14		0.0293248		
5.15		0.0292569		
5.16		0.0291892		
5.17		0.0291219		
5.18		0.0290548		
5.19		0.028988		
5.2		0.0289215		
5.21		0.0288553		
5.22		0.0287893		
5.23		0.0287236		
5.24		0.0286582		
5.25		0.0285931		
5.26		0.0285282		
5.27		0.0284636		
5.28		0.0283993		
5.29		0.0283353		
5.3		0.0282715		
5.31		0.0282079		
5.32		0.0281447		
5.33		0.0280817		
5.34		0.0280189		
5.35		0.0279564		
5.36		0.0278942		
5.37		0.0278322		
5.38		0.0277705		
5.39		0.027709		
5.4		0.0276478		
5.41		0.0275868		
5.42		0.0275261		
5.43		0.0274656		
5.44		0.0274053		
5.45		0.0273453		
5.46		0.0272856		
5.47		0.027226		
5.48		0.0271668		
5.49		0.0271077		
5.5		0.0270489		
5.51		0.0269903		
5.52		0.026932		
5.53		0.0268739		
5.54		0.026816		
5.55		0.0267583		
5.56		0.0267009		
5.57		0.0266437		
5.58		0.0265867		
5.59		0.02653		
5.6		0.0264734		
5.61		0.0264171		
5.62		0.0263611		
5.63		0.0263052		
5.64		0.0262495		
5.65		0.0261941		
5.66		0.0261389		
5.67		0.0260839		
5.68		0.0260291		
5.69		0.0259745		
5.7		0.0259201		
5.71		0.0258659		
5.72		0.025812		
5.73		0.0257582		
5.74		0.0257047		
5.75		0.0256514		
5.76		0.0255982		
5.77		0.0255453		
5.78		0.0254926		
5.79		0.02544		
5.8		0.0253877		
5.81		0.0253356		
5.82		0.0252836		
5.83		0.0252319		
5.84		0.0251803		
5.85		0.025129		
5.86		0.0250778		
5.87		0.0250268		
5.88		0.0249761		
5.89		0.0249255		
5.9		0.0248751		
5.91		0.0248248		
5.92		0.0247748		
5.93		0.024725		
5.94		0.0246753		
5.95		0.0246258		
5.96		0.0245765		
5.97		0.0245274		
5.98		0.0244785		
5.99		0.0244298		
6		0.0243812		
6.01		0.0243328		
6.02		0.0242846		
6.03		0.0242365		
6.04		0.0241887		
6.05		0.024141		
6.06		0.0240934		
6.07		0.0240461		
6.08		0.0239989		
6.09		0.0239519		
6.1		0.0239051		
6.11		0.0238584		
6.12		0.0238119		
6.13		0.0237656		
6.14		0.0237194		
6.15		0.0236734		
6.16		0.0236276		
6.17		0.0235819		
6.18		0.0235364		
6.19		0.023491		
6.2		0.0234458		
6.21		0.0234008		
6.22		0.0233559		
6.23		0.0233112		
6.24		0.0232667		
6.25		0.0232223		
6.26		0.023178		
6.27		0.0231339		
6.28		0.02309		
6.29		0.0230462		
6.3		0.0230026		
6.31		0.0229591		
6.32		0.0229158		
6.33		0.0228727		
6.34		0.0228296		
6.35		0.0227868		
6.36		0.022744		
6.37		0.0227015		
6.38		0.022659		
6.39		0.0226168		
6.4		0.0225746		
6.41		0.0225326		
6.42		0.0224908		
6.43		0.0224491		
6.44		0.0224075		
6.45		0.0223661		
6.46		0.0223248		
6.47		0.0222837		
6.48		0.0222427		
6.49		0.0222018		
6.5		0.0221611		
6.51		0.0221205		
6.52		0.0220801		
6.53		0.0220398		
6.54		0.0219996		
6.55		0.0219596		
6.56		0.0219197		
6.57		0.0218799		
6.58		0.0218402		
6.59		0.0218007		
6.6		0.0217614		
6.61		0.0217221		
6.62		0.021683		
6.63		0.021644		
6.64		0.0216052		
6.65		0.0215665		
6.66		0.0215279		
6.67		0.0214894		
6.68		0.0214511		
6.69		0.0214129		
6.7		0.0213748		
6.71		0.0213368		
6.72		0.021299		
6.73		0.0212613		
6.74		0.0212237		
6.75		0.0211862		
6.76		0.0211489		
6.77		0.0211116		
6.78		0.0210745		
6.79		0.0210375		
6.8		0.0210007		
6.81		0.0209639		
6.82		0.0209273		
6.83		0.0208908		
6.84		0.0208544		
6.85		0.0208182		
6.86		0.020782		
6.87		0.020746		
6.88		0.02071		
6.89		0.0206742		
6.9		0.0206385		
6.91		0.020603		
6.92		0.0205675		
6.93		0.0205321		
6.94		0.0204969		
6.95		0.0204618		
6.96		0.0204268		
6.97		0.0203918		
6.98		0.020357		
6.99		0.0203224		
7		0.0202878		
7.01		0.0202533		
7.02		0.020219		
7.03		0.0201847		
7.04		0.0201506		
7.05		0.0201165		
7.06		0.0200826		
7.07		0.0200488		
7.08		0.020015		
7.09		0.0199814		
7.1		0.0199479		
7.11		0.0199145		
7.12		0.0198812		
7.13		0.019848		
7.14		0.0198149		
7.15		0.0197819		
7.16		0.019749		
7.17		0.0197162		
7.18		0.0196835		
7.19		0.0196509		
7.2		0.0196185		
7.21		0.0195861		
7.22		0.0195538		
7.23		0.0195216		
7.24		0.0194895		
7.25		0.0194575		
7.26		0.0194256		
7.27		0.0193938		
7.28		0.0193621		
7.29		0.0193305		
7.3		0.0192989		
7.31		0.0192675		
7.32		0.0192362		
7.33		0.019205		
7.34		0.0191738		
7.35		0.0191428		
7.36		0.0191118		
7.37		0.019081		
7.38		0.0190502		
7.39		0.0190195		
7.4		0.0189889		
7.41		0.0189585		
7.42		0.0189281		
7.43		0.0188977		
7.44		0.0188675		
7.45		0.0188374		
7.46		0.0188073		
7.47		0.0187774		
7.48		0.0187475		
7.49		0.0187178		
7.5		0.0186881		
7.51		0.0186585		
7.52		0.018629		
7.53		0.0185995		
7.54		0.0185702		
7.55		0.0185409		
7.56		0.0185118		
7.57		0.0184827		
7.58		0.0184537		
7.59		0.0184248		
7.6		0.0183959		
7.61		0.0183672		
7.62		0.0183385		
7.63		0.0183099		
7.64		0.0182814		
7.65		0.018253		
7.66		0.0182247		
7.67		0.0181964		
7.68		0.0181682		
7.69		0.0181402		
7.7		0.0181121		
7.71		0.0180842		
7.72		0.0180564		
7.73		0.0180286		
7.74		0.0180009		
7.75		0.0179733		
7.76		0.0179458		
7.77		0.0179183		
7.78		0.0178909		
7.79		0.0178636		
7.8		0.0178364		
7.81		0.0178093		
7.82		0.0177822		
7.83		0.0177552		
7.84		0.0177283		
7.85		0.0177014		
7.86		0.0176747		
7.87		0.017648		
7.88		0.0176214		
7.89		0.0175948		
7.9		0.0175684		
7.91		0.017542		
7.92		0.0175156		
7.93		0.0174894		
7.94		0.0174632		
7.95		0.0174371		
7.96		0.0174111		
7.97		0.0173851		
7.98		0.0173593		
7.99		0.0173335		
8		0.0173077		
8.01		0.017282		
8.02		0.0172564		
8.03		0.0172309		
8.04		0.0172055		
8.05		0.0171801		
8.06		0.0171548		
8.07		0.0171295		
8.08		0.0171043		
8.09		0.0170792		
8.1		0.0170542		
8.11		0.0170292		
8.12		0.0170043		
8.13		0.0169795		
8.14		0.0169547		
8.15		0.01693		
8.16		0.0169053		
8.17		0.0168808		
8.18		0.0168563		
8.19		0.0168318		
8.2		0.0168075		
8.21		0.0167832		
8.22		0.0167589		
8.23		0.0167347		
8.24		0.0167106		
8.25		0.0166866		
8.26		0.0166626		
8.27		0.0166387		
8.28		0.0166148		
8.29		0.016591		
8.3		0.0165673		
8.31		0.0165436		
8.32		0.01652		
8.33		0.0164965		
8.34		0.016473		
8.35		0.0164496		
8.36		0.0164263		
8.37		0.016403		
8.38		0.0163798		
8.39		0.0163566		
8.4		0.0163335		
8.41		0.0163104		
8.42		0.0162874		
8.43		0.0162645		
8.44		0.0162417		
8.45		0.0162189		
8.46		0.0161961		
8.47		0.0161734		
8.48		0.0161508		
8.49		0.0161282		
8.5		0.0161057		
8.51		0.0160833		
8.52		0.0160609		
8.53		0.0160385		
8.54		0.0160163		
8.55		0.015994		
8.56		0.0159719		
8.57		0.0159498		
8.58		0.0159277		
8.59		0.0159057		
8.6		0.0158838		
8.61		0.0158619		
8.62		0.0158401		
8.63		0.0158183		
8.64		0.0157966		
8.65		0.015775		
8.66		0.0157534		
8.67		0.0157318		
8.68		0.0157104		
8.69		0.0156889		
8.7		0.0156675		
8.71		0.0156462		
8.72		0.0156249		
8.73		0.0156037		
8.74		0.0155826		
8.75		0.0155615		
8.76		0.0155404		
8.77		0.0155194		
8.78		0.0154984		
8.79		0.0154775		
8.8		0.0154567		
8.81		0.0154359		
8.82		0.0154152		
8.83		0.0153945		
8.84		0.0153738		
8.85		0.0153533		
8.86		0.0153327		
8.87		0.0153122		
8.88		0.0152918		
8.89		0.0152714		
8.9		0.0152511		
8.91		0.0152308		
8.92		0.0152106		
8.93		0.0151904		
8.94		0.0151703		
8.95		0.0151502		
8.96		0.0151302		
8.97		0.0151102		
8.98		0.0150903		
8.99		0.0150704		
9		0.0150505		
9.01		0.0150308		
9.02		0.015011		
9.03		0.0149913		
9.04		0.0149717		
9.05		0.0149521		
9.06		0.0149326		
9.07		0.0149131		
9.08		0.0148936		
9.09		0.0148742		
9.1		0.0148549		
9.11		0.0148355		
9.12		0.0148163		
9.13		0.0147971		
9.14		0.0147779		
9.15		0.0147588		
9.16		0.0147397		
9.17		0.0147207		
9.18		0.0147017		
9.19		0.0146828		
9.2		0.0146639		
9.21		0.014645		
9.22		0.0146262		
9.23		0.0146075		
9.24		0.0145888		
9.25		0.0145701		
9.26		0.0145515		
9.27		0.0145329		
9.28		0.0145144		
9.29		0.0144959		
9.3		0.0144774		
9.31		0.014459		
9.32		0.0144407		
9.33		0.0144224		
9.34		0.0144041		
9.35		0.0143859		
9.36		0.0143677		
9.37		0.0143495		
9.38		0.0143314		
9.39		0.0143134		
9.4		0.0142954		
9.41		0.0142774		
9.42		0.0142595		
9.43		0.0142416		
9.44		0.0142237		
9.45		0.0142059		
9.46		0.0141882		
9.47		0.0141704		
9.48		0.0141528		
9.49		0.0141351		
9.5		0.0141175		
9.51		0.0141		
9.52		0.0140825		
9.53		0.014065		
9.54		0.0140476		
9.55		0.0140302		
9.56		0.0140128		
9.57		0.0139955		
9.58		0.0139782		
9.59		0.013961		
9.6		0.0139438		
9.61		0.0139267		
9.62		0.0139095		
9.63		0.0138925		
9.64		0.0138754		
9.65		0.0138584		
9.66		0.0138415		
9.67		0.0138246		
9.68		0.0138077		
9.69		0.0137908		
9.7		0.013774		
9.71		0.0137573		
9.72		0.0137405		
9.73		0.0137239		
9.74		0.0137072		
9.75		0.0136906		
9.76		0.013674		
9.77		0.0136575		
9.78		0.013641		
9.79		0.0136245		
9.8		0.0136081		
9.81		0.0135917		
9.82		0.0135754		
9.83		0.013559		
9.84		0.0135428		
9.85		0.0135265		
9.86		0.0135103		
9.87		0.0134941		
9.88		0.013478		
9.89		0.0134619		
9.9		0.0134459		
9.91		0.0134298		
9.92		0.0134138		
9.93		0.0133979		
9.94		0.013382		
9.95		0.0133661		
9.96		0.0133502		
9.97		0.0133344		
9.98		0.0133187		
9.99		0.0133029		
10		0.0132872		
10.01		0.0132715		
10.02		0.0132559		
10.03		0.0132403		
10.04		0.0132247		
10.05		0.0132092		
10.06		0.0131937		
10.07		0.0131782		
10.08		0.0131628		
10.09		0.0131474		
10.1		0.013132		
10.11		0.0131167		
10.12		0.0131014		
10.13		0.0130861		
10.14		0.0130709		
10.15		0.0130557		
10.16		0.0130406		
10.17		0.0130254		
10.18		0.0130103		
10.19		0.0129953		
10.2		0.0129802		
10.21		0.0129652		
10.22		0.0129503		
10.23		0.0129353		
10.24		0.0129204		
10.25		0.0129055		
10.26		0.0128907		
10.27		0.0128759		
10.28		0.0128611		
10.29		0.0128464		
10.3		0.0128317		
10.31		0.012817		
10.32		0.0128023		
10.33		0.0127877		
10.34		0.0127731		
10.35		0.0127586		
10.36		0.0127441		
10.37		0.0127296		
10.38		0.0127151		
10.39		0.0127007		
10.4		0.0126863		
10.41		0.0126719		
10.42		0.0126576		
10.43		0.0126433		
10.44		0.012629		
10.45		0.0126147		
10.46		0.0126005		
10.47		0.0125863		
10.48		0.0125722		
10.49		0.012558		
10.5		0.0125439		
10.51		0.0125299		
10.52		0.0125158		
10.53		0.0125018		
10.54		0.0124878		
10.55		0.0124739		
10.56		0.01246		
10.57		0.0124461		
10.58		0.0124322		
10.59		0.0124184		
10.6		0.0124046		
10.61		0.0123908		
10.62		0.012377		
10.63		0.0123633		
10.64		0.0123496		
10.65		0.012336		
10.66		0.0123223		
10.67		0.0123087		
10.68		0.0122952		
10.69		0.0122816		
10.7		0.0122681		
10.71		0.0122546		
10.72		0.0122411		
10.73		0.0122277		
10.74		0.0122143		
10.75		0.0122009		
10.76		0.0121875		
10.77		0.0121742		
10.78		0.0121609		
10.79		0.0121476		
10.8		0.0121344		
10.81		0.0121212		
10.82		0.012108		
10.83		0.0120948		
10.84		0.0120817		
10.85		0.0120686		
10.86		0.0120555		
10.87		0.0120424		
10.88		0.0120294		
10.89		0.0120164		
10.9		0.0120034		
10.91		0.0119905		
10.92		0.0119775		
10.93		0.0119646		
10.94		0.0119518		
10.95		0.0119389		
10.96		0.0119261		
10.97		0.0119133		
10.98		0.0119005		
10.99		0.0118878		
11		0.0118751		
11.01		0.0118624		
11.02		0.0118497		
11.03		0.0118371		
11.04		0.0118244		
11.05		0.0118119		
11.06		0.0117993		
11.07		0.0117867		
11.08		0.0117742		
11.09		0.0117617		
11.1		0.0117493		
11.11		0.0117368		
11.12		0.0117244		
11.13		0.011712		
11.14		0.0116997		
11.15		0.0116873		
11.16		0.011675		
11.17		0.0116627		
11.18		0.0116504		
11.19		0.0116382		
11.2		0.011626		
11.21		0.0116138		
11.22		0.0116016		
11.23		0.0115894		
11.24		0.0115773		
11.25		0.0115652		
11.26		0.0115531		
11.27		0.0115411		
11.28		0.0115291		
11.29		0.011517		
11.3		0.0115051		
11.31		0.0114931		
11.32		0.0114812		
11.33		0.0114693		
11.34		0.0114574		
11.35		0.0114455		
11.36		0.0114337		
11.37		0.0114218		
11.38		0.01141		
11.39		0.0113983		
11.4		0.0113865		
11.41		0.0113748		
11.42		0.0113631		
11.43		0.0113514		
11.44		0.0113397		
11.45		0.0113281		
11.46		0.0113165		
11.47		0.0113049		
11.48		0.0112933		
11.49		0.0112818		
11.5		0.0112702		
11.51		0.0112587		
11.52		0.0112472		
11.53		0.0112358		
11.54		0.0112243		
11.55		0.0112129		
11.56		0.0112015		
11.57		0.0111902		
11.58		0.0111788		
11.59		0.0111675		
11.6		0.0111562		
11.61		0.0111449		
11.62		0.0111336		
11.63		0.0111224		
11.64		0.0111112		
11.65		0.0111		
11.66		0.0110888		
11.67		0.0110776		
11.68		0.0110665		
11.69		0.0110554		
11.7		0.0110443		
11.71		0.0110332		
11.72		0.0110221		
11.73		0.0110111		
11.74		0.0110001		
11.75		0.0109891		
11.76		0.0109781		
11.77		0.0109672		
11.78		0.0109562		
11.79		0.0109453		
11.8		0.0109345		
11.81		0.0109236		
11.82		0.0109127		
11.83		0.0109019		
11.84		0.0108911		
11.85		0.0108803		
11.86		0.0108695		
11.87		0.0108588		
11.88		0.0108481		
11.89		0.0108374		
11.9		0.0108267		
11.91		0.010816		
11.92		0.0108054		
11.93		0.0107947		
11.94		0.0107841		
11.95		0.0107735		
11.96		0.010763		
11.97		0.0107524		
11.98		0.0107419		
11.99		0.0107314		
12		0.0107209		
12.01		0.0107104		
12.02		0.0107		
12.03		0.0106895		
12.04		0.0106791		
12.05		0.0106687		
12.06		0.0106583		
12.07		0.010648		
12.08		0.0106377		
12.09		0.0106273		
12.1		0.010617		
12.11		0.0106068		
12.12		0.0105965		
12.13		0.0105862		
12.14		0.010576		
12.15		0.0105658		
12.16		0.0105556		
12.17		0.0105455		
12.18		0.0105353		
12.19		0.0105252		
12.2		0.0105151		
12.21		0.010505		
12.22		0.0104949		
12.23		0.0104848		
12.24		0.0104748		
12.25		0.0104648		
12.26		0.0104548		
12.27		0.0104448		
12.28		0.0104348		
12.29		0.0104248		
12.3		0.0104149		
12.31		0.010405		
12.32		0.0103951		
12.33		0.0103852		
12.34		0.0103754		
12.35		0.0103655		
12.36		0.0103557		
12.37		0.0103459		
12.38		0.0103361		
12.39		0.0103263		
12.4		0.0103166		
12.41		0.0103068		
12.42		0.0102971		
12.43		0.0102874		
12.44		0.0102777		
12.45		0.010268		
12.46		0.0102584		
12.47		0.0102487		
12.48		0.0102391		
12.49		0.0102295		
12.5		0.0102199		
12.51		0.0102104		
12.52		0.0102008		
12.53		0.0101913		
12.54		0.0101818		
12.55		0.0101723		
12.56		0.0101628		
12.57		0.0101533		
12.58		0.0101439		
12.59		0.0101344		
12.6		0.010125		
12.61		0.0101156		
12.62		0.0101062		
12.63		0.0100968		
12.64		0.0100875		
12.65		0.0100782		
12.66		0.0100688		
12.67		0.0100595		
12.68		0.0100502		
12.69		0.010041		
12.7		0.0100317		
12.71		0.0100225		
12.72		0.0100133		
12.73		0.0100041		
12.74		0.00999486		
12.75		0.00998569		
12.76		0.00997653		
12.77		0.00996739		
12.78		0.00995826		
12.79		0.00994915		
12.8		0.00994005		
12.81		0.00993097		
12.82		0.00992191		
12.83		0.00991286		
12.84		0.00990383		
12.85		0.00989481		
12.86		0.00988581		
12.87		0.00987682		
12.88		0.00986785		
12.89		0.00985889		
12.9		0.00984995		
12.91		0.00984103		
12.92		0.00983212		
12.93		0.00982322		
12.94		0.00981434		
12.95		0.00980548		
12.96		0.00979663		
12.97		0.0097878		
12.98		0.00977898		
12.99		0.00977017		
13		0.00976138		
13.01		0.00975261		
13.02		0.00974385		
13.03		0.0097351		
13.04		0.00972637		
13.05		0.00971766		
13.06		0.00970896		
13.07		0.00970027		
13.08		0.0096916		
13.09		0.00968295		
13.1		0.00967431		
13.11		0.00966568		
13.12		0.00965707		
13.13		0.00964847		
13.14		0.00963988		
13.15		0.00963131		
13.16		0.00962276		
13.17		0.00961422		
13.18		0.00960569		
13.19		0.00959718		
13.2		0.00958868		
13.21		0.0095802		
13.22		0.00957173		
13.23		0.00956328		
13.24		0.00955483		
13.25		0.00954641		
13.26		0.00953799		
13.27		0.0095296		
13.28		0.00952121		
13.29		0.00951284		
13.3		0.00950448		
13.31		0.00949614		
13.32		0.00948781		
13.33		0.00947949		
13.34		0.00947119		
13.35		0.0094629		
13.36		0.00945463		
13.37		0.00944637		
13.38		0.00943812		
13.39		0.00942989		
13.4		0.00942167		
13.41		0.00941346		
13.42		0.00940527		
13.43		0.00939709		
13.44		0.00938892		
13.45		0.00938077		
13.46		0.00937263		
13.47		0.00936451		
13.48		0.00935639		
13.49		0.00934829		
13.5		0.00934021		
13.51		0.00933214		
13.52		0.00932408		
13.53		0.00931603		
13.54		0.009308		
13.55		0.00929998		
13.56		0.00929197		
13.57		0.00928397		
13.58		0.00927599		
13.59		0.00926803		
13.6		0.00926007		
13.61		0.00925213		
13.62		0.0092442		
13.63		0.00923628		
13.64		0.00922838		
13.65		0.00922049		
13.66		0.00921261		
13.67		0.00920474		
13.68		0.00919689		
13.69		0.00918905		
13.7		0.00918122		
13.71		0.00917341		
13.72		0.0091656		
13.73		0.00915781		
13.74		0.00915004		
13.75		0.00914227		
13.76		0.00913452		
13.77		0.00912678		
13.78		0.00911905		
13.79		0.00911134		
13.8		0.00910363		
13.81		0.00909594		
13.82		0.00908827		
13.83		0.0090806		
13.84		0.00907295		
13.85		0.0090653		
13.86		0.00905767		
13.87		0.00905006		
13.88		0.00904245		
13.89		0.00903486		
13.9		0.00902728		
13.91		0.00901971		
13.92		0.00901215		
13.93		0.00900461		
13.94		0.00899707		
13.95		0.00898955		
13.96		0.00898204		
13.97		0.00897455		
13.98		0.00896706		
13.99		0.00895959		
14		0.00895213		
14.01		0.00894467		
14.02		0.00893724		
14.03		0.00892981		
14.04		0.00892239		
14.05		0.00891499		
14.06		0.0089076		
14.07		0.00890022		
14.08		0.00889285		
14.09		0.00888549		
14.1		0.00887815		
14.11		0.00887081		
14.12		0.00886349		
14.13		0.00885618		
14.14		0.00884888		
14.15		0.00884159		
14.16		0.00883431		
14.17		0.00882705		
14.18		0.00881979		
14.19		0.00881255		
14.2		0.00880532		
14.21		0.0087981		
14.22		0.00879089		
14.23		0.00878369		
14.24		0.0087765		
14.25		0.00876933		
14.26		0.00876216		
14.27		0.00875501		
14.28		0.00874786		
14.29		0.00874073		
14.3		0.00873361		
14.31		0.0087265		
14.32		0.0087194		
14.33		0.00871232		
14.34		0.00870524		
14.35		0.00869817		
14.36		0.00869112		
14.37		0.00868407		
14.38		0.00867704		
14.39		0.00867002		
14.4		0.008663		
14.41		0.008656		
14.42		0.00864901		
14.43		0.00864203		
14.44		0.00863506		
14.45		0.0086281		
14.46		0.00862116		
14.47		0.00861422		
14.48		0.00860729		
14.49		0.00860038		
14.5		0.00859347		
14.51		0.00858657		
14.52		0.00857969		
14.53		0.00857282		
14.54		0.00856595		
14.55		0.0085591		
14.56		0.00855225		
14.57		0.00854542		
14.58		0.0085386		
14.59		0.00853179		
14.6		0.00852499		
14.61		0.00851819		
14.62		0.00851141		
14.63		0.00850464		
14.64		0.00849788		
14.65		0.00849113		
14.66		0.00848439		
14.67		0.00847766		
14.68		0.00847094		
14.69		0.00846423		
14.7		0.00845753		
14.71		0.00845084		
14.72		0.00844416		
14.73		0.00843749		
14.74		0.00843083		
14.75		0.00842418		
14.76		0.00841754		
14.77		0.00841091		
14.78		0.00840429		
14.79		0.00839767		
14.8		0.00839107		
14.81		0.00838448		
14.82		0.0083779		
14.83		0.00837133		
14.84		0.00836477		
14.85		0.00835822		
14.86		0.00835167		
14.87		0.00834514		
14.88		0.00833862		
14.89		0.00833211		
14.9		0.0083256		
14.91		0.00831911		
14.92		0.00831263		
14.93		0.00830615		
14.94		0.00829969		
14.95		0.00829323		
14.96		0.00828678		
14.97		0.00828035		
14.98		0.00827392		
14.99		0.0082675		
15		0.00826109		
15.01		0.0082547		
15.02		0.00824831		
15.03		0.00824193		
15.04		0.00823556		
15.05		0.00822919		
15.06		0.00822284		
15.07		0.0082165		
15.08		0.00821017		
15.09		0.00820384		
15.1		0.00819753		
15.11		0.00819122		
15.12		0.00818492		
15.13		0.00817864		
15.14		0.00817236		
15.15		0.00816609		
15.16		0.00815983		
15.17		0.00815358		
15.18		0.00814734		
15.19		0.0081411		
15.2		0.00813488		
15.21		0.00812867		
15.22		0.00812246		
15.23		0.00811626		
15.24		0.00811008		
15.25		0.0081039		
15.26		0.00809773		
15.27		0.00809157		
15.28		0.00808541		
15.29		0.00807927		
15.3		0.00807314		
15.31		0.00806701		
15.32		0.00806089		
15.33		0.00805479		
15.34		0.00804869		
15.35		0.0080426		
15.36		0.00803651		
15.37		0.00803044		
15.38		0.00802438		
15.39		0.00801832		
15.4		0.00801227		
15.41		0.00800624		
15.42		0.00800021		
15.43		0.00799419		
15.44		0.00798817		
15.45		0.00798217		
15.46		0.00797617		
15.47		0.00797019		
15.48		0.00796421		
15.49		0.00795824		
15.5		0.00795228		
15.51		0.00794633		
15.52		0.00794038		
15.53		0.00793445		
15.54		0.00792852		
15.55		0.0079226		
15.56		0.00791669		
15.57		0.00791079		
15.58		0.00790489		
15.59		0.00789901		
15.6		0.00789313		
15.61		0.00788726		
15.62		0.0078814		
15.63		0.00787555		
15.64		0.0078697		
15.65		0.00786387		
15.66		0.00785804		
15.67		0.00785222		
15.68		0.00784641		
15.69		0.0078406		
15.7		0.00783481		
15.71		0.00782902		
15.72		0.00782324		
15.73		0.00781747		
15.74		0.00781171		
15.75		0.00780595		
15.76		0.00780021		
15.77		0.00779447		
15.78		0.00778874		
15.79		0.00778302		
15.8		0.0077773		
15.81		0.00777159		
15.82		0.00776589		
15.83		0.0077602		
15.84		0.00775452		
15.85		0.00774885		
15.86		0.00774318		
15.87		0.00773752		
15.88		0.00773187		
15.89		0.00772622		
15.9		0.00772059		
15.91		0.00771496		
15.92		0.00770934		
15.93		0.00770373		
15.94		0.00769812		
15.95		0.00769253		
15.96		0.00768694		
15.97		0.00768136		
15.98		0.00767578		
15.99		0.00767022		
16		0.00766466		
16.01		0.00765911		
16.02		0.00765356		
16.03		0.00764803		
16.04		0.0076425		
16.05		0.00763698		
16.06		0.00763147		
16.07		0.00762596		
16.08		0.00762046		
16.09		0.00761497		
16.1		0.00760949		
16.11		0.00760402		
16.12		0.00759855		
16.13		0.00759309		
16.14		0.00758763		
16.15		0.00758219		
16.16		0.00757675		
16.17		0.00757132		
16.18		0.0075659		
16.19		0.00756048		
16.2		0.00755507		
16.21		0.00754967		
16.22		0.00754428		
16.23		0.00753889		
16.24		0.00753351		
16.25		0.00752814		
16.26		0.00752278		
16.27		0.00751742		
16.28		0.00751207		
16.29		0.00750673		
16.3		0.00750139		
16.31		0.00749606		
16.32		0.00749074		
16.33		0.00748543		
16.34		0.00748012		
16.35		0.00747482		
16.36		0.00746953		
16.37		0.00746424		
16.38		0.00745896		
16.39		0.00745369		
16.4		0.00744843		
16.41		0.00744317		
16.42		0.00743792		
16.43		0.00743268		
16.44		0.00742744		
16.45		0.00742221		
16.46		0.00741699		
16.47		0.00741178		
16.48		0.00740657		
16.49		0.00740137		
16.5		0.00739617		
16.51		0.00739098		
16.52		0.0073858		
16.53		0.00738063		
16.54		0.00737546		
16.55		0.0073703		
16.56		0.00736515		
16.57		0.00736		
16.58		0.00735487		
16.59		0.00734973		
16.6		0.00734461		
16.61		0.00733949		
16.62		0.00733438		
16.63		0.00732927		
16.64		0.00732417		
16.65		0.00731908		
16.66		0.007314		
16.67		0.00730892		
16.68		0.00730385		
16.69		0.00729878		
16.7		0.00729372		
16.71		0.00728867		
16.72		0.00728363		
16.73		0.00727859		
16.74		0.00727356		
16.75		0.00726853		
16.76		0.00726351		
16.77		0.0072585		
16.78		0.00725349		
16.79		0.0072485		
16.8		0.0072435		
16.81		0.00723852		
16.82		0.00723354		
16.83		0.00722857		
16.84		0.0072236		
16.85		0.00721864		
16.86		0.00721369		
16.87		0.00720874		
16.88		0.0072038		
16.89		0.00719887		
16.9		0.00719394		
16.91		0.00718902		
16.92		0.0071841		
16.93		0.00717919		
16.94		0.00717429		
16.95		0.0071694		
16.96		0.00716451		
16.97		0.00715962		
16.98		0.00715475		
16.99		0.00714988		
17		0.00714501		
17.01		0.00714016		
17.02		0.0071353		
17.03		0.00713046		
17.04		0.00712562		
17.05		0.00712079		
17.06		0.00711596		
17.07		0.00711114		
17.08		0.00710633		
17.09		0.00710152		
17.1		0.00709672		
17.11		0.00709192		
17.12		0.00708713		
17.13		0.00708235		
17.14		0.00707757		
17.15		0.0070728		
17.16		0.00706804		
17.17		0.00706328		
17.18		0.00705853		
17.19		0.00705378		
17.2		0.00704904		
17.21		0.00704431		
17.22		0.00703958		
17.23		0.00703486		
17.24		0.00703014		
17.25		0.00702543		
17.26		0.00702073		
17.27		0.00701603		
17.28		0.00701133		
17.29		0.00700665		
17.3		0.00700197		
17.31		0.00699729		
17.32		0.00699263		
17.33		0.00698796		
17.34		0.00698331		
17.35		0.00697866		
17.36		0.00697401		
17.37		0.00696937		
17.38		0.00696474		
17.39		0.00696011		
17.4		0.00695549		
17.41		0.00695087		
17.42		0.00694627		
17.43		0.00694166		
17.44		0.00693706		
17.45		0.00693247		
17.46		0.00692788		
17.47		0.0069233		
17.48		0.00691873		
17.49		0.00691416		
17.5		0.0069096		
17.51		0.00690504		
17.52		0.00690049		
17.53		0.00689594		
17.54		0.0068914		
17.55		0.00688686		
17.56		0.00688234		
17.57		0.00687781		
17.58		0.00687329		
17.59		0.00686878		
17.6		0.00686428		
17.61		0.00685977		
17.62		0.00685528		
17.63		0.00685079		
17.64		0.0068463		
17.65		0.00684183		
17.66		0.00683735		
17.67		0.00683289		
17.68		0.00682842		
17.69		0.00682397		
17.7		0.00681952		
17.71		0.00681507		
17.72		0.00681063		
17.73		0.0068062		
17.74		0.00680177		
17.75		0.00679735		
17.76		0.00679293		
17.77		0.00678852		
17.78		0.00678411		
17.79		0.00677971		
17.8		0.00677531		
17.81		0.00677092		
17.82		0.00676653		
17.83		0.00676216		
17.84		0.00675778		
17.85		0.00675341		
17.86		0.00674905		
17.87		0.00674469		
17.88		0.00674034		
17.89		0.00673599		
17.9		0.00673165		
17.91		0.00672731		
17.92		0.00672298		
17.93		0.00671865		
17.94		0.00671433		
17.95		0.00671002		
17.96		0.00670571		
17.97		0.0067014		
17.98		0.0066971		
17.99		0.00669281		
18		0.00668852		
18.01		0.00668423		
18.02		0.00667995		
18.03		0.00667568		
18.04		0.00667141		
18.05		0.00666715		
18.06		0.00666289		
18.07		0.00665864		
18.08		0.00665439		
18.09		0.00665015		
18.1		0.00664591		
18.11		0.00664168		
18.12		0.00663745		
18.13		0.00663323		
18.14		0.00662901		
18.15		0.0066248		
18.16		0.00662059		
18.17		0.00661639		
18.18		0.00661219		
18.19		0.006608		
18.2		0.00660382		
18.21		0.00659963		
18.22		0.00659546		
18.23		0.00659129		
18.24		0.00658712		
18.25		0.00658296		
18.26		0.0065788		
18.27		0.00657465		
18.28		0.00657051		
18.29		0.00656636		
18.3		0.00656223		
18.31		0.0065581		
18.32		0.00655397		
18.33		0.00654985		
18.34		0.00654573		
18.35		0.00654162		
18.36		0.00653751		
18.37		0.00653341		
18.38		0.00652931		
18.39		0.00652522		
18.4		0.00652114		
18.41		0.00651705		
18.42		0.00651298		
18.43		0.0065089		
18.44		0.00650484		
18.45		0.00650077		
18.46		0.00649671		
18.47		0.00649266		
18.48		0.00648861		
18.49		0.00648457		
18.5		0.00648053		
18.51		0.0064765		
18.52		0.00647247		
18.53		0.00646844		
18.54		0.00646442		
18.55		0.00646041		
18.56		0.0064564		
18.57		0.00645239		
18.58		0.00644839		
18.59		0.0064444		
18.6		0.00644041		
18.61		0.00643642		
18.62		0.00643244		
18.63		0.00642846		
18.64		0.00642449		
18.65		0.00642052		
18.66		0.00641656		
18.67		0.0064126		
18.68		0.00640865		
18.69		0.0064047		
18.7		0.00640075		
18.71		0.00639681		
18.72		0.00639288		
18.73		0.00638895		
18.74		0.00638502		
18.75		0.0063811		
18.76		0.00637718		
18.77		0.00637327		
18.78		0.00636936		
18.79		0.00636546		
18.8		0.00636156		
18.81		0.00635767		
18.82		0.00635378		
18.83		0.00634989		
18.84		0.00634601		
18.85		0.00634214		
18.86		0.00633827		
18.87		0.0063344		
18.88		0.00633054		
18.89		0.00632668		
18.9		0.00632282		
18.91		0.00631898		
18.92		0.00631513		
18.93		0.00631129		
18.94		0.00630746		
18.95		0.00630362		
18.96		0.0062998		
18.97		0.00629598		
18.98		0.00629216		
18.99		0.00628834		
19		0.00628454		
19.01		0.00628073		
19.02		0.00627693		
19.03		0.00627314		
19.04		0.00626934		
19.05		0.00626556		
19.06		0.00626177		
19.07		0.006258		
19.08		0.00625422		
19.09		0.00625045		
19.1		0.00624669		
19.11		0.00624293		
19.12		0.00623917		
19.13		0.00623542		
19.14		0.00623167		
19.15		0.00622792		
19.16		0.00622419		
19.17		0.00622045		
19.18		0.00621672		
19.19		0.00621299		
19.2		0.00620927		
19.21		0.00620555		
19.22		0.00620184		
19.23		0.00619813		
19.24		0.00619442		
19.25		0.00619072		
19.26		0.00618702		
19.27		0.00618333		
19.28		0.00617964		
19.29		0.00617596		
19.3		0.00617228		
19.31		0.0061686		
19.32		0.00616493		
19.33		0.00616126		
19.34		0.0061576		
19.35		0.00615394		
19.36		0.00615028		
19.37		0.00614663		
19.38		0.00614299		
19.39		0.00613934		
19.4		0.00613571		
19.41		0.00613207		
19.42		0.00612844		
19.43		0.00612481		
19.44		0.00612119		
19.45		0.00611757		
19.46		0.00611396		
19.47		0.00611035		
19.48		0.00610674		
19.49		0.00610314		
19.5		0.00609954		
19.51		0.00609595		
19.52		0.00609236		
19.53		0.00608877		
19.54		0.00608519		
19.55		0.00608161		
19.56		0.00607804		
19.57		0.00607447		
19.58		0.0060709		
19.59		0.00606734		
19.6		0.00606379		
19.61		0.00606023		
19.62		0.00605668		
19.63		0.00605314		
19.64		0.00604959		
19.65		0.00604606		
19.66		0.00604252		
19.67		0.00603899		
19.68		0.00603547		
19.69		0.00603194		
19.7		0.00602842		
19.71		0.00602491		
19.72		0.0060214		
19.73		0.00601789		
19.74		0.00601439		
19.75		0.00601089		
19.76		0.0060074		
19.77		0.00600391		
19.78		0.00600042		
19.79		0.00599694		
19.8		0.00599346		
19.81		0.00598998		
19.82		0.00598651		
19.83		0.00598304		
19.84		0.00597958		
19.85		0.00597612		
19.86		0.00597266		
19.87		0.00596921		
19.88		0.00596576		
19.89		0.00596231		
19.9		0.00595887		
19.91		0.00595543		
19.92		0.005952		
19.93		0.00594857		
19.94		0.00594515		
19.95		0.00594172		
19.96		0.0059383		
19.97		0.00593489		
19.98		0.00593148		
19.99		0.00592807		
20		0.00592467		
20.01		0.00592127		
20.02		0.00591787		
20.03		0.00591448		
20.04		0.00591109		
20.05		0.0059077		
20.06		0.00590432		
20.07		0.00590095		
20.08		0.00589757		
20.09		0.0058942		
20.1		0.00589083		
20.11		0.00588747		
20.12		0.00588411		
20.13		0.00588076		
20.14		0.0058774		
20.15		0.00587406		
20.16		0.00587071		
20.17		0.00586737		
20.18		0.00586403		
20.19		0.0058607		
20.2		0.00585737		
20.21		0.00585404		
20.22		0.00585072		
20.23		0.0058474		
20.24		0.00584408		
20.25		0.00584077		
20.26		0.00583746		
20.27		0.00583416		
20.28		0.00583086		
20.29		0.00582756		
20.3		0.00582426		
20.31		0.00582097		
20.32		0.00581769		
20.33		0.0058144		
20.34		0.00581112		
20.35		0.00580785		
20.36		0.00580457		
20.37		0.0058013		
20.38		0.00579804		
20.39		0.00579477		
20.4		0.00579151		
20.41		0.00578826		
20.42		0.00578501		
20.43		0.00578176		
20.44		0.00577851		
20.45		0.00577527		
20.46		0.00577203		
20.47		0.0057688		
20.48		0.00576557		
20.49		0.00576234		
20.5		0.00575911		
20.51		0.00575589		
20.52		0.00575268		
20.53		0.00574946		
20.54		0.00574625		
20.55		0.00574304		
20.56		0.00573984		
20.57		0.00573664		
20.58		0.00573344		
20.59		0.00573025		
20.6		0.00572706		
20.61		0.00572387		
20.62		0.00572069		
20.63		0.00571751		
20.64		0.00571433		
20.65		0.00571116		
20.66		0.00570799		
20.67		0.00570482		
20.68		0.00570166		
20.69		0.0056985		
20.7		0.00569534		
20.71		0.00569219		
20.72		0.00568904		
20.73		0.00568589		
20.74		0.00568275		
20.75		0.00567961		
20.76		0.00567647		
20.77		0.00567334		
20.78		0.00567021		
20.79		0.00566708		
20.8		0.00566396		
20.81		0.00566084		
20.82		0.00565772		
20.83		0.00565461		
20.84		0.0056515		
20.85		0.00564839		
20.86		0.00564529		
20.87		0.00564218		
20.88		0.00563909		
20.89		0.00563599		
20.9		0.0056329		
20.91		0.00562981		
20.92		0.00562673		
20.93		0.00562365		
20.94		0.00562057		
20.95		0.0056175		
20.96		0.00561442		
20.97		0.00561136		
20.98		0.00560829		
20.99		0.00560523		
21		0.00560217		
21.01		0.00559911		
21.02		0.00559606		
21.03		0.00559301		
21.04		0.00558997		
21.05		0.00558692		
21.06		0.00558388		
21.07		0.00558085		
21.08		0.00557781		
21.09		0.00557478		
21.1		0.00557176		
21.11		0.00556873		
21.12		0.00556571		
21.13		0.00556269		
21.14		0.00555968		
21.15		0.00555667		
21.16		0.00555366		
21.17		0.00555065		
21.18		0.00554765		
21.19		0.00554465		
21.2		0.00554166		
21.21		0.00553866		
21.22		0.00553567		
21.23		0.00553269		
21.24		0.0055297		
21.25		0.00552672		
21.26		0.00552375		
21.27		0.00552077		
21.28		0.0055178		
21.29		0.00551483		
21.3		0.00551187		
21.31		0.0055089		
21.32		0.00550594		
21.33		0.00550299		
21.34		0.00550003		
21.35		0.00549708		
21.36		0.00549414		
21.37		0.00549119		
21.38		0.00548825		
21.39		0.00548531		
21.4		0.00548238		
21.41		0.00547945		
21.42		0.00547652		
21.43		0.00547359		
21.44		0.00547067		
21.45		0.00546775		
21.46		0.00546483		
21.47		0.00546192		
21.48		0.00545901		
21.49		0.0054561		
21.5		0.00545319		
21.51		0.00545029		
21.52		0.00544739		
21.53		0.00544449		
21.54		0.0054416		
21.55		0.00543871		
21.56		0.00543582		
21.57		0.00543294		
21.58		0.00543005		
21.59		0.00542718		
21.6		0.0054243		
21.61		0.00542143		
21.62		0.00541856		
21.63		0.00541569		
21.64		0.00541282		
21.65		0.00540996		
21.66		0.0054071		
21.67		0.00540425		
21.68		0.00540139		
21.69		0.00539854		
21.7		0.0053957		
21.71		0.00539285		
21.72		0.00539001		
21.73		0.00538717		
21.74		0.00538434		
21.75		0.0053815		
21.76		0.00537867		
21.77		0.00537585		
21.78		0.00537302		
21.79		0.0053702		
21.8		0.00536738		
21.81		0.00536457		
21.82		0.00536175		
21.83		0.00535894		
21.84		0.00535614		
21.85		0.00535333		
21.86		0.00535053		
21.87		0.00534773		
21.88		0.00534493		
21.89		0.00534214		
21.9		0.00533935		
21.91		0.00533656		
21.92		0.00533378		
21.93		0.00533099		
21.94		0.00532821		
21.95		0.00532544		
21.96		0.00532266		
21.97		0.00531989		
21.98		0.00531712		
21.99		0.00531436		
22		0.0053116		
22.01		0.00530883		
22.02		0.00530608		
22.03		0.00530332		
22.04		0.00530057		
22.05		0.00529782		
22.06		0.00529507		
22.07		0.00529233		
22.08		0.00528959		
22.09		0.00528685		
22.1		0.00528411		
22.11		0.00528138		
22.12		0.00527865		
22.13		0.00527592		
22.14		0.0052732		
22.15		0.00527048		
22.16		0.00526776		
22.17		0.00526504		
22.18		0.00526232		
22.19		0.00525961		
22.2		0.0052569		
22.21		0.0052542		
22.22		0.00525149		
22.23		0.00524879		
22.24		0.00524609		
22.25		0.0052434		
22.26		0.00524071		
22.27		0.00523802		
22.28		0.00523533		
22.29		0.00523264		
22.3		0.00522996		
22.31		0.00522728		
22.32		0.0052246		
22.33		0.00522193		
22.34		0.00521926		
22.35		0.00521659		
22.36		0.00521392		
22.37		0.00521125		
22.38		0.00520859		
22.39		0.00520593		
22.4		0.00520328		
22.41		0.00520062		
22.42		0.00519797		
22.43		0.00519532		
22.44		0.00519268		
22.45		0.00519003		
22.46		0.00518739		
22.47		0.00518475		
22.48		0.00518212		
22.49		0.00517948		
22.5		0.00517685		
22.51		0.00517423		
22.52		0.0051716		
22.53		0.00516898		
22.54		0.00516636		
22.55		0.00516374		
22.56		0.00516112		
22.57		0.00515851		
22.58		0.0051559		
22.59		0.00515329		
22.6		0.00515069		
22.61		0.00514808		
22.62		0.00514548		
22.63		0.00514288		
22.64		0.00514029		
22.65		0.0051377		
22.66		0.00513511		
22.67		0.00513252		
22.68		0.00512993		
22.69		0.00512735		
22.7		0.00512477		
22.71		0.00512219		
22.72		0.00511961		
22.73		0.00511704		
22.74		0.00511447		
22.75		0.0051119		
22.76		0.00510934		
22.77		0.00510677		
22.78		0.00510421		
22.79		0.00510165		
22.8		0.0050991		
22.81		0.00509655		
22.82		0.00509399		
22.83		0.00509145		
22.84		0.0050889		
22.85		0.00508636		
22.86		0.00508381		
22.87		0.00508128		
22.88		0.00507874		
22.89		0.00507621		
22.9		0.00507367		
22.91		0.00507114		
22.92		0.00506862		
22.93		0.00506609		
22.94		0.00506357		
22.95		0.00506105		
22.96		0.00505853		
22.97		0.00505602		
22.98		0.00505351		
22.99		0.005051		
23		0.00504849		
23.01		0.00504598		
23.02		0.00504348		
23.03		0.00504098		
23.04		0.00503848		
23.05		0.00503599		
23.06		0.00503349		
23.07		0.005031		
23.08		0.00502851		
23.09		0.00502603		
23.1		0.00502354		
23.11		0.00502106		
23.12		0.00501858		
23.13		0.0050161		
23.14		0.00501363		
23.15		0.00501116		
23.16		0.00500869		
23.17		0.00500622		
23.18		0.00500375		
23.19		0.00500129		
23.2		0.00499883		
23.21		0.00499637		
23.22		0.00499391		
23.23		0.00499146		
23.24		0.00498901		
23.25		0.00498656		
23.26		0.00498411		
23.27		0.00498167		
23.28		0.00497923		
23.29		0.00497679		
23.3		0.00497435		
23.31		0.00497191		
23.32		0.00496948		
23.33		0.00496705		
23.34		0.00496462		
23.35		0.00496219		
23.36		0.00495977		
23.37		0.00495735		
23.38		0.00495493		
23.39		0.00495251		
23.4		0.00495009		
23.41		0.00494768		
23.42		0.00494527		
23.43		0.00494286		
23.44		0.00494046		
23.45		0.00493805		
23.46		0.00493565		
23.47		0.00493325		
23.48		0.00493085		
23.49		0.00492846		
23.5		0.00492606		
23.51		0.00492367		
23.52		0.00492129		
23.53		0.0049189		
23.54		0.00491651		
23.55		0.00491413		
23.56		0.00491175		
23.57		0.00490938		
23.58		0.004907		
23.59		0.00490463		
23.6		0.00490226		
23.61		0.00489989		
23.62		0.00489752		
23.63		0.00489516		
23.64		0.0048928		
23.65		0.00489044		
23.66		0.00488808		
23.67		0.00488572		
23.68		0.00488337		
23.69		0.00488102		
23.7		0.00487867		
23.71		0.00487632		
23.72		0.00487398		
23.73		0.00487163		
23.74		0.00486929		
23.75		0.00486695		
23.76		0.00486462		
23.77		0.00486228		
23.78		0.00485995		
23.79		0.00485762		
23.8		0.00485529		
23.81		0.00485297		
23.82		0.00485065		
23.83		0.00484832		
23.84		0.004846		
23.85		0.00484369		
23.86		0.00484137		
23.87		0.00483906		
23.88		0.00483675		
23.89		0.00483444		
23.9		0.00483213		
23.91		0.00482983		
23.92		0.00482753		
23.93		0.00482523		
23.94		0.00482293		
23.95		0.00482063		
23.96		0.00481834		
23.97		0.00481605		
23.98		0.00481376		
23.99		0.00481147		
24		0.00480918		
24.01		0.0048069		
24.02		0.00480462		
24.03		0.00480234		
24.04		0.00480006		
24.05		0.00479778		
24.06		0.00479551		
24.07		0.00479324		
24.08		0.00479097		
24.09		0.0047887		
24.1		0.00478644		
24.11		0.00478418		
24.12		0.00478191		
24.13		0.00477966		
24.14		0.0047774		
24.15		0.00477514		
24.16		0.00477289		
24.17		0.00477064		
24.18		0.00476839		
24.19		0.00476614		
24.2		0.0047639		
24.21		0.00476166		
24.22		0.00475942		
24.23		0.00475718		
24.24		0.00475494		
24.25		0.00475271		
24.26		0.00475047		
24.27		0.00474824		
24.28		0.00474601		
24.29		0.00474379		
24.3		0.00474156		
24.31		0.00473934		
24.32		0.00473712		
24.33		0.0047349		
24.34		0.00473268		
24.35		0.00473047		
24.36		0.00472825		
24.37		0.00472604		
24.38		0.00472383		
24.39		0.00472163		
24.4		0.00471942		
24.41		0.00471722		
24.42		0.00471502		
24.43		0.00471282		
24.44		0.00471062		
24.45		0.00470843		
24.46		0.00470623		
24.47		0.00470404		
24.48		0.00470185		
24.49		0.00469967		
24.5		0.00469748		
24.51		0.0046953		
24.52		0.00469312		
24.53		0.00469094		
24.54		0.00468876		
24.55		0.00468658		
24.56		0.00468441		
24.57		0.00468224		
24.58		0.00468007		
24.59		0.0046779		
24.6		0.00467573		
24.61		0.00467357		
24.62		0.0046714		
24.63		0.00466924		
24.64		0.00466709		
24.65		0.00466493		
24.66		0.00466277		
24.67		0.00466062		
24.68		0.00465847		
24.69		0.00465632		
24.7		0.00465417		
24.71		0.00465203		
24.72		0.00464989		
24.73		0.00464774		
24.74		0.0046456		
24.75		0.00464347		
24.76		0.00464133		
24.77		0.0046392		
24.78		0.00463706		
24.79		0.00463493		
24.8		0.00463281		
24.81		0.00463068		
24.82		0.00462855		
24.83		0.00462643		
24.84		0.00462431		
24.85		0.00462219		
24.86		0.00462007		
24.87		0.00461796		
24.88		0.00461584		
24.89		0.00461373		
24.9		0.00461162		
24.91		0.00460951		
24.92		0.00460741		
24.93		0.0046053		
24.94		0.0046032		
24.95		0.0046011		
24.96		0.004599		
24.97		0.0045969		
24.98		0.00459481		
24.99		0.00459271		
25		0.00459062		
25.01		0.00458853		
25.02		0.00458644		
25.03		0.00458436		
25.04		0.00458227		
25.05		0.00458019		
25.06		0.00457811		
25.07		0.00457603		
25.08		0.00457395		
25.09		0.00457188		
25.1		0.0045698		
25.11		0.00456773		
25.12		0.00456566		
25.13		0.00456359		
25.14		0.00456153		
25.15		0.00455946		
25.16		0.0045574		
25.17		0.00455534		
25.18		0.00455328		
25.19		0.00455122		
25.2		0.00454916		
25.21		0.00454711		
25.22		0.00454506		
25.23		0.00454301		
25.24		0.00454096		
25.25		0.00453891		
25.26		0.00453687		
25.27		0.00453482		
25.28		0.00453278		
25.29		0.00453074		
25.3		0.0045287		
25.31		0.00452666		
25.32		0.00452463		
25.33		0.0045226		
25.34		0.00452056		
25.35		0.00451853		
25.36		0.00451651		
25.37		0.00451448		
25.38		0.00451246		
25.39		0.00451043		
25.4		0.00450841		
25.41		0.00450639		
25.42		0.00450437		
25.43		0.00450236		
25.44		0.00450034		
25.45		0.00449833		
25.46		0.00449632		
25.47		0.00449431		
25.48		0.0044923		
25.49		0.0044903		
25.5		0.00448829		
25.51		0.00448629		
25.52		0.00448429		
25.53		0.00448229		
25.54		0.00448029		
25.55		0.0044783		
25.56		0.0044763		
25.57		0.00447431		
25.58		0.00447232		
25.59		0.00447033		
25.6		0.00446834		
25.61		0.00446636		
25.62		0.00446437		
25.63		0.00446239		
25.64		0.00446041		
25.65		0.00445843		
25.66		0.00445645		
25.67		0.00445448		
25.68		0.0044525		
25.69		0.00445053		
25.7		0.00444856		
25.71		0.00444659		
25.72		0.00444462		
25.73		0.00444266		
25.74		0.00444069		
25.75		0.00443873		
25.76		0.00443677		
25.77		0.00443481		
25.78		0.00443285		
25.79		0.0044309		
25.8		0.00442894		
25.81		0.00442699		
25.82		0.00442504		
25.83		0.00442309		
25.84		0.00442114		
25.85		0.0044192		
25.86		0.00441725		
25.87		0.00441531		
25.88		0.00441337		
25.89		0.00441143		
25.9		0.00440949		
25.91		0.00440755		
25.92		0.00440562		
25.93		0.00440369		
25.94		0.00440175		
25.95		0.00439982		
25.96		0.00439789		
25.97		0.00439597		
25.98		0.00439404		
25.99		0.00439212		
26		0.0043902		
26.01		0.00438828		
26.02		0.00438636		
26.03		0.00438444		
26.04		0.00438252		
26.05		0.00438061		
26.06		0.0043787		
26.07		0.00437679		
26.08		0.00437488		
26.09		0.00437297		
26.1		0.00437106		
26.11		0.00436916		
26.12		0.00436725		
26.13		0.00436535		
26.14		0.00436345		
26.15		0.00436155		
26.16		0.00435966		
26.17		0.00435776		
26.18		0.00435587		
26.19		0.00435397		
26.2		0.00435208		
26.21		0.00435019		
26.22		0.00434831		
26.23		0.00434642		
26.24		0.00434454		
26.25		0.00434265		
26.26		0.00434077		
26.27		0.00433889		
26.28		0.00433701		
26.29		0.00433514		
26.3		0.00433326		
26.31		0.00433139		
26.32		0.00432951		
26.33		0.00432764		
26.34		0.00432577		
26.35		0.00432391		
26.36		0.00432204		
26.37		0.00432017		
26.38		0.00431831		
26.39		0.00431645		
26.4		0.00431459		
26.41		0.00431273		
26.42		0.00431087		
26.43		0.00430902		
26.44		0.00430716		
26.45		0.00430531		
26.46		0.00430346		
26.47		0.00430161		
26.48		0.00429976		
26.49		0.00429791		
26.5		0.00429607		
26.51		0.00429423		
26.52		0.00429238		
26.53		0.00429054		
26.54		0.0042887		
26.55		0.00428687		
26.56		0.00428503		
26.57		0.00428319		
26.58		0.00428136		
26.59		0.00427953		
26.6		0.0042777		
26.61		0.00427587		
26.62		0.00427404		
26.63		0.00427222		
26.64		0.00427039		
26.65		0.00426857		
26.66		0.00426675		
26.67		0.00426493		
26.68		0.00426311		
26.69		0.00426129		
26.7		0.00425948		
26.71		0.00425766		
26.72		0.00425585		
26.73		0.00425404		
26.74		0.00425223		
26.75		0.00425042		
26.76		0.00424861		
26.77		0.00424681		
26.78		0.004245		
26.79		0.0042432		
26.8		0.0042414		
26.81		0.0042396		
26.82		0.0042378		
26.83		0.004236		
26.84		0.00423421		
26.85		0.00423241		
26.86		0.00423062		
26.87		0.00422883		
26.88		0.00422704		
26.89		0.00422525		
26.9		0.00422346		
26.91		0.00422168		
26.92		0.00421989		
26.93		0.00421811		
26.94		0.00421633		
26.95		0.00421455		
26.96		0.00421277		
26.97		0.00421099		
26.98		0.00420922		
26.99		0.00420744		
27		0.00420567		
27.01		0.0042039		
27.02		0.00420213		
27.03		0.00420036		
27.04		0.00419859		
27.05		0.00419683		
27.06		0.00419506		
27.07		0.0041933		
27.08		0.00419154		
27.09		0.00418978		
27.1		0.00418802		
27.11		0.00418626		
27.12		0.00418451		
27.13		0.00418275		
27.14		0.004181		
27.15		0.00417925		
27.16		0.00417749		
27.17		0.00417575		
27.18		0.004174		
27.19		0.00417225		
27.2		0.00417051		
27.21		0.00416876		
27.22		0.00416702		
27.23		0.00416528		
27.24		0.00416354		
27.25		0.0041618		
27.26		0.00416006		
27.27		0.00415833		
27.28		0.00415659		
27.29		0.00415486		
27.3		0.00415313		
27.31		0.0041514		
27.32		0.00414967		
27.33		0.00414794		
27.34		0.00414622		
27.35		0.00414449		
27.36		0.00414277		
27.37		0.00414105		
27.38		0.00413933		
27.39		0.00413761		
27.4		0.00413589		
27.41		0.00413417		
27.42		0.00413246		
27.43		0.00413074		
27.44		0.00412903		
27.45		0.00412732		
27.46		0.00412561		
27.47		0.0041239		
27.48		0.00412219		
27.49		0.00412048		
27.5		0.00411878		
27.51		0.00411708		
27.52		0.00411537		
27.53		0.00411367		
27.54		0.00411197		
27.55		0.00411028		
27.56		0.00410858		
27.57		0.00410688		
27.58		0.00410519		
27.59		0.0041035		
27.6		0.0041018		
27.61		0.00410011		
27.62		0.00409842		
27.63		0.00409674		
27.64		0.00409505		
27.65		0.00409337		
27.66		0.00409168		
27.67		0.00409		
27.68		0.00408832		
27.69		0.00408664		
27.7		0.00408496		
27.71		0.00408328		
27.72		0.00408161		
27.73		0.00407993		
27.74		0.00407826		
27.75		0.00407659		
27.76		0.00407491		
27.77		0.00407324		
27.78		0.00407158		
27.79		0.00406991		
27.8		0.00406824		
27.81		0.00406658		
27.82		0.00406492		
27.83		0.00406325		
27.84		0.00406159		
27.85		0.00405993		
27.86		0.00405827		
27.87		0.00405662		
27.88		0.00405496		
27.89		0.00405331		
27.9		0.00405165		
27.91		0.00405		
27.92		0.00404835		
27.93		0.0040467		
27.94		0.00404505		
27.95		0.00404341		
27.96		0.00404176		
27.97		0.00404012		
27.98		0.00403847		
27.99		0.00403683		
28		0.00403519		
28.01		0.00403355		
28.02		0.00403191		
28.03		0.00403028		
28.04		0.00402864		
28.05		0.00402701		
28.06		0.00402537		
28.07		0.00402374		
28.08		0.00402211		
28.09		0.00402048		
28.1		0.00401885		
28.11		0.00401723		
28.12		0.0040156		
28.13		0.00401398		
28.14		0.00401235		
28.15		0.00401073		
28.16		0.00400911		
28.17		0.00400749		
28.18		0.00400587		
28.19		0.00400426		
28.2		0.00400264		
28.21		0.00400102		
28.22		0.00399941		
28.23		0.0039978		
28.24		0.00399619		
28.25		0.00399458		
28.26		0.00399297		
28.27		0.00399136		
28.28		0.00398976		
28.29		0.00398815		
28.3		0.00398655		
28.31		0.00398494		
28.32		0.00398334		
28.33		0.00398174		
28.34		0.00398014		
28.35		0.00397855		
28.36		0.00397695		
28.37		0.00397535		
28.38		0.00397376		
28.39		0.00397217		
28.4		0.00397057		
28.41		0.00396898		
28.42		0.00396739		
28.43		0.00396581		
28.44		0.00396422		
28.45		0.00396263		
28.46		0.00396105		
28.47		0.00395946		
28.48		0.00395788		
28.49		0.0039563		
28.5		0.00395472		
28.51		0.00395314		
28.52		0.00395156		
28.53		0.00394999		
28.54		0.00394841		
28.55		0.00394684		
28.56		0.00394526		
28.57		0.00394369		
28.58		0.00394212		
28.59		0.00394055		
28.6		0.00393898		
28.61		0.00393742		
28.62		0.00393585		
28.63		0.00393429		
28.64		0.00393272		
28.65		0.00393116		
28.66		0.0039296		
28.67		0.00392804		
28.68		0.00392648		
28.69		0.00392492		
28.7		0.00392337		
28.71		0.00392181		
28.72		0.00392026		
28.73		0.0039187		
28.74		0.00391715		
28.75		0.0039156		
28.76		0.00391405		
28.77		0.0039125		
28.78		0.00391095		
28.79		0.00390941		
28.8		0.00390786		
28.81		0.00390632		
28.82		0.00390477		
28.83		0.00390323		
28.84		0.00390169		
28.85		0.00390015		
28.86		0.00389861		
28.87		0.00389708		
28.88		0.00389554		
28.89		0.003894		
28.9		0.00389247		
28.91		0.00389094		
28.92		0.00388941		
28.93		0.00388788		
28.94		0.00388635		
28.95		0.00388482		
28.96		0.00388329		
28.97		0.00388176		
28.98		0.00388024		
28.99		0.00387872		
29		0.00387719		
29.01		0.00387567		
29.02		0.00387415		
29.03		0.00387263		
29.04		0.00387111		
29.05		0.0038696		
29.06		0.00386808		
29.07		0.00386656		
29.08		0.00386505		
29.09		0.00386354		
29.1		0.00386203		
29.11		0.00386052		
29.12		0.00385901		
29.13		0.0038575		
29.14		0.00385599		
29.15		0.00385448		
29.16		0.00385298		
29.17		0.00385148		
29.18		0.00384997		
29.19		0.00384847		
29.2		0.00384697		
29.21		0.00384547		
29.22		0.00384397		
29.23		0.00384247		
29.24		0.00384098		
29.25		0.00383948		
29.26		0.00383799		
29.27		0.0038365		
29.28		0.003835		
29.29		0.00383351		
29.3		0.00383202		
29.31		0.00383053		
29.32		0.00382905		
29.33		0.00382756		
29.34		0.00382607		
29.35		0.00382459		
29.36		0.00382311		
29.37		0.00382162		
29.38		0.00382014		
29.39		0.00381866		
29.4		0.00381718		
29.41		0.0038157		
29.42		0.00381423		
29.43		0.00381275		
29.44		0.00381128		
29.45		0.0038098		
29.46		0.00380833		
29.47		0.00380686		
29.48		0.00380539		
29.49		0.00380392		
29.5		0.00380245		
29.51		0.00380098		
29.52		0.00379952		
29.53		0.00379805		
29.54		0.00379659		
29.55		0.00379512		
29.56		0.00379366		
29.57		0.0037922		
29.58		0.00379074		
29.59		0.00378928		
29.6		0.00378782		
29.61		0.00378637		
29.62		0.00378491		
29.63		0.00378345		
29.64		0.003782		
29.65		0.00378055		
29.66		0.0037791		
29.67		0.00377765		
29.68		0.0037762		
29.69		0.00377475		
29.7		0.0037733		
29.71		0.00377185		
29.72		0.00377041		
29.73		0.00376896		
29.74		0.00376752		
29.75		0.00376608		
29.76		0.00376463		
29.77		0.00376319		
29.78		0.00376176		
29.79		0.00376032		
29.8		0.00375888		
29.81		0.00375744		
29.82		0.00375601		
29.83		0.00375457		
29.84		0.00375314		
29.85		0.00375171		
29.86		0.00375028		
29.87		0.00374885		
29.88		0.00374742		
29.89		0.00374599		
29.9		0.00374456		
29.91		0.00374314		
29.92		0.00374171		
29.93		0.00374029		
29.94		0.00373886		
29.95		0.00373744		
29.96		0.00373602		
29.97		0.0037346		
29.98		0.00373318		
29.99		0.00373176		
30		0.00373034		
