tau [fm]		lambda [fm^-1]
0.25		3.0406
0.26		3.0507		
0.27		3.0542		
0.28		3.0516		
0.29		3.0446		
0.3		3.0348		
0.31		3.0231		
0.32		3.0105		
0.33		2.9976		
0.34		2.9846		
0.35		2.972		
0.36		2.9598		
0.37		2.9483		
0.38		2.9373		
0.39		2.927		
0.4		2.9174		
0.41		2.9083		
0.42		2.8998		
0.43		2.8918		
0.44		2.8842		
0.45		2.877		
0.46		2.8701		
0.47		2.8634		
0.48		2.8569		
0.49		2.8506		
0.5		2.8444		
0.51		2.8382		
0.52		2.832		
0.53		2.8258		
0.54		2.8196		
0.55		2.8133		
0.56		2.8069		
0.57		2.8003		
0.58		2.7936		
0.59		2.7868		
0.6		2.7798		
0.61		2.7726		
0.62		2.7653		
0.63		2.7578		
0.64		2.7501		
0.65		2.7422		
0.66		2.7342		
0.67		2.726		
0.68		2.7176		
0.69		2.7091		
0.7		2.7005		
0.71		2.6917		
0.72		2.6827		
0.73		2.6737		
0.74		2.6645		
0.75		2.6552		
0.76		2.6458		
0.77		2.6364		
0.78		2.6268		
0.79		2.6172		
0.8		2.6076		
0.81		2.5978		
0.82		2.5881		
0.83		2.5783		
0.84		2.5684		
0.85		2.5586		
0.86		2.5487		
0.87		2.5389		
0.88		2.529		
0.89		2.5192		
0.9		2.5093		
0.91		2.4995		
0.92		2.4897		
0.93		2.48		
0.94		2.4703		
0.95		2.4606		
0.96		2.4509		
0.97		2.4413		
0.98		2.4318		
0.99		2.4223		
1		2.4129		
1.01		2.4035		
1.02		2.3942		
1.03		2.385		
1.04		2.3758		
1.05		2.3667		
1.06		2.3577		
1.07		2.3488		
1.08		2.3399		
1.09		2.3311		
1.1		2.3224		
1.11		2.3137		
1.12		2.3052		
1.13		2.2967		
1.14		2.2883		
1.15		2.2799		
1.16		2.2717		
1.17		2.2635		
1.18		2.2554		
1.19		2.2474		
1.2		2.2395		
1.21		2.2317		
1.22		2.2239		
1.23		2.2162		
1.24		2.2086		
1.25		2.2011		
1.26		2.1936		
1.27		2.1862		
1.28		2.179		
1.29		2.1717		
1.3		2.1646		
1.31		2.1575		
1.32		2.1506		
1.33		2.1436		
1.34		2.1368		
1.35		2.13		
1.36		2.1233		
1.37		2.1167		
1.38		2.1102		
1.39		2.1037		
1.4		2.0973		
1.41		2.091		
1.42		2.0847		
1.43		2.0785		
1.44		2.0723		
1.45		2.0663		
1.46		2.0603		
1.47		2.0543		
1.48		2.0485		
1.49		2.0426		
1.5		2.0369		
1.51		2.0312		
1.52		2.0256		
1.53		2.02		
1.54		2.0145		
1.55		2.009		
1.56		2.0036		
1.57		1.9983		
1.58		1.993		
1.59		1.9878		
1.6		1.9826		
1.61		1.9775		
1.62		1.9724		
1.63		1.9674		
1.64		1.9625		
1.65		1.9575		
1.66		1.9527		
1.67		1.9479		
1.68		1.9431		
1.69		1.9384		
1.7		1.9337		
1.71		1.9291		
1.72		1.9245		
1.73		1.92		
1.74		1.9155		
1.75		1.9111		
1.76		1.9067		
1.77		1.9023		
1.78		1.898		
1.79		1.8938		
1.8		1.8895		
1.81		1.8853		
1.82		1.8812		
1.83		1.8771		
1.84		1.873		
1.85		1.869		
1.86		1.865		
1.87		1.8611		
1.88		1.8572		
1.89		1.8533		
1.9		1.8494		
1.91		1.8456		
1.92		1.8419		
1.93		1.8381		
1.94		1.8344		
1.95		1.8308		
1.96		1.8271		
1.97		1.8235		
1.98		1.82		
1.99		1.8164		
2		1.8129		
2.01		1.8095		
2.02		1.806		
2.03		1.8026		
2.04		1.7992		
2.05		1.7959		
2.06		1.7926		
2.07		1.7893		
2.08		1.786		
2.09		1.7828		
2.1		1.7796		
2.11		1.7764		
2.12		1.7733		
2.13		1.7701		
2.14		1.767		
2.15		1.764		
2.16		1.7609		
2.17		1.7579		
2.18		1.7549		
2.19		1.7519		
2.2		1.749		
2.21		1.7461		
2.22		1.7432		
2.23		1.7403		
2.24		1.7374		
2.25		1.7346		
2.26		1.7318		
2.27		1.729		
2.28		1.7263		
2.29		1.7235		
2.3		1.7208		
2.31		1.7181		
2.32		1.7155		
2.33		1.7128		
2.34		1.7102		
2.35		1.7076		
2.36		1.705		
2.37		1.7024		
2.38		1.6999		
2.39		1.6973		
2.4		1.6948		
2.41		1.6923		
2.42		1.6898		
2.43		1.6874		
2.44		1.6849		
2.45		1.6825		
2.46		1.6801		
2.47		1.6777		
2.48		1.6754		
2.49		1.673		
2.5		1.6707		
2.51		1.6684		
2.52		1.6661		
2.53		1.6638		
2.54		1.6615		
2.55		1.6593		
2.56		1.6571		
2.57		1.6549		
2.58		1.6527		
2.59		1.6505		
2.6		1.6483		
2.61		1.6461		
2.62		1.644		
2.63		1.6419		
2.64		1.6398		
2.65		1.6377		
2.66		1.6356		
2.67		1.6335		
2.68		1.6315		
2.69		1.6294		
2.7		1.6274		
2.71		1.6254		
2.72		1.6234		
2.73		1.6214		
2.74		1.6195		
2.75		1.6175		
2.76		1.6155		
2.77		1.6136		
2.78		1.6117		
2.79		1.6098		
2.8		1.6079		
2.81		1.606		
2.82		1.6041		
2.83		1.6023		
2.84		1.6004		
2.85		1.5986		
2.86		1.5968		
2.87		1.595		
2.88		1.5932		
2.89		1.5914		
2.9		1.5896		
2.91		1.5878		
2.92		1.5861		
2.93		1.5843		
2.94		1.5826		
2.95		1.5809		
2.96		1.5792		
2.97		1.5775		
2.98		1.5758		
2.99		1.5741		
3		1.5724		
3.01		1.5707		
3.02		1.5691		
3.03		1.5674		
3.04		1.5658		
3.05		1.5642		
3.06		1.5626		
3.07		1.561		
3.08		1.5594		
3.09		1.5578		
3.1		1.5562		
3.11		1.5546		
3.12		1.5531		
3.13		1.5515		
3.14		1.55		
3.15		1.5485		
3.16		1.5469		
3.17		1.5454		
3.18		1.5439		
3.19		1.5424		
3.2		1.5409		
3.21		1.5394		
3.22		1.538		
3.23		1.5365		
3.24		1.5351		
3.25		1.5336		
3.26		1.5322		
3.27		1.5307		
3.28		1.5293		
3.29		1.5279		
3.3		1.5265		
3.31		1.5251		
3.32		1.5237		
3.33		1.5223		
3.34		1.5209		
3.35		1.5195		
3.36		1.5182		
3.37		1.5168		
3.38		1.5154		
3.39		1.5141		
3.4		1.5128		
3.41		1.5114		
3.42		1.5101		
3.43		1.5088		
3.44		1.5075		
3.45		1.5062		
3.46		1.5049		
3.47		1.5036		
3.48		1.5023		
3.49		1.501		
3.5		1.4997		
3.51		1.4985		
3.52		1.4972		
3.53		1.496		
3.54		1.4947		
3.55		1.4935		
3.56		1.4922		
3.57		1.491		
3.58		1.4898		
3.59		1.4886		
3.6		1.4873		
3.61		1.4861		
3.62		1.4849		
3.63		1.4837		
3.64		1.4826		
3.65		1.4814		
3.66		1.4802		
3.67		1.479		
3.68		1.4779		
3.69		1.4767		
3.7		1.4755		
3.71		1.4744		
3.72		1.4732		
3.73		1.4721		
3.74		1.471		
3.75		1.4698		
3.76		1.4687		
3.77		1.4676		
3.78		1.4665		
3.79		1.4654		
3.8		1.4643		
3.81		1.4632		
3.82		1.4621		
3.83		1.461		
3.84		1.4599		
3.85		1.4588		
3.86		1.4577		
3.87		1.4567		
3.88		1.4556		
3.89		1.4545		
3.9		1.4535		
3.91		1.4524		
3.92		1.4514		
3.93		1.4503		
3.94		1.4493		
3.95		1.4482		
3.96		1.4472		
3.97		1.4462		
3.98		1.4452		
3.99		1.4441		
4		1.4431		
4.01		1.4421		
4.02		1.4411		
4.03		1.4401		
4.04		1.4391		
4.05		1.4381		
4.06		1.4371		
4.07		1.4361		
4.08		1.4352		
4.09		1.4342		
4.1		1.4332		
4.11		1.4322		
4.12		1.4313		
4.13		1.4303		
4.14		1.4294		
4.15		1.4284		
4.16		1.4275		
4.17		1.4265		
4.18		1.4256		
4.19		1.4246		
4.2		1.4237		
4.21		1.4228		
4.22		1.4218		
4.23		1.4209		
4.24		1.42		
4.25		1.4191		
4.26		1.4182		
4.27		1.4173		
4.28		1.4163		
4.29		1.4154		
4.3		1.4145		
4.31		1.4136		
4.32		1.4128		
4.33		1.4119		
4.34		1.411		
4.35		1.4101		
4.36		1.4092		
4.37		1.4083		
4.38		1.4075		
4.39		1.4066		
4.4		1.4057		
4.41		1.4049		
4.42		1.404		
4.43		1.4031		
4.44		1.4023		
4.45		1.4014		
4.46		1.4006		
4.47		1.3997		
4.48		1.3989		
4.49		1.3981		
4.5		1.3972		
4.51		1.3964		
4.52		1.3956		
4.53		1.3947		
4.54		1.3939		
4.55		1.3931		
4.56		1.3923		
4.57		1.3915		
4.58		1.3907		
4.59		1.3898		
4.6		1.389		
4.61		1.3882		
4.62		1.3874		
4.63		1.3866		
4.64		1.3858		
4.65		1.385		
4.66		1.3843		
4.67		1.3835		
4.68		1.3827		
4.69		1.3819		
4.7		1.3811		
4.71		1.3803		
4.72		1.3796		
4.73		1.3788		
4.74		1.378		
4.75		1.3773		
4.76		1.3765		
4.77		1.3757		
4.78		1.375		
4.79		1.3742		
4.8		1.3735		
4.81		1.3727		
4.82		1.372		
4.83		1.3712		
4.84		1.3705		
4.85		1.3697		
4.86		1.369		
4.87		1.3683		
4.88		1.3675		
4.89		1.3668		
4.9		1.3661		
4.91		1.3653		
4.92		1.3646		
4.93		1.3639		
4.94		1.3632		
4.95		1.3624		
4.96		1.3617		
4.97		1.361		
4.98		1.3603		
4.99		1.3596		
5		1.3589		
5.01		1.3582		
5.02		1.3575		
5.03		1.3568		
5.04		1.3561		
5.05		1.3554		
5.06		1.3547		
5.07		1.354		
5.08		1.3533		
5.09		1.3526		
5.1		1.3519		
5.11		1.3513		
5.12		1.3506		
5.13		1.3499		
5.14		1.3492		
5.15		1.3486		
5.16		1.3479		
5.17		1.3472		
5.18		1.3465		
5.19		1.3459		
5.2		1.3452		
5.21		1.3446		
5.22		1.3439		
5.23		1.3432		
5.24		1.3426		
5.25		1.3419		
5.26		1.3413		
5.27		1.3406		
5.28		1.34		
5.29		1.3393		
5.3		1.3387		
5.31		1.338		
5.32		1.3374		
5.33		1.3368		
5.34		1.3361		
5.35		1.3355		
5.36		1.3349		
5.37		1.3342		
5.38		1.3336		
5.39		1.333		
5.4		1.3323		
5.41		1.3317		
5.42		1.3311		
5.43		1.3305		
5.44		1.3299		
5.45		1.3292		
5.46		1.3286		
5.47		1.328		
5.48		1.3274		
5.49		1.3268		
5.5		1.3262		
5.51		1.3256		
5.52		1.325		
5.53		1.3244		
5.54		1.3238		
5.55		1.3232		
5.56		1.3226		
5.57		1.322		
5.58		1.3214		
5.59		1.3208		
5.6		1.3202		
5.61		1.3196		
5.62		1.319		
5.63		1.3184		
5.64		1.3178		
5.65		1.3173		
5.66		1.3167		
5.67		1.3161		
5.68		1.3155		
5.69		1.3149		
5.7		1.3144		
5.71		1.3138		
5.72		1.3132		
5.73		1.3127		
5.74		1.3121		
5.75		1.3115		
5.76		1.311		
5.77		1.3104		
5.78		1.3098		
5.79		1.3093		
5.8		1.3087		
5.81		1.3082		
5.82		1.3076		
5.83		1.307		
5.84		1.3065		
5.85		1.3059		
5.86		1.3054		
5.87		1.3048		
5.88		1.3043		
5.89		1.3037		
5.9		1.3032		
5.91		1.3027		
5.92		1.3021		
5.93		1.3016		
5.94		1.301		
5.95		1.3005		
5.96		1.3		
5.97		1.2994		
5.98		1.2989		
5.99		1.2984		
6		1.2978		
6.01		1.2973		
6.02		1.2968		
6.03		1.2963		
6.04		1.2957		
6.05		1.2952		
6.06		1.2947		
6.07		1.2942		
6.08		1.2936		
6.09		1.2931		
6.1		1.2926		
6.11		1.2921		
6.12		1.2916		
6.13		1.2911		
6.14		1.2906		
6.15		1.2901		
6.16		1.2895		
6.17		1.289		
6.18		1.2885		
6.19		1.288		
6.2		1.2875		
6.21		1.287		
6.22		1.2865		
6.23		1.286		
6.24		1.2855		
6.25		1.285		
6.26		1.2845		
6.27		1.284		
6.28		1.2835		
6.29		1.2831		
6.3		1.2826		
6.31		1.2821		
6.32		1.2816		
6.33		1.2811		
6.34		1.2806		
6.35		1.2801		
6.36		1.2796		
6.37		1.2792		
6.38		1.2787		
6.39		1.2782		
6.4		1.2777		
6.41		1.2772		
6.42		1.2768		
6.43		1.2763		
6.44		1.2758		
6.45		1.2754		
6.46		1.2749		
6.47		1.2744		
6.48		1.2739		
6.49		1.2735		
6.5		1.273		
6.51		1.2725		
6.52		1.2721		
6.53		1.2716		
6.54		1.2712		
6.55		1.2707		
6.56		1.2702		
6.57		1.2698		
6.58		1.2693		
6.59		1.2689		
6.6		1.2684		
6.61		1.268		
6.62		1.2675		
6.63		1.2671		
6.64		1.2666		
6.65		1.2662		
6.66		1.2657		
6.67		1.2653		
6.68		1.2648		
6.69		1.2644		
6.7		1.2639		
6.71		1.2635		
6.72		1.263		
6.73		1.2626		
6.74		1.2622		
6.75		1.2617		
6.76		1.2613		
6.77		1.2608		
6.78		1.2604		
6.79		1.26		
6.8		1.2595		
6.81		1.2591		
6.82		1.2587		
6.83		1.2583		
6.84		1.2578		
6.85		1.2574		
6.86		1.257		
6.87		1.2565		
6.88		1.2561		
6.89		1.2557		
6.9		1.2553		
6.91		1.2548		
6.92		1.2544		
6.93		1.254		
6.94		1.2536		
6.95		1.2532		
6.96		1.2528		
6.97		1.2523		
6.98		1.2519		
6.99		1.2515		
7		1.2511		
7.01		1.2507		
7.02		1.2503		
7.03		1.2499		
7.04		1.2495		
7.05		1.249		
7.06		1.2486		
7.07		1.2482		
7.08		1.2478		
7.09		1.2474		
7.1		1.247		
7.11		1.2466		
7.12		1.2462		
7.13		1.2458		
7.14		1.2454		
7.15		1.245		
7.16		1.2446		
7.17		1.2442		
7.18		1.2438		
7.19		1.2434		
7.2		1.243		
7.21		1.2426		
7.22		1.2423		
7.23		1.2419		
7.24		1.2415		
7.25		1.2411		
7.26		1.2407		
7.27		1.2403		
7.28		1.2399		
7.29		1.2395		
7.3		1.2392		
7.31		1.2388		
7.32		1.2384		
7.33		1.238		
7.34		1.2376		
7.35		1.2372		
7.36		1.2369		
7.37		1.2365		
7.38		1.2361		
7.39		1.2357		
7.4		1.2354		
7.41		1.235		
7.42		1.2346		
7.43		1.2342		
7.44		1.2339		
7.45		1.2335		
7.46		1.2331		
7.47		1.2327		
7.48		1.2324		
7.49		1.232		
7.5		1.2316		
7.51		1.2313		
7.52		1.2309		
7.53		1.2305		
7.54		1.2302		
7.55		1.2298		
7.56		1.2295		
7.57		1.2291		
7.58		1.2287		
7.59		1.2284		
7.6		1.228		
7.61		1.2277		
7.62		1.2273		
7.63		1.2269		
7.64		1.2266		
7.65		1.2262		
7.66		1.2259		
7.67		1.2255		
7.68		1.2252		
7.69		1.2248		
7.7		1.2245		
7.71		1.2241		
7.72		1.2238		
7.73		1.2234		
7.74		1.2231		
7.75		1.2227		
7.76		1.2224		
7.77		1.222		
7.78		1.2217		
7.79		1.2213		
7.8		1.221		
7.81		1.2206		
7.82		1.2203		
7.83		1.22		
7.84		1.2196		
7.85		1.2193		
7.86		1.2189		
7.87		1.2186		
7.88		1.2183		
7.89		1.2179		
7.9		1.2176		
7.91		1.2173		
7.92		1.2169		
7.93		1.2166		
7.94		1.2163		
7.95		1.2159		
7.96		1.2156		
7.97		1.2153		
7.98		1.2149		
7.99		1.2146		
8		1.2143		
8.01		1.214		
8.02		1.2136		
8.03		1.2133		
8.04		1.213		
8.05		1.2126		
8.06		1.2123		
8.07		1.212		
8.08		1.2117		
8.09		1.2114		
8.1		1.211		
8.11		1.2107		
8.12		1.2104		
8.13		1.2101		
8.14		1.2098		
8.15		1.2094		
8.16		1.2091		
8.17		1.2088		
8.18		1.2085		
8.19		1.2082		
8.2		1.2079		
8.21		1.2075		
8.22		1.2072		
8.23		1.2069		
8.24		1.2066		
8.25		1.2063		
8.26		1.206		
8.27		1.2057		
8.28		1.2054		
8.29		1.2051		
8.3		1.2048		
8.31		1.2044		
8.32		1.2041		
8.33		1.2038		
8.34		1.2035		
8.35		1.2032		
8.36		1.2029		
8.37		1.2026		
8.38		1.2023		
8.39		1.202		
8.4		1.2017		
8.41		1.2014		
8.42		1.2011		
8.43		1.2008		
8.44		1.2005		
8.45		1.2002		
8.46		1.1999		
8.47		1.1996		
8.48		1.1993		
8.49		1.199		
8.5		1.1987		
8.51		1.1984		
8.52		1.1981		
8.53		1.1979		
8.54		1.1976		
8.55		1.1973		
8.56		1.197		
8.57		1.1967		
8.58		1.1964		
8.59		1.1961		
8.6		1.1958		
8.61		1.1955		
8.62		1.1952		
8.63		1.195		
8.64		1.1947		
8.65		1.1944		
8.66		1.1941		
8.67		1.1938		
8.68		1.1935		
8.69		1.1932		
8.7		1.193		
8.71		1.1927		
8.72		1.1924		
8.73		1.1921		
8.74		1.1918		
8.75		1.1916		
8.76		1.1913		
8.77		1.191		
8.78		1.1907		
8.79		1.1905		
8.8		1.1902		
8.81		1.1899		
8.82		1.1896		
8.83		1.1893		
8.84		1.1891		
8.85		1.1888		
8.86		1.1885		
8.87		1.1883		
8.88		1.188		
8.89		1.1877		
8.9		1.1874		
8.91		1.1872		
8.92		1.1869		
8.93		1.1866		
8.94		1.1864		
8.95		1.1861		
8.96		1.1858		
8.97		1.1856		
8.98		1.1853		
8.99		1.185		
9		1.1848		
9.01		1.1845		
9.02		1.1842		
9.03		1.184		
9.04		1.1837		
9.05		1.1834		
9.06		1.1832		
9.07		1.1829		
9.08		1.1827		
9.09		1.1824		
9.1		1.1821		
9.11		1.1819		
9.12		1.1816		
9.13		1.1814		
9.14		1.1811		
9.15		1.1808		
9.16		1.1806		
9.17		1.1803		
9.18		1.1801		
9.19		1.1798		
9.2		1.1796		
9.21		1.1793		
9.22		1.1791		
9.23		1.1788		
9.24		1.1785		
9.25		1.1783		
9.26		1.178		
9.27		1.1778		
9.28		1.1775		
9.29		1.1773		
9.3		1.177		
9.31		1.1768		
9.32		1.1765		
9.33		1.1763		
9.34		1.176		
9.35		1.1758		
9.36		1.1756		
9.37		1.1753		
9.38		1.1751		
9.39		1.1748		
9.4		1.1746		
9.41		1.1743		
9.42		1.1741		
9.43		1.1738		
9.44		1.1736		
9.45		1.1734		
9.46		1.1731		
9.47		1.1729		
9.48		1.1726		
9.49		1.1724		
9.5		1.1722		
9.51		1.1719		
9.52		1.1717		
9.53		1.1714		
9.54		1.1712		
9.55		1.171		
9.56		1.1707		
9.57		1.1705		
9.58		1.1702		
9.59		1.17		
9.6		1.1698		
9.61		1.1695		
9.62		1.1693		
9.63		1.1691		
9.64		1.1688		
9.65		1.1686		
9.66		1.1684		
9.67		1.1681		
9.68		1.1679		
9.69		1.1677		
9.7		1.1675		
9.71		1.1672		
9.72		1.167		
9.73		1.1668		
9.74		1.1665		
9.75		1.1663		
9.76		1.1661		
9.77		1.1658		
9.78		1.1656		
9.79		1.1654		
9.8		1.1652		
9.81		1.1649		
9.82		1.1647		
9.83		1.1645		
9.84		1.1643		
9.85		1.164		
9.86		1.1638		
9.87		1.1636		
9.88		1.1634		
9.89		1.1632		
9.9		1.1629		
9.91		1.1627		
9.92		1.1625		
9.93		1.1623		
9.94		1.162		
9.95		1.1618		
9.96		1.1616		
9.97		1.1614		
9.98		1.1612		
9.99		1.161		
10		1.1607		
10.01		1.1605		
10.02		1.1603		
10.03		1.1601		
10.04		1.1599		
10.05		1.1597		
10.06		1.1594		
10.07		1.1592		
10.08		1.159		
10.09		1.1588		
10.1		1.1586		
10.11		1.1584		
10.12		1.1582		
10.13		1.1579		
10.14		1.1577		
10.15		1.1575		
10.16		1.1573		
10.17		1.1571		
10.18		1.1569		
10.19		1.1567		
10.2		1.1565		
10.21		1.1563		
10.22		1.1561		
10.23		1.1558		
10.24		1.1556		
10.25		1.1554		
10.26		1.1552		
10.27		1.155		
10.28		1.1548		
10.29		1.1546		
10.3		1.1544		
10.31		1.1542		
10.32		1.154		
10.33		1.1538		
10.34		1.1536		
10.35		1.1534		
10.36		1.1532		
10.37		1.153		
10.38		1.1528		
10.39		1.1526		
10.4		1.1524		
10.41		1.1522		
10.42		1.152		
10.43		1.1518		
10.44		1.1516		
10.45		1.1514		
10.46		1.1512		
10.47		1.151		
10.48		1.1508		
10.49		1.1506		
10.5		1.1504		
10.51		1.1502		
10.52		1.15		
10.53		1.1498		
10.54		1.1496		
10.55		1.1494		
10.56		1.1492		
10.57		1.149		
10.58		1.1488		
10.59		1.1486		
10.6		1.1484		
10.61		1.1482		
10.62		1.148		
10.63		1.1478		
10.64		1.1476		
10.65		1.1474		
10.66		1.1473		
10.67		1.1471		
10.68		1.1469		
10.69		1.1467		
10.7		1.1465		
10.71		1.1463		
10.72		1.1461		
10.73		1.1459		
10.74		1.1457		
10.75		1.1455		
10.76		1.1454		
10.77		1.1452		
10.78		1.145		
10.79		1.1448		
10.8		1.1446		
10.81		1.1444		
10.82		1.1442		
10.83		1.144		
10.84		1.1439		
10.85		1.1437		
10.86		1.1435		
10.87		1.1433		
10.88		1.1431		
10.89		1.1429		
10.9		1.1427		
10.91		1.1426		
10.92		1.1424		
10.93		1.1422		
10.94		1.142		
10.95		1.1418		
10.96		1.1416		
10.97		1.1415		
10.98		1.1413		
10.99		1.1411		
11		1.1409		
11.01		1.1407		
11.02		1.1406		
11.03		1.1404		
11.04		1.1402		
11.05		1.14		
11.06		1.1398		
11.07		1.1397		
11.08		1.1395		
11.09		1.1393		
11.1		1.1391		
11.11		1.139		
11.12		1.1388		
11.13		1.1386		
11.14		1.1384		
11.15		1.1382		
11.16		1.1381		
11.17		1.1379		
11.18		1.1377		
11.19		1.1375		
11.2		1.1374		
11.21		1.1372		
11.22		1.137		
11.23		1.1369		
11.24		1.1367		
11.25		1.1365		
11.26		1.1363		
11.27		1.1362		
11.28		1.136		
11.29		1.1358		
11.3		1.1356		
11.31		1.1355		
11.32		1.1353		
11.33		1.1351		
11.34		1.135		
11.35		1.1348		
11.36		1.1346		
11.37		1.1345		
11.38		1.1343		
11.39		1.1341		
11.4		1.1339		
11.41		1.1338		
11.42		1.1336		
11.43		1.1334		
11.44		1.1333		
11.45		1.1331		
11.46		1.1329		
11.47		1.1328		
11.48		1.1326		
11.49		1.1324		
11.5		1.1323		
11.51		1.1321		
11.52		1.1319		
11.53		1.1318		
11.54		1.1316		
11.55		1.1315		
11.56		1.1313		
11.57		1.1311		
11.58		1.131		
11.59		1.1308		
11.6		1.1306		
11.61		1.1305		
11.62		1.1303		
11.63		1.1302		
11.64		1.13		
11.65		1.1298		
11.66		1.1297		
11.67		1.1295		
11.68		1.1293		
11.69		1.1292		
11.7		1.129		
11.71		1.1289		
11.72		1.1287		
11.73		1.1285		
11.74		1.1284		
11.75		1.1282		
11.76		1.1281		
11.77		1.1279		
11.78		1.1278		
11.79		1.1276		
11.8		1.1274		
11.81		1.1273		
11.82		1.1271		
11.83		1.127		
11.84		1.1268		
11.85		1.1267		
11.86		1.1265		
11.87		1.1263		
11.88		1.1262		
11.89		1.126		
11.9		1.1259		
11.91		1.1257		
11.92		1.1256		
11.93		1.1254		
11.94		1.1253		
11.95		1.1251		
11.96		1.125		
11.97		1.1248		
11.98		1.1247		
11.99		1.1245		
12		1.1244		
12.01		1.1242		
12.02		1.124		
12.03		1.1239		
12.04		1.1237		
12.05		1.1236		
12.06		1.1234		
12.07		1.1233		
12.08		1.1231		
12.09		1.123		
12.1		1.1228		
12.11		1.1227		
12.12		1.1225		
12.13		1.1224		
12.14		1.1222		
12.15		1.1221		
12.16		1.122		
12.17		1.1218		
12.18		1.1217		
12.19		1.1215		
12.2		1.1214		
12.21		1.1212		
12.22		1.1211		
12.23		1.1209		
12.24		1.1208		
12.25		1.1206		
12.26		1.1205		
12.27		1.1203		
12.28		1.1202		
12.29		1.12		
12.3		1.1199		
12.31		1.1198		
12.32		1.1196		
12.33		1.1195		
12.34		1.1193		
12.35		1.1192		
12.36		1.119		
12.37		1.1189		
12.38		1.1188		
12.39		1.1186		
12.4		1.1185		
12.41		1.1183		
12.42		1.1182		
12.43		1.118		
12.44		1.1179		
12.45		1.1178		
12.46		1.1176		
12.47		1.1175		
12.48		1.1173		
12.49		1.1172		
12.5		1.1171		
12.51		1.1169		
12.52		1.1168		
12.53		1.1166		
12.54		1.1165		
12.55		1.1164		
12.56		1.1162		
12.57		1.1161		
12.58		1.1159		
12.59		1.1158		
12.6		1.1157		
12.61		1.1155		
12.62		1.1154		
12.63		1.1153		
12.64		1.1151		
12.65		1.115		
12.66		1.1148		
12.67		1.1147		
12.68		1.1146		
12.69		1.1144		
12.7		1.1143		
12.71		1.1142		
12.72		1.114		
12.73		1.1139		
12.74		1.1138		
12.75		1.1136		
12.76		1.1135		
12.77		1.1134		
12.78		1.1132		
12.79		1.1131		
12.8		1.113		
12.81		1.1128		
12.82		1.1127		
12.83		1.1126		
12.84		1.1124		
12.85		1.1123		
12.86		1.1122		
12.87		1.112		
12.88		1.1119		
12.89		1.1118		
12.9		1.1116		
12.91		1.1115		
12.92		1.1114		
12.93		1.1112		
12.94		1.1111		
12.95		1.111		
12.96		1.1108		
12.97		1.1107		
12.98		1.1106		
12.99		1.1105		
13		1.1103		
13.01		1.1102		
13.02		1.1101		
13.03		1.1099		
13.04		1.1098		
13.05		1.1097		
13.06		1.1096		
13.07		1.1094		
13.08		1.1093		
13.09		1.1092		
13.1		1.109		
13.11		1.1089		
13.12		1.1088		
13.13		1.1087		
13.14		1.1085		
13.15		1.1084		
13.16		1.1083		
13.17		1.1082		
13.18		1.108		
13.19		1.1079		
13.2		1.1078		
13.21		1.1077		
13.22		1.1075		
13.23		1.1074		
13.24		1.1073		
13.25		1.1072		
13.26		1.107		
13.27		1.1069		
13.28		1.1068		
13.29		1.1067		
13.3		1.1065		
13.31		1.1064		
13.32		1.1063		
13.33		1.1062		
13.34		1.1061		
13.35		1.1059		
13.36		1.1058		
13.37		1.1057		
13.38		1.1056		
13.39		1.1054		
13.4		1.1053		
13.41		1.1052		
13.42		1.1051		
13.43		1.105		
13.44		1.1048		
13.45		1.1047		
13.46		1.1046		
13.47		1.1045		
13.48		1.1044		
13.49		1.1042		
13.5		1.1041		
13.51		1.104		
13.52		1.1039		
13.53		1.1038		
13.54		1.1036		
13.55		1.1035		
13.56		1.1034		
13.57		1.1033		
13.58		1.1032		
13.59		1.103		
13.6		1.1029		
13.61		1.1028		
13.62		1.1027		
13.63		1.1026		
13.64		1.1025		
13.65		1.1023		
13.66		1.1022		
13.67		1.1021		
13.68		1.102		
13.69		1.1019		
13.7		1.1018		
13.71		1.1016		
13.72		1.1015		
13.73		1.1014		
13.74		1.1013		
13.75		1.1012		
13.76		1.1011		
13.77		1.101		
13.78		1.1008		
13.79		1.1007		
13.8		1.1006		
13.81		1.1005		
13.82		1.1004		
13.83		1.1003		
13.84		1.1002		
13.85		1.1		
13.86		1.0999		
13.87		1.0998		
13.88		1.0997		
13.89		1.0996		
13.9		1.0995		
13.91		1.0994		
13.92		1.0993		
13.93		1.0991		
13.94		1.099		
13.95		1.0989		
13.96		1.0988		
13.97		1.0987		
13.98		1.0986		
13.99		1.0985		
14		1.0984		
14.01		1.0983		
14.02		1.0981		
14.03		1.098		
14.04		1.0979		
14.05		1.0978		
14.06		1.0977		
14.07		1.0976		
14.08		1.0975		
14.09		1.0974		
14.1		1.0973		
14.11		1.0972		
14.12		1.097		
14.13		1.0969		
14.14		1.0968		
14.15		1.0967		
14.16		1.0966		
14.17		1.0965		
14.18		1.0964		
14.19		1.0963		
14.2		1.0962		
14.21		1.0961		
14.22		1.096		
14.23		1.0959		
14.24		1.0958		
14.25		1.0957		
14.26		1.0955		
14.27		1.0954		
14.28		1.0953		
14.29		1.0952		
14.3		1.0951		
14.31		1.095		
14.32		1.0949		
14.33		1.0948		
14.34		1.0947		
14.35		1.0946		
14.36		1.0945		
14.37		1.0944		
14.38		1.0943		
14.39		1.0942		
14.4		1.0941		
14.41		1.094		
14.42		1.0939		
14.43		1.0938		
14.44		1.0937		
14.45		1.0936		
14.46		1.0935		
14.47		1.0934		
14.48		1.0932		
14.49		1.0931		
14.5		1.093		
14.51		1.0929		
14.52		1.0928		
14.53		1.0927		
14.54		1.0926		
14.55		1.0925		
14.56		1.0924		
14.57		1.0923		
14.58		1.0922		
14.59		1.0921		
14.6		1.092		
14.61		1.0919		
14.62		1.0918		
14.63		1.0917		
14.64		1.0916		
14.65		1.0915		
14.66		1.0914		
14.67		1.0913		
14.68		1.0912		
14.69		1.0911		
14.7		1.091		
14.71		1.0909		
14.72		1.0908		
14.73		1.0907		
14.74		1.0906		
14.75		1.0905		
14.76		1.0904		
14.77		1.0903		
14.78		1.0902		
14.79		1.0901		
14.8		1.09		
14.81		1.0899		
14.82		1.0899		
14.83		1.0898		
14.84		1.0897		
14.85		1.0896		
14.86		1.0895		
14.87		1.0894		
14.88		1.0893		
14.89		1.0892		
14.9		1.0891		
14.91		1.089		
14.92		1.0889		
14.93		1.0888		
14.94		1.0887		
14.95		1.0886		
14.96		1.0885		
14.97		1.0884		
14.98		1.0883		
14.99		1.0882		
15		1.0881		
15.01		1.088		
15.02		1.0879		
15.03		1.0878		
15.04		1.0877		
15.05		1.0877		
15.06		1.0876		
15.07		1.0875		
15.08		1.0874		
15.09		1.0873		
15.1		1.0872		
15.11		1.0871		
15.12		1.087		
15.13		1.0869		
15.14		1.0868		
15.15		1.0867		
15.16		1.0866		
15.17		1.0865		
15.18		1.0864		
15.19		1.0864		
15.2		1.0863		
15.21		1.0862		
15.22		1.0861		
15.23		1.086		
15.24		1.0859		
15.25		1.0858		
15.26		1.0857		
15.27		1.0856		
15.28		1.0855		
15.29		1.0854		
15.3		1.0854		
15.31		1.0853		
15.32		1.0852		
15.33		1.0851		
15.34		1.085		
15.35		1.0849		
15.36		1.0848		
15.37		1.0847		
15.38		1.0846		
15.39		1.0845		
15.4		1.0845		
15.41		1.0844		
15.42		1.0843		
15.43		1.0842		
15.44		1.0841		
15.45		1.084		
15.46		1.0839		
15.47		1.0838		
15.48		1.0838		
15.49		1.0837		
15.5		1.0836		
15.51		1.0835		
15.52		1.0834		
15.53		1.0833		
15.54		1.0832		
15.55		1.0831		
15.56		1.0831		
15.57		1.083		
15.58		1.0829		
15.59		1.0828		
15.6		1.0827		
15.61		1.0826		
15.62		1.0825		
15.63		1.0825		
15.64		1.0824		
15.65		1.0823		
15.66		1.0822		
15.67		1.0821		
15.68		1.082		
15.69		1.0819		
15.7		1.0819		
15.71		1.0818		
15.72		1.0817		
15.73		1.0816		
15.74		1.0815		
15.75		1.0814		
15.76		1.0814		
15.77		1.0813		
15.78		1.0812		
15.79		1.0811		
15.8		1.081		
15.81		1.0809		
15.82		1.0809		
15.83		1.0808		
15.84		1.0807		
15.85		1.0806		
15.86		1.0805		
15.87		1.0804		
15.88		1.0804		
15.89		1.0803		
15.9		1.0802		
15.91		1.0801		
15.92		1.08		
15.93		1.08		
15.94		1.0799		
15.95		1.0798		
15.96		1.0797		
15.97		1.0796		
15.98		1.0796		
15.99		1.0795		
16		1.0794		
16.01		1.0793		
16.02		1.0792		
16.03		1.0792		
16.04		1.0791		
16.05		1.079		
16.06		1.0789		
16.07		1.0788		
16.08		1.0788		
16.09		1.0787		
16.1		1.0786		
16.11		1.0785		
16.12		1.0784		
16.13		1.0784		
16.14		1.0783		
16.15		1.0782		
16.16		1.0781		
16.17		1.078		
16.18		1.078		
16.19		1.0779		
16.2		1.0778		
16.21		1.0777		
16.22		1.0777		
16.23		1.0776		
16.24		1.0775		
16.25		1.0774		
16.26		1.0774		
16.27		1.0773		
16.28		1.0772		
16.29		1.0771		
16.3		1.077		
16.31		1.077		
16.32		1.0769		
16.33		1.0768		
16.34		1.0767		
16.35		1.0767		
16.36		1.0766		
16.37		1.0765		
16.38		1.0764		
16.39		1.0764		
16.4		1.0763		
16.41		1.0762		
16.42		1.0761		
16.43		1.0761		
16.44		1.076		
16.45		1.0759		
16.46		1.0758		
16.47		1.0758		
16.48		1.0757		
16.49		1.0756		
16.5		1.0755		
16.51		1.0755		
16.52		1.0754		
16.53		1.0753		
16.54		1.0753		
16.55		1.0752		
16.56		1.0751		
16.57		1.075		
16.58		1.075		
16.59		1.0749		
16.6		1.0748		
16.61		1.0747		
16.62		1.0747		
16.63		1.0746		
16.64		1.0745		
16.65		1.0745		
16.66		1.0744		
16.67		1.0743		
16.68		1.0742		
16.69		1.0742		
16.7		1.0741		
16.71		1.074		
16.72		1.074		
16.73		1.0739		
16.74		1.0738		
16.75		1.0737		
16.76		1.0737		
16.77		1.0736		
16.78		1.0735		
16.79		1.0735		
16.8		1.0734		
16.81		1.0733		
16.82		1.0733		
16.83		1.0732		
16.84		1.0731		
16.85		1.073		
16.86		1.073		
16.87		1.0729		
16.88		1.0728		
16.89		1.0728		
16.9		1.0727		
16.91		1.0726		
16.92		1.0726		
16.93		1.0725		
16.94		1.0724		
16.95		1.0724		
16.96		1.0723		
16.97		1.0722		
16.98		1.0722		
16.99		1.0721		
17		1.072		
17.01		1.072		
17.02		1.0719		
17.03		1.0718		
17.04		1.0717		
17.05		1.0717		
17.06		1.0716		
17.07		1.0715		
17.08		1.0715		
17.09		1.0714		
17.1		1.0713		
17.11		1.0713		
17.12		1.0712		
17.13		1.0712		
17.14		1.0711		
17.15		1.071		
17.16		1.071		
17.17		1.0709		
17.18		1.0708		
17.19		1.0708		
17.2		1.0707		
17.21		1.0706		
17.22		1.0706		
17.23		1.0705		
17.24		1.0704		
17.25		1.0704		
17.26		1.0703		
17.27		1.0702		
17.28		1.0702		
17.29		1.0701		
17.3		1.0701		
17.31		1.07		
17.32		1.0699		
17.33		1.0699		
17.34		1.0698		
17.35		1.0697		
17.36		1.0697		
17.37		1.0696		
17.38		1.0695		
17.39		1.0695		
17.4		1.0694		
17.41		1.0694		
17.42		1.0693		
17.43		1.0692		
17.44		1.0692		
17.45		1.0691		
17.46		1.069		
17.47		1.069		
17.48		1.0689		
17.49		1.0689		
17.5		1.0688		
17.51		1.0687		
17.52		1.0687		
17.53		1.0686		
17.54		1.0686		
17.55		1.0685		
17.56		1.0684		
17.57		1.0684		
17.58		1.0683		
17.59		1.0683		
17.6		1.0682		
17.61		1.0681		
17.62		1.0681		
17.63		1.068		
17.64		1.068		
17.65		1.0679		
17.66		1.0678		
17.67		1.0678		
17.68		1.0677		
17.69		1.0677		
17.7		1.0676		
17.71		1.0675		
17.72		1.0675		
17.73		1.0674		
17.74		1.0674		
17.75		1.0673		
17.76		1.0672		
17.77		1.0672		
17.78		1.0671		
17.79		1.0671		
17.8		1.067		
17.81		1.067		
17.82		1.0669		
17.83		1.0668		
17.84		1.0668		
17.85		1.0667		
17.86		1.0667		
17.87		1.0666		
17.88		1.0665		
17.89		1.0665		
17.9		1.0664		
17.91		1.0664		
17.92		1.0663		
17.93		1.0663		
17.94		1.0662		
17.95		1.0662		
17.96		1.0661		
17.97		1.066		
17.98		1.066		
17.99		1.0659		
18		1.0659		
18.01		1.0658		
18.02		1.0658		
18.03		1.0657		
18.04		1.0657		
18.05		1.0656		
18.06		1.0655		
18.07		1.0655		
18.08		1.0654		
18.09		1.0654		
18.1		1.0653		
18.11		1.0653		
18.12		1.0652		
18.13		1.0652		
18.14		1.0651		
18.15		1.065		
18.16		1.065		
18.17		1.0649		
18.18		1.0649		
18.19		1.0648		
18.2		1.0648		
18.21		1.0647		
18.22		1.0647		
18.23		1.0646		
18.24		1.0646		
18.25		1.0645		
18.26		1.0645		
18.27		1.0644		
18.28		1.0644		
18.29		1.0643		
18.3		1.0642		
18.31		1.0642		
18.32		1.0641		
18.33		1.0641		
18.34		1.064		
18.35		1.064		
18.36		1.0639		
18.37		1.0639		
18.38		1.0638		
18.39		1.0638		
18.4		1.0637		
18.41		1.0637		
18.42		1.0636		
18.43		1.0636		
18.44		1.0635		
18.45		1.0635		
18.46		1.0634		
18.47		1.0634		
18.48		1.0633		
18.49		1.0633		
18.5		1.0632		
18.51		1.0632		
18.52		1.0631		
18.53		1.0631		
18.54		1.063		
18.55		1.063		
18.56		1.0629		
18.57		1.0629		
18.58		1.0628		
18.59		1.0628		
18.6		1.0627		
18.61		1.0627		
18.62		1.0626		
18.63		1.0626		
18.64		1.0625		
18.65		1.0625		
18.66		1.0624		
18.67		1.0624		
18.68		1.0623		
18.69		1.0623		
18.7		1.0622		
18.71		1.0622		
18.72		1.0621		
18.73		1.0621		
18.74		1.062		
18.75		1.062		
18.76		1.0619		
18.77		1.0619		
18.78		1.0618		
18.79		1.0618		
18.8		1.0617		
18.81		1.0617		
18.82		1.0616		
18.83		1.0616		
18.84		1.0615		
18.85		1.0615		
18.86		1.0614		
18.87		1.0614		
18.88		1.0613		
18.89		1.0613		
18.9		1.0612		
18.91		1.0612		
18.92		1.0611		
18.93		1.0611		
18.94		1.061		
18.95		1.061		
18.96		1.0609		
18.97		1.0609		
18.98		1.0608		
18.99		1.0608		
19		1.0607		
19.01		1.0607		
19.02		1.0606		
19.03		1.0606		
19.04		1.0605		
19.05		1.0605		
19.06		1.0604		
19.07		1.0604		
19.08		1.0603		
19.09		1.0603		
19.1		1.0602		
19.11		1.0602		
19.12		1.0601		
19.13		1.0601		
19.14		1.06		
19.15		1.06		
19.16		1.0599		
19.17		1.0599		
19.18		1.0598		
19.19		1.0598		
19.2		1.0597		
19.21		1.0597		
19.22		1.0596		
19.23		1.0596		
19.24		1.0595		
19.25		1.0595		
19.26		1.0594		
19.27		1.0594		
19.28		1.0593		
19.29		1.0593		
19.3		1.0592		
19.31		1.0592		
19.32		1.0591		
19.33		1.0591		
19.34		1.059		
19.35		1.059		
19.36		1.0589		
19.37		1.0589		
19.38		1.0588		
19.39		1.0588		
19.4		1.0587		
19.41		1.0587		
19.42		1.0586		
19.43		1.0586		
19.44		1.0585		
19.45		1.0585		
19.46		1.0584		
19.47		1.0584		
19.48		1.0583		
19.49		1.0583		
19.5		1.0582		
19.51		1.0582		
19.52		1.0581		
19.53		1.0581		
19.54		1.058		
19.55		1.058		
19.56		1.0579		
19.57		1.0579		
19.58		1.0578		
19.59		1.0578		
19.6		1.0577		
19.61		1.0577		
19.62		1.0576		
19.63		1.0576		
19.64		1.0575		
19.65		1.0575		
19.66		1.0574		
19.67		1.0574		
19.68		1.0573		
19.69		1.0573		
19.7		1.0572		
19.71		1.0572		
19.72		1.0571		
19.73		1.0571		
19.74		1.057		
19.75		1.057		
19.76		1.0569		
19.77		1.0569		
19.78		1.0568		
19.79		1.0568		
19.8		1.0567		
19.81		1.0567		
19.82		1.0566		
19.83		1.0566		
19.84		1.0565		
19.85		1.0565		
19.86		1.0564		
19.87		1.0564		
19.88		1.0563		
19.89		1.0563		
19.9		1.0562		
19.91		1.0562		
19.92		1.0561		
19.93		1.0561		
19.94		1.056		
19.95		1.056		
19.96		1.0559		
19.97		1.0559		
19.98		1.0558		
19.99		1.0558		
20		1.0557		
20.01		1.0557		
20.02		1.0556		
20.03		1.0556		
20.04		1.0555		
20.05		1.0555		
20.06		1.0554		
20.07		1.0554		
20.08		1.0553		
20.09		1.0553		
20.1		1.0552		
20.11		1.0552		
20.12		1.0551		
20.13		1.0551		
20.14		1.055		
20.15		1.055		
20.16		1.0549		
20.17		1.0549		
20.18		1.0548		
20.19		1.0548		
20.2		1.0547		
20.21		1.0547		
20.22		1.0546		
20.23		1.0545		
20.24		1.0545		
20.25		1.0544		
20.26		1.0544		
20.27		1.0543		
20.28		1.0543		
20.29		1.0542		
20.3		1.0542		
20.31		1.0541		
20.32		1.0541		
20.33		1.054		
20.34		1.054		
20.35		1.0539		
20.36		1.0539		
20.37		1.0538		
20.38		1.0538		
20.39		1.0537		
20.4		1.0537		
20.41		1.0536		
20.42		1.0536		
20.43		1.0535		
20.44		1.0535		
20.45		1.0534		
20.46		1.0534		
20.47		1.0533		
20.48		1.0533		
20.49		1.0532		
20.5		1.0532		
20.51		1.0531		
20.52		1.0531		
20.53		1.053		
20.54		1.053		
20.55		1.0529		
20.56		1.0529		
20.57		1.0528		
20.58		1.0528		
20.59		1.0527		
20.6		1.0526		
20.61		1.0526		
20.62		1.0525		
20.63		1.0525		
20.64		1.0524		
20.65		1.0524		
20.66		1.0523		
20.67		1.0523		
20.68		1.0522		
20.69		1.0522		
20.7		1.0521		
20.71		1.0521		
20.72		1.052		
20.73		1.052		
20.74		1.0519		
20.75		1.0519		
20.76		1.0518		
20.77		1.0518		
20.78		1.0517		
20.79		1.0517		
20.8		1.0516		
20.81		1.0516		
20.82		1.0515		
20.83		1.0515		
20.84		1.0514		
20.85		1.0514		
20.86		1.0513		
20.87		1.0513		
20.88		1.0512		
20.89		1.0511		
20.9		1.0511		
20.91		1.051		
20.92		1.051		
20.93		1.0509		
20.94		1.0509		
20.95		1.0508		
20.96		1.0508		
20.97		1.0507		
20.98		1.0507		
20.99		1.0506		
21		1.0506		
21.01		1.0505		
21.02		1.0505		
21.03		1.0504		
21.04		1.0504		
21.05		1.0503		
21.06		1.0503		
21.07		1.0502		
21.08		1.0502		
21.09		1.0501		
21.1		1.0501		
21.11		1.05		
21.12		1.0499		
21.13		1.0499		
21.14		1.0498		
21.15		1.0498		
21.16		1.0497		
21.17		1.0497		
21.18		1.0496		
21.19		1.0496		
21.2		1.0495		
21.21		1.0495		
21.22		1.0494		
21.23		1.0494		
21.24		1.0493		
21.25		1.0493		
21.26		1.0492		
21.27		1.0492		
21.28		1.0491		
21.29		1.0491		
21.3		1.049		
21.31		1.0489		
21.32		1.0489		
21.33		1.0488		
21.34		1.0488		
21.35		1.0487		
21.36		1.0487		
21.37		1.0486		
21.38		1.0486		
21.39		1.0485		
21.4		1.0485		
21.41		1.0484		
21.42		1.0484		
21.43		1.0483		
21.44		1.0483		
21.45		1.0482		
21.46		1.0482		
21.47		1.0481		
21.48		1.048		
21.49		1.048		
21.5		1.0479		
21.51		1.0479		
21.52		1.0478		
21.53		1.0478		
21.54		1.0477		
21.55		1.0477		
21.56		1.0476		
21.57		1.0476		
21.58		1.0475		
21.59		1.0475		
21.6		1.0474		
21.61		1.0474		
21.62		1.0473		
21.63		1.0473		
21.64		1.0472		
21.65		1.0471		
21.66		1.0471		
21.67		1.047		
21.68		1.047		
21.69		1.0469		
21.7		1.0469		
21.71		1.0468		
21.72		1.0468		
21.73		1.0467		
21.74		1.0467		
21.75		1.0466		
21.76		1.0466		
21.77		1.0465		
21.78		1.0465		
21.79		1.0464		
21.8		1.0463		
21.81		1.0463		
21.82		1.0462		
21.83		1.0462		
21.84		1.0461		
21.85		1.0461		
21.86		1.046		
21.87		1.046		
21.88		1.0459		
21.89		1.0459		
21.9		1.0458		
21.91		1.0458		
21.92		1.0457		
21.93		1.0456		
21.94		1.0456		
21.95		1.0455		
21.96		1.0455		
21.97		1.0454		
21.98		1.0454		
21.99		1.0453		
22		1.0453		
22.01		1.0452		
22.02		1.0452		
22.03		1.0451		
22.04		1.0451		
22.05		1.045		
22.06		1.0449		
22.07		1.0449		
22.08		1.0448		
22.09		1.0448		
22.1		1.0447		
22.11		1.0447		
22.12		1.0446		
22.13		1.0446		
22.14		1.0445		
22.15		1.0445		
22.16		1.0444		
22.17		1.0444		
22.18		1.0443		
22.19		1.0442		
22.2		1.0442		
22.21		1.0441		
22.22		1.0441		
22.23		1.044		
22.24		1.044		
22.25		1.0439		
22.26		1.0439		
22.27		1.0438		
22.28		1.0438		
22.29		1.0437		
22.3		1.0436		
22.31		1.0436		
22.32		1.0435		
22.33		1.0435		
22.34		1.0434		
22.35		1.0434		
22.36		1.0433		
22.37		1.0433		
22.38		1.0432		
22.39		1.0432		
22.4		1.0431		
22.41		1.043		
22.42		1.043		
22.43		1.0429		
22.44		1.0429		
22.45		1.0428		
22.46		1.0428		
22.47		1.0427		
22.48		1.0427		
22.49		1.0426		
22.5		1.0426		
22.51		1.0425		
22.52		1.0424		
22.53		1.0424		
22.54		1.0423		
22.55		1.0423		
22.56		1.0422		
22.57		1.0422		
22.58		1.0421		
22.59		1.0421		
22.6		1.042		
22.61		1.042		
22.62		1.0419		
22.63		1.0418		
22.64		1.0418		
22.65		1.0417		
22.66		1.0417		
22.67		1.0416		
22.68		1.0416		
22.69		1.0415		
22.7		1.0415		
22.71		1.0414		
22.72		1.0414		
22.73		1.0413		
22.74		1.0412		
22.75		1.0412		
22.76		1.0411		
22.77		1.0411		
22.78		1.041		
22.79		1.041		
22.8		1.0409		
22.81		1.0409		
22.82		1.0408		
22.83		1.0407		
22.84		1.0407		
22.85		1.0406		
22.86		1.0406		
22.87		1.0405		
22.88		1.0405		
22.89		1.0404		
22.9		1.0404		
22.91		1.0403		
22.92		1.0402		
22.93		1.0402		
22.94		1.0401		
22.95		1.0401		
22.96		1.04		
22.97		1.04		
22.98		1.0399		
22.99		1.0399		
23		1.0398		
23.01		1.0397		
23.02		1.0397		
23.03		1.0396		
23.04		1.0396		
23.05		1.0395		
23.06		1.0395		
23.07		1.0394		
23.08		1.0394		
23.09		1.0393		
23.1		1.0392		
23.11		1.0392		
23.12		1.0391		
23.13		1.0391		
23.14		1.039		
23.15		1.039		
23.16		1.0389		
23.17		1.0389		
23.18		1.0388		
23.19		1.0387		
23.2		1.0387		
23.21		1.0386		
23.22		1.0386		
23.23		1.0385		
23.24		1.0385		
23.25		1.0384		
23.26		1.0384		
23.27		1.0383		
23.28		1.0382		
23.29		1.0382		
23.3		1.0381		
23.31		1.0381		
23.32		1.038		
23.33		1.038		
23.34		1.0379		
23.35		1.0378		
23.36		1.0378		
23.37		1.0377		
23.38		1.0377		
23.39		1.0376		
23.4		1.0376		
23.41		1.0375		
23.42		1.0375		
23.43		1.0374		
23.44		1.0373		
23.45		1.0373		
23.46		1.0372		
23.47		1.0372		
23.48		1.0371		
23.49		1.0371		
23.5		1.037		
23.51		1.0369		
23.52		1.0369		
23.53		1.0368		
23.54		1.0368		
23.55		1.0367		
23.56		1.0367		
23.57		1.0366		
23.58		1.0366		
23.59		1.0365		
23.6		1.0364		
23.61		1.0364		
23.62		1.0363		
23.63		1.0363		
23.64		1.0362		
23.65		1.0362		
23.66		1.0361		
23.67		1.036		
23.68		1.036		
23.69		1.0359		
23.7		1.0359		
23.71		1.0358		
23.72		1.0358		
23.73		1.0357		
23.74		1.0356		
23.75		1.0356		
23.76		1.0355		
23.77		1.0355		
23.78		1.0354		
23.79		1.0354		
23.8		1.0353		
23.81		1.0352		
23.82		1.0352		
23.83		1.0351		
23.84		1.0351		
23.85		1.035		
23.86		1.035		
23.87		1.0349		
23.88		1.0348		
23.89		1.0348		
23.9		1.0347		
23.91		1.0347		
23.92		1.0346		
23.93		1.0346		
23.94		1.0345		
23.95		1.0344		
23.96		1.0344		
23.97		1.0343		
23.98		1.0343		
23.99		1.0342		
24		1.0342		
24.01		1.0341		
24.02		1.034		
24.03		1.034		
24.04		1.0339		
24.05		1.0339		
24.06		1.0338		
24.07		1.0338		
24.08		1.0337		
24.09		1.0336		
24.1		1.0336		
24.11		1.0335		
24.12		1.0335		
24.13		1.0334		
24.14		1.0334		
24.15		1.0333		
24.16		1.0332		
24.17		1.0332		
24.18		1.0331		
24.19		1.0331		
24.2		1.033		
24.21		1.033		
24.22		1.0329		
24.23		1.0328		
24.24		1.0328		
24.25		1.0327		
24.26		1.0327		
24.27		1.0326		
24.28		1.0326		
24.29		1.0325		
24.3		1.0324		
24.31		1.0324		
24.32		1.0323		
24.33		1.0323		
24.34		1.0322		
24.35		1.0321		
24.36		1.0321		
24.37		1.032		
24.38		1.032		
24.39		1.0319		
24.4		1.0319		
24.41		1.0318		
24.42		1.0317		
24.43		1.0317		
24.44		1.0316		
24.45		1.0315		
24.46		1.0315		
24.47		1.0314		
24.48		1.0313		
24.49		1.0313		
24.5		1.0312		
24.51		1.0311		
24.52		1.0311		
24.53		1.031		
24.54		1.0309		
24.55		1.0308		
24.56		1.0308		
24.57		1.0307		
24.58		1.0306		
24.59		1.0305		
24.6		1.0305		
24.61		1.0304		
24.62		1.0303		
24.63		1.0302		
24.64		1.0302		
24.65		1.0301		
24.66		1.03		
24.67		1.0299		
24.68		1.0298		
24.69		1.0297		
24.7		1.0297		
24.71		1.0296		
24.72		1.0295		
24.73		1.0294		
24.74		1.0293		
24.75		1.0292		
24.76		1.0291		
24.77		1.0291		
24.78		1.029		
24.79		1.0289		
24.8		1.0288		
24.81		1.0287		
24.82		1.0286		
24.83		1.0285		
24.84		1.0284		
24.85		1.0283		
24.86		1.0282		
24.87		1.0281		
24.88		1.028		
24.89		1.0279		
24.9		1.0278		
24.91		1.0277		
24.92		1.0276		
24.93		1.0275		
24.94		1.0274		
24.95		1.0273		
24.96		1.0272		
24.97		1.0271		
24.98		1.027		
24.99		1.0269		
25		1.0268		
25.01		1.0267		
25.02		1.0266		
25.03		1.0265		
25.04		1.0264		
25.05		1.0263		
25.06		1.0262		
25.07		1.0261		
25.08		1.026		
25.09		1.0259		
25.1		1.0258		
25.11		1.0257		
25.12		1.0255		
25.13		1.0254		
25.14		1.0253		
25.15		1.0252		
25.16		1.0251		
25.17		1.025		
25.18		1.0249		
25.19		1.0248		
25.2		1.0246		
25.21		1.0245		
25.22		1.0244		
25.23		1.0243		
25.24		1.0242		
25.25		1.0241		
25.26		1.024		
25.27		1.0238		
25.28		1.0237		
25.29		1.0236		
25.3		1.0235		
25.31		1.0234		
25.32		1.0232		
25.33		1.0231		
25.34		1.023		
25.35		1.0229		
25.36		1.0228		
25.37		1.0226		
25.38		1.0225		
25.39		1.0224		
25.4		1.0223		
25.41		1.0222		
25.42		1.022		
25.43		1.0219		
25.44		1.0218		
25.45		1.0217		
25.46		1.0215		
25.47		1.0214		
25.48		1.0213		
25.49		1.0212		
25.5		1.021		
25.51		1.0209		
25.52		1.0208		
25.53		1.0207		
25.54		1.0205		
25.55		1.0204		
25.56		1.0203		
25.57		1.0202		
25.58		1.02		
25.59		1.0199		
25.6		1.0198		
25.61		1.0196		
25.62		1.0195		
25.63		1.0194		
25.64		1.0192		
25.65		1.0191		
25.66		1.019		
25.67		1.0188		
25.68		1.0187		
25.69		1.0186		
25.7		1.0185		
25.71		1.0183		
25.72		1.0182		
25.73		1.0181		
25.74		1.0179		
25.75		1.0178		
25.76		1.0176		
25.77		1.0175		
25.78		1.0174		
25.79		1.0172		
25.8		1.0171		
25.81		1.017		
25.82		1.0168		
25.83		1.0167		
25.84		1.0166		
25.85		1.0164		
25.86		1.0163		
25.87		1.0161		
25.88		1.016		
25.89		1.0159		
25.9		1.0157		
25.91		1.0156		
25.92		1.0154		
25.93		1.0153		
25.94		1.0152		
25.95		1.015		
25.96		1.0149		
25.97		1.0147		
25.98		1.0146		
25.99		1.0145		
26		1.0143		
26.01		1.0142		
26.02		1.014		
26.03		1.0139		
26.04		1.0138		
26.05		1.0136		
26.06		1.0135		
26.07		1.0133		
26.08		1.0132		
26.09		1.013		
26.1		1.0129		
26.11		1.0127		
26.12		1.0126		
26.13		1.0125		
26.14		1.0123		
26.15		1.0122		
26.16		1.012		
26.17		1.0119		
26.18		1.0117		
26.19		1.0116		
26.2		1.0114		
26.21		1.0113		
26.22		1.0111		
26.23		1.011		
26.24		1.0108		
26.25		1.0107		
26.26		1.0105		
26.27		1.0104		
26.28		1.0102		
26.29		1.0101		
26.3		1.0099		
26.31		1.0098		
26.32		1.0096		
26.33		1.0095		
26.34		1.0093		
26.35		1.0092		
26.36		1.009		
26.37		1.0089		
26.38		1.0087		
26.39		1.0086		
26.4		1.0084		
26.41		1.0083		
26.42		1.0081		
26.43		1.008		
26.44		1.0078		
26.45		1.0077		
26.46		1.0075		
26.47		1.0073		
26.48		1.0072		
26.49		1.007		
26.5		1.0069		
26.51		1.0067		
26.52		1.0066		
26.53		1.0064		
26.54		1.0063		
26.55		1.0061		
26.56		1.0059		
26.57		1.0058		
26.58		1.0056		
26.59		1.0055		
26.6		1.0053		
26.61		1.0052		
26.62		1.005		
26.63		1.0048		
26.64		1.0047		
26.65		1.0045		
26.66		1.0044		
26.67		1.0042		
26.68		1.0041		
26.69		1.0039		
26.7		1.0037		
26.71		1.0036		
26.72		1.0034		
26.73		1.0033		
26.74		1.0031		
26.75		1.0029		
26.76		1.0028		
26.77		1.0026		
26.78		1.0025		
26.79		1.0023		
26.8		1.0021		
26.81		1.002		
26.82		1.0018		
26.83		1.0016		
26.84		1.0015		
26.85		1.0013		
26.86		1.0012		
26.87		1.001		
26.88		1.0008		
26.89		1.0007		
26.9		1.0005		
26.91		1.0003		
26.92		1.0002		
26.93		1		
26.94		0.99985		
26.95		0.99969		
26.96		0.99952		
26.97		0.99936		
26.98		0.99919		
26.99		0.99903		
27		0.99886		
27.01		0.9987		
27.02		0.99853		
27.03		0.99837		
27.04		0.9982		
27.05		0.99803		
27.06		0.99787		
27.07		0.9977		
27.08		0.99753		
27.09		0.99737		
27.1		0.9972		
27.11		0.99703		
27.12		0.99686		
27.13		0.9967		
27.14		0.99653		
27.15		0.99636		
27.16		0.99619		
27.17		0.99602		
27.18		0.99586		
27.19		0.99569		
27.2		0.99552		
27.21		0.99535		
27.22		0.99518		
27.23		0.99501		
27.24		0.99484		
27.25		0.99467		
27.26		0.9945		
27.27		0.99433		
27.28		0.99416		
27.29		0.99399		
27.3		0.99382		
27.31		0.99365		
27.32		0.99348		
27.33		0.99331		
27.34		0.99314		
27.35		0.99297		
27.36		0.99279		
27.37		0.99262		
27.38		0.99245		
27.39		0.99228		
27.4		0.99211		
27.41		0.99193		
27.42		0.99176		
27.43		0.99159		
27.44		0.99142		
27.45		0.99124		
27.46		0.99107		
27.47		0.9909		
27.48		0.99072		
27.49		0.99055		
27.5		0.99038		
27.51		0.9902		
27.52		0.99003		
27.53		0.98986		
27.54		0.98968		
27.55		0.98951		
27.56		0.98933		
27.57		0.98916		
27.58		0.98899		
27.59		0.98881		
27.6		0.98864		
27.61		0.98846		
27.62		0.98829		
27.63		0.98811		
27.64		0.98794		
27.65		0.98776		
27.66		0.98758		
27.67		0.98741		
27.68		0.98723		
27.69		0.98706		
27.7		0.98688		
27.71		0.9867		
27.72		0.98653		
27.73		0.98635		
27.74		0.98618		
27.75		0.986		
27.76		0.98582		
27.77		0.98564		
27.78		0.98547		
27.79		0.98529		
27.8		0.98511		
27.81		0.98494		
27.82		0.98476		
27.83		0.98458		
27.84		0.9844		
27.85		0.98423		
27.86		0.98405		
27.87		0.98387		
27.88		0.98369		
27.89		0.98351		
27.9		0.98334		
27.91		0.98316		
27.92		0.98298		
27.93		0.9828		
27.94		0.98262		
27.95		0.98244		
27.96		0.98226		
27.97		0.98209		
27.98		0.98191		
27.99		0.98173		
28		0.98155		
28.01		0.98137		
28.02		0.98119		
28.03		0.98101		
28.04		0.98083		
28.05		0.98065		
28.06		0.98047		
28.07		0.98029		
28.08		0.98011		
28.09		0.97993		
28.1		0.97975		
28.11		0.97957		
28.12		0.97939		
28.13		0.97921		
28.14		0.97903		
28.15		0.97885		
28.16		0.97867		
28.17		0.97849		
28.18		0.97831		
28.19		0.97813		
28.2		0.97795		
28.21		0.97777		
28.22		0.97759		
28.23		0.97741		
28.24		0.97723		
28.25		0.97704		
28.26		0.97686		
28.27		0.97668		
28.28		0.9765		
28.29		0.97632		
28.3		0.97614		
28.31		0.97596		
28.32		0.97578		
28.33		0.97559		
28.34		0.97541		
28.35		0.97523		
28.36		0.97505		
28.37		0.97487		
28.38		0.97469		
28.39		0.97451		
28.4		0.97432		
28.41		0.97414		
28.42		0.97396		
28.43		0.97378		
28.44		0.9736		
28.45		0.97341		
28.46		0.97323		
28.47		0.97305		
28.48		0.97287		
28.49		0.97269		
28.5		0.9725		
28.51		0.97232		
28.52		0.97214		
28.53		0.97196		
28.54		0.97177		
28.55		0.97159		
28.56		0.97141		
28.57		0.97123		
28.58		0.97104		
28.59		0.97086		
28.6		0.97068		
28.61		0.9705		
28.62		0.97031		
28.63		0.97013		
28.64		0.96995		
28.65		0.96977		
28.66		0.96958		
28.67		0.9694		
28.68		0.96922		
28.69		0.96904		
28.7		0.96885		
28.71		0.96867		
28.72		0.96849		
28.73		0.96831		
28.74		0.96812		
28.75		0.96794		
28.76		0.96776		
28.77		0.96757		
28.78		0.96739		
28.79		0.96721		
28.8		0.96703		
28.81		0.96684		
28.82		0.96666		
28.83		0.96648		
28.84		0.96629		
28.85		0.96611		
28.86		0.96593		
28.87		0.96575		
28.88		0.96556		
28.89		0.96538		
28.9		0.9652		
28.91		0.96502		
28.92		0.96483		
28.93		0.96465		
28.94		0.96447		
28.95		0.96428		
28.96		0.9641		
28.97		0.96392		
28.98		0.96374		
28.99		0.96355		
29		0.96337		
29.01		0.96319		
29.02		0.96301		
29.03		0.96282		
29.04		0.96264		
29.05		0.96246		
29.06		0.96227		
29.07		0.96209		
29.08		0.96191		
29.09		0.96173		
29.1		0.96154		
29.11		0.96136		
29.12		0.96118		
29.13		0.961		
29.14		0.96081		
29.15		0.96063		
29.16		0.96045		
29.17		0.96027		
29.18		0.96009		
29.19		0.9599		
29.2		0.95972		
29.21		0.95954		
29.22		0.95936		
29.23		0.95917		
29.24		0.95899		
29.25		0.95881		
29.26		0.95863		
29.27		0.95845		
29.28		0.95827		
29.29		0.95808		
29.3		0.9579		
29.31		0.95772		
29.32		0.95754		
29.33		0.95736		
29.34		0.95717		
29.35		0.95699		
29.36		0.95681		
29.37		0.95663		
29.38		0.95645		
29.39		0.95627		
29.4		0.95609		
29.41		0.9559		
29.42		0.95572		
29.43		0.95554		
29.44		0.95536		
29.45		0.95518		
29.46		0.955		
29.47		0.95482		
29.48		0.95464		
29.49		0.95446		
29.5		0.95428		
29.51		0.9541		
29.52		0.95391		
29.53		0.95373		
29.54		0.95355		
29.55		0.95337		
29.56		0.95319		
29.57		0.95301		
29.58		0.95283		
29.59		0.95265		
29.6		0.95247		
29.61		0.95229		
29.62		0.95211		
29.63		0.95193		
29.64		0.95175		
29.65		0.95157		
29.66		0.95139		
29.67		0.95121		
29.68		0.95103		
29.69		0.95085		
29.7		0.95067		
29.71		0.9505		
29.72		0.95032		
29.73		0.95014		
29.74		0.94996		
29.75		0.94978		
29.76		0.9496		
29.77		0.94942		
29.78		0.94924		
29.79		0.94906		
29.8		0.94889		
29.81		0.94871		
29.82		0.94853		
29.83		0.94835		
29.84		0.94817		
29.85		0.94799		
29.86		0.94782		
29.87		0.94764		
29.88		0.94746		
29.89		0.94728		
29.9		0.94711		
29.91		0.94693		
29.92		0.94675		
29.93		0.94657		
29.94		0.9464		
29.95		0.94622		
29.96		0.94604		
29.97		0.94586		
29.98		0.94569		
29.99		0.94551		
30		0.94533		
