t [fm]		piNS
0.25		1160
0.26		1059.1		
0.27		970.83		
0.28		893.08		
0.29		824.26		
0.3		763.06		
0.31		708.4		
0.32		659.38		
0.33		615.24		
0.34		575.37		
0.35		539.22		
0.36		506.35		
0.37		476.37		
0.38		448.96		
0.39		423.83		
0.4		400.72		
0.41		379.44		
0.42		359.79		
0.43		341.61		
0.44		324.76		
0.45		309.11		
0.46		294.55		
0.47		280.97		
0.48		268.3		
0.49		256.46		
0.5		245.37		
0.51		234.97		
0.52		225.21		
0.53		216.03		
0.54		207.39		
0.55		199.25		
0.56		191.57		
0.57		184.32		
0.58		177.46		
0.59		170.97		
0.6		164.82		
0.61		158.99		
0.62		153.46		
0.63		148.2		
0.64		143.2		
0.65		138.45		
0.66		133.92		
0.67		129.61		
0.68		125.49		
0.69		121.56		
0.7		117.81		
0.71		114.23		
0.72		110.8		
0.73		107.52		
0.74		104.38		
0.75		101.37		
0.76		98.486		
0.77		95.72		
0.78		93.064		
0.79		90.515		
0.8		88.066		
0.81		85.712		
0.82		83.448		
0.83		81.269		
0.84		79.173		
0.85		77.154		
0.86		75.209		
0.87		73.334		
0.88		71.526		
0.89		69.782		
0.9		68.099		
0.91		66.474		
0.92		64.904		
0.93		63.388		
0.94		61.922		
0.95		60.505		
0.96		59.135		
0.97		57.809		
0.98		56.525		
0.99		55.283		
1		54.079		
1.01		52.913		
1.02		51.783		
1.03		50.687		
1.04		49.625		
1.05		48.594		
1.06		47.595		
1.07		46.624		
1.08		45.682		
1.09		44.767		
1.1		43.878		
1.11		43.015		
1.12		42.176		
1.13		41.36		
1.14		40.567		
1.15		39.796		
1.16		39.045		
1.17		38.315		
1.18		37.604		
1.19		36.913		
1.2		36.239		
1.21		35.583		
1.22		34.944		
1.23		34.321		
1.24		33.714		
1.25		33.123		
1.26		32.546		
1.27		31.984		
1.28		31.436		
1.29		30.901		
1.3		30.379		
1.31		29.869		
1.32		29.372		
1.33		28.887		
1.34		28.413		
1.35		27.95		
1.36		27.498		
1.37		27.056		
1.38		26.625		
1.39		26.203		
1.4		25.791		
1.41		25.388		
1.42		24.994		
1.43		24.609		
1.44		24.232		
1.45		23.864		
1.46		23.503		
1.47		23.15		
1.48		22.805		
1.49		22.467		
1.5		22.137		
1.51		21.813		
1.52		21.496		
1.53		21.185		
1.54		20.881		
1.55		20.584		
1.56		20.292		
1.57		20.006		
1.58		19.726		
1.59		19.451		
1.6		19.182		
1.61		18.918		
1.62		18.66		
1.63		18.406		
1.64		18.158		
1.65		17.914		
1.66		17.674		
1.67		17.44		
1.68		17.21		
1.69		16.984		
1.7		16.762		
1.71		16.544		
1.72		16.331		
1.73		16.121		
1.74		15.915		
1.75		15.713		
1.76		15.515		
1.77		15.32		
1.78		15.129		
1.79		14.941		
1.8		14.756		
1.81		14.575		
1.82		14.397		
1.83		14.222		
1.84		14.05		
1.85		13.88		
1.86		13.714		
1.87		13.551		
1.88		13.39		
1.89		13.232		
1.9		13.077		
1.91		12.924		
1.92		12.774		
1.93		12.627		
1.94		12.481		
1.95		12.339		
1.96		12.198		
1.97		12.06		
1.98		11.924		
1.99		11.79		
2		11.658		
2.01		11.529		
2.02		11.401		
2.03		11.276		
2.04		11.152		
2.05		11.03		
2.06		10.911		
2.07		10.793		
2.08		10.677		
2.09		10.562		
2.1		10.45		
2.11		10.339		
2.12		10.23		
2.13		10.122		
2.14		10.016		
2.15		9.9116		
2.16		9.8087		
2.17		9.7074		
2.18		9.6076		
2.19		9.5092		
2.2		9.4122		
2.21		9.3167		
2.22		9.2225		
2.23		9.1297		
2.24		9.0382		
2.25		8.948		
2.26		8.8591		
2.27		8.7714		
2.28		8.685		
2.29		8.5998		
2.3		8.5158		
2.31		8.4329		
2.32		8.3512		
2.33		8.2706		
2.34		8.1911		
2.35		8.1127		
2.36		8.0354		
2.37		7.9591		
2.38		7.8838		
2.39		7.8096		
2.4		7.7363		
2.41		7.664		
2.42		7.5927		
2.43		7.5223		
2.44		7.4529		
2.45		7.3843		
2.46		7.3167		
2.47		7.2499		
2.48		7.184		
2.49		7.119		
2.5		7.0547		
2.51		6.9913		
2.52		6.9288		
2.53		6.867		
2.54		6.806		
2.55		6.7457		
2.56		6.6862		
2.57		6.6275		
2.58		6.5695		
2.59		6.5122		
2.6		6.4556		
2.61		6.3998		
2.62		6.3446		
2.63		6.29		
2.64		6.2362		
2.65		6.183		
2.66		6.1304		
2.67		6.0785		
2.68		6.0272		
2.69		5.9766		
2.7		5.9265		
2.71		5.877		
2.72		5.8281		
2.73		5.7798		
2.74		5.732		
2.75		5.6848		
2.76		5.6382		
2.77		5.5921		
2.78		5.5466		
2.79		5.5015		
2.8		5.457		
2.81		5.413		
2.82		5.3695		
2.83		5.3265		
2.84		5.284		
2.85		5.242		
2.86		5.2004		
2.87		5.1593		
2.88		5.1187		
2.89		5.0785		
2.9		5.0388		
2.91		4.9995		
2.92		4.9606		
2.93		4.9222		
2.94		4.8842		
2.95		4.8466		
2.96		4.8094		
2.97		4.7727		
2.98		4.7363		
2.99		4.7003		
3		4.6647		
3.01		4.6295		
3.02		4.5947		
3.03		4.5602		
3.04		4.5261		
3.05		4.4924		
3.06		4.459		
3.07		4.426		
3.08		4.3933		
3.09		4.361		
3.1		4.329		
3.11		4.2973		
3.12		4.266		
3.13		4.235		
3.14		4.2043		
3.15		4.1739		
3.16		4.1439		
3.17		4.1141		
3.18		4.0846		
3.19		4.0555		
3.2		4.0266		
3.21		3.9981		
3.22		3.9698		
3.23		3.9418		
3.24		3.9141		
3.25		3.8866		
3.26		3.8595		
3.27		3.8326		
3.28		3.8059		
3.29		3.7796		
3.3		3.7535		
3.31		3.7276		
3.32		3.702		
3.33		3.6767		
3.34		3.6515		
3.35		3.6267		
3.36		3.6021		
3.37		3.5777		
3.38		3.5535		
3.39		3.5296		
3.4		3.5059		
3.41		3.4825		
3.42		3.4592		
3.43		3.4362		
3.44		3.4134		
3.45		3.3908		
3.46		3.3684		
3.47		3.3462		
3.48		3.3243		
3.49		3.3025		
3.5		3.281		
3.51		3.2596		
3.52		3.2385		
3.53		3.2175		
3.54		3.1967		
3.55		3.1761		
3.56		3.1558		
3.57		3.1355		
3.58		3.1155		
3.59		3.0957		
3.6		3.076		
3.61		3.0565		
3.62		3.0372		
3.63		3.0181		
3.64		2.9991		
3.65		2.9803		
3.66		2.9617		
3.67		2.9432		
3.68		2.9249		
3.69		2.9068		
3.7		2.8888		
3.71		2.871		
3.72		2.8533		
3.73		2.8358		
3.74		2.8185		
3.75		2.8012		
3.76		2.7842		
3.77		2.7673		
3.78		2.7505		
3.79		2.7339		
3.8		2.7174		
3.81		2.7011		
3.82		2.6849		
3.83		2.6688		
3.84		2.6529		
3.85		2.6371		
3.86		2.6214		
3.87		2.6059		
3.88		2.5905		
3.89		2.5753		
3.9		2.5601		
3.91		2.5451		
3.92		2.5302		
3.93		2.5155		
3.94		2.5008		
3.95		2.4863		
3.96		2.4719		
3.97		2.4576		
3.98		2.4435		
3.99		2.4294		
4		2.4155		
4.01		2.4017		
4.02		2.3879		
4.03		2.3743		
4.04		2.3609		
4.05		2.3475		
4.06		2.3342		
4.07		2.321		
4.08		2.308		
4.09		2.295		
4.1		2.2822		
4.11		2.2694		
4.12		2.2568		
4.13		2.2442		
4.14		2.2318		
4.15		2.2194		
4.16		2.2072		
4.17		2.195		
4.18		2.183		
4.19		2.171		
4.2		2.1591		
4.21		2.1473		
4.22		2.1356		
4.23		2.124		
4.24		2.1125		
4.25		2.1011		
4.26		2.0898		
4.27		2.0785		
4.28		2.0674		
4.29		2.0563		
4.3		2.0453		
4.31		2.0344		
4.32		2.0235		
4.33		2.0128		
4.34		2.0021		
4.35		1.9916		
4.36		1.981		
4.37		1.9706		
4.38		1.9603		
4.39		1.95		
4.4		1.9398		
4.41		1.9297		
4.42		1.9196		
4.43		1.9097		
4.44		1.8998		
4.45		1.89		
4.46		1.8802		
4.47		1.8705		
4.48		1.8609		
4.49		1.8514		
4.5		1.8419		
4.51		1.8325		
4.52		1.8232		
4.53		1.8139		
4.54		1.8047		
4.55		1.7956		
4.56		1.7865		
4.57		1.7775		
4.58		1.7686		
4.59		1.7597		
4.6		1.7509		
4.61		1.7421		
4.62		1.7335		
4.63		1.7248		
4.64		1.7163		
4.65		1.7078		
4.66		1.6993		
4.67		1.6909		
4.68		1.6826		
4.69		1.6743		
4.7		1.6661		
4.71		1.658		
4.72		1.6499		
4.73		1.6419		
4.74		1.6339		
4.75		1.6259		
4.76		1.6181		
4.77		1.6102		
4.78		1.6025		
4.79		1.5948		
4.8		1.5871		
4.81		1.5795		
4.82		1.5719		
4.83		1.5644		
4.84		1.557		
4.85		1.5496		
4.86		1.5422		
4.87		1.5349		
4.88		1.5277		
4.89		1.5205		
4.9		1.5133		
4.91		1.5062		
4.92		1.4991		
4.93		1.4921		
4.94		1.4852		
4.95		1.4782		
4.96		1.4714		
4.97		1.4645		
4.98		1.4577		
4.99		1.451		
5		1.4443		
5.01		1.4377		
5.02		1.4311		
5.03		1.4245		
5.04		1.418		
5.05		1.4115		
5.06		1.405		
5.07		1.3986		
5.08		1.3923		
5.09		1.386		
5.1		1.3797		
5.11		1.3735		
5.12		1.3673		
5.13		1.3611		
5.14		1.355		
5.15		1.3489		
5.16		1.3429		
5.17		1.3369		
5.18		1.3309		
5.19		1.325		
5.2		1.3191		
5.21		1.3133		
5.22		1.3075		
5.23		1.3017		
5.24		1.296		
5.25		1.2903		
5.26		1.2846		
5.27		1.279		
5.28		1.2734		
5.29		1.2678		
5.3		1.2623		
5.31		1.2568		
5.32		1.2513		
5.33		1.2459		
5.34		1.2405		
5.35		1.2352		
5.36		1.2298		
5.37		1.2245		
5.38		1.2193		
5.39		1.214		
5.4		1.2089		
5.41		1.2037		
5.42		1.1986		
5.43		1.1935		
5.44		1.1884		
5.45		1.1833		
5.46		1.1783		
5.47		1.1734		
5.48		1.1684		
5.49		1.1635		
5.5		1.1586		
5.51		1.1537		
5.52		1.1489		
5.53		1.1441		
5.54		1.1393		
5.55		1.1346		
5.56		1.1299		
5.57		1.1252		
5.58		1.1205		
5.59		1.1159		
5.6		1.1113		
5.61		1.1067		
5.62		1.1021		
5.63		1.0976		
5.64		1.0931		
5.65		1.0886		
5.66		1.0842		
5.67		1.0797		
5.68		1.0753		
5.69		1.071		
5.7		1.0666		
5.71		1.0623		
5.72		1.058		
5.73		1.0537		
5.74		1.0495		
5.75		1.0453		
5.76		1.0411		
5.77		1.0369		
5.78		1.0327		
5.79		1.0286		
5.8		1.0245		
5.81		1.0204		
5.82		1.0164		
5.83		1.0123		
5.84		1.0083		
5.85		1.0043		
5.86		1.0004		
5.87		0.99642		
5.88		0.9925		
5.89		0.9886		
5.9		0.98472		
5.91		0.98087		
5.92		0.97703		
5.93		0.97322		
5.94		0.96942		
5.95		0.96565		
5.96		0.9619		
5.97		0.95817		
5.98		0.95446		
5.99		0.95077		
6		0.9471		
6.01		0.94345		
6.02		0.93982		
6.03		0.93622		
6.04		0.93263		
6.05		0.92906		
6.06		0.92551		
6.07		0.92198		
6.08		0.91846		
6.09		0.91497		
6.1		0.9115		
6.11		0.90804		
6.12		0.90461		
6.13		0.90119		
6.14		0.89779		
6.15		0.89441		
6.16		0.89105		
6.17		0.8877		
6.18		0.88437		
6.19		0.88106		
6.2		0.87777		
6.21		0.8745		
6.22		0.87124		
6.23		0.868		
6.24		0.86478		
6.25		0.86157		
6.26		0.85838		
6.27		0.85521		
6.28		0.85206		
6.29		0.84892		
6.3		0.8458		
6.31		0.84269		
6.32		0.8396		
6.33		0.83653		
6.34		0.83347		
6.35		0.83043		
6.36		0.8274		
6.37		0.8244		
6.38		0.8214		
6.39		0.81842		
6.4		0.81546		
6.41		0.81251		
6.42		0.80958		
6.43		0.80666		
6.44		0.80376		
6.45		0.80087		
6.46		0.798		
6.47		0.79514		
6.48		0.79229		
6.49		0.78946		
6.5		0.78665		
6.51		0.78385		
6.52		0.78106		
6.53		0.77829		
6.54		0.77553		
6.55		0.77279		
6.56		0.77005		
6.57		0.76734		
6.58		0.76463		
6.59		0.76194		
6.6		0.75927		
6.61		0.75661		
6.62		0.75396		
6.63		0.75132		
6.64		0.7487		
6.65		0.74609		
6.66		0.74349		
6.67		0.7409		
6.68		0.73833		
6.69		0.73577		
6.7		0.73323		
6.71		0.73069		
6.72		0.72817		
6.73		0.72566		
6.74		0.72317		
6.75		0.72068		
6.76		0.71821		
6.77		0.71575		
6.78		0.7133		
6.79		0.71087		
6.8		0.70844		
6.81		0.70603		
6.82		0.70363		
6.83		0.70124		
6.84		0.69886		
6.85		0.6965		
6.86		0.69414		
6.87		0.6918		
6.88		0.68947		
6.89		0.68715		
6.9		0.68484		
6.91		0.68254		
6.92		0.68025		
6.93		0.67797		
6.94		0.67571		
6.95		0.67345		
6.96		0.67121		
6.97		0.66897		
6.98		0.66675		
6.99		0.66454		
7		0.66234		
7.01		0.66015		
7.02		0.65796		
7.03		0.65579		
7.04		0.65363		
7.05		0.65148		
7.06		0.64934		
7.07		0.64721		
7.08		0.64509		
7.09		0.64298		
7.1		0.64088		
7.11		0.63879		
7.12		0.63671		
7.13		0.63463		
7.14		0.63257		
7.15		0.63052		
7.16		0.62848		
7.17		0.62644		
7.18		0.62442		
7.19		0.6224		
7.2		0.6204		
7.21		0.6184		
7.22		0.61641		
7.23		0.61444		
7.24		0.61247		
7.25		0.61051		
7.26		0.60856		
7.27		0.60661		
7.28		0.60468		
7.29		0.60276		
7.3		0.60084		
7.31		0.59893		
7.32		0.59703		
7.33		0.59514		
7.34		0.59326		
7.35		0.59139		
7.36		0.58952		
7.37		0.58767		
7.38		0.58582		
7.39		0.58398		
7.4		0.58215		
7.41		0.58033		
7.42		0.57851		
7.43		0.5767		
7.44		0.57491		
7.45		0.57312		
7.46		0.57133		
7.47		0.56956		
7.48		0.56779		
7.49		0.56603		
7.5		0.56428		
7.51		0.56254		
7.52		0.5608		
7.53		0.55907		
7.54		0.55735		
7.55		0.55564		
7.56		0.55393		
7.57		0.55223		
7.58		0.55054		
7.59		0.54886		
7.6		0.54718		
7.61		0.54551		
7.62		0.54385		
7.63		0.5422		
7.64		0.54055		
7.65		0.53891		
7.66		0.53728		
7.67		0.53565		
7.68		0.53403		
7.69		0.53242		
7.7		0.53082		
7.71		0.52922		
7.72		0.52763		
7.73		0.52604		
7.74		0.52447		
7.75		0.52289		
7.76		0.52133		
7.77		0.51977		
7.78		0.51822		
7.79		0.51668		
7.8		0.51514		
7.81		0.51361		
7.82		0.51208		
7.83		0.51057		
7.84		0.50905		
7.85		0.50755		
7.86		0.50605		
7.87		0.50456		
7.88		0.50307		
7.89		0.50159		
7.9		0.50012		
7.91		0.49865		
7.92		0.49719		
7.93		0.49573		
7.94		0.49428		
7.95		0.49284		
7.96		0.4914		
7.97		0.48997		
7.98		0.48855		
7.99		0.48713		
8		0.48571		
8.01		0.48431		
8.02		0.4829		
8.03		0.48151		
8.04		0.48012		
8.05		0.47873		
8.06		0.47735		
8.07		0.47598		
8.08		0.47461		
8.09		0.47325		
8.1		0.47189		
8.11		0.47054		
8.12		0.4692		
8.13		0.46786		
8.14		0.46652		
8.15		0.4652		
8.16		0.46387		
8.17		0.46255		
8.18		0.46124		
8.19		0.45993		
8.2		0.45863		
8.21		0.45733		
8.22		0.45604		
8.23		0.45476		
8.24		0.45347		
8.25		0.4522		
8.26		0.45093		
8.27		0.44966		
8.28		0.4484		
8.29		0.44715		
8.3		0.44589		
8.31		0.44465		
8.32		0.44341		
8.33		0.44217		
8.34		0.44094		
8.35		0.43972		
8.36		0.43849		
8.37		0.43728		
8.38		0.43607		
8.39		0.43486		
8.4		0.43366		
8.41		0.43246		
8.42		0.43127		
8.43		0.43008		
8.44		0.4289		
8.45		0.42772		
8.46		0.42655		
8.47		0.42538		
8.48		0.42421		
8.49		0.42305		
8.5		0.4219		
8.51		0.42074		
8.52		0.4196		
8.53		0.41846		
8.54		0.41732		
8.55		0.41619		
8.56		0.41506		
8.57		0.41393		
8.58		0.41281		
8.59		0.4117		
8.6		0.41058		
8.61		0.40948		
8.62		0.40837		
8.63		0.40728		
8.64		0.40618		
8.65		0.40509		
8.66		0.40401		
8.67		0.40292		
8.68		0.40185		
8.69		0.40077		
8.7		0.3997		
8.71		0.39864		
8.72		0.39758		
8.73		0.39652		
8.74		0.39546		
8.75		0.39442		
8.76		0.39337		
8.77		0.39233		
8.78		0.39129		
8.79		0.39026		
8.8		0.38923		
8.81		0.3882		
8.82		0.38718		
8.83		0.38616		
8.84		0.38515		
8.85		0.38414		
8.86		0.38313		
8.87		0.38213		
8.88		0.38113		
8.89		0.38013		
8.9		0.37914		
8.91		0.37815		
8.92		0.37717		
8.93		0.37619		
8.94		0.37521		
8.95		0.37424		
8.96		0.37327		
8.97		0.3723		
8.98		0.37134		
8.99		0.37038		
9		0.36943		
9.01		0.36847		
9.02		0.36753		
9.03		0.36658		
9.04		0.36564		
9.05		0.3647		
9.06		0.36377		
9.07		0.36284		
9.08		0.36191		
9.09		0.36098		
9.1		0.36006		
9.11		0.35915		
9.12		0.35823		
9.13		0.35732		
9.14		0.35641		
9.15		0.35551		
9.16		0.35461		
9.17		0.35371		
9.18		0.35282		
9.19		0.35192		
9.2		0.35104		
9.21		0.35015		
9.22		0.34927		
9.23		0.34839		
9.24		0.34752		
9.25		0.34664		
9.26		0.34577		
9.27		0.34491		
9.28		0.34405		
9.29		0.34319		
9.3		0.34233		
9.31		0.34148		
9.32		0.34063		
9.33		0.33978		
9.34		0.33893		
9.35		0.33809		
9.36		0.33725		
9.37		0.33642		
9.38		0.33559		
9.39		0.33476		
9.4		0.33393		
9.41		0.33311		
9.42		0.33228		
9.43		0.33147		
9.44		0.33065		
9.45		0.32984		
9.46		0.32903		
9.47		0.32822		
9.48		0.32742		
9.49		0.32662		
9.5		0.32582		
9.51		0.32503		
9.52		0.32423		
9.53		0.32344		
9.54		0.32266		
9.55		0.32187		
9.56		0.32109		
9.57		0.32031		
9.58		0.31954		
9.59		0.31876		
9.6		0.31799		
9.61		0.31722		
9.62		0.31646		
9.63		0.3157		
9.64		0.31494		
9.65		0.31418		
9.66		0.31342		
9.67		0.31267		
9.68		0.31192		
9.69		0.31117		
9.7		0.31043		
9.71		0.30969		
9.72		0.30895		
9.73		0.30821		
9.74		0.30748		
9.75		0.30674		
9.76		0.30602		
9.77		0.30529		
9.78		0.30456		
9.79		0.30384		
9.8		0.30312		
9.81		0.30241		
9.82		0.30169		
9.83		0.30098		
9.84		0.30027		
9.85		0.29956		
9.86		0.29886		
9.87		0.29815		
9.88		0.29745		
9.89		0.29675		
9.9		0.29606		
9.91		0.29537		
9.92		0.29467		
9.93		0.29399		
9.94		0.2933		
9.95		0.29262		
9.96		0.29193		
9.97		0.29125		
9.98		0.29058		
9.99		0.2899		
10		0.28923		
10.01		0.28856		
10.02		0.28789		
10.03		0.28722		
10.04		0.28656		
10.05		0.2859		
10.06		0.28524		
10.07		0.28458		
10.08		0.28393		
10.09		0.28327		
10.1		0.28262		
10.11		0.28197		
10.12		0.28133		
10.13		0.28068		
10.14		0.28004		
10.15		0.2794		
10.16		0.27876		
10.17		0.27813		
10.18		0.27749		
10.19		0.27686		
10.2		0.27623		
10.21		0.2756		
10.22		0.27498		
10.23		0.27435		
10.24		0.27373		
10.25		0.27311		
10.26		0.2725		
10.27		0.27188		
10.28		0.27127		
10.29		0.27066		
10.3		0.27005		
10.31		0.26944		
10.32		0.26883		
10.33		0.26823		
10.34		0.26763		
10.35		0.26703		
10.36		0.26643		
10.37		0.26583		
10.38		0.26524		
10.39		0.26465		
10.4		0.26406		
10.41		0.26347		
10.42		0.26288		
10.43		0.2623		
10.44		0.26171		
10.45		0.26113		
10.46		0.26055		
10.47		0.25998		
10.48		0.2594		
10.49		0.25883		
10.5		0.25826		
10.51		0.25769		
10.52		0.25712		
10.53		0.25655		
10.54		0.25599		
10.55		0.25542		
10.56		0.25486		
10.57		0.2543		
10.58		0.25375		
10.59		0.25319		
10.6		0.25264		
10.61		0.25208		
10.62		0.25153		
10.63		0.25098		
10.64		0.25044		
10.65		0.24989		
10.66		0.24935		
10.67		0.24881		
10.68		0.24827		
10.69		0.24773		
10.7		0.24719		
10.71		0.24665		
10.72		0.24612		
10.73		0.24559		
10.74		0.24506		
10.75		0.24453		
10.76		0.244		
10.77		0.24348		
10.78		0.24295		
10.79		0.24243		
10.8		0.24191		
10.81		0.24139		
10.82		0.24087		
10.83		0.24036		
10.84		0.23984		
10.85		0.23933		
10.86		0.23882		
10.87		0.23831		
10.88		0.2378		
10.89		0.2373		
10.9		0.23679		
10.91		0.23629		
10.92		0.23579		
10.93		0.23529		
10.94		0.23479		
10.95		0.23429		
10.96		0.2338		
10.97		0.2333		
10.98		0.23281		
10.99		0.23232		
11		0.23183		
11.01		0.23134		
11.02		0.23085		
11.03		0.23037		
11.04		0.22988		
11.05		0.2294		
11.06		0.22892		
11.07		0.22844		
11.08		0.22796		
11.09		0.22749		
11.1		0.22701		
11.11		0.22654		
11.12		0.22607		
11.13		0.2256		
11.14		0.22513		
11.15		0.22466		
11.16		0.22419		
11.17		0.22373		
11.18		0.22326		
11.19		0.2228		
11.2		0.22234		
11.21		0.22188		
11.22		0.22142		
11.23		0.22096		
11.24		0.22051		
11.25		0.22005		
11.26		0.2196		
11.27		0.21915		
11.28		0.2187		
11.29		0.21825		
11.3		0.2178		
11.31		0.21736		
11.32		0.21691		
11.33		0.21647		
11.34		0.21602		
11.35		0.21558		
11.36		0.21514		
11.37		0.2147		
11.38		0.21427		
11.39		0.21383		
11.4		0.2134		
11.41		0.21296		
11.42		0.21253		
11.43		0.2121		
11.44		0.21167		
11.45		0.21124		
11.46		0.21081		
11.47		0.21039		
11.48		0.20996		
11.49		0.20954		
11.5		0.20912		
11.51		0.2087		
11.52		0.20828		
11.53		0.20786		
11.54		0.20744		
11.55		0.20703		
11.56		0.20661		
11.57		0.2062		
11.58		0.20578		
11.59		0.20537		
11.6		0.20496		
11.61		0.20455		
11.62		0.20415		
11.63		0.20374		
11.64		0.20333		
11.65		0.20293		
11.66		0.20253		
11.67		0.20212		
11.68		0.20172		
11.69		0.20132		
11.7		0.20092		
11.71		0.20053		
11.72		0.20013		
11.73		0.19974		
11.74		0.19934		
11.75		0.19895		
11.76		0.19856		
11.77		0.19817		
11.78		0.19778		
11.79		0.19739		
11.8		0.197		
11.81		0.19661		
11.82		0.19623		
11.83		0.19584		
11.84		0.19546		
11.85		0.19508		
11.86		0.1947		
11.87		0.19432		
11.88		0.19394		
11.89		0.19356		
11.9		0.19318		
11.91		0.19281		
11.92		0.19243		
11.93		0.19206		
11.94		0.19169		
11.95		0.19132		
11.96		0.19095		
11.97		0.19058		
11.98		0.19021		
11.99		0.18984		
12		0.18947		
12.01		0.18911		
12.02		0.18874		
12.03		0.18838		
12.04		0.18802		
12.05		0.18766		
12.06		0.1873		
12.07		0.18694		
12.08		0.18658		
12.09		0.18622		
12.1		0.18587		
12.11		0.18551		
12.12		0.18516		
12.13		0.1848		
12.14		0.18445		
12.15		0.1841		
12.16		0.18375		
12.17		0.1834		
12.18		0.18305		
12.19		0.1827		
12.2		0.18236		
12.21		0.18201		
12.22		0.18167		
12.23		0.18132		
12.24		0.18098		
12.25		0.18064		
12.26		0.1803		
12.27		0.17996		
12.28		0.17962		
12.29		0.17928		
12.3		0.17894		
12.31		0.1786		
12.32		0.17827		
12.33		0.17793		
12.34		0.1776		
12.35		0.17727		
12.36		0.17693		
12.37		0.1766		
12.38		0.17627		
12.39		0.17594		
12.4		0.17562		
12.41		0.17529		
12.42		0.17496		
12.43		0.17464		
12.44		0.17431		
12.45		0.17399		
12.46		0.17366		
12.47		0.17334		
12.48		0.17302		
12.49		0.1727		
12.5		0.17238		
12.51		0.17206		
12.52		0.17174		
12.53		0.17143		
12.54		0.17111		
12.55		0.17079		
12.56		0.17048		
12.57		0.17017		
12.58		0.16985		
12.59		0.16954		
12.6		0.16923		
12.61		0.16892		
12.62		0.16861		
12.63		0.1683		
12.64		0.16799		
12.65		0.16768		
12.66		0.16738		
12.67		0.16707		
12.68		0.16677		
12.69		0.16646		
12.7		0.16616		
12.71		0.16586		
12.72		0.16556		
12.73		0.16525		
12.74		0.16495		
12.75		0.16466		
12.76		0.16436		
12.77		0.16406		
12.78		0.16376		
12.79		0.16347		
12.8		0.16317		
12.81		0.16288		
12.82		0.16258		
12.83		0.16229		
12.84		0.162		
12.85		0.16171		
12.86		0.16141		
12.87		0.16112		
12.88		0.16083		
12.89		0.16055		
12.9		0.16026		
12.91		0.15997		
12.92		0.15968		
12.93		0.1594		
12.94		0.15911		
12.95		0.15883		
12.96		0.15855		
12.97		0.15826		
12.98		0.15798		
12.99		0.1577		
13		0.15742		
13.01		0.15714		
13.02		0.15686		
13.03		0.15658		
13.04		0.15631		
13.05		0.15603		
13.06		0.15575		
13.07		0.15548		
13.08		0.1552		
13.09		0.15493		
13.1		0.15465		
13.11		0.15438		
13.12		0.15411		
13.13		0.15384		
13.14		0.15357		
13.15		0.1533		
13.16		0.15303		
13.17		0.15276		
13.18		0.15249		
13.19		0.15222		
13.2		0.15196		
13.21		0.15169		
13.22		0.15143		
13.23		0.15116		
13.24		0.1509		
13.25		0.15063		
13.26		0.15037		
13.27		0.15011		
13.28		0.14985		
13.29		0.14959		
13.3		0.14933		
13.31		0.14907		
13.32		0.14881		
13.33		0.14855		
13.34		0.14829		
13.35		0.14804		
13.36		0.14778		
13.37		0.14753		
13.38		0.14727		
13.39		0.14702		
13.4		0.14676		
13.41		0.14651		
13.42		0.14626		
13.43		0.14601		
13.44		0.14576		
13.45		0.14551		
13.46		0.14526		
13.47		0.14501		
13.48		0.14476		
13.49		0.14451		
13.5		0.14426		
13.51		0.14402		
13.52		0.14377		
13.53		0.14352		
13.54		0.14328		
13.55		0.14303		
13.56		0.14279		
13.57		0.14255		
13.58		0.14231		
13.59		0.14206		
13.6		0.14182		
13.61		0.14158		
13.62		0.14134		
13.63		0.1411		
13.64		0.14086		
13.65		0.14062		
13.66		0.14039		
13.67		0.14015		
13.68		0.13991		
13.69		0.13968		
13.7		0.13944		
13.71		0.13921		
13.72		0.13897		
13.73		0.13874		
13.74		0.1385		
13.75		0.13827		
13.76		0.13804		
13.77		0.13781		
13.78		0.13758		
13.79		0.13735		
13.8		0.13712		
13.81		0.13689		
13.82		0.13666		
13.83		0.13643		
13.84		0.1362		
13.85		0.13598		
13.86		0.13575		
13.87		0.13552		
13.88		0.1353		
13.89		0.13507		
13.9		0.13485		
13.91		0.13462		
13.92		0.1344		
13.93		0.13418		
13.94		0.13396		
13.95		0.13373		
13.96		0.13351		
13.97		0.13329		
13.98		0.13307		
13.99		0.13285		
14		0.13263		
14.01		0.13242		
14.02		0.1322		
14.03		0.13198		
14.04		0.13176		
14.05		0.13155		
14.06		0.13133		
14.07		0.13111		
14.08		0.1309		
14.09		0.13069		
14.1		0.13047		
14.11		0.13026		
14.12		0.13004		
14.13		0.12983		
14.14		0.12962		
14.15		0.12941		
14.16		0.1292		
14.17		0.12899		
14.18		0.12878		
14.19		0.12857		
14.2		0.12836		
14.21		0.12815		
14.22		0.12794		
14.23		0.12774		
14.24		0.12753		
14.25		0.12732		
14.26		0.12712		
14.27		0.12691		
14.28		0.1267		
14.29		0.1265		
14.3		0.1263		
14.31		0.12609		
14.32		0.12589		
14.33		0.12569		
14.34		0.12548		
14.35		0.12528		
14.36		0.12508		
14.37		0.12488		
14.38		0.12468		
14.39		0.12448		
14.4		0.12428		
14.41		0.12408		
14.42		0.12388		
14.43		0.12369		
14.44		0.12349		
14.45		0.12329		
14.46		0.12309		
14.47		0.1229		
14.48		0.1227		
14.49		0.12251		
14.5		0.12231		
14.51		0.12212		
14.52		0.12192		
14.53		0.12173		
14.54		0.12154		
14.55		0.12134		
14.56		0.12115		
14.57		0.12096		
14.58		0.12077		
14.59		0.12058		
14.6		0.12039		
14.61		0.1202		
14.62		0.12001		
14.63		0.11982		
14.64		0.11963		
14.65		0.11944		
14.66		0.11925		
14.67		0.11907		
14.68		0.11888		
14.69		0.11869		
14.7		0.11851		
14.71		0.11832		
14.72		0.11813		
14.73		0.11795		
14.74		0.11776		
14.75		0.11758		
14.76		0.1174		
14.77		0.11721		
14.78		0.11703		
14.79		0.11685		
14.8		0.11667		
14.81		0.11648		
14.82		0.1163		
14.83		0.11612		
14.84		0.11594		
14.85		0.11576		
14.86		0.11558		
14.87		0.1154		
14.88		0.11522		
14.89		0.11505		
14.9		0.11487		
14.91		0.11469		
14.92		0.11451		
14.93		0.11434		
14.94		0.11416		
14.95		0.11398		
14.96		0.11381		
14.97		0.11363		
14.98		0.11346		
14.99		0.11328		
15		0.11311		
15.01		0.11294		
15.02		0.11276		
15.03		0.11259		
15.04		0.11242		
15.05		0.11225		
15.06		0.11207		
15.07		0.1119		
15.08		0.11173		
15.09		0.11156		
15.1		0.11139		
15.11		0.11122		
15.12		0.11105		
15.13		0.11088		
15.14		0.11071		
15.15		0.11054		
15.16		0.11038		
15.17		0.11021		
15.18		0.11004		
15.19		0.10988		
15.2		0.10971		
15.21		0.10954		
15.22		0.10938		
15.23		0.10921		
15.24		0.10905		
15.25		0.10888		
15.26		0.10872		
15.27		0.10855		
15.28		0.10839		
15.29		0.10823		
15.3		0.10806		
15.31		0.1079		
15.32		0.10774		
15.33		0.10758		
15.34		0.10741		
15.35		0.10725		
15.36		0.10709		
15.37		0.10693		
15.38		0.10677		
15.39		0.10661		
15.4		0.10645		
15.41		0.10629		
15.42		0.10613		
15.43		0.10598		
15.44		0.10582		
15.45		0.10566		
15.46		0.1055		
15.47		0.10535		
15.48		0.10519		
15.49		0.10503		
15.5		0.10488		
15.51		0.10472		
15.52		0.10457		
15.53		0.10441		
15.54		0.10426		
15.55		0.1041		
15.56		0.10395		
15.57		0.10379		
15.58		0.10364		
15.59		0.10349		
15.6		0.10333		
15.61		0.10318		
15.62		0.10303		
15.63		0.10288		
15.64		0.10273		
15.65		0.10258		
15.66		0.10243		
15.67		0.10227		
15.68		0.10212		
15.69		0.10197		
15.7		0.10183		
15.71		0.10168		
15.72		0.10153		
15.73		0.10138		
15.74		0.10123		
15.75		0.10108		
15.76		0.10093		
15.77		0.10079		
15.78		0.10064		
15.79		0.10049		
15.8		0.10035		
15.81		0.1002		
15.82		0.10006		
15.83		0.09991		
15.84		0.099765		
15.85		0.09962		
15.86		0.099476		
15.87		0.099331		
15.88		0.099187		
15.89		0.099044		
15.9		0.0989		
15.91		0.098757		
15.92		0.098615		
15.93		0.098472		
15.94		0.09833		
15.95		0.098188		
15.96		0.098047		
15.97		0.097905		
15.98		0.097764		
15.99		0.097624		
16		0.097483		
16.01		0.097343		
16.02		0.097204		
16.03		0.097064		
16.04		0.096925		
16.05		0.096786		
16.06		0.096647		
16.07		0.096509		
16.08		0.096371		
16.09		0.096233		
16.1		0.096096		
16.11		0.095958		
16.12		0.095821		
16.13		0.095685		
16.14		0.095548		
16.15		0.095412		
16.16		0.095277		
16.17		0.095141		
16.18		0.095006		
16.19		0.094871		
16.2		0.094736		
16.21		0.094602		
16.22		0.094468		
16.23		0.094334		
16.24		0.0942		
16.25		0.094067		
16.26		0.093934		
16.27		0.093801		
16.28		0.093669		
16.29		0.093536		
16.3		0.093404		
16.31		0.093273		
16.32		0.093141		
16.33		0.09301		
16.34		0.092879		
16.35		0.092749		
16.36		0.092618		
16.37		0.092488		
16.38		0.092359		
16.39		0.092229		
16.4		0.0921		
16.41		0.091971		
16.42		0.091842		
16.43		0.091713		
16.44		0.091585		
16.45		0.091457		
16.46		0.091329		
16.47		0.091202		
16.48		0.091075		
16.49		0.090948		
16.5		0.090821		
16.51		0.090695		
16.52		0.090569		
16.53		0.090443		
16.54		0.090317		
16.55		0.090191		
16.56		0.090066		
16.57		0.089941		
16.58		0.089817		
16.59		0.089692		
16.6		0.089568		
16.61		0.089444		
16.62		0.089321		
16.63		0.089197		
16.64		0.089074		
16.65		0.088951		
16.66		0.088828		
16.67		0.088706		
16.68		0.088584		
16.69		0.088462		
16.7		0.08834		
16.71		0.088219		
16.72		0.088097		
16.73		0.087976		
16.74		0.087856		
16.75		0.087735		
16.76		0.087615		
16.77		0.087495		
16.78		0.087375		
16.79		0.087256		
16.8		0.087136		
16.81		0.087017		
16.82		0.086898		
16.83		0.08678		
16.84		0.086661		
16.85		0.086543		
16.86		0.086425		
16.87		0.086308		
16.88		0.08619		
16.89		0.086073		
16.9		0.085956		
16.91		0.085839		
16.92		0.085723		
16.93		0.085606		
16.94		0.08549		
16.95		0.085375		
16.96		0.085259		
16.97		0.085144		
16.98		0.085028		
16.99		0.084914		
17		0.084799		
17.01		0.084684		
17.02		0.08457		
17.03		0.084456		
17.04		0.084342		
17.05		0.084229		
17.06		0.084115		
17.07		0.084002		
17.08		0.083889		
17.09		0.083777		
17.1		0.083664		
17.11		0.083552		
17.12		0.08344		
17.13		0.083328		
17.14		0.083216		
17.15		0.083105		
17.16		0.082994		
17.17		0.082883		
17.18		0.082772		
17.19		0.082662		
17.2		0.082551		
17.21		0.082441		
17.22		0.082331		
17.23		0.082222		
17.24		0.082112		
17.25		0.082003		
17.26		0.081894		
17.27		0.081785		
17.28		0.081676		
17.29		0.081568		
17.3		0.08146		
17.31		0.081352		
17.32		0.081244		
17.33		0.081136		
17.34		0.081029		
17.35		0.080922		
17.36		0.080815		
17.37		0.080708		
17.38		0.080601		
17.39		0.080495		
17.4		0.080389		
17.41		0.080283		
17.42		0.080177		
17.43		0.080072		
17.44		0.079966		
17.45		0.079861		
17.46		0.079756		
17.47		0.079652		
17.48		0.079547		
17.49		0.079443		
17.5		0.079339		
17.51		0.079235		
17.52		0.079131		
17.53		0.079027		
17.54		0.078924		
17.55		0.078821		
17.56		0.078718		
17.57		0.078615		
17.58		0.078513		
17.59		0.07841		
17.6		0.078308		
17.61		0.078206		
17.62		0.078104		
17.63		0.078003		
17.64		0.077901		
17.65		0.0778		
17.66		0.077699		
17.67		0.077598		
17.68		0.077497		
17.69		0.077397		
17.7		0.077297		
17.71		0.077197		
17.72		0.077097		
17.73		0.076997		
17.74		0.076897		
17.75		0.076798		
17.76		0.076699		
17.77		0.0766		
17.78		0.076501		
17.79		0.076403		
17.8		0.076304		
17.81		0.076206		
17.82		0.076108		
17.83		0.07601		
17.84		0.075912		
17.85		0.075815		
17.86		0.075718		
17.87		0.07562		
17.88		0.075523		
17.89		0.075427		
17.9		0.07533		
17.91		0.075234		
17.92		0.075137		
17.93		0.075041		
17.94		0.074946		
17.95		0.07485		
17.96		0.074754		
17.97		0.074659		
17.98		0.074564		
17.99		0.074469		
18		0.074374		
18.01		0.074279		
18.02		0.074185		
18.03		0.074091		
18.04		0.073996		
18.05		0.073902		
18.06		0.073809		
18.07		0.073715		
18.08		0.073622		
18.09		0.073528		
18.1		0.073435		
18.11		0.073342		
18.12		0.07325		
18.13		0.073157		
18.14		0.073065		
18.15		0.072972		
18.16		0.07288		
18.17		0.072788		
18.18		0.072697		
18.19		0.072605		
18.2		0.072514		
18.21		0.072423		
18.22		0.072332		
18.23		0.072241		
18.24		0.07215		
18.25		0.072059		
18.26		0.071969		
18.27		0.071879		
18.28		0.071789		
18.29		0.071699		
18.3		0.071609		
18.31		0.071519		
18.32		0.07143		
18.33		0.071341		
18.34		0.071252		
18.35		0.071163		
18.36		0.071074		
18.37		0.070985		
18.38		0.070897		
18.39		0.070809		
18.4		0.07072		
18.41		0.070632		
18.42		0.070545		
18.43		0.070457		
18.44		0.07037		
18.45		0.070282		
18.46		0.070195		
18.47		0.070108		
18.48		0.070021		
18.49		0.069934		
18.5		0.069848		
18.51		0.069761		
18.52		0.069675		
18.53		0.069589		
18.54		0.069503		
18.55		0.069417		
18.56		0.069332		
18.57		0.069246		
18.58		0.069161		
18.59		0.069076		
18.6		0.068991		
18.61		0.068906		
18.62		0.068821		
18.63		0.068737		
18.64		0.068652		
18.65		0.068568		
18.66		0.068484		
18.67		0.0684		
18.68		0.068316		
18.69		0.068232		
18.7		0.068149		
18.71		0.068066		
18.72		0.067982		
18.73		0.067899		
18.74		0.067816		
18.75		0.067734		
18.76		0.067651		
18.77		0.067569		
18.78		0.067486		
18.79		0.067404		
18.8		0.067322		
18.81		0.06724		
18.82		0.067158		
18.83		0.067077		
18.84		0.066995		
18.85		0.066914		
18.86		0.066833		
18.87		0.066752		
18.88		0.066671		
18.89		0.06659		
18.9		0.066509		
18.91		0.066429		
18.92		0.066349		
18.93		0.066268		
18.94		0.066188		
18.95		0.066109		
18.96		0.066029		
18.97		0.065949		
18.98		0.06587		
18.99		0.06579		
19		0.065711		
19.01		0.065632		
19.02		0.065553		
19.03		0.065474		
19.04		0.065396		
19.05		0.065317		
19.06		0.065239		
19.07		0.065161		
19.08		0.065082		
19.09		0.065004		
19.1		0.064927		
19.11		0.064849		
19.12		0.064771		
19.13		0.064694		
19.14		0.064617		
19.15		0.064539		
19.16		0.064462		
19.17		0.064386		
19.18		0.064309		
19.19		0.064232		
19.2		0.064156		
19.21		0.064079		
19.22		0.064003		
19.23		0.063927		
19.24		0.063851		
19.25		0.063775		
19.26		0.063699		
19.27		0.063624		
19.28		0.063548		
19.29		0.063473		
19.3		0.063398		
19.31		0.063323		
19.32		0.063248		
19.33		0.063173		
19.34		0.063099		
19.35		0.063024		
19.36		0.06295		
19.37		0.062875		
19.38		0.062801		
19.39		0.062727		
19.4		0.062653		
19.41		0.062579		
19.42		0.062506		
19.43		0.062432		
19.44		0.062359		
19.45		0.062286		
19.46		0.062212		
19.47		0.062139		
19.48		0.062067		
19.49		0.061994		
19.5		0.061921		
19.51		0.061849		
19.52		0.061776		
19.53		0.061704		
19.54		0.061632		
19.55		0.06156		
19.56		0.061488		
19.57		0.061416		
19.58		0.061344		
19.59		0.061273		
19.6		0.061201		
19.61		0.06113		
19.62		0.061059		
19.63		0.060988		
19.64		0.060917		
19.65		0.060846		
19.66		0.060775		
19.67		0.060705		
19.68		0.060634		
19.69		0.060564		
19.7		0.060494		
19.71		0.060424		
19.72		0.060354		
19.73		0.060284		
19.74		0.060214		
19.75		0.060144		
19.76		0.060075		
19.77		0.060005		
19.78		0.059936		
19.79		0.059867		
19.8		0.059798		
19.81		0.059729		
19.82		0.05966		
19.83		0.059591		
19.84		0.059523		
19.85		0.059454		
19.86		0.059386		
19.87		0.059318		
19.88		0.05925		
19.89		0.059182		
19.9		0.059114		
19.91		0.059046		
19.92		0.058978		
19.93		0.058911		
19.94		0.058843		
19.95		0.058776		
19.96		0.058709		
19.97		0.058641		
19.98		0.058574		
19.99		0.058508		
20		0.058441		
20.01		0.058374		
20.02		0.058308		
20.03		0.058241		
20.04		0.058175		
20.05		0.058109		
20.06		0.058042		
20.07		0.057976		
20.08		0.05791		
20.09		0.057845		
20.1		0.057779		
20.11		0.057713		
20.12		0.057648		
20.13		0.057583		
20.14		0.057517		
20.15		0.057452		
20.16		0.057387		
20.17		0.057322		
20.18		0.057257		
20.19		0.057193		
20.2		0.057128		
20.21		0.057064		
20.22		0.056999		
20.23		0.056935		
20.24		0.056871		
20.25		0.056807		
20.26		0.056743		
20.27		0.056679		
20.28		0.056615		
20.29		0.056551		
20.3		0.056488		
20.31		0.056424		
20.32		0.056361		
20.33		0.056298		
20.34		0.056234		
20.35		0.056171		
20.36		0.056108		
20.37		0.056046		
20.38		0.055983		
20.39		0.05592		
20.4		0.055858		
20.41		0.055795		
20.42		0.055733		
20.43		0.055671		
20.44		0.055609		
20.45		0.055547		
20.46		0.055485		
20.47		0.055423		
20.48		0.055361		
20.49		0.055299		
20.5		0.055238		
20.51		0.055177		
20.52		0.055115		
20.53		0.055054		
20.54		0.054993		
20.55		0.054932		
20.56		0.054871		
20.57		0.05481		
20.58		0.054749		
20.59		0.054689		
20.6		0.054628		
20.61		0.054568		
20.62		0.054507		
20.63		0.054447		
20.64		0.054387		
20.65		0.054327		
20.66		0.054267		
20.67		0.054207		
20.68		0.054147		
20.69		0.054088		
20.7		0.054028		
20.71		0.053969		
20.72		0.053909		
20.73		0.05385		
20.74		0.053791		
20.75		0.053732		
20.76		0.053673		
20.77		0.053614		
20.78		0.053555		
20.79		0.053496		
20.8		0.053438		
20.81		0.053379		
20.82		0.053321		
20.83		0.053262		
20.84		0.053204		
20.85		0.053146		
20.86		0.053088		
20.87		0.05303		
20.88		0.052972		
20.89		0.052914		
20.9		0.052856		
20.91		0.052799		
20.92		0.052741		
20.93		0.052684		
20.94		0.052626		
20.95		0.052569		
20.96		0.052512		
20.97		0.052455		
20.98		0.052398		
20.99		0.052341		
21		0.052284		
21.01		0.052228		
21.02		0.052171		
21.03		0.052114		
21.04		0.052058		
21.05		0.052002		
21.06		0.051945		
21.07		0.051889		
21.08		0.051833		
21.09		0.051777		
21.1		0.051721		
21.11		0.051665		
21.12		0.05161		
21.13		0.051554		
21.14		0.051499		
21.15		0.051443		
21.16		0.051388		
21.17		0.051332		
21.18		0.051277		
21.19		0.051222		
21.2		0.051167		
21.21		0.051112		
21.22		0.051057		
21.23		0.051002		
21.24		0.050948		
21.25		0.050893		
21.26		0.050839		
21.27		0.050784		
21.28		0.05073		
21.29		0.050676		
21.3		0.050621		
21.31		0.050567		
21.32		0.050513		
21.33		0.050459		
21.34		0.050405		
21.35		0.050352		
21.36		0.050298		
21.37		0.050244		
21.38		0.050191		
21.39		0.050137		
21.4		0.050084		
21.41		0.050031		
21.42		0.049978		
21.43		0.049925		
21.44		0.049872		
21.45		0.049819		
21.46		0.049766		
21.47		0.049713		
21.48		0.04966		
21.49		0.049608		
21.5		0.049555		
21.51		0.049503		
21.52		0.04945		
21.53		0.049398		
21.54		0.049346		
21.55		0.049294		
21.56		0.049242		
21.57		0.04919		
21.58		0.049138		
21.59		0.049086		
21.6		0.049034		
21.61		0.048983		
21.62		0.048931		
21.63		0.04888		
21.64		0.048828		
21.65		0.048777		
21.66		0.048726		
21.67		0.048674		
21.68		0.048623		
21.69		0.048572		
21.7		0.048521		
21.71		0.04847		
21.72		0.04842		
21.73		0.048369		
21.74		0.048318		
21.75		0.048268		
21.76		0.048217		
21.77		0.048167		
21.78		0.048117		
21.79		0.048066		
21.8		0.048016		
21.81		0.047966		
21.82		0.047916		
21.83		0.047866		
21.84		0.047816		
21.85		0.047766		
21.86		0.047717		
21.87		0.047667		
21.88		0.047618		
21.89		0.047568		
21.9		0.047519		
21.91		0.047469		
21.92		0.04742		
21.93		0.047371		
21.94		0.047322		
21.95		0.047273		
21.96		0.047224		
21.97		0.047175		
21.98		0.047126		
21.99		0.047077		
22		0.047029		
22.01		0.04698		
22.02		0.046931		
22.03		0.046883		
22.04		0.046835		
22.05		0.046786		
22.06		0.046738		
22.07		0.04669		
22.08		0.046642		
22.09		0.046594		
22.1		0.046546		
22.11		0.046498		
22.12		0.04645		
22.13		0.046402		
22.14		0.046355		
22.15		0.046307		
22.16		0.04626		
22.17		0.046212		
22.18		0.046165		
22.19		0.046117		
22.2		0.04607		
22.21		0.046023		
22.22		0.045976		
22.23		0.045929		
22.24		0.045882		
22.25		0.045835		
22.26		0.045788		
22.27		0.045742		
22.28		0.045695		
22.29		0.045648		
22.3		0.045602		
22.31		0.045555		
22.32		0.045509		
22.33		0.045463		
22.34		0.045416		
22.35		0.04537		
22.36		0.045324		
22.37		0.045278		
22.38		0.045232		
22.39		0.045186		
22.4		0.04514		
22.41		0.045094		
22.42		0.045049		
22.43		0.045003		
22.44		0.044957		
22.45		0.044912		
22.46		0.044866		
22.47		0.044821		
22.48		0.044776		
22.49		0.044731		
22.5		0.044685		
22.51		0.04464		
22.52		0.044595		
22.53		0.04455		
22.54		0.044505		
22.55		0.04446		
22.56		0.044416		
22.57		0.044371		
22.58		0.044326		
22.59		0.044282		
22.6		0.044237		
22.61		0.044193		
22.62		0.044148		
22.63		0.044104		
22.64		0.04406		
22.65		0.044016		
22.66		0.043971		
22.67		0.043927		
22.68		0.043883		
22.69		0.043839		
22.7		0.043795		
22.71		0.043752		
22.72		0.043708		
22.73		0.043664		
22.74		0.043621		
22.75		0.043577		
22.76		0.043534		
22.77		0.04349		
22.78		0.043447		
22.79		0.043403		
22.8		0.04336		
22.81		0.043317		
22.82		0.043274		
22.83		0.043231		
22.84		0.043188		
22.85		0.043145		
22.86		0.043102		
22.87		0.043059		
22.88		0.043017		
22.89		0.042974		
22.9		0.042931		
22.91		0.042889		
22.92		0.042846		
22.93		0.042804		
22.94		0.042761		
22.95		0.042719		
22.96		0.042677		
22.97		0.042635		
22.98		0.042593		
22.99		0.04255		
23		0.042508		
23.01		0.042466		
23.02		0.042425		
23.03		0.042383		
23.04		0.042341		
23.05		0.042299		
23.06		0.042258		
23.07		0.042216		
23.08		0.042175		
23.09		0.042133		
23.1		0.042092		
23.11		0.04205		
23.12		0.042009		
23.13		0.041968		
23.14		0.041927		
23.15		0.041885		
23.16		0.041844		
23.17		0.041803		
23.18		0.041762		
23.19		0.041722		
23.2		0.041681		
23.21		0.04164		
23.22		0.041599		
23.23		0.041559		
23.24		0.041518		
23.25		0.041478		
23.26		0.041437		
23.27		0.041397		
23.28		0.041356		
23.29		0.041316		
23.3		0.041276		
23.31		0.041236		
23.32		0.041195		
23.33		0.041155		
23.34		0.041115		
23.35		0.041075		
23.36		0.041035		
23.37		0.040996		
23.38		0.040956		
23.39		0.040916		
23.4		0.040876		
23.41		0.040837		
23.42		0.040797		
23.43		0.040758		
23.44		0.040718		
23.45		0.040679		
23.46		0.04064		
23.47		0.0406		
23.48		0.040561		
23.49		0.040522		
23.5		0.040483		
23.51		0.040444		
23.52		0.040405		
23.53		0.040366		
23.54		0.040327		
23.55		0.040288		
23.56		0.040249		
23.57		0.04021		
23.58		0.040172		
23.59		0.040133		
23.6		0.040094		
23.61		0.040056		
23.62		0.040018		
23.63		0.039979		
23.64		0.039941		
23.65		0.039902		
23.66		0.039864		
23.67		0.039826		
23.68		0.039788		
23.69		0.03975		
23.7		0.039712		
23.71		0.039674		
23.72		0.039636		
23.73		0.039598		
23.74		0.03956		
23.75		0.039522		
23.76		0.039485		
23.77		0.039447		
23.78		0.039409		
23.79		0.039372		
23.8		0.039334		
23.81		0.039297		
23.82		0.039259		
23.83		0.039222		
23.84		0.039185		
23.85		0.039147		
23.86		0.03911		
23.87		0.039073		
23.88		0.039036		
23.89		0.038999		
23.9		0.038962		
23.91		0.038925		
23.92		0.038888		
23.93		0.038851		
23.94		0.038814		
23.95		0.038778		
23.96		0.038741		
23.97		0.038704		
23.98		0.038668		
23.99		0.038631		
24		0.038595		
24.01		0.038558		
24.02		0.038522		
24.03		0.038486		
24.04		0.038449		
24.05		0.038413		
24.06		0.038377		
24.07		0.038341		
24.08		0.038305		
24.09		0.038269		
24.1		0.038233		
24.11		0.038197		
24.12		0.038161		
24.13		0.038125		
24.14		0.038089		
24.15		0.038053		
24.16		0.038018		
24.17		0.037982		
24.18		0.037946		
24.19		0.037911		
24.2		0.037875		
24.21		0.03784		
24.22		0.037804		
24.23		0.037769		
24.24		0.037734		
24.25		0.037699		
24.26		0.037663		
24.27		0.037628		
24.28		0.037593		
24.29		0.037558		
24.3		0.037523		
24.31		0.037488		
24.32		0.037453		
24.33		0.037418		
24.34		0.037383		
24.35		0.037349		
24.36		0.037314		
24.37		0.037279		
24.38		0.037244		
24.39		0.03721		
24.4		0.037175		
24.41		0.037141		
24.42		0.037106		
24.43		0.037072		
24.44		0.037038		
24.45		0.037003		
24.46		0.036969		
24.47		0.036935		
24.48		0.036901		
24.49		0.036866		
24.5		0.036832		
24.51		0.036798		
24.52		0.036764		
24.53		0.03673		
24.54		0.036696		
24.55		0.036663		
24.56		0.036629		
24.57		0.036595		
24.58		0.036561		
24.59		0.036528		
24.6		0.036494		
24.61		0.03646		
24.62		0.036427		
24.63		0.036393		
24.64		0.03636		
24.65		0.036327		
24.66		0.036293		
24.67		0.03626		
24.68		0.036227		
24.69		0.036193		
24.7		0.03616		
24.71		0.036127		
24.72		0.036094		
24.73		0.036061		
24.74		0.036028		
24.75		0.035995		
24.76		0.035962		
24.77		0.035929		
24.78		0.035896		
24.79		0.035864		
24.8		0.035831		
24.81		0.035798		
24.82		0.035765		
24.83		0.035733		
24.84		0.0357		
24.85		0.035668		
24.86		0.035635		
24.87		0.035603		
24.88		0.03557		
24.89		0.035538		
24.9		0.035506		
24.91		0.035473		
24.92		0.035441		
24.93		0.035409		
24.94		0.035377		
24.95		0.035345		
24.96		0.035313		
24.97		0.035281		
24.98		0.035249		
24.99		0.035217		
25		0.035185		
25.01		0.035153		
25.02		0.035121		
25.03		0.03509		
25.04		0.035058		
25.05		0.035026		
25.06		0.034995		
25.07		0.034963		
25.08		0.034931		
25.09		0.0349		
25.1		0.034868		
25.11		0.034837		
25.12		0.034806		
25.13		0.034774		
25.14		0.034743		
25.15		0.034712		
25.16		0.03468		
25.17		0.034649		
25.18		0.034618		
25.19		0.034587		
25.2		0.034556		
25.21		0.034525		
25.22		0.034494		
25.23		0.034463		
25.24		0.034432		
25.25		0.034401		
25.26		0.034371		
25.27		0.03434		
25.28		0.034309		
25.29		0.034278		
25.3		0.034248		
25.31		0.034217		
25.32		0.034186		
25.33		0.034156		
25.34		0.034125		
25.35		0.034095		
25.36		0.034065		
25.37		0.034034		
25.38		0.034004		
25.39		0.033974		
25.4		0.033943		
25.41		0.033913		
25.42		0.033883		
25.43		0.033853		
25.44		0.033823		
25.45		0.033793		
25.46		0.033763		
25.47		0.033733		
25.48		0.033703		
25.49		0.033673		
25.5		0.033643		
25.51		0.033613		
25.52		0.033583		
25.53		0.033553		
25.54		0.033524		
25.55		0.033494		
25.56		0.033464		
25.57		0.033435		
25.58		0.033405		
25.59		0.033376		
25.6		0.033346		
25.61		0.033317		
25.62		0.033287		
25.63		0.033258		
25.64		0.033229		
25.65		0.033199		
25.66		0.03317		
25.67		0.033141		
25.68		0.033112		
25.69		0.033083		
25.7		0.033053		
25.71		0.033024		
25.72		0.032995		
25.73		0.032966		
25.74		0.032937		
25.75		0.032908		
25.76		0.03288		
25.77		0.032851		
25.78		0.032822		
25.79		0.032793		
25.8		0.032764		
25.81		0.032736		
25.82		0.032707		
25.83		0.032678		
25.84		0.03265		
25.85		0.032621		
25.86		0.032593		
25.87		0.032564		
25.88		0.032536		
25.89		0.032507		
25.9		0.032479		
25.91		0.032451		
25.92		0.032422		
25.93		0.032394		
25.94		0.032366		
25.95		0.032338		
25.96		0.032309		
25.97		0.032281		
25.98		0.032253		
25.99		0.032225		
26		0.032197		
26.01		0.032169		
26.02		0.032141		
26.03		0.032113		
26.04		0.032085		
26.05		0.032058		
26.06		0.03203		
26.07		0.032002		
26.08		0.031974		
26.09		0.031947		
26.1		0.031919		
26.11		0.031891		
26.12		0.031864		
26.13		0.031836		
26.14		0.031809		
26.15		0.031781		
26.16		0.031754		
26.17		0.031726		
26.18		0.031699		
26.19		0.031671		
26.2		0.031644		
26.21		0.031617		
26.22		0.03159		
26.23		0.031562		
26.24		0.031535		
26.25		0.031508		
26.26		0.031481		
26.27		0.031454		
26.28		0.031427		
26.29		0.0314		
26.3		0.031373		
26.31		0.031346		
26.32		0.031319		
26.33		0.031292		
26.34		0.031265		
26.35		0.031238		
26.36		0.031212		
26.37		0.031185		
26.38		0.031158		
26.39		0.031131		
26.4		0.031105		
26.41		0.031078		
26.42		0.031052		
26.43		0.031025		
26.44		0.030999		
26.45		0.030972		
26.46		0.030946		
26.47		0.030919		
26.48		0.030893		
26.49		0.030866		
26.5		0.03084		
26.51		0.030814		
26.52		0.030788		
26.53		0.030761		
26.54		0.030735		
26.55		0.030709		
26.56		0.030683		
26.57		0.030657		
26.58		0.030631		
26.59		0.030605		
26.6		0.030579		
26.61		0.030553		
26.62		0.030527		
26.63		0.030501		
26.64		0.030475		
26.65		0.030449		
26.66		0.030423		
26.67		0.030398		
26.68		0.030372		
26.69		0.030346		
26.7		0.030321		
26.71		0.030295		
26.72		0.030269		
26.73		0.030244		
26.74		0.030218		
26.75		0.030193		
26.76		0.030167		
26.77		0.030142		
26.78		0.030116		
26.79		0.030091		
26.8		0.030066		
26.81		0.03004		
26.82		0.030015		
26.83		0.02999		
26.84		0.029964		
26.85		0.029939		
26.86		0.029914		
26.87		0.029889		
26.88		0.029864		
26.89		0.029839		
26.9		0.029814		
26.91		0.029789		
26.92		0.029764		
26.93		0.029739		
26.94		0.029714		
26.95		0.029689		
26.96		0.029664		
26.97		0.029639		
26.98		0.029614		
26.99		0.029589		
27		0.029565		
27.01		0.02954		
27.02		0.029515		
27.03		0.029491		
27.04		0.029466		
27.05		0.029441		
27.06		0.029417		
27.07		0.029392		
27.08		0.029368		
27.09		0.029343		
27.1		0.029319		
27.11		0.029294		
27.12		0.02927		
27.13		0.029246		
27.14		0.029221		
27.15		0.029197		
27.16		0.029173		
27.17		0.029148		
27.18		0.029124		
27.19		0.0291		
27.2		0.029076		
27.21		0.029052		
27.22		0.029028		
27.23		0.029004		
27.24		0.02898		
27.25		0.028956		
27.26		0.028932		
27.27		0.028908		
27.28		0.028884		
27.29		0.02886		
27.3		0.028836		
27.31		0.028812		
27.32		0.028788		
27.33		0.028764		
27.34		0.028741		
27.35		0.028717		
27.36		0.028693		
27.37		0.02867		
27.38		0.028646		
27.39		0.028622		
27.4		0.028599		
27.41		0.028575		
27.42		0.028552		
27.43		0.028528		
27.44		0.028505		
27.45		0.028481		
27.46		0.028458		
27.47		0.028434		
27.48		0.028411		
27.49		0.028388		
27.5		0.028364		
27.51		0.028341		
27.52		0.028318		
27.53		0.028295		
27.54		0.028272		
27.55		0.028248		
27.56		0.028225		
27.57		0.028202		
27.58		0.028179		
27.59		0.028156		
27.6		0.028133		
27.61		0.02811		
27.62		0.028087		
27.63		0.028064		
27.64		0.028041		
27.65		0.028018		
27.66		0.027995		
27.67		0.027972		
27.68		0.02795		
27.69		0.027927		
27.7		0.027904		
27.71		0.027881		
27.72		0.027859		
27.73		0.027836		
27.74		0.027813		
27.75		0.027791		
27.76		0.027768		
27.77		0.027746		
27.78		0.027723		
27.79		0.027701		
27.8		0.027678		
27.81		0.027656		
27.82		0.027633		
27.83		0.027611		
27.84		0.027588		
27.85		0.027566		
27.86		0.027544		
27.87		0.027521		
27.88		0.027499		
27.89		0.027477		
27.9		0.027455		
27.91		0.027432		
27.92		0.02741		
27.93		0.027388		
27.94		0.027366		
27.95		0.027344		
27.96		0.027322		
27.97		0.0273		
27.98		0.027278		
27.99		0.027256		
28		0.027234		
28.01		0.027212		
28.02		0.02719		
28.03		0.027168		
28.04		0.027146		
28.05		0.027124		
28.06		0.027102		
28.07		0.027081		
28.08		0.027059		
28.09		0.027037		
28.1		0.027015		
28.11		0.026994		
28.12		0.026972		
28.13		0.02695		
28.14		0.026929		
28.15		0.026907		
28.16		0.026886		
28.17		0.026864		
28.18		0.026843		
28.19		0.026821		
28.2		0.0268		
28.21		0.026778		
28.22		0.026757		
28.23		0.026735		
28.24		0.026714		
28.25		0.026693		
28.26		0.026671		
28.27		0.02665		
28.28		0.026629		
28.29		0.026608		
28.3		0.026586		
28.31		0.026565		
28.32		0.026544		
28.33		0.026523		
28.34		0.026502		
28.35		0.026481		
28.36		0.02646		
28.37		0.026439		
28.38		0.026418		
28.39		0.026397		
28.4		0.026376		
28.41		0.026355		
28.42		0.026334		
28.43		0.026313		
28.44		0.026292		
28.45		0.026271		
28.46		0.02625		
28.47		0.026229		
28.48		0.026209		
28.49		0.026188		
28.5		0.026167		
28.51		0.026147		
28.52		0.026126		
28.53		0.026105		
28.54		0.026085		
28.55		0.026064		
28.56		0.026043		
28.57		0.026023		
28.58		0.026002		
28.59		0.025982		
28.6		0.025961		
28.61		0.025941		
28.62		0.02592		
28.63		0.0259		
28.64		0.025879		
28.65		0.025859		
28.66		0.025839		
28.67		0.025818		
28.68		0.025798		
28.69		0.025778		
28.7		0.025758		
28.71		0.025737		
28.72		0.025717		
28.73		0.025697		
28.74		0.025677		
28.75		0.025657		
28.76		0.025636		
28.77		0.025616		
28.78		0.025596		
28.79		0.025576		
28.8		0.025556		
28.81		0.025536		
28.82		0.025516		
28.83		0.025496		
28.84		0.025476		
28.85		0.025456		
28.86		0.025436		
28.87		0.025417		
28.88		0.025397		
28.89		0.025377		
28.9		0.025357		
28.91		0.025337		
28.92		0.025318		
28.93		0.025298		
28.94		0.025278		
28.95		0.025258		
28.96		0.025239		
28.97		0.025219		
28.98		0.025199		
28.99		0.02518		
29		0.02516		
29.01		0.025141		
29.02		0.025121		
29.03		0.025102		
29.04		0.025082		
29.05		0.025063		
29.06		0.025043		
29.07		0.025024		
29.08		0.025004		
29.09		0.024985		
29.1		0.024966		
29.11		0.024946		
29.12		0.024927		
29.13		0.024908		
29.14		0.024888		
29.15		0.024869		
29.16		0.02485		
29.17		0.024831		
29.18		0.024811		
29.19		0.024792		
29.2		0.024773		
29.21		0.024754		
29.22		0.024735		
29.23		0.024716		
29.24		0.024697		
29.25		0.024678		
29.26		0.024659		
29.27		0.02464		
29.28		0.024621		
29.29		0.024602		
29.3		0.024583		
29.31		0.024564		
29.32		0.024545		
29.33		0.024526		
29.34		0.024507		
29.35		0.024489		
29.36		0.02447		
29.37		0.024451		
29.38		0.024432		
29.39		0.024413		
29.4		0.024395		
29.41		0.024376		
29.42		0.024357		
29.43		0.024339		
29.44		0.02432		
29.45		0.024301		
29.46		0.024283		
29.47		0.024264		
29.48		0.024246		
29.49		0.024227		
29.5		0.024209		
29.51		0.02419		
29.52		0.024172		
29.53		0.024153		
29.54		0.024135		
29.55		0.024116		
29.56		0.024098		
29.57		0.024079		
29.58		0.024061		
29.59		0.024043		
29.6		0.024024		
29.61		0.024006		
29.62		0.023988		
29.63		0.02397		
29.64		0.023951		
29.65		0.023933		
29.66		0.023915		
29.67		0.023897		
29.68		0.023879		
29.69		0.023861		
29.7		0.023842		
29.71		0.023824		
29.72		0.023806		
29.73		0.023788		
29.74		0.02377		
29.75		0.023752		
29.76		0.023734		
29.77		0.023716		
29.78		0.023698		
29.79		0.02368		
29.8		0.023662		
29.81		0.023644		
29.82		0.023627		
29.83		0.023609		
29.84		0.023591		
29.85		0.023573		
29.86		0.023555		
29.87		0.023538		
29.88		0.02352		
29.89		0.023502		
29.9		0.023484		
29.91		0.023467		
29.92		0.023449		
29.93		0.023431		
29.94		0.023414		
29.95		0.023396		
29.96		0.023378		
29.97		0.023361		
29.98		0.023343		
29.99		0.023326		
30		0.023308		
