tau [fm]		pi [fm^-4]
0.25		0
0.26		12.639		
0.27		23.2199		
0.28		32.0877		
0.29		39.5224		
0.3		45.7529		
0.31		50.9671		
0.32		55.3206		
0.33		58.9423		
0.34		61.9403		
0.35		64.4049		
0.36		66.4124		
0.37		68.0272		
0.38		69.3041		
0.39		70.2898		
0.4		71.0239		
0.41		71.5408		
0.42		71.8698		
0.43		72.0362		
0.44		72.0618		
0.45		71.9657		
0.46		71.7642		
0.47		71.4718		
0.48		71.1007		
0.49		70.662		
0.5		70.1651		
0.51		69.6184		
0.52		69.0291		
0.53		68.4036		
0.54		67.7477		
0.55		67.0662		
0.56		66.3634		
0.57		65.6433		
0.58		64.9092		
0.59		64.164		
0.6		63.4104		
0.61		62.6507		
0.62		61.8869		
0.63		61.1208		
0.64		60.354		
0.65		59.5879		
0.66		58.8237		
0.67		58.0625		
0.68		57.3052		
0.69		56.5525		
0.7		55.8054		
0.71		55.0642		
0.72		54.3296		
0.73		53.6021		
0.74		52.882		
0.75		52.1697		
0.76		51.4654		
0.77		50.7695		
0.78		50.082		
0.79		49.4032		
0.8		48.7331		
0.81		48.0719		
0.82		47.4197		
0.83		46.7764		
0.84		46.1421		
0.85		45.5168		
0.86		44.9006		
0.87		44.2933		
0.88		43.6949		
0.89		43.1054		
0.9		42.5248		
0.91		41.9529		
0.92		41.3897		
0.93		40.8352		
0.94		40.2891		
0.95		39.7515		
0.96		39.2222		
0.97		38.7011		
0.98		38.1881		
0.99		37.6832		
1		37.1861		
1.01		36.6969		
1.02		36.2154		
1.03		35.7414		
1.04		35.2749		
1.05		34.8158		
1.06		34.3639		
1.07		33.9191		
1.08		33.4813		
1.09		33.0504		
1.1		32.6264		
1.11		32.209		
1.12		31.7981		
1.13		31.3937		
1.14		30.9957		
1.15		30.6039		
1.16		30.2183		
1.17		29.8387		
1.18		29.465		
1.19		29.0972		
1.2		28.735		
1.21		28.3786		
1.22		28.0276		
1.23		27.6821		
1.24		27.3419		
1.25		27.0069		
1.26		26.6772		
1.27		26.3525		
1.28		26.0327		
1.29		25.7179		
1.3		25.4078		
1.31		25.1025		
1.32		24.8018		
1.33		24.5057		
1.34		24.214		
1.35		23.9268		
1.36		23.6438		
1.37		23.3651		
1.38		23.0906		
1.39		22.8202		
1.4		22.5538		
1.41		22.2913		
1.42		22.0328		
1.43		21.778		
1.44		21.527		
1.45		21.2797		
1.46		21.0361		
1.47		20.7959		
1.48		20.5593		
1.49		20.3261		
1.5		20.0963		
1.51		19.8698		
1.52		19.6466		
1.53		19.4266		
1.54		19.2098		
1.55		18.996		
1.56		18.7853		
1.57		18.5776		
1.58		18.3728		
1.59		18.1709		
1.6		17.9719		
1.61		17.7757		
1.62		17.5822		
1.63		17.3914		
1.64		17.2033		
1.65		17.0178		
1.66		16.8348		
1.67		16.6544		
1.68		16.4765		
1.69		16.301		
1.7		16.128		
1.71		15.9573		
1.72		15.7889		
1.73		15.6228		
1.74		15.459		
1.75		15.2973		
1.76		15.1379		
1.77		14.9806		
1.78		14.8254		
1.79		14.6723		
1.8		14.5212		
1.81		14.3721		
1.82		14.225		
1.83		14.0799		
1.84		13.9366		
1.85		13.7953		
1.86		13.6558		
1.87		13.5181		
1.88		13.3822		
1.89		13.2481		
1.9		13.1157		
1.91		12.985		
1.92		12.8561		
1.93		12.7287		
1.94		12.6031		
1.95		12.479		
1.96		12.3565		
1.97		12.2355		
1.98		12.1161		
1.99		11.9982		
2		11.8818		
2.01		11.7669		
2.02		11.6534		
2.03		11.5413		
2.04		11.4307		
2.05		11.3214		
2.06		11.2134		
2.07		11.1068		
2.08		11.0015		
2.09		10.8975		
2.1		10.7948		
2.11		10.6934		
2.12		10.5932		
2.13		10.4942		
2.14		10.3964		
2.15		10.2998		
2.16		10.2044		
2.17		10.1101		
2.18		10.017		
2.19		9.92494		
2.2		9.83402		
2.21		9.74418		
2.22		9.65542		
2.23		9.56771		
2.24		9.48104		
2.25		9.39539		
2.26		9.31076		
2.27		9.22712		
2.28		9.14446		
2.29		9.06278		
2.3		8.98204		
2.31		8.90225		
2.32		8.82338		
2.33		8.74542		
2.34		8.66837		
2.35		8.59221		
2.36		8.51692		
2.37		8.4425		
2.38		8.36892		
2.39		8.29619		
2.4		8.22429		
2.41		8.1532		
2.42		8.08292		
2.43		8.01344		
2.44		7.94473		
2.45		7.87681		
2.46		7.80964		
2.47		7.74322		
2.48		7.67755		
2.49		7.61261		
2.5		7.54839		
2.51		7.48489		
2.52		7.42208		
2.53		7.35997		
2.54		7.29854		
2.55		7.23779		
2.56		7.17771		
2.57		7.11828		
2.58		7.05949		
2.59		7.00135		
2.6		6.94384		
2.61		6.88695		
2.62		6.83068		
2.63		6.77501		
2.64		6.71995		
2.65		6.66547		
2.66		6.61157		
2.67		6.55825		
2.68		6.5055		
2.69		6.45331		
2.7		6.40168		
2.71		6.35059		
2.72		6.30003		
2.73		6.25002		
2.74		6.20052		
2.75		6.15155		
2.76		6.10308		
2.77		6.05513		
2.78		6.00767		
2.79		5.96071		
2.8		5.91423		
2.81		5.86823		
2.82		5.82271		
2.83		5.77765		
2.84		5.73306		
2.85		5.68892		
2.86		5.64524		
2.87		5.602		
2.88		5.5592		
2.89		5.51684		
2.9		5.47491		
2.91		5.4334		
2.92		5.3923		
2.93		5.35162		
2.94		5.31135		
2.95		5.27149		
2.96		5.23202		
2.97		5.19295		
2.98		5.15426		
2.99		5.11596		
3		5.07804		
3.01		5.04049		
3.02		5.00331		
3.03		4.9665		
3.04		4.93005		
3.05		4.89396		
3.06		4.85822		
3.07		4.82283		
3.08		4.78779		
3.09		4.75308		
3.1		4.71871		
3.11		4.68467		
3.12		4.65097		
3.13		4.61758		
3.14		4.58452		
3.15		4.55177		
3.16		4.51934		
3.17		4.48722		
3.18		4.4554		
3.19		4.42389		
3.2		4.39267		
3.21		4.36175		
3.22		4.33112		
3.23		4.30079		
3.24		4.27073		
3.25		4.24096		
3.26		4.21147		
3.27		4.18225		
3.28		4.15331		
3.29		4.12463		
3.3		4.09622		
3.31		4.06807		
3.32		4.04019		
3.33		4.01256		
3.34		3.98519		
3.35		3.95806		
3.36		3.93119		
3.37		3.90456		
3.38		3.87818		
3.39		3.85203		
3.4		3.82613		
3.41		3.80046		
3.42		3.77502		
3.43		3.74981		
3.44		3.72483		
3.45		3.70007		
3.46		3.67553		
3.47		3.65122		
3.48		3.62712		
3.49		3.60324		
3.5		3.57957		
3.51		3.55611		
3.52		3.53286		
3.53		3.50981		
3.54		3.48697		
3.55		3.46433		
3.56		3.44189		
3.57		3.41965		
3.58		3.3976		
3.59		3.37574		
3.6		3.35407		
3.61		3.3326		
3.62		3.31131		
3.63		3.2902		
3.64		3.26928		
3.65		3.24853		
3.66		3.22797		
3.67		3.20758		
3.68		3.18737		
3.69		3.16733		
3.7		3.14746		
3.71		3.12776		
3.72		3.10823		
3.73		3.08887		
3.74		3.06967		
3.75		3.05063		
3.76		3.03175		
3.77		3.01304		
3.78		2.99448		
3.79		2.97607		
3.8		2.95782		
3.81		2.93972		
3.82		2.92178		
3.83		2.90398		
3.84		2.88633		
3.85		2.86883		
3.86		2.85147		
3.87		2.83426		
3.88		2.81718		
3.89		2.80025		
3.9		2.78346		
3.91		2.7668		
3.92		2.75028		
3.93		2.7339		
3.94		2.71765		
3.95		2.70153		
3.96		2.68554		
3.97		2.66969		
3.98		2.65396		
3.99		2.63835		
4		2.62288		
4.01		2.60753		
4.02		2.5923		
4.03		2.57719		
4.04		2.5622		
4.05		2.54733		
4.06		2.53259		
4.07		2.51795		
4.08		2.50344		
4.09		2.48904		
4.1		2.47475		
4.11		2.46058		
4.12		2.44651		
4.13		2.43256		
4.14		2.41872		
4.15		2.40498		
4.16		2.39136		
4.17		2.37783		
4.18		2.36442		
4.19		2.35111		
4.2		2.3379		
4.21		2.32479		
4.22		2.31179		
4.23		2.29888		
4.24		2.28608		
4.25		2.27337		
4.26		2.26076		
4.27		2.24824		
4.28		2.23582		
4.29		2.2235		
4.3		2.21127		
4.31		2.19913		
4.32		2.18709		
4.33		2.17513		
4.34		2.16327		
4.35		2.15149		
4.36		2.13981		
4.37		2.12821		
4.38		2.1167		
4.39		2.10527		
4.4		2.09393		
4.41		2.08268		
4.42		2.0715		
4.43		2.06041		
4.44		2.04941		
4.45		2.03848		
4.46		2.02764		
4.47		2.01687		
4.48		2.00618		
4.49		1.99558		
4.5		1.98504		
4.51		1.97459		
4.52		1.96421		
4.53		1.95391		
4.54		1.94369		
4.55		1.93353		
4.56		1.92345		
4.57		1.91345		
4.58		1.90351		
4.59		1.89365		
4.6		1.88386		
4.61		1.87414		
4.62		1.86449		
4.63		1.8549		
4.64		1.84539		
4.65		1.83594		
4.66		1.82656		
4.67		1.81725		
4.68		1.808		
4.69		1.79882		
4.7		1.78971		
4.71		1.78065		
4.72		1.77166		
4.73		1.76274		
4.74		1.75388		
4.75		1.74507		
4.76		1.73633		
4.77		1.72766		
4.78		1.71904		
4.79		1.71048		
4.8		1.70198		
4.81		1.69354		
4.82		1.68516		
4.83		1.67683		
4.84		1.66856		
4.85		1.66035		
4.86		1.6522		
4.87		1.6441		
4.88		1.63606		
4.89		1.62807		
4.9		1.62014		
4.91		1.61226		
4.92		1.60443		
4.93		1.59666		
4.94		1.58894		
4.95		1.58127		
4.96		1.57365		
4.97		1.56608		
4.98		1.55857		
4.99		1.5511		
5		1.54369		
5.01		1.53632		
5.02		1.52901		
5.03		1.52174		
5.04		1.51452		
5.05		1.50735		
5.06		1.50022		
5.07		1.49315		
5.08		1.48612		
5.09		1.47913		
5.1		1.47219		
5.11		1.4653		
5.12		1.45845		
5.13		1.45165		
5.14		1.44489		
5.15		1.43818		
5.16		1.43151		
5.17		1.42488		
5.18		1.41829		
5.19		1.41175		
5.2		1.40525		
5.21		1.3988		
5.22		1.39238		
5.23		1.386		
5.24		1.37967		
5.25		1.37338		
5.26		1.36712		
5.27		1.36091		
5.28		1.35474		
5.29		1.3486		
5.3		1.3425		
5.31		1.33645		
5.32		1.33043		
5.33		1.32445		
5.34		1.3185		
5.35		1.3126		
5.36		1.30673		
5.37		1.3009		
5.38		1.2951		
5.39		1.28934		
5.4		1.28362		
5.41		1.27793		
5.42		1.27228		
5.43		1.26666		
5.44		1.26108		
5.45		1.25553		
5.46		1.25002		
5.47		1.24454		
5.48		1.2391		
5.49		1.23368		
5.5		1.2283		
5.51		1.22296		
5.52		1.21764		
5.53		1.21236		
5.54		1.20712		
5.55		1.2019		
5.56		1.19671		
5.57		1.19156		
5.58		1.18644		
5.59		1.18135		
5.6		1.17628		
5.61		1.17125		
5.62		1.16625		
5.63		1.16128		
5.64		1.15634		
5.65		1.15143		
5.66		1.14655		
5.67		1.1417		
5.68		1.13688		
5.69		1.13208		
5.7		1.12731		
5.71		1.12258		
5.72		1.11787		
5.73		1.11318		
5.74		1.10853		
5.75		1.1039		
5.76		1.0993		
5.77		1.09473		
5.78		1.09018		
5.79		1.08566		
5.8		1.08117		
5.81		1.0767		
5.82		1.07226		
5.83		1.06785		
5.84		1.06346		
5.85		1.05909		
5.86		1.05475		
5.87		1.05044		
5.88		1.04615		
5.89		1.04189		
5.9		1.03765		
5.91		1.03343		
5.92		1.02924		
5.93		1.02507		
5.94		1.02093		
5.95		1.01681		
5.96		1.01271		
5.97		1.00864		
5.98		1.00459		
5.99		1.00056		
6		0.996557		
6.01		0.992576		
6.02		0.988616		
6.03		0.984679		
6.04		0.980764		
6.05		0.976871		
6.06		0.972999		
6.07		0.96915		
6.08		0.965322		
6.09		0.961515		
6.1		0.957729		
6.11		0.953965		
6.12		0.950221		
6.13		0.946498		
6.14		0.942796		
6.15		0.939114		
6.16		0.935452		
6.17		0.931811		
6.18		0.928189		
6.19		0.924588		
6.2		0.921006		
6.21		0.917444		
6.22		0.913901		
6.23		0.910378		
6.24		0.906873		
6.25		0.903388		
6.26		0.899922		
6.27		0.896475		
6.28		0.893046		
6.29		0.889635		
6.3		0.886244		
6.31		0.88287		
6.32		0.879514		
6.33		0.876177		
6.34		0.872858		
6.35		0.869556		
6.36		0.866272		
6.37		0.863005		
6.38		0.859756		
6.39		0.856524		
6.4		0.853309		
6.41		0.850112		
6.42		0.846931		
6.43		0.843767		
6.44		0.84062		
6.45		0.837489		
6.46		0.834375		
6.47		0.831278		
6.48		0.828196		
6.49		0.825131		
6.5		0.822082		
6.51		0.819048		
6.52		0.816031		
6.53		0.813029		
6.54		0.810043		
6.55		0.807073		
6.56		0.804117		
6.57		0.801178		
6.58		0.798253		
6.59		0.795343		
6.6		0.792449		
6.61		0.789569		
6.62		0.786704		
6.63		0.783854		
6.64		0.781019		
6.65		0.778198		
6.66		0.775391		
6.67		0.772599		
6.68		0.769821		
6.69		0.767057		
6.7		0.764307		
6.71		0.761571		
6.72		0.758849		
6.73		0.756141		
6.74		0.753447		
6.75		0.750766		
6.76		0.748098		
6.77		0.745444		
6.78		0.742804		
6.79		0.740176		
6.8		0.737562		
6.81		0.734961		
6.82		0.732372		
6.83		0.729797		
6.84		0.727235		
6.85		0.724685		
6.86		0.722148		
6.87		0.719623		
6.88		0.717111		
6.89		0.714612		
6.9		0.712125		
6.91		0.70965		
6.92		0.707187		
6.93		0.704736		
6.94		0.702297		
6.95		0.699871		
6.96		0.697456		
6.97		0.695053		
6.98		0.692662		
6.99		0.690282		
7		0.687914		
7.01		0.685558		
7.02		0.683213		
7.03		0.680879		
7.04		0.678556		
7.05		0.676245		
7.06		0.673945		
7.07		0.671656		
7.08		0.669378		
7.09		0.667111		
7.1		0.664855		
7.11		0.66261		
7.12		0.660376		
7.13		0.658152		
7.14		0.655938		
7.15		0.653736		
7.16		0.651544		
7.17		0.649362		
7.18		0.64719		
7.19		0.645029		
7.2		0.642878		
7.21		0.640738		
7.22		0.638607		
7.23		0.636487		
7.24		0.634376		
7.25		0.632275		
7.26		0.630185		
7.27		0.628104		
7.28		0.626032		
7.29		0.623971		
7.3		0.621919		
7.31		0.619876		
7.32		0.617844		
7.33		0.61582		
7.34		0.613806		
7.35		0.611802		
7.36		0.609806		
7.37		0.60782		
7.38		0.605843		
7.39		0.603875		
7.4		0.601916		
7.41		0.599967		
7.42		0.598026		
7.43		0.596094		
7.44		0.594171		
7.45		0.592257		
7.46		0.590351		
7.47		0.588454		
7.48		0.586566		
7.49		0.584687		
7.5		0.582816		
7.51		0.580953		
7.52		0.579099		
7.53		0.577253		
7.54		0.575416		
7.55		0.573587		
7.56		0.571766		
7.57		0.569954		
7.58		0.568149		
7.59		0.566353		
7.6		0.564565		
7.61		0.562784		
7.62		0.561012		
7.63		0.559248		
7.64		0.557491		
7.65		0.555743		
7.66		0.554002		
7.67		0.552269		
7.68		0.550543		
7.69		0.548825		
7.7		0.547115		
7.71		0.545413		
7.72		0.543717		
7.73		0.54203		
7.74		0.54035		
7.75		0.538677		
7.76		0.537011		
7.77		0.535353		
7.78		0.533702		
7.79		0.532059		
7.8		0.530422		
7.81		0.528793		
7.82		0.527171		
7.83		0.525556		
7.84		0.523947		
7.85		0.522346		
7.86		0.520752		
7.87		0.519165		
7.88		0.517584		
7.89		0.516011		
7.9		0.514444		
7.91		0.512884		
7.92		0.511331		
7.93		0.509784		
7.94		0.508244		
7.95		0.506711		
7.96		0.505184		
7.97		0.503663		
7.98		0.50215		
7.99		0.500642		
8		0.499141		
8.01		0.497647		
8.02		0.496159		
8.03		0.494677		
8.04		0.493201		
8.05		0.491732		
8.06		0.490269		
8.07		0.488812		
8.08		0.487361		
8.09		0.485916		
8.1		0.484478		
8.11		0.483045		
8.12		0.481619		
8.13		0.480198		
8.14		0.478784		
8.15		0.477375		
8.16		0.475972		
8.17		0.474575		
8.18		0.473184		
8.19		0.471799		
8.2		0.470419		
8.21		0.469045		
8.22		0.467677		
8.23		0.466315		
8.24		0.464958		
8.25		0.463607		
8.26		0.462261		
8.27		0.460921		
8.28		0.459586		
8.29		0.458257		
8.3		0.456934		
8.31		0.455615		
8.32		0.454303		
8.33		0.452995		
8.34		0.451693		
8.35		0.450396		
8.36		0.449105		
8.37		0.447819		
8.38		0.446538		
8.39		0.445262		
8.4		0.443991		
8.41		0.442726		
8.42		0.441465		
8.43		0.44021		
8.44		0.43896		
8.45		0.437715		
8.46		0.436475		
8.47		0.43524		
8.48		0.43401		
8.49		0.432784		
8.5		0.431564		
8.51		0.430349		
8.52		0.429138		
8.53		0.427932		
8.54		0.426732		
8.55		0.425535		
8.56		0.424344		
8.57		0.423158		
8.58		0.421976		
8.59		0.420798		
8.6		0.419626		
8.61		0.418458		
8.62		0.417295		
8.63		0.416136		
8.64		0.414982		
8.65		0.413832		
8.66		0.412687		
8.67		0.411547		
8.68		0.410411		
8.69		0.409279		
8.7		0.408152		
8.71		0.407029		
8.72		0.405911		
8.73		0.404797		
8.74		0.403687		
8.75		0.402582		
8.76		0.401481		
8.77		0.400384		
8.78		0.399292		
8.79		0.398203		
8.8		0.397119		
8.81		0.396039		
8.82		0.394964		
8.83		0.393892		
8.84		0.392825		
8.85		0.391762		
8.86		0.390702		
8.87		0.389647		
8.88		0.388596		
8.89		0.387549		
8.9		0.386506		
8.91		0.385467		
8.92		0.384432		
8.93		0.383401		
8.94		0.382374		
8.95		0.38135		
8.96		0.380331		
8.97		0.379315		
8.98		0.378304		
8.99		0.377296		
9		0.376292		
9.01		0.375292		
9.02		0.374295		
9.03		0.373303		
9.04		0.372314		
9.05		0.371328		
9.06		0.370347		
9.07		0.369369		
9.08		0.368395		
9.09		0.367424		
9.1		0.366458		
9.11		0.365494		
9.12		0.364535		
9.13		0.363579		
9.14		0.362626		
9.15		0.361677		
9.16		0.360732		
9.17		0.35979		
9.18		0.358851		
9.19		0.357916		
9.2		0.356985		
9.21		0.356057		
9.22		0.355132		
9.23		0.354211		
9.24		0.353293		
9.25		0.352379		
9.26		0.351468		
9.27		0.35056		
9.28		0.349656		
9.29		0.348755		
9.3		0.347857		
9.31		0.346963		
9.32		0.346071		
9.33		0.345183		
9.34		0.344299		
9.35		0.343417		
9.36		0.342539		
9.37		0.341664		
9.38		0.340792		
9.39		0.339923		
9.4		0.339058		
9.41		0.338195		
9.42		0.337336		
9.43		0.33648		
9.44		0.335627		
9.45		0.334777		
9.46		0.33393		
9.47		0.333086		
9.48		0.332245		
9.49		0.331407		
9.5		0.330572		
9.51		0.32974		
9.52		0.328911		
9.53		0.328085		
9.54		0.327262		
9.55		0.326442		
9.56		0.325625		
9.57		0.324811		
9.58		0.323999		
9.59		0.323191		
9.6		0.322385		
9.61		0.321582		
9.62		0.320782		
9.63		0.319985		
9.64		0.319191		
9.65		0.3184		
9.66		0.317611		
9.67		0.316825		
9.68		0.316042		
9.69		0.315262		
9.7		0.314484		
9.71		0.313709		
9.72		0.312937		
9.73		0.312167		
9.74		0.311401		
9.75		0.310636		
9.76		0.309875		
9.77		0.309116		
9.78		0.30836		
9.79		0.307606		
9.8		0.306856		
9.81		0.306107		
9.82		0.305362		
9.83		0.304618		
9.84		0.303878		
9.85		0.30314		
9.86		0.302404		
9.87		0.301672		
9.88		0.300941		
9.89		0.300213		
9.9		0.299488		
9.91		0.298765		
9.92		0.298045		
9.93		0.297327		
9.94		0.296611		
9.95		0.295898		
9.96		0.295188		
9.97		0.29448		
9.98		0.293774		
9.99		0.293071		
10		0.29237		
10.01		0.291671		
10.02		0.290975		
10.03		0.290281		
10.04		0.28959		
10.05		0.288901		
10.06		0.288214		
10.07		0.287529		
10.08		0.286847		
10.09		0.286167		
10.1		0.28549		
10.11		0.284815		
10.12		0.284142		
10.13		0.283471		
10.14		0.282802		
10.15		0.282136		
10.16		0.281472		
10.17		0.28081		
10.18		0.280151		
10.19		0.279493		
10.2		0.278838		
10.21		0.278185		
10.22		0.277535		
10.23		0.276886		
10.24		0.276239		
10.25		0.275595		
10.26		0.274953		
10.27		0.274313		
10.28		0.273675		
10.29		0.273039		
10.3		0.272405		
10.31		0.271774		
10.32		0.271144		
10.33		0.270517		
10.34		0.269891		
10.35		0.269268		
10.36		0.268646		
10.37		0.268027		
10.38		0.26741		
10.39		0.266795		
10.4		0.266182		
10.41		0.26557		
10.42		0.264961		
10.43		0.264354		
10.44		0.263749		
10.45		0.263145		
10.46		0.262544		
10.47		0.261945		
10.48		0.261347		
10.49		0.260752		
10.5		0.260158		
10.51		0.259567		
10.52		0.258977		
10.53		0.258389		
10.54		0.257803		
10.55		0.257219		
10.56		0.256637		
10.57		0.256057		
10.58		0.255479		
10.59		0.254902		
10.6		0.254327		
10.61		0.253755		
10.62		0.253184		
10.63		0.252615		
10.64		0.252047		
10.65		0.251482		
10.66		0.250918		
10.67		0.250356		
10.68		0.249796		
10.69		0.249238		
10.7		0.248681		
10.71		0.248126		
10.72		0.247573		
10.73		0.247022		
10.74		0.246472		
10.75		0.245925		
10.76		0.245378		
10.77		0.244834		
10.78		0.244291		
10.79		0.243751		
10.8		0.243211		
10.81		0.242674		
10.82		0.242138		
10.83		0.241604		
10.84		0.241071		
10.85		0.240541		
10.86		0.240012		
10.87		0.239484		
10.88		0.238958		
10.89		0.238434		
10.9		0.237912		
10.91		0.237391		
10.92		0.236871		
10.93		0.236354		
10.94		0.235838		
10.95		0.235323		
10.96		0.23481		
10.97		0.234299		
10.98		0.233789		
10.99		0.233281		
11		0.232775		
11.01		0.23227		
11.02		0.231766		
11.03		0.231265		
11.04		0.230764		
11.05		0.230265		
11.06		0.229768		
11.07		0.229273		
11.08		0.228778		
11.09		0.228286		
11.1		0.227795		
11.11		0.227305		
11.12		0.226817		
11.13		0.22633		
11.14		0.225845		
11.15		0.225361		
11.16		0.224879		
11.17		0.224398		
11.18		0.223919		
11.19		0.223441		
11.2		0.222965		
11.21		0.22249		
11.22		0.222016		
11.23		0.221544		
11.24		0.221074		
11.25		0.220604		
11.26		0.220137		
11.27		0.21967		
11.28		0.219205		
11.29		0.218742		
11.3		0.21828		
11.31		0.217819		
11.32		0.217359		
11.33		0.216901		
11.34		0.216445		
11.35		0.21599		
11.36		0.215536		
11.37		0.215083		
11.38		0.214632		
11.39		0.214182		
11.4		0.213734		
11.41		0.213286		
11.42		0.212841		
11.43		0.212396		
11.44		0.211953		
11.45		0.211511		
11.46		0.21107		
11.47		0.210631		
11.48		0.210193		
11.49		0.209757		
11.5		0.209321		
11.51		0.208887		
11.52		0.208454		
11.53		0.208023		
11.54		0.207593		
11.55		0.207164		
11.56		0.206736		
11.57		0.206309		
11.58		0.205884		
11.59		0.20546		
11.6		0.205037		
11.61		0.204616		
11.62		0.204196		
11.63		0.203777		
11.64		0.203359		
11.65		0.202942		
11.66		0.202527		
11.67		0.202113		
11.68		0.2017		
11.69		0.201288		
11.7		0.200878		
11.71		0.200468		
11.72		0.20006		
11.73		0.199653		
11.74		0.199247		
11.75		0.198843		
11.76		0.198439		
11.77		0.198037		
11.78		0.197636		
11.79		0.197236		
11.8		0.196837		
11.81		0.196439		
11.82		0.196043		
11.83		0.195648		
11.84		0.195253		
11.85		0.19486		
11.86		0.194468		
11.87		0.194077		
11.88		0.193688		
11.89		0.193299		
11.9		0.192911		
11.91		0.192525		
11.92		0.19214		
11.93		0.191755		
11.94		0.191372		
11.95		0.19099		
11.96		0.190609		
11.97		0.19023		
11.98		0.189851		
11.99		0.189473		
12		0.189096		
12.01		0.188721		
12.02		0.188346		
12.03		0.187973		
12.04		0.1876		
12.05		0.187229		
12.06		0.186859		
12.07		0.18649		
12.08		0.186121		
12.09		0.185754		
12.1		0.185388		
12.11		0.185023		
12.12		0.184659		
12.13		0.184296		
12.14		0.183934		
12.15		0.183573		
12.16		0.183213		
12.17		0.182854		
12.18		0.182496		
12.19		0.182139		
12.2		0.181783		
12.21		0.181427		
12.22		0.181073		
12.23		0.18072		
12.24		0.180368		
12.25		0.180017		
12.26		0.179667		
12.27		0.179318		
12.28		0.17897		
12.29		0.178622		
12.3		0.178276		
12.31		0.177931		
12.32		0.177586		
12.33		0.177243		
12.34		0.176901		
12.35		0.176559		
12.36		0.176218		
12.37		0.175879		
12.38		0.17554		
12.39		0.175202		
12.4		0.174865		
12.41		0.174529		
12.42		0.174194		
12.43		0.17386		
12.44		0.173527		
12.45		0.173195		
12.46		0.172863		
12.47		0.172533		
12.48		0.172203		
12.49		0.171875		
12.5		0.171547		
12.51		0.17122		
12.52		0.170894		
12.53		0.170569		
12.54		0.170245		
12.55		0.169921		
12.56		0.169599		
12.57		0.169277		
12.58		0.168956		
12.59		0.168637		
12.6		0.168318		
12.61		0.167999		
12.62		0.167682		
12.63		0.167366		
12.64		0.16705		
12.65		0.166735		
12.66		0.166421		
12.67		0.166108		
12.68		0.165796		
12.69		0.165485		
12.7		0.165174		
12.71		0.164864		
12.72		0.164556		
12.73		0.164247		
12.74		0.16394		
12.75		0.163634		
12.76		0.163328		
12.77		0.163023		
12.78		0.162719		
12.79		0.162416		
12.8		0.162114		
12.81		0.161812		
12.82		0.161511		
12.83		0.161211		
12.84		0.160912		
12.85		0.160614		
12.86		0.160316		
12.87		0.160019		
12.88		0.159723		
12.89		0.159428		
12.9		0.159134		
12.91		0.15884		
12.92		0.158547		
12.93		0.158255		
12.94		0.157963		
12.95		0.157673		
12.96		0.157383		
12.97		0.157094		
12.98		0.156806		
12.99		0.156518		
13		0.156231		
13.01		0.155945		
13.02		0.15566		
13.03		0.155375		
13.04		0.155091		
13.05		0.154808		
13.06		0.154526		
13.07		0.154244		
13.08		0.153963		
13.09		0.153683		
13.1		0.153403		
13.11		0.153125		
13.12		0.152847		
13.13		0.152569		
13.14		0.152293		
13.15		0.152017		
13.16		0.151742		
13.17		0.151467		
13.18		0.151194		
13.19		0.15092		
13.2		0.150648		
13.21		0.150377		
13.22		0.150106		
13.23		0.149835		
13.24		0.149566		
13.25		0.149297		
13.26		0.149029		
13.27		0.148761		
13.28		0.148494		
13.29		0.148228		
13.3		0.147963		
13.31		0.147698		
13.32		0.147434		
13.33		0.147171		
13.34		0.146908		
13.35		0.146646		
13.36		0.146384		
13.37		0.146124		
13.38		0.145864		
13.39		0.145604		
13.4		0.145345		
13.41		0.145087		
13.42		0.14483		
13.43		0.144573		
13.44		0.144317		
13.45		0.144061		
13.46		0.143807		
13.47		0.143552		
13.48		0.143299		
13.49		0.143046		
13.5		0.142793		
13.51		0.142542		
13.52		0.142291		
13.53		0.14204		
13.54		0.141791		
13.55		0.141541		
13.56		0.141293		
13.57		0.141045		
13.58		0.140798		
13.59		0.140551		
13.6		0.140305		
13.61		0.14006		
13.62		0.139815		
13.63		0.13957		
13.64		0.139327		
13.65		0.139084		
13.66		0.138841		
13.67		0.1386		
13.68		0.138358		
13.69		0.138118		
13.7		0.137878		
13.71		0.137638		
13.72		0.1374		
13.73		0.137161		
13.74		0.136924		
13.75		0.136687		
13.76		0.13645		
13.77		0.136214		
13.78		0.135979		
13.79		0.135744		
13.8		0.13551		
13.81		0.135277		
13.82		0.135044		
13.83		0.134811		
13.84		0.134579		
13.85		0.134348		
13.86		0.134117		
13.87		0.133887		
13.88		0.133657		
13.89		0.133428		
13.9		0.1332		
13.91		0.132972		
13.92		0.132745		
13.93		0.132518		
13.94		0.132292		
13.95		0.132066		
13.96		0.131841		
13.97		0.131616		
13.98		0.131392		
13.99		0.131169		
14		0.130946		
14.01		0.130723		
14.02		0.130501		
14.03		0.13028		
14.04		0.130059		
14.05		0.129839		
14.06		0.129619		
14.07		0.1294		
14.08		0.129181		
14.09		0.128963		
14.1		0.128745		
14.11		0.128528		
14.12		0.128311		
14.13		0.128095		
14.14		0.12788		
14.15		0.127665		
14.16		0.12745		
14.17		0.127236		
14.18		0.127023		
14.19		0.12681		
14.2		0.126597		
14.21		0.126385		
14.22		0.126174		
14.23		0.125963		
14.24		0.125752		
14.25		0.125542		
14.26		0.125333		
14.27		0.125124		
14.28		0.124915		
14.29		0.124707		
14.3		0.1245		
14.31		0.124293		
14.32		0.124086		
14.33		0.12388		
14.34		0.123675		
14.35		0.12347		
14.36		0.123265		
14.37		0.123061		
14.38		0.122857		
14.39		0.122654		
14.4		0.122452		
14.41		0.12225		
14.42		0.122048		
14.43		0.121847		
14.44		0.121646		
14.45		0.121446		
14.46		0.121246		
14.47		0.121046		
14.48		0.120848		
14.49		0.120649		
14.5		0.120451		
14.51		0.120254		
14.52		0.120057		
14.53		0.11986		
14.54		0.119664		
14.55		0.119468		
14.56		0.119273		
14.57		0.119079		
14.58		0.118884		
14.59		0.11869		
14.6		0.118497		
14.61		0.118304		
14.62		0.118112		
14.63		0.11792		
14.64		0.117728		
14.65		0.117537		
14.66		0.117346		
14.67		0.117156		
14.68		0.116966		
14.69		0.116777		
14.7		0.116588		
14.71		0.116399		
14.72		0.116211		
14.73		0.116024		
14.74		0.115836		
14.75		0.11565		
14.76		0.115463		
14.77		0.115277		
14.78		0.115092		
14.79		0.114907		
14.8		0.114722		
14.81		0.114538		
14.82		0.114354		
14.83		0.114171		
14.84		0.113988		
14.85		0.113805		
14.86		0.113623		
14.87		0.113441		
14.88		0.11326		
14.89		0.113079		
14.9		0.112899		
14.91		0.112718		
14.92		0.112539		
14.93		0.11236		
14.94		0.112181		
14.95		0.112002		
14.96		0.111824		
14.97		0.111647		
14.98		0.111469		
14.99		0.111293		
15		0.111116		
15.01		0.11094		
15.02		0.110764		
15.03		0.110589		
15.04		0.110414		
15.05		0.11024		
15.06		0.110066		
15.07		0.109892		
15.08		0.109719		
15.09		0.109546		
15.1		0.109373		
15.11		0.109201		
15.12		0.10903		
15.13		0.108858		
15.14		0.108687		
15.15		0.108517		
15.16		0.108346		
15.17		0.108177		
15.18		0.108007		
15.19		0.107838		
15.2		0.107669		
15.21		0.107501		
15.22		0.107333		
15.23		0.107166		
15.24		0.106998		
15.25		0.106832		
15.26		0.106665		
15.27		0.106499		
15.28		0.106333		
15.29		0.106168		
15.3		0.106003		
15.31		0.105838		
15.32		0.105674		
15.33		0.10551		
15.34		0.105347		
15.35		0.105184		
15.36		0.105021		
15.37		0.104858		
15.38		0.104696		
15.39		0.104534		
15.4		0.104373		
15.41		0.104212		
15.42		0.104051		
15.43		0.103891		
15.44		0.103731		
15.45		0.103571		
15.46		0.103412		
15.47		0.103253		
15.48		0.103095		
15.49		0.102936		
15.5		0.102779		
15.51		0.102621		
15.52		0.102464		
15.53		0.102307		
15.54		0.10215		
15.55		0.101994		
15.56		0.101838		
15.57		0.101683		
15.58		0.101528		
15.59		0.101373		
15.6		0.101218		
15.61		0.101064		
15.62		0.100911		
15.63		0.100757		
15.64		0.100604		
15.65		0.100451		
15.66		0.100299		
15.67		0.100146		
15.68		0.0999946		
15.69		0.0998431		
15.7		0.0996919		
15.71		0.0995411		
15.72		0.0993905		
15.73		0.0992403		
15.74		0.0990905		
15.75		0.0989409		
15.76		0.0987917		
15.77		0.0986428		
15.78		0.0984942		
15.79		0.0983459		
15.8		0.0981979		
15.81		0.0980503		
15.82		0.0979029		
15.83		0.0977559		
15.84		0.0976092		
15.85		0.0974628		
15.86		0.0973168		
15.87		0.097171		
15.88		0.0970255		
15.89		0.0968804		
15.9		0.0967356		
15.91		0.096591		
15.92		0.0964468		
15.93		0.0963029		
15.94		0.0961593		
15.95		0.096016		
15.96		0.095873		
15.97		0.0957303		
15.98		0.0955879		
15.99		0.0954458		
16		0.095304		
16.01		0.0951625		
16.02		0.0950213		
16.03		0.0948804		
16.04		0.0947398		
16.05		0.0945995		
16.06		0.0944595		
16.07		0.0943197		
16.08		0.0941803		
16.09		0.0940412		
16.1		0.0939023		
16.11		0.0937638		
16.12		0.0936255		
16.13		0.0934876		
16.14		0.0933499		
16.15		0.0932125		
16.16		0.0930754		
16.17		0.0929386		
16.18		0.092802		
16.19		0.0926658		
16.2		0.0925298		
16.21		0.0923941		
16.22		0.0922587		
16.23		0.0921236		
16.24		0.0919888		
16.25		0.0918542		
16.26		0.09172		
16.27		0.091586		
16.28		0.0914523		
16.29		0.0913188		
16.3		0.0911856		
16.31		0.0910528		
16.32		0.0909201		
16.33		0.0907878		
16.34		0.0906557		
16.35		0.0905239		
16.36		0.0903924		
16.37		0.0902612		
16.38		0.0901302		
16.39		0.0899995		
16.4		0.0898691		
16.41		0.0897389		
16.42		0.089609		
16.43		0.0894793		
16.44		0.08935		
16.45		0.0892209		
16.46		0.089092		
16.47		0.0889634		
16.48		0.0888351		
16.49		0.0887071		
16.5		0.0885793		
16.51		0.0884518		
16.52		0.0883245		
16.53		0.0881975		
16.54		0.0880708		
16.55		0.0879443		
16.56		0.087818		
16.57		0.0876921		
16.58		0.0875663		
16.59		0.0874409		
16.6		0.0873157		
16.61		0.0871907		
16.62		0.087066		
16.63		0.0869416		
16.64		0.0868174		
16.65		0.0866934		
16.66		0.0865698		
16.67		0.0864463		
16.68		0.0863231		
16.69		0.0862002		
16.7		0.0860775		
16.71		0.0859551		
16.72		0.0858329		
16.73		0.0857109		
16.74		0.0855892		
16.75		0.0854677		
16.76		0.0853465		
16.77		0.0852256		
16.78		0.0851048		
16.79		0.0849843		
16.8		0.0848641		
16.81		0.0847441		
16.82		0.0846243		
16.83		0.0845048		
16.84		0.0843855		
16.85		0.0842665		
16.86		0.0841477		
16.87		0.0840291		
16.88		0.0839108		
16.89		0.0837927		
16.9		0.0836748		
16.91		0.0835572		
16.92		0.0834398		
16.93		0.0833227		
16.94		0.0832057		
16.95		0.083089		
16.96		0.0829726		
16.97		0.0828564		
16.98		0.0827404		
16.99		0.0826246		
17		0.0825091		
17.01		0.0823938		
17.02		0.0822787		
17.03		0.0821638		
17.04		0.0820492		
17.05		0.0819348		
17.06		0.0818206		
17.07		0.0817067		
17.08		0.081593		
17.09		0.0814795		
17.1		0.0813662		
17.11		0.0812532		
17.12		0.0811403		
17.13		0.0810277		
17.14		0.0809153		
17.15		0.0808032		
17.16		0.0806912		
17.17		0.0805795		
17.18		0.080468		
17.19		0.0803567		
17.2		0.0802457		
17.21		0.0801348		
17.22		0.0800242		
17.23		0.0799138		
17.24		0.0798036		
17.25		0.0796936		
17.26		0.0795838		
17.27		0.0794743		
17.28		0.0793649		
17.29		0.0792558		
17.3		0.0791469		
17.31		0.0790382		
17.32		0.0789297		
17.33		0.0788214		
17.34		0.0787133		
17.35		0.0786055		
17.36		0.0784978		
17.37		0.0783904		
17.38		0.0782831		
17.39		0.0781761		
17.4		0.0780693		
17.41		0.0779627		
17.42		0.0778563		
17.43		0.07775		
17.44		0.0776441		
17.45		0.0775383		
17.46		0.0774327		
17.47		0.0773273		
17.48		0.0772221		
17.49		0.0771171		
17.5		0.0770123		
17.51		0.0769078		
17.52		0.0768034		
17.53		0.0766992		
17.54		0.0765952		
17.55		0.0764915		
17.56		0.0763879		
17.57		0.0762845		
17.58		0.0761813		
17.59		0.0760784		
17.6		0.0759756		
17.61		0.075873		
17.62		0.0757706		
17.63		0.0756684		
17.64		0.0755664		
17.65		0.0754646		
17.66		0.075363		
17.67		0.0752615		
17.68		0.0751603		
17.69		0.0750593		
17.7		0.0749584		
17.71		0.0748578		
17.72		0.0747573		
17.73		0.0746571		
17.74		0.074557		
17.75		0.0744571		
17.76		0.0743574		
17.77		0.0742579		
17.78		0.0741586		
17.79		0.0740594		
17.8		0.0739605		
17.81		0.0738617		
17.82		0.0737631		
17.83		0.0736648		
17.84		0.0735666		
17.85		0.0734685		
17.86		0.0733707		
17.87		0.0732731		
17.88		0.0731756		
17.89		0.0730783		
17.9		0.0729812		
17.91		0.0728843		
17.92		0.0727876		
17.93		0.072691		
17.94		0.0725946		
17.95		0.0724985		
17.96		0.0724024		
17.97		0.0723066		
17.98		0.072211		
17.99		0.0721155		
18		0.0720202		
18.01		0.0719251		
18.02		0.0718301		
18.03		0.0717354		
18.04		0.0716408		
18.05		0.0715464		
18.06		0.0714521		
18.07		0.0713581		
18.08		0.0712642		
18.09		0.0711705		
18.1		0.071077		
18.11		0.0709836		
18.12		0.0708904		
18.13		0.0707974		
18.14		0.0707046		
18.15		0.0706119		
18.16		0.0705194		
18.17		0.0704271		
18.18		0.0703349		
18.19		0.0702429		
18.2		0.0701511		
18.21		0.0700594		
18.22		0.069968		
18.23		0.0698767		
18.24		0.0697855		
18.25		0.0696945		
18.26		0.0696037		
18.27		0.0695131		
18.28		0.0694226		
18.29		0.0693323		
18.3		0.0692422		
18.31		0.0691522		
18.32		0.0690624		
18.33		0.0689728		
18.34		0.0688833		
18.35		0.068794		
18.36		0.0687048		
18.37		0.0686158		
18.38		0.068527		
18.39		0.0684383		
18.4		0.0683498		
18.41		0.0682615		
18.42		0.0681733		
18.43		0.0680853		
18.44		0.0679974		
18.45		0.0679097		
18.46		0.0678222		
18.47		0.0677348		
18.48		0.0676476		
18.49		0.0675605		
18.5		0.0674736		
18.51		0.0673869		
18.52		0.0673003		
18.53		0.0672138		
18.54		0.0671276		
18.55		0.0670414		
18.56		0.0669555		
18.57		0.0668697		
18.58		0.066784		
18.59		0.0666985		
18.6		0.0666132		
18.61		0.066528		
18.62		0.0664429		
18.63		0.0663581		
18.64		0.0662733		
18.65		0.0661888		
18.66		0.0661043		
18.67		0.0660201		
18.68		0.0659359		
18.69		0.065852		
18.7		0.0657681		
18.71		0.0656845		
18.72		0.0656009		
18.73		0.0655176		
18.74		0.0654344		
18.75		0.0653513		
18.76		0.0652684		
18.77		0.0651856		
18.78		0.065103		
18.79		0.0650205		
18.8		0.0649381		
18.81		0.064856		
18.82		0.0647739		
18.83		0.064692		
18.84		0.0646103		
18.85		0.0645287		
18.86		0.0644472		
18.87		0.0643659		
18.88		0.0642848		
18.89		0.0642037		
18.9		0.0641229		
18.91		0.0640421		
18.92		0.0639615		
18.93		0.0638811		
18.94		0.0638008		
18.95		0.0637206		
18.96		0.0636406		
18.97		0.0635607		
18.98		0.063481		
18.99		0.0634014		
19		0.063322		
19.01		0.0632427		
19.02		0.0631635		
19.03		0.0630845		
19.04		0.0630056		
19.05		0.0629268		
19.06		0.0628482		
19.07		0.0627698		
19.08		0.0626914		
19.09		0.0626132		
19.1		0.0625352		
19.11		0.0624573		
19.12		0.0623795		
19.13		0.0623019		
19.14		0.0622244		
19.15		0.062147		
19.16		0.0620698		
19.17		0.0619927		
19.18		0.0619157		
19.19		0.0618389		
19.2		0.0617622		
19.21		0.0616857		
19.22		0.0616092		
19.23		0.061533		
19.24		0.0614568		
19.25		0.0613808		
19.26		0.0613049		
19.27		0.0612292		
19.28		0.0611536		
19.29		0.0610781		
19.3		0.0610027		
19.31		0.0609275		
19.32		0.0608524		
19.33		0.0607775		
19.34		0.0607027		
19.35		0.060628		
19.36		0.0605534		
19.37		0.060479		
19.38		0.0604047		
19.39		0.0603305		
19.4		0.0602565		
19.41		0.0601826		
19.42		0.0601088		
19.43		0.0600352		
19.44		0.0599616		
19.45		0.0598882		
19.46		0.059815		
19.47		0.0597418		
19.48		0.0596688		
19.49		0.059596		
19.5		0.0595232		
19.51		0.0594506		
19.52		0.0593781		
19.53		0.0593057		
19.54		0.0592334		
19.55		0.0591613		
19.56		0.0590893		
19.57		0.0590174		
19.58		0.0589457		
19.59		0.0588741		
19.6		0.0588026		
19.61		0.0587312		
19.62		0.0586599		
19.63		0.0585888		
19.64		0.0585178		
19.65		0.0584469		
19.66		0.0583762		
19.67		0.0583055		
19.68		0.058235		
19.69		0.0581646		
19.7		0.0580943		
19.71		0.0580242		
19.72		0.0579541		
19.73		0.0578842		
19.74		0.0578144		
19.75		0.0577448		
19.76		0.0576752		
19.77		0.0576058		
19.78		0.0575365		
19.79		0.0574673		
19.8		0.0573982		
19.81		0.0573293		
19.82		0.0572604		
19.83		0.0571917		
19.84		0.0571231		
19.85		0.0570546		
19.86		0.0569863		
19.87		0.056918		
19.88		0.0568499		
19.89		0.0567819		
19.9		0.056714		
19.91		0.0566462		
19.92		0.0565786		
19.93		0.056511		
19.94		0.0564436		
19.95		0.0563763		
19.96		0.0563091		
19.97		0.056242		
19.98		0.056175		
19.99		0.0561081		
20		0.0560414		
20.01		0.0559748		
20.02		0.0559083		
20.03		0.0558419		
20.04		0.0557756		
20.05		0.0557094		
20.06		0.0556433		
20.07		0.0555774		
20.08		0.0555115		
20.09		0.0554458		
20.1		0.0553802		
20.11		0.0553147		
20.12		0.0552493		
20.13		0.055184		
20.14		0.0551188		
20.15		0.0550538		
20.16		0.0549888		
20.17		0.054924		
20.18		0.0548592		
20.19		0.0547946		
20.2		0.0547301		
20.21		0.0546657		
20.22		0.0546014		
20.23		0.0545372		
20.24		0.0544731		
20.25		0.0544091		
20.26		0.0543453		
20.27		0.0542815		
20.28		0.0542179		
20.29		0.0541543		
20.3		0.0540909		
20.31		0.0540276		
20.32		0.0539644		
20.33		0.0539012		
20.34		0.0538382		
20.35		0.0537753		
20.36		0.0537125		
20.37		0.0536498		
20.38		0.0535872		
20.39		0.0535248		
20.4		0.0534624		
20.41		0.0534001		
20.42		0.0533379		
20.43		0.0532759		
20.44		0.0532139		
20.45		0.0531521		
20.46		0.0530903		
20.47		0.0530286		
20.48		0.0529671		
20.49		0.0529057		
20.5		0.0528443		
20.51		0.0527831		
20.52		0.0527219		
20.53		0.0526609		
20.54		0.0526		
20.55		0.0525391		
20.56		0.0524784		
20.57		0.0524178		
20.58		0.0523572		
20.59		0.0522968		
20.6		0.0522365		
20.61		0.0521762		
20.62		0.0521161		
20.63		0.0520561		
20.64		0.0519961		
20.65		0.0519363		
20.66		0.0518766		
20.67		0.0518169		
20.68		0.0517574		
20.69		0.051698		
20.7		0.0516386		
20.71		0.0515794		
20.72		0.0515202		
20.73		0.0514612		
20.74		0.0514022		
20.75		0.0513434		
20.76		0.0512846		
20.77		0.051226		
20.78		0.0511674		
20.79		0.051109		
20.8		0.0510506		
20.81		0.0509923		
20.82		0.0509341		
20.83		0.0508761		
20.84		0.0508181		
20.85		0.0507602		
20.86		0.0507024		
20.87		0.0506447		
20.88		0.0505871		
20.89		0.0505296		
20.9		0.0504721		
20.91		0.0504148		
20.92		0.0503576		
20.93		0.0503005		
20.94		0.0502434		
20.95		0.0501865		
20.96		0.0501296		
20.97		0.0500728		
20.98		0.0500162		
20.99		0.0499596		
21		0.0499031		
21.01		0.0498467		
21.02		0.0497904		
21.03		0.0497342		
21.04		0.0496781		
21.05		0.0496221		
21.06		0.0495661		
21.07		0.0495103		
21.08		0.0494545		
21.09		0.0493988		
21.1		0.0493433		
21.11		0.0492878		
21.12		0.0492324		
21.13		0.0491771		
21.14		0.0491219		
21.15		0.0490668		
21.16		0.0490117		
21.17		0.0489568		
21.18		0.0489019		
21.19		0.0488471		
21.2		0.0487925		
21.21		0.0487379		
21.22		0.0486834		
21.23		0.0486289		
21.24		0.0485746		
21.25		0.0485204		
21.26		0.0484662		
21.27		0.0484121		
21.28		0.0483582		
21.29		0.0483043		
21.3		0.0482505		
21.31		0.0481967		
21.32		0.0481431		
21.33		0.0480896		
21.34		0.0480361		
21.35		0.0479827		
21.36		0.0479294		
21.37		0.0478762		
21.38		0.0478231		
21.39		0.0477701		
21.4		0.0477171		
21.41		0.0476643		
21.42		0.0476115		
21.43		0.0475588		
21.44		0.0475062		
21.45		0.0474537		
21.46		0.0474012		
21.47		0.0473488		
21.48		0.0472966		
21.49		0.0472444		
21.5		0.0471923		
21.51		0.0471402		
21.52		0.0470883		
21.53		0.0470364		
21.54		0.0469847		
21.55		0.046933		
21.56		0.0468813		
21.57		0.0468298		
21.58		0.0467784		
21.59		0.046727		
21.6		0.0466757		
21.61		0.0466245		
21.62		0.0465734		
21.63		0.0465223		
21.64		0.0464714		
21.65		0.0464205		
21.66		0.0463697		
21.67		0.046319		
21.68		0.0462683		
21.69		0.0462178		
21.7		0.0461673		
21.71		0.0461169		
21.72		0.0460666		
21.73		0.0460163		
21.74		0.0459661		
21.75		0.0459161		
21.76		0.0458661		
21.77		0.0458161		
21.78		0.0457663		
21.79		0.0457165		
21.8		0.0456668		
21.81		0.0456172		
21.82		0.0455677		
21.83		0.0455182		
21.84		0.0454688		
21.85		0.0454195		
21.86		0.0453703		
21.87		0.0453212		
21.88		0.0452721		
21.89		0.0452231		
21.9		0.0451742		
21.91		0.0451253		
21.92		0.0450766		
21.93		0.0450279		
21.94		0.0449793		
21.95		0.0449307		
21.96		0.0448823		
21.97		0.0448339		
21.98		0.0447856		
21.99		0.0447373		
22		0.0446892		
22.01		0.0446411		
22.02		0.0445931		
22.03		0.0445452		
22.04		0.0444973		
22.05		0.0444495		
22.06		0.0444018		
22.07		0.0443542		
22.08		0.0443066		
22.09		0.0442591		
22.1		0.0442117		
22.11		0.0441644		
22.12		0.0441171		
22.13		0.0440699		
22.14		0.0440228		
22.15		0.0439757		
22.16		0.0439287		
22.17		0.0438818		
22.18		0.043835		
22.19		0.0437883		
22.2		0.0437416		
22.21		0.043695		
22.22		0.0436484		
22.23		0.0436019		
22.24		0.0435555		
22.25		0.0435092		
22.26		0.043463		
22.27		0.0434168		
22.28		0.0433707		
22.29		0.0433246		
22.3		0.0432786		
22.31		0.0432327		
22.32		0.0431869		
22.33		0.0431412		
22.34		0.0430955		
22.35		0.0430498		
22.36		0.0430043		
22.37		0.0429588		
22.38		0.0429134		
22.39		0.0428681		
22.4		0.0428228		
22.41		0.0427776		
22.42		0.0427325		
22.43		0.0426874		
22.44		0.0426424		
22.45		0.0425975		
22.46		0.0425526		
22.47		0.0425078		
22.48		0.0424631		
22.49		0.0424184		
22.5		0.0423739		
22.51		0.0423293		
22.52		0.0422849		
22.53		0.0422405		
22.54		0.0421962		
22.55		0.042152		
22.56		0.0421078		
22.57		0.0420637		
22.58		0.0420196		
22.59		0.0419756		
22.6		0.0419317		
22.61		0.0418879		
22.62		0.0418441		
22.63		0.0418004		
22.64		0.0417568		
22.65		0.0417132		
22.66		0.0416697		
22.67		0.0416262		
22.68		0.0415828		
22.69		0.0415395		
22.7		0.0414963		
22.71		0.0414531		
22.72		0.04141		
22.73		0.0413669		
22.74		0.0413239		
22.75		0.041281		
22.76		0.0412381		
22.77		0.0411953		
22.78		0.0411526		
22.79		0.0411099		
22.8		0.0410673		
22.81		0.0410248		
22.82		0.0409823		
22.83		0.0409399		
22.84		0.0408976		
22.85		0.0408553		
22.86		0.0408131		
22.87		0.0407709		
22.88		0.0407288		
22.89		0.0406868		
22.9		0.0406448		
22.91		0.0406029		
22.92		0.0405611		
22.93		0.0405193		
22.94		0.0404776		
22.95		0.0404359		
22.96		0.0403943		
22.97		0.0403528		
22.98		0.0403113		
22.99		0.0402699		
23		0.0402286		
23.01		0.0401873		
23.02		0.0401461		
23.03		0.0401049		
23.04		0.0400638		
23.05		0.0400228		
23.06		0.0399818		
23.07		0.0399409		
23.08		0.0399		
23.09		0.0398592		
23.1		0.0398185		
23.11		0.0397778		
23.12		0.0397372		
23.13		0.0396967		
23.14		0.0396562		
23.15		0.0396157		
23.16		0.0395754		
23.17		0.0395351		
23.18		0.0394948		
23.19		0.0394546		
23.2		0.0394145		
23.21		0.0393744		
23.22		0.0393344		
23.23		0.0392944		
23.24		0.0392545		
23.25		0.0392147		
23.26		0.0391749		
23.27		0.0391352		
23.28		0.0390955		
23.29		0.0390559		
23.3		0.0390164		
23.31		0.0389769		
23.32		0.0389375		
23.33		0.0388981		
23.34		0.0388588		
23.35		0.0388195		
23.36		0.0387803		
23.37		0.0387412		
23.38		0.0387021		
23.39		0.0386631		
23.4		0.0386241		
23.41		0.0385852		
23.42		0.0385464		
23.43		0.0385076		
23.44		0.0384688		
23.45		0.0384302		
23.46		0.0383915		
23.47		0.038353		
23.48		0.0383144		
23.49		0.038276		
23.5		0.0382376		
23.51		0.0381992		
23.52		0.038161		
23.53		0.0381227		
23.54		0.0380845		
23.55		0.0380464		
23.56		0.0380084		
23.57		0.0379703		
23.58		0.0379324		
23.59		0.0378945		
23.6		0.0378566		
23.61		0.0378189		
23.62		0.0377811		
23.63		0.0377434		
23.64		0.0377058		
23.65		0.0376682		
23.66		0.0376307		
23.67		0.0375933		
23.68		0.0375559		
23.69		0.0375185		
23.7		0.0374812		
23.71		0.037444		
23.72		0.0374068		
23.73		0.0373696		
23.74		0.0373325		
23.75		0.0372955		
23.76		0.0372585		
23.77		0.0372216		
23.78		0.0371847		
23.79		0.0371479		
23.8		0.0371112		
23.81		0.0370745		
23.82		0.0370378		
23.83		0.0370012		
23.84		0.0369646		
23.85		0.0369281		
23.86		0.0368917		
23.87		0.0368553		
23.88		0.036819		
23.89		0.0367827		
23.9		0.0367464		
23.91		0.0367102		
23.92		0.0366741		
23.93		0.036638		
23.94		0.036602		
23.95		0.036566		
23.96		0.0365301		
23.97		0.0364942		
23.98		0.0364584		
23.99		0.0364226		
24		0.0363869		
24.01		0.0363512		
24.02		0.0363156		
24.03		0.03628		
24.04		0.0362445		
24.05		0.0362091		
24.06		0.0361736		
24.07		0.0361383		
24.08		0.036103		
24.09		0.0360677		
24.1		0.0360325		
24.11		0.0359973		
24.12		0.0359622		
24.13		0.0359271		
24.14		0.0358921		
24.15		0.0358571		
24.16		0.0358222		
24.17		0.0357874		
24.18		0.0357526		
24.19		0.0357178		
24.2		0.0356831		
24.21		0.0356484		
24.22		0.0356138		
24.23		0.0355792		
24.24		0.0355447		
24.25		0.0355102		
24.26		0.0354758		
24.27		0.0354414		
24.28		0.0354071		
24.29		0.0353728		
24.3		0.0353386		
24.31		0.0353044		
24.32		0.0352703		
24.33		0.0352362		
24.34		0.0352021		
24.35		0.0351682		
24.36		0.0351342		
24.37		0.0351003		
24.38		0.0350665		
24.39		0.0350327		
24.4		0.0349989		
24.41		0.0349652		
24.42		0.0349316		
24.43		0.034898		
24.44		0.0348644		
24.45		0.0348309		
24.46		0.0347974		
24.47		0.034764		
24.48		0.0347306		
24.49		0.0346973		
24.5		0.034664		
24.51		0.0346308		
24.52		0.0345976		
24.53		0.0345645		
24.54		0.0345314		
24.55		0.0344983		
24.56		0.0344653		
24.57		0.0344324		
24.58		0.0343995		
24.59		0.0343666		
24.6		0.0343338		
24.61		0.034301		
24.62		0.0342683		
24.63		0.0342356		
24.64		0.034203		
24.65		0.0341704		
24.66		0.0341379		
24.67		0.0341054		
24.68		0.0340729		
24.69		0.0340405		
24.7		0.0340082		
24.71		0.0339759		
24.72		0.0339436		
24.73		0.0339114		
24.74		0.0338792		
24.75		0.0338471		
24.76		0.033815		
24.77		0.033783		
24.78		0.033751		
24.79		0.0337191		
24.8		0.0336872		
24.81		0.0336554		
24.82		0.0336236		
24.83		0.0335918		
24.84		0.0335601		
24.85		0.0335285		
24.86		0.0334969		
24.87		0.0334653		
24.88		0.0334338		
24.89		0.0334024		
24.9		0.033371		
24.91		0.0333396		
24.92		0.0333083		
24.93		0.033277		
24.94		0.0332458		
24.95		0.0332147		
24.96		0.0331835		
24.97		0.0331525		
24.98		0.0331214		
24.99		0.0330905		
25		0.0330595		
25.01		0.0330287		
25.02		0.0329978		
25.03		0.032967		
25.04		0.0329363		
25.05		0.0329056		
25.06		0.032875		
25.07		0.0328444		
25.08		0.0328139		
25.09		0.0327834		
25.1		0.0327529		
25.11		0.0327225		
25.12		0.0326922		
25.13		0.0326619		
25.14		0.0326316		
25.15		0.0326014		
25.16		0.0325712		
25.17		0.0325411		
25.18		0.0325111		
25.19		0.032481		
25.2		0.0324511		
25.21		0.0324212		
25.22		0.0323913		
25.23		0.0323615		
25.24		0.0323317		
25.25		0.032302		
25.26		0.0322723		
25.27		0.0322426		
25.28		0.032213		
25.29		0.0321835		
25.3		0.032154		
25.31		0.0321246		
25.32		0.0320952		
25.33		0.0320658		
25.34		0.0320365		
25.35		0.0320072		
25.36		0.031978		
25.37		0.0319489		
25.38		0.0319197		
25.39		0.0318907		
25.4		0.0318617		
25.41		0.0318327		
25.42		0.0318037		
25.43		0.0317749		
25.44		0.031746		
25.45		0.0317172		
25.46		0.0316885		
25.47		0.0316598		
25.48		0.0316311		
25.49		0.0316025		
25.5		0.0315739		
25.51		0.0315454		
25.52		0.031517		
25.53		0.0314885		
25.54		0.0314602		
25.55		0.0314318		
25.56		0.0314035		
25.57		0.0313753		
25.58		0.0313471		
25.59		0.0313189		
25.6		0.0312908		
25.61		0.0312628		
25.62		0.0312347		
25.63		0.0312068		
25.64		0.0311788		
25.65		0.031151		
25.66		0.0311231		
25.67		0.0310953		
25.68		0.0310676		
25.69		0.0310399		
25.7		0.0310122		
25.71		0.0309846		
25.72		0.030957		
25.73		0.0309295		
25.74		0.030902		
25.75		0.0308745		
25.76		0.0308471		
25.77		0.0308198		
25.78		0.0307925		
25.79		0.0307652		
25.8		0.030738		
25.81		0.0307108		
25.82		0.0306837		
25.83		0.0306566		
25.84		0.0306295		
25.85		0.0306025		
25.86		0.0305755		
25.87		0.0305486		
25.88		0.0305217		
25.89		0.0304949		
25.9		0.0304681		
25.91		0.0304413		
25.92		0.0304146		
25.93		0.030388		
25.94		0.0303613		
25.95		0.0303347		
25.96		0.0303082		
25.97		0.0302817		
25.98		0.0302552		
25.99		0.0302288		
26		0.0302024		
26.01		0.0301761		
26.02		0.0301498		
26.03		0.0301236		
26.04		0.0300974		
26.05		0.0300712		
26.06		0.0300451		
26.07		0.030019		
26.08		0.0299929		
26.09		0.0299669		
26.1		0.0299409		
26.11		0.029915		
26.12		0.0298891		
26.13		0.0298633		
26.14		0.0298375		
26.15		0.0298117		
26.16		0.029786		
26.17		0.0297603		
26.18		0.0297347		
26.19		0.0297091		
26.2		0.0296835		
26.21		0.029658		
26.22		0.0296325		
26.23		0.029607		
26.24		0.0295816		
26.25		0.0295563		
26.26		0.0295309		
26.27		0.0295056		
26.28		0.0294804		
26.29		0.0294552		
26.3		0.02943		
26.31		0.0294049		
26.32		0.0293798		
26.33		0.0293547		
26.34		0.0293297		
26.35		0.0293047		
26.36		0.0292798		
26.37		0.0292549		
26.38		0.02923		
26.39		0.0292052		
26.4		0.0291804		
26.41		0.0291557		
26.42		0.029131		
26.43		0.0291063		
26.44		0.0290816		
26.45		0.029057		
26.46		0.0290325		
26.47		0.029008		
26.48		0.0289835		
26.49		0.028959		
26.5		0.0289346		
26.51		0.0289102		
26.52		0.0288859		
26.53		0.0288616		
26.54		0.0288373		
26.55		0.0288131		
26.56		0.0287889		
26.57		0.0287648		
26.58		0.0287407		
26.59		0.0287166		
26.6		0.0286925		
26.61		0.0286685		
26.62		0.0286446		
26.63		0.0286206		
26.64		0.0285967		
26.65		0.0285729		
26.66		0.028549		
26.67		0.0285252		
26.68		0.0285015		
26.69		0.0284778		
26.7		0.0284541		
26.71		0.0284304		
26.72		0.0284068		
26.73		0.0283832		
26.74		0.0283597		
26.75		0.0283362		
26.76		0.0283127		
26.77		0.0282893		
26.78		0.0282659		
26.79		0.0282425		
26.8		0.0282192		
26.81		0.0281959		
26.82		0.0281726		
26.83		0.0281494		
26.84		0.0281262		
26.85		0.028103		
26.86		0.0280799		
26.87		0.0280568		
26.88		0.0280338		
26.89		0.0280108		
26.9		0.0279878		
26.91		0.0279648		
26.92		0.0279419		
26.93		0.027919		
26.94		0.0278962		
26.95		0.0278733		
26.96		0.0278506		
26.97		0.0278278		
26.98		0.0278051		
26.99		0.0277824		
27		0.0277598		
27.01		0.0277371		
27.02		0.0277145		
27.03		0.027692		
27.04		0.0276695		
27.05		0.027647		
27.06		0.0276245		
27.07		0.0276021		
27.08		0.0275797		
27.09		0.0275574		
27.1		0.0275351		
27.11		0.0275128		
27.12		0.0274905		
27.13		0.0274683		
27.14		0.0274461		
27.15		0.0274239		
27.16		0.0274018		
27.17		0.0273797		
27.18		0.0273577		
27.19		0.0273356		
27.2		0.0273136		
27.21		0.0272917		
27.22		0.0272697		
27.23		0.0272478		
27.24		0.027226		
27.25		0.0272041		
27.26		0.0271823		
27.27		0.0271605		
27.28		0.0271388		
27.29		0.0271171		
27.3		0.0270954		
27.31		0.0270737		
27.32		0.0270521		
27.33		0.0270305		
27.34		0.027009		
27.35		0.0269874		
27.36		0.026966		
27.37		0.0269445		
27.38		0.0269231		
27.39		0.0269016		
27.4		0.0268803		
27.41		0.0268589		
27.42		0.0268376		
27.43		0.0268163		
27.44		0.0267951		
27.45		0.0267739		
27.46		0.0267527		
27.47		0.0267315		
27.48		0.0267104		
27.49		0.0266893		
27.5		0.0266682		
27.51		0.0266472		
27.52		0.0266262		
27.53		0.0266052		
27.54		0.0265842		
27.55		0.0265633		
27.56		0.0265424		
27.57		0.0265215		
27.58		0.0265007		
27.59		0.0264799		
27.6		0.0264591		
27.61		0.0264384		
27.62		0.0264177		
27.63		0.026397		
27.64		0.0263763		
27.65		0.0263557		
27.66		0.0263351		
27.67		0.0263145		
27.68		0.026294		
27.69		0.0262735		
27.7		0.026253		
27.71		0.0262325		
27.72		0.0262121		
27.73		0.0261917		
27.74		0.0261713		
27.75		0.026151		
27.76		0.0261307		
27.77		0.0261104		
27.78		0.0260901		
27.79		0.0260699		
27.8		0.0260497		
27.81		0.0260295		
27.82		0.0260094		
27.83		0.0259892		
27.84		0.0259691		
27.85		0.0259491		
27.86		0.025929		
27.87		0.025909		
27.88		0.0258891		
27.89		0.0258691		
27.9		0.0258492		
27.91		0.0258293		
27.92		0.0258094		
27.93		0.0257896		
27.94		0.0257698		
27.95		0.02575		
27.96		0.0257302		
27.97		0.0257105		
27.98		0.0256908		
27.99		0.0256711		
28		0.0256514		
28.01		0.0256318		
28.02		0.0256122		
28.03		0.0255926		
28.04		0.0255731		
28.05		0.0255536		
28.06		0.0255341		
28.07		0.0255146		
28.08		0.0254951		
28.09		0.0254757		
28.1		0.0254563		
28.11		0.025437		
28.12		0.0254176		
28.13		0.0253983		
28.14		0.0253791		
28.15		0.0253598		
28.16		0.0253406		
28.17		0.0253214		
28.18		0.0253022		
28.19		0.025283		
28.2		0.0252639		
28.21		0.0252448		
28.22		0.0252257		
28.23		0.0252067		
28.24		0.0251876		
28.25		0.0251686		
28.26		0.0251497		
28.27		0.0251307		
28.28		0.0251118		
28.29		0.0250929		
28.3		0.025074		
28.31		0.0250551		
28.32		0.0250363		
28.33		0.0250175		
28.34		0.0249987		
28.35		0.02498		
28.36		0.0249613		
28.37		0.0249426		
28.38		0.0249239		
28.39		0.0249052		
28.4		0.0248866		
28.41		0.024868		
28.42		0.0248494		
28.43		0.0248309		
28.44		0.0248124		
28.45		0.0247938		
28.46		0.0247754		
28.47		0.0247569		
28.48		0.0247385		
28.49		0.0247201		
28.5		0.0247017		
28.51		0.0246833		
28.52		0.024665		
28.53		0.0246467		
28.54		0.0246284		
28.55		0.0246101		
28.56		0.0245919		
28.57		0.0245737		
28.58		0.0245555		
28.59		0.0245373		
28.6		0.0245192		
28.61		0.024501		
28.62		0.0244829		
28.63		0.0244649		
28.64		0.0244468		
28.65		0.0244288		
28.66		0.0244108		
28.67		0.0243928		
28.68		0.0243748		
28.69		0.0243569		
28.7		0.024339		
28.71		0.0243211		
28.72		0.0243032		
28.73		0.0242854		
28.74		0.0242675		
28.75		0.0242497		
28.76		0.024232		
28.77		0.0242142		
28.78		0.0241965		
28.79		0.0241788		
28.8		0.0241611		
28.81		0.0241434		
28.82		0.0241258		
28.83		0.0241082		
28.84		0.0240906		
28.85		0.024073		
28.86		0.0240554		
28.87		0.0240379		
28.88		0.0240204		
28.89		0.0240029		
28.9		0.0239854		
28.91		0.023968		
28.92		0.0239506		
28.93		0.0239332		
28.94		0.0239158		
28.95		0.0238984		
28.96		0.0238811		
28.97		0.0238638		
28.98		0.0238465		
28.99		0.0238292		
29		0.023812		
29.01		0.0237948		
29.02		0.0237775		
29.03		0.0237604		
29.04		0.0237432		
29.05		0.0237261		
29.06		0.0237089		
29.07		0.0236918		
29.08		0.0236748		
29.09		0.0236577		
29.1		0.0236407		
29.11		0.0236237		
29.12		0.0236067		
29.13		0.0235897		
29.14		0.0235727		
29.15		0.0235558		
29.16		0.0235389		
29.17		0.023522		
29.18		0.0235051		
29.19		0.0234883		
29.2		0.0234715		
29.21		0.0234546		
29.22		0.0234379		
29.23		0.0234211		
29.24		0.0234043		
29.25		0.0233876		
29.26		0.0233709		
29.27		0.0233542		
29.28		0.0233376		
29.29		0.0233209		
29.3		0.0233043		
29.31		0.0232877		
29.32		0.0232711		
29.33		0.0232545		
29.34		0.023238		
29.35		0.0232215		
29.36		0.023205		
29.37		0.0231885		
29.38		0.023172		
29.39		0.0231555		
29.4		0.0231391		
29.41		0.0231227		
29.42		0.0231063		
29.43		0.02309		
29.44		0.0230736		
29.45		0.0230573		
29.46		0.023041		
29.47		0.0230247		
29.48		0.0230084		
29.49		0.0229921		
29.5		0.0229759		
29.51		0.0229597		
29.52		0.0229435		
29.53		0.0229273		
29.54		0.0229112		
29.55		0.022895		
29.56		0.0228789		
29.57		0.0228628		
29.58		0.0228467		
29.59		0.0228307		
29.6		0.0228146		
29.61		0.0227986		
29.62		0.0227826		
29.63		0.0227666		
29.64		0.0227506		
29.65		0.0227347		
29.66		0.0227187		
29.67		0.0227028		
29.68		0.0226869		
29.69		0.0226711		
29.7		0.0226552		
29.71		0.0226394		
29.72		0.0226235		
29.73		0.0226077		
29.74		0.0225919		
29.75		0.0225762		
29.76		0.0225604		
29.77		0.0225447		
29.78		0.022529		
29.79		0.0225133		
29.8		0.0224976		
29.81		0.0224819		
29.82		0.0224663		
29.83		0.0224507		
29.84		0.0224351		
29.85		0.0224195		
29.86		0.0224039		
29.87		0.0223883		
29.88		0.0223728		
29.89		0.0223573		
29.9		0.0223418		
29.91		0.0223263		
29.92		0.0223108		
29.93		0.0222954		
29.94		0.0222799		
29.95		0.0222645		
29.96		0.0222491		
29.97		0.0222338		
29.98		0.0222184		
29.99		0.022203		
30		0.0221877		
