t [fm]		pi [fm^-4]
0.25		0
0.26		12.468		
0.27		22.91		
0.28		31.663		
0.29		38.997		
0.3		45.136		
0.31		50.267		
0.32		54.541		
0.33		58.087		
0.34		61.011		
0.35		63.405		
0.36		65.343		
0.37		66.891		
0.38		68.103		
0.39		69.027		
0.4		69.701		
0.41		70.16		
0.42		70.435		
0.43		70.549		
0.44		70.526		
0.45		70.383		
0.46		70.139		
0.47		69.806		
0.48		69.398		
0.49		68.924		
0.5		68.396		
0.51		67.82		
0.52		67.205		
0.53		66.556		
0.54		65.879		
0.55		65.179		
0.56		64.461		
0.57		63.727		
0.58		62.981		
0.59		62.227		
0.6		61.466		
0.61		60.7		
0.62		59.933		
0.63		59.165		
0.64		58.398		
0.65		57.633		
0.66		56.871		
0.67		56.114		
0.68		55.361		
0.69		54.615		
0.7		53.875		
0.71		53.143		
0.72		52.417		
0.73		51.7		
0.74		50.991		
0.75		50.291		
0.76		49.599		
0.77		48.916		
0.78		48.243		
0.79		47.578		
0.8		46.923		
0.81		46.277		
0.82		45.641		
0.83		45.013		
0.84		44.396		
0.85		43.787		
0.86		43.188		
0.87		42.598		
0.88		42.017		
0.89		41.445		
0.9		40.882		
0.91		40.328		
0.92		39.783		
0.93		39.246		
0.94		38.719		
0.95		38.199		
0.96		37.688		
0.97		37.185		
0.98		36.69		
0.99		36.204		
1		35.725		
1.01		35.254		
1.02		34.79		
1.03		34.334		
1.04		33.885		
1.05		33.444		
1.06		33.01		
1.07		32.583		
1.08		32.162		
1.09		31.749		
1.1		31.342		
1.11		30.942		
1.12		30.548		
1.13		30.16		
1.14		29.779		
1.15		29.404		
1.16		29.034		
1.17		28.671		
1.18		28.313		
1.19		27.961		
1.2		27.615		
1.21		27.274		
1.22		26.939		
1.23		26.608		
1.24		26.283		
1.25		25.963		
1.26		25.648		
1.27		25.338		
1.28		25.033		
1.29		24.732		
1.3		24.436		
1.31		24.145		
1.32		23.858		
1.33		23.575		
1.34		23.297		
1.35		23.023		
1.36		22.753		
1.37		22.487		
1.38		22.226		
1.39		21.968		
1.4		21.714		
1.41		21.464		
1.42		21.217		
1.43		20.974		
1.44		20.735		
1.45		20.499		
1.46		20.267		
1.47		20.038		
1.48		19.813		
1.49		19.591		
1.5		19.372		
1.51		19.156		
1.52		18.943		
1.53		18.734		
1.54		18.527		
1.55		18.324		
1.56		18.123		
1.57		17.925		
1.58		17.73		
1.59		17.538		
1.6		17.348		
1.61		17.161		
1.62		16.977		
1.63		16.795		
1.64		16.616		
1.65		16.44		
1.66		16.265		
1.67		16.093		
1.68		15.924		
1.69		15.757		
1.7		15.592		
1.71		15.429		
1.72		15.269		
1.73		15.111		
1.74		14.955		
1.75		14.801		
1.76		14.649		
1.77		14.499		
1.78		14.351		
1.79		14.205		
1.8		14.061		
1.81		13.919		
1.82		13.779		
1.83		13.64		
1.84		13.504		
1.85		13.369		
1.86		13.236		
1.87		13.105		
1.88		12.975		
1.89		12.847		
1.9		12.721		
1.91		12.597		
1.92		12.474		
1.93		12.352		
1.94		12.232		
1.95		12.114		
1.96		11.997		
1.97		11.882		
1.98		11.768		
1.99		11.655		
2		11.544		
2.01		11.434		
2.02		11.326		
2.03		11.219		
2.04		11.113		
2.05		11.009		
2.06		10.906		
2.07		10.804		
2.08		10.703		
2.09		10.604		
2.1		10.506		
2.11		10.409		
2.12		10.313		
2.13		10.219		
2.14		10.125		
2.15		10.033		
2.16		9.9415		
2.17		9.8514		
2.18		9.7623		
2.19		9.6743		
2.2		9.5873		
2.21		9.5013		
2.22		9.4164		
2.23		9.3324		
2.24		9.2495		
2.25		9.1675		
2.26		9.0865		
2.27		9.0064		
2.28		8.9272		
2.29		8.849		
2.3		8.7716		
2.31		8.6952		
2.32		8.6196		
2.33		8.5449		
2.34		8.471		
2.35		8.398		
2.36		8.3258		
2.37		8.2545		
2.38		8.1839		
2.39		8.1141		
2.4		8.0451		
2.41		7.9769		
2.42		7.9095		
2.43		7.8428		
2.44		7.7769		
2.45		7.7116		
2.46		7.6471		
2.47		7.5834		
2.48		7.5203		
2.49		7.4579		
2.5		7.3962		
2.51		7.3352		
2.52		7.2748		
2.53		7.2151		
2.54		7.156		
2.55		7.0976		
2.56		7.0398		
2.57		6.9827		
2.58		6.9261		
2.59		6.8702		
2.6		6.8148		
2.61		6.7601		
2.62		6.7059		
2.63		6.6523		
2.64		6.5993		
2.65		6.5468		
2.66		6.4949		
2.67		6.4435		
2.68		6.3927		
2.69		6.3424		
2.7		6.2926		
2.71		6.2434		
2.72		6.1946		
2.73		6.1464		
2.74		6.0986		
2.75		6.0514		
2.76		6.0046		
2.77		5.9584		
2.78		5.9126		
2.79		5.8672		
2.8		5.8223		
2.81		5.7779		
2.82		5.734		
2.83		5.6904		
2.84		5.6473		
2.85		5.6047		
2.86		5.5625		
2.87		5.5207		
2.88		5.4793		
2.89		5.4383		
2.9		5.3978		
2.91		5.3576		
2.92		5.3179		
2.93		5.2785		
2.94		5.2395		
2.95		5.201		
2.96		5.1627		
2.97		5.1249		
2.98		5.0875		
2.99		5.0504		
3		5.0136		
3.01		4.9772		
3.02		4.9412		
3.03		4.9055		
3.04		4.8702		
3.05		4.8352		
3.06		4.8005		
3.07		4.7662		
3.08		4.7322		
3.09		4.6986		
3.1		4.6652		
3.11		4.6322		
3.12		4.5995		
3.13		4.567		
3.14		4.5349		
3.15		4.5031		
3.16		4.4716		
3.17		4.4404		
3.18		4.4095		
3.19		4.3789		
3.2		4.3485		
3.21		4.3185		
3.22		4.2887		
3.23		4.2592		
3.24		4.23		
3.25		4.201		
3.26		4.1723		
3.27		4.1439		
3.28		4.1157		
3.29		4.0878		
3.3		4.0601		
3.31		4.0327		
3.32		4.0056		
3.33		3.9787		
3.34		3.952		
3.35		3.9256		
3.36		3.8994		
3.37		3.8734		
3.38		3.8477		
3.39		3.8222		
3.4		3.797		
3.41		3.7719		
3.42		3.7471		
3.43		3.7225		
3.44		3.6981		
3.45		3.674		
3.46		3.65		
3.47		3.6263		
3.48		3.6028		
3.49		3.5794		
3.5		3.5563		
3.51		3.5334		
3.52		3.5107		
3.53		3.4882		
3.54		3.4658		
3.55		3.4437		
3.56		3.4218		
3.57		3.4		
3.58		3.3785		
3.59		3.3571		
3.6		3.3359		
3.61		3.3149		
3.62		3.2941		
3.63		3.2734		
3.64		3.2529		
3.65		3.2326		
3.66		3.2125		
3.67		3.1925		
3.68		3.1727		
3.69		3.1531		
3.7		3.1336		
3.71		3.1143		
3.72		3.0952		
3.73		3.0762		
3.74		3.0574		
3.75		3.0387		
3.76		3.0202		
3.77		3.0019		
3.78		2.9837		
3.79		2.9656		
3.8		2.9477		
3.81		2.9299		
3.82		2.9123		
3.83		2.8949		
3.84		2.8775		
3.85		2.8604		
3.86		2.8433		
3.87		2.8264		
3.88		2.8096		
3.89		2.793		
3.9		2.7765		
3.91		2.7601		
3.92		2.7439		
3.93		2.7278		
3.94		2.7118		
3.95		2.696		
3.96		2.6803		
3.97		2.6647		
3.98		2.6492		
3.99		2.6338		
4		2.6186		
4.01		2.6035		
4.02		2.5885		
4.03		2.5737		
4.04		2.5589		
4.05		2.5443		
4.06		2.5298		
4.07		2.5153		
4.08		2.501		
4.09		2.4869		
4.1		2.4728		
4.11		2.4588		
4.12		2.445		
4.13		2.4312		
4.14		2.4176		
4.15		2.404		
4.16		2.3906		
4.17		2.3773		
4.18		2.364		
4.19		2.3509		
4.2		2.3379		
4.21		2.325		
4.22		2.3121		
4.23		2.2994		
4.24		2.2868		
4.25		2.2742		
4.26		2.2618		
4.27		2.2494		
4.28		2.2372		
4.29		2.225		
4.3		2.2129		
4.31		2.2009		
4.32		2.189		
4.33		2.1772		
4.34		2.1655		
4.35		2.1539		
4.36		2.1423		
4.37		2.1308		
4.38		2.1195		
4.39		2.1082		
4.4		2.097		
4.41		2.0858		
4.42		2.0748		
4.43		2.0638		
4.44		2.0529		
4.45		2.0421		
4.46		2.0314		
4.47		2.0207		
4.48		2.0102		
4.49		1.9997		
4.5		1.9892		
4.51		1.9789		
4.52		1.9686		
4.53		1.9584		
4.54		1.9483		
4.55		1.9382		
4.56		1.9282		
4.57		1.9183		
4.58		1.9085		
4.59		1.8987		
4.6		1.889		
4.61		1.8794		
4.62		1.8698		
4.63		1.8603		
4.64		1.8509		
4.65		1.8415		
4.66		1.8322		
4.67		1.823		
4.68		1.8138		
4.69		1.8047		
4.7		1.7957		
4.71		1.7867		
4.72		1.7778		
4.73		1.7689		
4.74		1.7601		
4.75		1.7514		
4.76		1.7427		
4.77		1.7341		
4.78		1.7255		
4.79		1.7171		
4.8		1.7086		
4.81		1.7002		
4.82		1.6919		
4.83		1.6836		
4.84		1.6754		
4.85		1.6673		
4.86		1.6592		
4.87		1.6511		
4.88		1.6431		
4.89		1.6352		
4.9		1.6273		
4.91		1.6195		
4.92		1.6117		
4.93		1.604		
4.94		1.5963		
4.95		1.5887		
4.96		1.5811		
4.97		1.5736		
4.98		1.5661		
4.99		1.5587		
5		1.5513		
5.01		1.544		
5.02		1.5367		
5.03		1.5295		
5.04		1.5223		
5.05		1.5152		
5.06		1.5081		
5.07		1.501		
5.08		1.494		
5.09		1.4871		
5.1		1.4802		
5.11		1.4733		
5.12		1.4665		
5.13		1.4597		
5.14		1.453		
5.15		1.4463		
5.16		1.4396		
5.17		1.433		
5.18		1.4265		
5.19		1.42		
5.2		1.4135		
5.21		1.4071		
5.22		1.4007		
5.23		1.3943		
5.24		1.388		
5.25		1.3817		
5.26		1.3755		
5.27		1.3693		
5.28		1.3631		
5.29		1.357		
5.3		1.351		
5.31		1.3449		
5.32		1.3389		
5.33		1.3329		
5.34		1.327		
5.35		1.3211		
5.36		1.3153		
5.37		1.3095		
5.38		1.3037		
5.39		1.2979		
5.4		1.2922		
5.41		1.2865		
5.42		1.2809		
5.43		1.2753		
5.44		1.2697		
5.45		1.2642		
5.46		1.2587		
5.47		1.2532		
5.48		1.2478		
5.49		1.2424		
5.5		1.237		
5.51		1.2317		
5.52		1.2264		
5.53		1.2211		
5.54		1.2158		
5.55		1.2106		
5.56		1.2055		
5.57		1.2003		
5.58		1.1952		
5.59		1.1901		
5.6		1.185		
5.61		1.18		
5.62		1.175		
5.63		1.1701		
5.64		1.1651		
5.65		1.1602		
5.66		1.1553		
5.67		1.1505		
5.68		1.1457		
5.69		1.1409		
5.7		1.1361		
5.71		1.1314		
5.72		1.1267		
5.73		1.122		
5.74		1.1173		
5.75		1.1127		
5.76		1.1081		
5.77		1.1035		
5.78		1.099		
5.79		1.0945		
5.8		1.09		
5.81		1.0855		
5.82		1.081		
5.83		1.0766		
5.84		1.0722		
5.85		1.0679		
5.86		1.0635		
5.87		1.0592		
5.88		1.0549		
5.89		1.0506		
5.9		1.0464		
5.91		1.0422		
5.92		1.038		
5.93		1.0338		
5.94		1.0297		
5.95		1.0255		
5.96		1.0214		
5.97		1.0174		
5.98		1.0133		
5.99		1.0093		
6		1.0053		
6.01		1.0013		
6.02		0.99731		
6.03		0.99337		
6.04		0.98945		
6.05		0.98555		
6.06		0.98167		
6.07		0.97781		
6.08		0.97398		
6.09		0.97016		
6.1		0.96637		
6.11		0.9626		
6.12		0.95885		
6.13		0.95512		
6.14		0.95141		
6.15		0.94772		
6.16		0.94405		
6.17		0.9404		
6.18		0.93677		
6.19		0.93316		
6.2		0.92957		
6.21		0.926		
6.22		0.92244		
6.23		0.91891		
6.24		0.9154		
6.25		0.9119		
6.26		0.90843		
6.27		0.90497		
6.28		0.90153		
6.29		0.89811		
6.3		0.89471		
6.31		0.89133		
6.32		0.88796		
6.33		0.88461		
6.34		0.88128		
6.35		0.87797		
6.36		0.87468		
6.37		0.8714		
6.38		0.86814		
6.39		0.8649		
6.4		0.86167		
6.41		0.85846		
6.42		0.85527		
6.43		0.8521		
6.44		0.84894		
6.45		0.8458		
6.46		0.84267		
6.47		0.83956		
6.48		0.83647		
6.49		0.83339		
6.5		0.83033		
6.51		0.82729		
6.52		0.82426		
6.53		0.82125		
6.54		0.81825		
6.55		0.81527		
6.56		0.8123		
6.57		0.80935		
6.58		0.80641		
6.59		0.80349		
6.6		0.80058		
6.61		0.79769		
6.62		0.79481		
6.63		0.79195		
6.64		0.7891		
6.65		0.78627		
6.66		0.78345		
6.67		0.78065		
6.68		0.77786		
6.69		0.77508		
6.7		0.77232		
6.71		0.76957		
6.72		0.76683		
6.73		0.76411		
6.74		0.76141		
6.75		0.75871		
6.76		0.75603		
6.77		0.75337		
6.78		0.75071		
6.79		0.74807		
6.8		0.74544		
6.81		0.74283		
6.82		0.74023		
6.83		0.73764		
6.84		0.73507		
6.85		0.7325		
6.86		0.72995		
6.87		0.72742		
6.88		0.72489		
6.89		0.72238		
6.9		0.71988		
6.91		0.71739		
6.92		0.71491		
6.93		0.71245		
6.94		0.71		
6.95		0.70756		
6.96		0.70513		
6.97		0.70271		
6.98		0.70031		
6.99		0.69792		
7		0.69553		
7.01		0.69316		
7.02		0.69081		
7.03		0.68846		
7.04		0.68612		
7.05		0.6838		
7.06		0.68148		
7.07		0.67918		
7.08		0.67689		
7.09		0.67461		
7.1		0.67234		
7.11		0.67008		
7.12		0.66783		
7.13		0.6656		
7.14		0.66337		
7.15		0.66115		
7.16		0.65895		
7.17		0.65675		
7.18		0.65457		
7.19		0.65239		
7.2		0.65023		
7.21		0.64808		
7.22		0.64593		
7.23		0.6438		
7.24		0.64167		
7.25		0.63956		
7.26		0.63745		
7.27		0.63536		
7.28		0.63328		
7.29		0.6312		
7.3		0.62913		
7.31		0.62708		
7.32		0.62503		
7.33		0.623		
7.34		0.62097		
7.35		0.61895		
7.36		0.61694		
7.37		0.61494		
7.38		0.61295		
7.39		0.61097		
7.4		0.609		
7.41		0.60703		
7.42		0.60508		
7.43		0.60314		
7.44		0.6012		
7.45		0.59927		
7.46		0.59735		
7.47		0.59544		
7.48		0.59354		
7.49		0.59165		
7.5		0.58976		
7.51		0.58789		
7.52		0.58602		
7.53		0.58416		
7.54		0.58231		
7.55		0.58047		
7.56		0.57863		
7.57		0.57681		
7.58		0.57499		
7.59		0.57318		
7.6		0.57138		
7.61		0.56958		
7.62		0.5678		
7.63		0.56602		
7.64		0.56425		
7.65		0.56249		
7.66		0.56074		
7.67		0.55899		
7.68		0.55725		
7.69		0.55552		
7.7		0.5538		
7.71		0.55208		
7.72		0.55037		
7.73		0.54867		
7.74		0.54698		
7.75		0.54529		
7.76		0.54361		
7.77		0.54194		
7.78		0.54028		
7.79		0.53862		
7.8		0.53697		
7.81		0.53533		
7.82		0.5337		
7.83		0.53207		
7.84		0.53045		
7.85		0.52883		
7.86		0.52722		
7.87		0.52562		
7.88		0.52403		
7.89		0.52244		
7.9		0.52087		
7.91		0.51929		
7.92		0.51773		
7.93		0.51617		
7.94		0.51461		
7.95		0.51307		
7.96		0.51153		
7.97		0.51		
7.98		0.50847		
7.99		0.50695		
8		0.50544		
8.01		0.50393		
8.02		0.50243		
8.03		0.50093		
8.04		0.49944		
8.05		0.49796		
8.06		0.49649		
8.07		0.49502		
8.08		0.49355		
8.09		0.4921		
8.1		0.49065		
8.11		0.4892		
8.12		0.48776		
8.13		0.48633		
8.14		0.4849		
8.15		0.48348		
8.16		0.48207		
8.17		0.48066		
8.18		0.47925		
8.19		0.47786		
8.2		0.47646		
8.21		0.47508		
8.22		0.4737		
8.23		0.47232		
8.24		0.47095		
8.25		0.46959		
8.26		0.46823		
8.27		0.46688		
8.28		0.46553		
8.29		0.46419		
8.3		0.46286		
8.31		0.46153		
8.32		0.4602		
8.33		0.45888		
8.34		0.45757		
8.35		0.45626		
8.36		0.45495		
8.37		0.45366		
8.38		0.45236		
8.39		0.45108		
8.4		0.44979		
8.41		0.44852		
8.42		0.44724		
8.43		0.44598		
8.44		0.44472		
8.45		0.44346		
8.46		0.44221		
8.47		0.44096		
8.48		0.43972		
8.49		0.43848		
8.5		0.43725		
8.51		0.43602		
8.52		0.4348		
8.53		0.43358		
8.54		0.43237		
8.55		0.43116		
8.56		0.42996		
8.57		0.42876		
8.58		0.42757		
8.59		0.42638		
8.6		0.4252		
8.61		0.42402		
8.62		0.42284		
8.63		0.42167		
8.64		0.42051		
8.65		0.41934		
8.66		0.41819		
8.67		0.41704		
8.68		0.41589		
8.69		0.41475		
8.7		0.41361		
8.71		0.41247		
8.72		0.41134		
8.73		0.41022		
8.74		0.4091		
8.75		0.40798		
8.76		0.40687		
8.77		0.40576		
8.78		0.40466		
8.79		0.40356		
8.8		0.40246		
8.81		0.40137		
8.82		0.40029		
8.83		0.3992		
8.84		0.39813		
8.85		0.39705		
8.86		0.39598		
8.87		0.39491		
8.88		0.39385		
8.89		0.3928		
8.9		0.39174		
8.91		0.39069		
8.92		0.38965		
8.93		0.3886		
8.94		0.38757		
8.95		0.38653		
8.96		0.3855		
8.97		0.38448		
8.98		0.38345		
8.99		0.38243		
9		0.38142		
9.01		0.38041		
9.02		0.3794		
9.03		0.3784		
9.04		0.3774		
9.05		0.3764		
9.06		0.37541		
9.07		0.37442		
9.08		0.37344		
9.09		0.37246		
9.1		0.37148		
9.11		0.37051		
9.12		0.36954		
9.13		0.36857		
9.14		0.36761		
9.15		0.36665		
9.16		0.36569		
9.17		0.36474		
9.18		0.36379		
9.19		0.36285		
9.2		0.36191		
9.21		0.36097		
9.22		0.36003		
9.23		0.3591		
9.24		0.35817		
9.25		0.35725		
9.26		0.35633		
9.27		0.35541		
9.28		0.3545		
9.29		0.35358		
9.3		0.35268		
9.31		0.35177		
9.32		0.35087		
9.33		0.34997		
9.34		0.34908		
9.35		0.34819		
9.36		0.3473		
9.37		0.34641		
9.38		0.34553		
9.39		0.34465		
9.4		0.34378		
9.41		0.34291		
9.42		0.34204		
9.43		0.34117		
9.44		0.34031		
9.45		0.33945		
9.46		0.33859		
9.47		0.33774		
9.48		0.33689		
9.49		0.33604		
9.5		0.3352		
9.51		0.33435		
9.52		0.33352		
9.53		0.33268		
9.54		0.33185		
9.55		0.33102		
9.56		0.33019		
9.57		0.32937		
9.58		0.32855		
9.59		0.32773		
9.6		0.32691		
9.61		0.3261		
9.62		0.32529		
9.63		0.32449		
9.64		0.32368		
9.65		0.32288		
9.66		0.32208		
9.67		0.32129		
9.68		0.3205		
9.69		0.31971		
9.7		0.31892		
9.71		0.31814		
9.72		0.31736		
9.73		0.31658		
9.74		0.3158		
9.75		0.31503		
9.76		0.31426		
9.77		0.31349		
9.78		0.31272		
9.79		0.31196		
9.8		0.3112		
9.81		0.31044		
9.82		0.30969		
9.83		0.30894		
9.84		0.30819		
9.85		0.30744		
9.86		0.3067		
9.87		0.30596		
9.88		0.30522		
9.89		0.30448		
9.9		0.30375		
9.91		0.30301		
9.92		0.30228		
9.93		0.30156		
9.94		0.30083		
9.95		0.30011		
9.96		0.29939		
9.97		0.29868		
9.98		0.29796		
9.99		0.29725		
10		0.29654		
10.01		0.29583		
10.02		0.29513		
10.03		0.29443		
10.04		0.29373		
10.05		0.29303		
10.06		0.29233		
10.07		0.29164		
10.08		0.29095		
10.09		0.29026		
10.1		0.28958		
10.11		0.28889		
10.12		0.28821		
10.13		0.28753		
10.14		0.28685		
10.15		0.28618		
10.16		0.28551		
10.17		0.28484		
10.18		0.28417		
10.19		0.2835		
10.2		0.28284		
10.21		0.28218		
10.22		0.28152		
10.23		0.28086		
10.24		0.28021		
10.25		0.27956		
10.26		0.27891		
10.27		0.27826		
10.28		0.27761		
10.29		0.27697		
10.3		0.27633		
10.31		0.27569		
10.32		0.27505		
10.33		0.27441		
10.34		0.27378		
10.35		0.27315		
10.36		0.27252		
10.37		0.27189		
10.38		0.27127		
10.39		0.27064		
10.4		0.27002		
10.41		0.2694		
10.42		0.26879		
10.43		0.26817		
10.44		0.26756		
10.45		0.26695		
10.46		0.26634		
10.47		0.26573		
10.48		0.26513		
10.49		0.26452		
10.5		0.26392		
10.51		0.26332		
10.52		0.26272		
10.53		0.26213		
10.54		0.26154		
10.55		0.26094		
10.56		0.26035		
10.57		0.25977		
10.58		0.25918		
10.59		0.2586		
10.6		0.25801		
10.61		0.25743		
10.62		0.25686		
10.63		0.25628		
10.64		0.2557		
10.65		0.25513		
10.66		0.25456		
10.67		0.25399		
10.68		0.25342		
10.69		0.25286		
10.7		0.25229		
10.71		0.25173		
10.72		0.25117		
10.73		0.25061		
10.74		0.25005		
10.75		0.2495		
10.76		0.24895		
10.77		0.24839		
10.78		0.24784		
10.79		0.2473		
10.8		0.24675		
10.81		0.24621		
10.82		0.24566		
10.83		0.24512		
10.84		0.24458		
10.85		0.24404		
10.86		0.24351		
10.87		0.24297		
10.88		0.24244		
10.89		0.24191		
10.9		0.24138		
10.91		0.24085		
10.92		0.24032		
10.93		0.2398		
10.94		0.23928		
10.95		0.23876		
10.96		0.23824		
10.97		0.23772		
10.98		0.2372		
10.99		0.23669		
11		0.23617		
11.01		0.23566		
11.02		0.23515		
11.03		0.23464		
11.04		0.23413		
11.05		0.23363		
11.06		0.23312		
11.07		0.23262		
11.08		0.23212		
11.09		0.23162		
11.1		0.23112		
11.11		0.23063		
11.12		0.23013		
11.13		0.22964		
11.14		0.22915		
11.15		0.22866		
11.16		0.22817		
11.17		0.22768		
11.18		0.22719		
11.19		0.22671		
11.2		0.22623		
11.21		0.22575		
11.22		0.22527		
11.23		0.22479		
11.24		0.22431		
11.25		0.22383		
11.26		0.22336		
11.27		0.22289		
11.28		0.22241		
11.29		0.22194		
11.3		0.22148		
11.31		0.22101		
11.32		0.22054		
11.33		0.22008		
11.34		0.21962		
11.35		0.21915		
11.36		0.21869		
11.37		0.21823		
11.38		0.21778		
11.39		0.21732		
11.4		0.21687		
11.41		0.21641		
11.42		0.21596		
11.43		0.21551		
11.44		0.21506		
11.45		0.21461		
11.46		0.21417		
11.47		0.21372		
11.48		0.21328		
11.49		0.21283		
11.5		0.21239		
11.51		0.21195		
11.52		0.21151		
11.53		0.21107		
11.54		0.21064		
11.55		0.2102		
11.56		0.20977		
11.57		0.20934		
11.58		0.2089		
11.59		0.20847		
11.6		0.20805		
11.61		0.20762		
11.62		0.20719		
11.63		0.20677		
11.64		0.20634		
11.65		0.20592		
11.66		0.2055		
11.67		0.20508		
11.68		0.20466		
11.69		0.20424		
11.7		0.20383		
11.71		0.20341		
11.72		0.203		
11.73		0.20258		
11.74		0.20217		
11.75		0.20176		
11.76		0.20135		
11.77		0.20094		
11.78		0.20054		
11.79		0.20013		
11.8		0.19973		
11.81		0.19932		
11.82		0.19892		
11.83		0.19852		
11.84		0.19812		
11.85		0.19772		
11.86		0.19732		
11.87		0.19693		
11.88		0.19653		
11.89		0.19614		
11.9		0.19574		
11.91		0.19535		
11.92		0.19496		
11.93		0.19457		
11.94		0.19418		
11.95		0.19379		
11.96		0.19341		
11.97		0.19302		
11.98		0.19264		
11.99		0.19226		
12		0.19187		
12.01		0.19149		
12.02		0.19111		
12.03		0.19073		
12.04		0.19035		
12.05		0.18998		
12.06		0.1896		
12.07		0.18923		
12.08		0.18885		
12.09		0.18848		
12.1		0.18811		
12.11		0.18774		
12.12		0.18737		
12.13		0.187		
12.14		0.18663		
12.15		0.18627		
12.16		0.1859		
12.17		0.18554		
12.18		0.18517		
12.19		0.18481		
12.2		0.18445		
12.21		0.18409		
12.22		0.18373		
12.23		0.18337		
12.24		0.18302		
12.25		0.18266		
12.26		0.1823		
12.27		0.18195		
12.28		0.1816		
12.29		0.18124		
12.3		0.18089		
12.31		0.18054		
12.32		0.18019		
12.33		0.17984		
12.34		0.1795		
12.35		0.17915		
12.36		0.1788		
12.37		0.17846		
12.38		0.17811		
12.39		0.17777		
12.4		0.17743		
12.41		0.17709		
12.42		0.17675		
12.43		0.17641		
12.44		0.17607		
12.45		0.17573		
12.46		0.1754		
12.47		0.17506		
12.48		0.17473		
12.49		0.17439		
12.5		0.17406		
12.51		0.17373		
12.52		0.1734		
12.53		0.17307		
12.54		0.17274		
12.55		0.17241		
12.56		0.17208		
12.57		0.17176		
12.58		0.17143		
12.59		0.17111		
12.6		0.17078		
12.61		0.17046		
12.62		0.17014		
12.63		0.16982		
12.64		0.1695		
12.65		0.16918		
12.66		0.16886		
12.67		0.16854		
12.68		0.16822		
12.69		0.16791		
12.7		0.16759		
12.71		0.16728		
12.72		0.16696		
12.73		0.16665		
12.74		0.16634		
12.75		0.16603		
12.76		0.16572		
12.77		0.16541		
12.78		0.1651		
12.79		0.16479		
12.8		0.16448		
12.81		0.16418		
12.82		0.16387		
12.83		0.16357		
12.84		0.16326		
12.85		0.16296		
12.86		0.16266		
12.87		0.16236		
12.88		0.16206		
12.89		0.16176		
12.9		0.16146		
12.91		0.16116		
12.92		0.16086		
12.93		0.16056		
12.94		0.16027		
12.95		0.15997		
12.96		0.15968		
12.97		0.15939		
12.98		0.15909		
12.99		0.1588		
13		0.15851		
13.01		0.15822		
13.02		0.15793		
13.03		0.15764		
13.04		0.15735		
13.05		0.15706		
13.06		0.15678		
13.07		0.15649		
13.08		0.15621		
13.09		0.15592		
13.1		0.15564		
13.11		0.15536		
13.12		0.15507		
13.13		0.15479		
13.14		0.15451		
13.15		0.15423		
13.16		0.15395		
13.17		0.15367		
13.18		0.15339		
13.19		0.15312		
13.2		0.15284		
13.21		0.15256		
13.22		0.15229		
13.23		0.15201		
13.24		0.15174		
13.25		0.15147		
13.26		0.1512		
13.27		0.15092		
13.28		0.15065		
13.29		0.15038		
13.3		0.15011		
13.31		0.14984		
13.32		0.14958		
13.33		0.14931		
13.34		0.14904		
13.35		0.14877		
13.36		0.14851		
13.37		0.14824		
13.38		0.14798		
13.39		0.14772		
13.4		0.14745		
13.41		0.14719		
13.42		0.14693		
13.43		0.14667		
13.44		0.14641		
13.45		0.14615		
13.46		0.14589		
13.47		0.14563		
13.48		0.14538		
13.49		0.14512		
13.5		0.14486		
13.51		0.14461		
13.52		0.14435		
13.53		0.1441		
13.54		0.14384		
13.55		0.14359		
13.56		0.14334		
13.57		0.14309		
13.58		0.14283		
13.59		0.14258		
13.6		0.14233		
13.61		0.14208		
13.62		0.14184		
13.63		0.14159		
13.64		0.14134		
13.65		0.14109		
13.66		0.14085		
13.67		0.1406		
13.68		0.14036		
13.69		0.14011		
13.7		0.13987		
13.71		0.13963		
13.72		0.13938		
13.73		0.13914		
13.74		0.1389		
13.75		0.13866		
13.76		0.13842		
13.77		0.13818		
13.78		0.13794		
13.79		0.1377		
13.8		0.13746		
13.81		0.13723		
13.82		0.13699		
13.83		0.13675		
13.84		0.13652		
13.85		0.13628		
13.86		0.13605		
13.87		0.13581		
13.88		0.13558		
13.89		0.13535		
13.9		0.13512		
13.91		0.13488		
13.92		0.13465		
13.93		0.13442		
13.94		0.13419		
13.95		0.13396		
13.96		0.13374		
13.97		0.13351		
13.98		0.13328		
13.99		0.13305		
14		0.13283		
14.01		0.1326		
14.02		0.13237		
14.03		0.13215		
14.04		0.13193		
14.05		0.1317		
14.06		0.13148		
14.07		0.13126		
14.08		0.13103		
14.09		0.13081		
14.1		0.13059		
14.11		0.13037		
14.12		0.13015		
14.13		0.12993		
14.14		0.12971		
14.15		0.12949		
14.16		0.12927		
14.17		0.12906		
14.18		0.12884		
14.19		0.12862		
14.2		0.12841		
14.21		0.12819		
14.22		0.12798		
14.23		0.12776		
14.24		0.12755		
14.25		0.12734		
14.26		0.12712		
14.27		0.12691		
14.28		0.1267		
14.29		0.12649		
14.3		0.12628		
14.31		0.12607		
14.32		0.12586		
14.33		0.12565		
14.34		0.12544		
14.35		0.12523		
14.36		0.12502		
14.37		0.12481		
14.38		0.12461		
14.39		0.1244		
14.4		0.1242		
14.41		0.12399		
14.42		0.12379		
14.43		0.12358		
14.44		0.12338		
14.45		0.12317		
14.46		0.12297		
14.47		0.12277		
14.48		0.12257		
14.49		0.12236		
14.5		0.12216		
14.51		0.12196		
14.52		0.12176		
14.53		0.12156		
14.54		0.12136		
14.55		0.12116		
14.56		0.12097		
14.57		0.12077		
14.58		0.12057		
14.59		0.12037		
14.6		0.12018		
14.61		0.11998		
14.62		0.11979		
14.63		0.11959		
14.64		0.1194		
14.65		0.1192		
14.66		0.11901		
14.67		0.11881		
14.68		0.11862		
14.69		0.11843		
14.7		0.11824		
14.71		0.11805		
14.72		0.11785		
14.73		0.11766		
14.74		0.11747		
14.75		0.11728		
14.76		0.11709		
14.77		0.11691		
14.78		0.11672		
14.79		0.11653		
14.8		0.11634		
14.81		0.11615		
14.82		0.11597		
14.83		0.11578		
14.84		0.1156		
14.85		0.11541		
14.86		0.11522		
14.87		0.11504		
14.88		0.11486		
14.89		0.11467		
14.9		0.11449		
14.91		0.11431		
14.92		0.11412		
14.93		0.11394		
14.94		0.11376		
14.95		0.11358		
14.96		0.1134		
14.97		0.11322		
14.98		0.11304		
14.99		0.11286		
15		0.11268		
15.01		0.1125		
15.02		0.11232		
15.03		0.11214		
15.04		0.11196		
15.05		0.11179		
15.06		0.11161		
15.07		0.11143		
15.08		0.11126		
15.09		0.11108		
15.1		0.11091		
15.11		0.11073		
15.12		0.11056		
15.13		0.11038		
15.14		0.11021		
15.15		0.11004		
15.16		0.10986		
15.17		0.10969		
15.18		0.10952		
15.19		0.10935		
15.2		0.10918		
15.21		0.109		
15.22		0.10883		
15.23		0.10866		
15.24		0.10849		
15.25		0.10832		
15.26		0.10815		
15.27		0.10799		
15.28		0.10782		
15.29		0.10765		
15.3		0.10748		
15.31		0.10731		
15.32		0.10715		
15.33		0.10698		
15.34		0.10681		
15.35		0.10665		
15.36		0.10648		
15.37		0.10632		
15.38		0.10615		
15.39		0.10599		
15.4		0.10583		
15.41		0.10566		
15.42		0.1055		
15.43		0.10534		
15.44		0.10517		
15.45		0.10501		
15.46		0.10485		
15.47		0.10469		
15.48		0.10453		
15.49		0.10437		
15.5		0.10421		
15.51		0.10405		
15.52		0.10389		
15.53		0.10373		
15.54		0.10357		
15.55		0.10341		
15.56		0.10325		
15.57		0.10309		
15.58		0.10293		
15.59		0.10278		
15.6		0.10262		
15.61		0.10246		
15.62		0.10231		
15.63		0.10215		
15.64		0.102		
15.65		0.10184		
15.66		0.10169		
15.67		0.10153		
15.68		0.10138		
15.69		0.10122		
15.7		0.10107		
15.71		0.10092		
15.72		0.10076		
15.73		0.10061		
15.74		0.10046		
15.75		0.10031		
15.76		0.10015		
15.77		0.1		
15.78		0.099852		
15.79		0.099701		
15.8		0.099551		
15.81		0.099401		
15.82		0.099251		
15.83		0.099102		
15.84		0.098952		
15.85		0.098804		
15.86		0.098655		
15.87		0.098507		
15.88		0.098359		
15.89		0.098212		
15.9		0.098065		
15.91		0.097918		
15.92		0.097771		
15.93		0.097625		
15.94		0.097479		
15.95		0.097334		
15.96		0.097188		
15.97		0.097043		
15.98		0.096899		
15.99		0.096754		
16		0.09661		
16.01		0.096466		
16.02		0.096323		
16.03		0.09618		
16.04		0.096037		
16.05		0.095894		
16.06		0.095752		
16.07		0.09561		
16.08		0.095468		
16.09		0.095327		
16.1		0.095186		
16.11		0.095045		
16.12		0.094905		
16.13		0.094764		
16.14		0.094625		
16.15		0.094485		
16.16		0.094346		
16.17		0.094207		
16.18		0.094068		
16.19		0.093929		
16.2		0.093791		
16.21		0.093653		
16.22		0.093516		
16.23		0.093379		
16.24		0.093242		
16.25		0.093105		
16.26		0.092968		
16.27		0.092832		
16.28		0.092696		
16.29		0.092561		
16.3		0.092426		
16.31		0.092291		
16.32		0.092156		
16.33		0.092021		
16.34		0.091887		
16.35		0.091753		
16.36		0.09162		
16.37		0.091486		
16.38		0.091353		
16.39		0.09122		
16.4		0.091088		
16.41		0.090956		
16.42		0.090824		
16.43		0.090692		
16.44		0.09056		
16.45		0.090429		
16.46		0.090298		
16.47		0.090168		
16.48		0.090037		
16.49		0.089907		
16.5		0.089777		
16.51		0.089648		
16.52		0.089519		
16.53		0.08939		
16.54		0.089261		
16.55		0.089132		
16.56		0.089004		
16.57		0.088876		
16.58		0.088748		
16.59		0.088621		
16.6		0.088494		
16.61		0.088367		
16.62		0.08824		
16.63		0.088114		
16.64		0.087987		
16.65		0.087861		
16.66		0.087736		
16.67		0.08761		
16.68		0.087485		
16.69		0.08736		
16.7		0.087236		
16.71		0.087111		
16.72		0.086987		
16.73		0.086863		
16.74		0.08674		
16.75		0.086616		
16.76		0.086493		
16.77		0.08637		
16.78		0.086248		
16.79		0.086125		
16.8		0.086003		
16.81		0.085881		
16.82		0.085759		
16.83		0.085638		
16.84		0.085517		
16.85		0.085396		
16.86		0.085275		
16.87		0.085155		
16.88		0.085034		
16.89		0.084915		
16.9		0.084795		
16.91		0.084675		
16.92		0.084556		
16.93		0.084437		
16.94		0.084318		
16.95		0.0842		
16.96		0.084081		
16.97		0.083963		
16.98		0.083845		
16.99		0.083728		
17		0.08361		
17.01		0.083493		
17.02		0.083376		
17.03		0.08326		
17.04		0.083143		
17.05		0.083027		
17.06		0.082911		
17.07		0.082795		
17.08		0.08268		
17.09		0.082565		
17.1		0.08245		
17.11		0.082335		
17.12		0.08222		
17.13		0.082106		
17.14		0.081992		
17.15		0.081878		
17.16		0.081764		
17.17		0.08165		
17.18		0.081537		
17.19		0.081424		
17.2		0.081311		
17.21		0.081199		
17.22		0.081086		
17.23		0.080974		
17.24		0.080862		
17.25		0.08075		
17.26		0.080639		
17.27		0.080528		
17.28		0.080417		
17.29		0.080306		
17.3		0.080195		
17.31		0.080085		
17.32		0.079974		
17.33		0.079864		
17.34		0.079755		
17.35		0.079645		
17.36		0.079536		
17.37		0.079427		
17.38		0.079318		
17.39		0.079209		
17.4		0.0791		
17.41		0.078992		
17.42		0.078884		
17.43		0.078776		
17.44		0.078669		
17.45		0.078561		
17.46		0.078454		
17.47		0.078347		
17.48		0.07824		
17.49		0.078133		
17.5		0.078027		
17.51		0.077921		
17.52		0.077815		
17.53		0.077709		
17.54		0.077603		
17.55		0.077498		
17.56		0.077393		
17.57		0.077288		
17.58		0.077183		
17.59		0.077078		
17.6		0.076974		
17.61		0.07687		
17.62		0.076766		
17.63		0.076662		
17.64		0.076558		
17.65		0.076455		
17.66		0.076352		
17.67		0.076249		
17.68		0.076146		
17.69		0.076043		
17.7		0.075941		
17.71		0.075839		
17.72		0.075737		
17.73		0.075635		
17.74		0.075533		
17.75		0.075432		
17.76		0.07533		
17.77		0.075229		
17.78		0.075128		
17.79		0.075028		
17.8		0.074927		
17.81		0.074827		
17.82		0.074727		
17.83		0.074627		
17.84		0.074527		
17.85		0.074428		
17.86		0.074328		
17.87		0.074229		
17.88		0.07413		
17.89		0.074031		
17.9		0.073933		
17.91		0.073834		
17.92		0.073736		
17.93		0.073638		
17.94		0.07354		
17.95		0.073442		
17.96		0.073345		
17.97		0.073248		
17.98		0.073151		
17.99		0.073054		
18		0.072957		
18.01		0.07286		
18.02		0.072764		
18.03		0.072668		
18.04		0.072571		
18.05		0.072476		
18.06		0.07238		
18.07		0.072284		
18.08		0.072189		
18.09		0.072094		
18.1		0.071999		
18.11		0.071904		
18.12		0.071809		
18.13		0.071715		
18.14		0.071621		
18.15		0.071527		
18.16		0.071433		
18.17		0.071339		
18.18		0.071245		
18.19		0.071152		
18.2		0.071059		
18.21		0.070966		
18.22		0.070873		
18.23		0.07078		
18.24		0.070687		
18.25		0.070595		
18.26		0.070503		
18.27		0.070411		
18.28		0.070319		
18.29		0.070227		
18.3		0.070136		
18.31		0.070044		
18.32		0.069953		
18.33		0.069862		
18.34		0.069771		
18.35		0.069681		
18.36		0.06959		
18.37		0.0695		
18.38		0.06941		
18.39		0.06932		
18.4		0.06923		
18.41		0.06914		
18.42		0.06905		
18.43		0.068961		
18.44		0.068872		
18.45		0.068783		
18.46		0.068694		
18.47		0.068605		
18.48		0.068517		
18.49		0.068428		
18.5		0.06834		
18.51		0.068252		
18.52		0.068164		
18.53		0.068076		
18.54		0.067989		
18.55		0.067901		
18.56		0.067814		
18.57		0.067727		
18.58		0.06764		
18.59		0.067553		
18.6		0.067466		
18.61		0.06738		
18.62		0.067294		
18.63		0.067207		
18.64		0.067121		
18.65		0.067035		
18.66		0.06695		
18.67		0.066864		
18.68		0.066779		
18.69		0.066694		
18.7		0.066608		
18.71		0.066523		
18.72		0.066439		
18.73		0.066354		
18.74		0.06627		
18.75		0.066185		
18.76		0.066101		
18.77		0.066017		
18.78		0.065933		
18.79		0.065849		
18.8		0.065766		
18.81		0.065682		
18.82		0.065599		
18.83		0.065516		
18.84		0.065433		
18.85		0.06535		
18.86		0.065267		
18.87		0.065185		
18.88		0.065102		
18.89		0.06502		
18.9		0.064938		
18.91		0.064856		
18.92		0.064774		
18.93		0.064693		
18.94		0.064611		
18.95		0.06453		
18.96		0.064449		
18.97		0.064367		
18.98		0.064286		
18.99		0.064206		
19		0.064125		
19.01		0.064044		
19.02		0.063964		
19.03		0.063884		
19.04		0.063804		
19.05		0.063724		
19.06		0.063644		
19.07		0.063564		
19.08		0.063485		
19.09		0.063405		
19.1		0.063326		
19.11		0.063247		
19.12		0.063168		
19.13		0.063089		
19.14		0.063011		
19.15		0.062932		
19.16		0.062854		
19.17		0.062775		
19.18		0.062697		
19.19		0.062619		
19.2		0.062541		
19.21		0.062464		
19.22		0.062386		
19.23		0.062309		
19.24		0.062231		
19.25		0.062154		
19.26		0.062077		
19.27		0.062		
19.28		0.061923		
19.29		0.061847		
19.3		0.06177		
19.31		0.061694		
19.32		0.061618		
19.33		0.061542		
19.34		0.061466		
19.35		0.06139		
19.36		0.061314		
19.37		0.061239		
19.38		0.061163		
19.39		0.061088		
19.4		0.061013		
19.41		0.060938		
19.42		0.060863		
19.43		0.060788		
19.44		0.060713		
19.45		0.060639		
19.46		0.060564		
19.47		0.06049		
19.48		0.060416		
19.49		0.060342		
19.5		0.060268		
19.51		0.060194		
19.52		0.060121		
19.53		0.060047		
19.54		0.059974		
19.55		0.059901		
19.56		0.059828		
19.57		0.059755		
19.58		0.059682		
19.59		0.059609		
19.6		0.059536		
19.61		0.059464		
19.62		0.059392		
19.63		0.059319		
19.64		0.059247		
19.65		0.059175		
19.66		0.059103		
19.67		0.059032		
19.68		0.05896		
19.69		0.058889		
19.7		0.058817		
19.71		0.058746		
19.72		0.058675		
19.73		0.058604		
19.74		0.058533		
19.75		0.058462		
19.76		0.058392		
19.77		0.058321		
19.78		0.058251		
19.79		0.058181		
19.8		0.05811		
19.81		0.05804		
19.82		0.057971		
19.83		0.057901		
19.84		0.057831		
19.85		0.057762		
19.86		0.057692		
19.87		0.057623		
19.88		0.057554		
19.89		0.057485		
19.9		0.057416		
19.91		0.057347		
19.92		0.057278		
19.93		0.05721		
19.94		0.057141		
19.95		0.057073		
19.96		0.057005		
19.97		0.056937		
19.98		0.056869		
19.99		0.056801		
20		0.056733		
20.01		0.056665		
20.02		0.056598		
20.03		0.05653		
20.04		0.056463		
20.05		0.056396		
20.06		0.056329		
20.07		0.056262		
20.08		0.056195		
20.09		0.056128		
20.1		0.056062		
20.11		0.055995		
20.12		0.055929		
20.13		0.055862		
20.14		0.055796		
20.15		0.05573		
20.16		0.055664		
20.17		0.055598		
20.18		0.055533		
20.19		0.055467		
20.2		0.055402		
20.21		0.055336		
20.22		0.055271		
20.23		0.055206		
20.24		0.055141		
20.25		0.055076		
20.26		0.055011		
20.27		0.054946		
20.28		0.054882		
20.29		0.054817		
20.3		0.054753		
20.31		0.054688		
20.32		0.054624		
20.33		0.05456		
20.34		0.054496		
20.35		0.054432		
20.36		0.054369		
20.37		0.054305		
20.38		0.054241		
20.39		0.054178		
20.4		0.054115		
20.41		0.054051		
20.42		0.053988		
20.43		0.053925		
20.44		0.053862		
20.45		0.0538		
20.46		0.053737		
20.47		0.053674		
20.48		0.053612		
20.49		0.05355		
20.5		0.053487		
20.51		0.053425		
20.52		0.053363		
20.53		0.053301		
20.54		0.053239		
20.55		0.053177		
20.56		0.053116		
20.57		0.053054		
20.58		0.052993		
20.59		0.052931		
20.6		0.05287		
20.61		0.052809		
20.62		0.052748		
20.63		0.052687		
20.64		0.052626		
20.65		0.052566		
20.66		0.052505		
20.67		0.052444		
20.68		0.052384		
20.69		0.052324		
20.7		0.052263		
20.71		0.052203		
20.72		0.052143		
20.73		0.052083		
20.74		0.052023		
20.75		0.051964		
20.76		0.051904		
20.77		0.051845		
20.78		0.051785		
20.79		0.051726		
20.8		0.051667		
20.81		0.051607		
20.82		0.051548		
20.83		0.051489		
20.84		0.051431		
20.85		0.051372		
20.86		0.051313		
20.87		0.051255		
20.88		0.051196		
20.89		0.051138		
20.9		0.05108		
20.91		0.051021		
20.92		0.050963		
20.93		0.050905		
20.94		0.050847		
20.95		0.05079		
20.96		0.050732		
20.97		0.050674		
20.98		0.050617		
20.99		0.050559		
21		0.050502		
21.01		0.050445		
21.02		0.050388		
21.03		0.050331		
21.04		0.050274		
21.05		0.050217		
21.06		0.05016		
21.07		0.050103		
21.08		0.050047		
21.09		0.04999		
21.1		0.049934		
21.11		0.049878		
21.12		0.049821		
21.13		0.049765		
21.14		0.049709		
21.15		0.049653		
21.16		0.049597		
21.17		0.049542		
21.18		0.049486		
21.19		0.04943		
21.2		0.049375		
21.21		0.04932		
21.22		0.049264		
21.23		0.049209		
21.24		0.049154		
21.25		0.049099		
21.26		0.049044		
21.27		0.048989		
21.28		0.048934		
21.29		0.04888		
21.3		0.048825		
21.31		0.04877		
21.32		0.048716		
21.33		0.048662		
21.34		0.048607		
21.35		0.048553		
21.36		0.048499		
21.37		0.048445		
21.38		0.048391		
21.39		0.048338		
21.4		0.048284		
21.41		0.04823		
21.42		0.048177		
21.43		0.048123		
21.44		0.04807		
21.45		0.048016		
21.46		0.047963		
21.47		0.04791		
21.48		0.047857		
21.49		0.047804		
21.5		0.047751		
21.51		0.047698		
21.52		0.047646		
21.53		0.047593		
21.54		0.047541		
21.55		0.047488		
21.56		0.047436		
21.57		0.047384		
21.58		0.047331		
21.59		0.047279		
21.6		0.047227		
21.61		0.047175		
21.62		0.047123		
21.63		0.047072		
21.64		0.04702		
21.65		0.046968		
21.66		0.046917		
21.67		0.046865		
21.68		0.046814		
21.69		0.046763		
21.7		0.046711		
21.71		0.04666		
21.72		0.046609		
21.73		0.046558		
21.74		0.046507		
21.75		0.046457		
21.76		0.046406		
21.77		0.046355		
21.78		0.046305		
21.79		0.046254		
21.8		0.046204		
21.81		0.046153		
21.82		0.046103		
21.83		0.046053		
21.84		0.046003		
21.85		0.045953		
21.86		0.045903		
21.87		0.045853		
21.88		0.045803		
21.89		0.045754		
21.9		0.045704		
21.91		0.045654		
21.92		0.045605		
21.93		0.045556		
21.94		0.045506		
21.95		0.045457		
21.96		0.045408		
21.97		0.045359		
21.98		0.04531		
21.99		0.045261		
22		0.045212		
22.01		0.045163		
22.02		0.045115		
22.03		0.045066		
22.04		0.045017		
22.05		0.044969		
22.06		0.044921		
22.07		0.044872		
22.08		0.044824		
22.09		0.044776		
22.1		0.044728		
22.11		0.04468		
22.12		0.044632		
22.13		0.044584		
22.14		0.044536		
22.15		0.044488		
22.16		0.044441		
22.17		0.044393		
22.18		0.044346		
22.19		0.044298		
22.2		0.044251		
22.21		0.044204		
22.22		0.044156		
22.23		0.044109		
22.24		0.044062		
22.25		0.044015		
22.26		0.043968		
22.27		0.043922		
22.28		0.043875		
22.29		0.043828		
22.3		0.043781		
22.31		0.043735		
22.32		0.043688		
22.33		0.043642		
22.34		0.043596		
22.35		0.043549		
22.36		0.043503		
22.37		0.043457		
22.38		0.043411		
22.39		0.043365		
22.4		0.043319		
22.41		0.043273		
22.42		0.043228		
22.43		0.043182		
22.44		0.043136		
22.45		0.043091		
22.46		0.043045		
22.47		0.043		
22.48		0.042954		
22.49		0.042909		
22.5		0.042864		
22.51		0.042819		
22.52		0.042774		
22.53		0.042729		
22.54		0.042684		
22.55		0.042639		
22.56		0.042594		
22.57		0.042549		
22.58		0.042505		
22.59		0.04246		
22.6		0.042416		
22.61		0.042371		
22.62		0.042327		
22.63		0.042282		
22.64		0.042238		
22.65		0.042194		
22.66		0.04215		
22.67		0.042106		
22.68		0.042062		
22.69		0.042018		
22.7		0.041974		
22.71		0.04193		
22.72		0.041887		
22.73		0.041843		
22.74		0.041799		
22.75		0.041756		
22.76		0.041712		
22.77		0.041669		
22.78		0.041626		
22.79		0.041582		
22.8		0.041539		
22.81		0.041496		
22.82		0.041453		
22.83		0.04141		
22.84		0.041367		
22.85		0.041324		
22.86		0.041281		
22.87		0.041239		
22.88		0.041196		
22.89		0.041153		
22.9		0.041111		
22.91		0.041068		
22.92		0.041026		
22.93		0.040984		
22.94		0.040941		
22.95		0.040899		
22.96		0.040857		
22.97		0.040815		
22.98		0.040773		
22.99		0.040731		
23		0.040689		
23.01		0.040647		
23.02		0.040605		
23.03		0.040564		
23.04		0.040522		
23.05		0.04048		
23.06		0.040439		
23.07		0.040397		
23.08		0.040356		
23.09		0.040315		
23.1		0.040273		
23.11		0.040232		
23.12		0.040191		
23.13		0.04015		
23.14		0.040109		
23.15		0.040068		
23.16		0.040027		
23.17		0.039986		
23.18		0.039945		
23.19		0.039904		
23.2		0.039864		
23.21		0.039823		
23.22		0.039783		
23.23		0.039742		
23.24		0.039702		
23.25		0.039661		
23.26		0.039621		
23.27		0.039581		
23.28		0.03954		
23.29		0.0395		
23.3		0.03946		
23.31		0.03942		
23.32		0.03938		
23.33		0.03934		
23.34		0.039301		
23.35		0.039261		
23.36		0.039221		
23.37		0.039181		
23.38		0.039142		
23.39		0.039102		
23.4		0.039063		
23.41		0.039023		
23.42		0.038984		
23.43		0.038945		
23.44		0.038905		
23.45		0.038866		
23.46		0.038827		
23.47		0.038788		
23.48		0.038749		
23.49		0.03871		
23.5		0.038671		
23.51		0.038632		
23.52		0.038593		
23.53		0.038555		
23.54		0.038516		
23.55		0.038477		
23.56		0.038439		
23.57		0.0384		
23.58		0.038362		
23.59		0.038323		
23.6		0.038285		
23.61		0.038247		
23.62		0.038208		
23.63		0.03817		
23.64		0.038132		
23.65		0.038094		
23.66		0.038056		
23.67		0.038018		
23.68		0.03798		
23.69		0.037942		
23.7		0.037905		
23.71		0.037867		
23.72		0.037829		
23.73		0.037791		
23.74		0.037754		
23.75		0.037716		
23.76		0.037679		
23.77		0.037641		
23.78		0.037604		
23.79		0.037567		
23.8		0.03753		
23.81		0.037492		
23.82		0.037455		
23.83		0.037418		
23.84		0.037381		
23.85		0.037344		
23.86		0.037307		
23.87		0.03727		
23.88		0.037233		
23.89		0.037197		
23.9		0.03716		
23.91		0.037123		
23.92		0.037087		
23.93		0.03705		
23.94		0.037014		
23.95		0.036977		
23.96		0.036941		
23.97		0.036904		
23.98		0.036868		
23.99		0.036832		
24		0.036796		
24.01		0.03676		
24.02		0.036724		
24.03		0.036688		
24.04		0.036652		
24.05		0.036616		
24.06		0.03658		
24.07		0.036544		
24.08		0.036508		
24.09		0.036472		
24.1		0.036437		
24.11		0.036401		
24.12		0.036366		
24.13		0.03633		
24.14		0.036295		
24.15		0.036259		
24.16		0.036224		
24.17		0.036188		
24.18		0.036153		
24.19		0.036118		
24.2		0.036083		
24.21		0.036048		
24.22		0.036013		
24.23		0.035978		
24.24		0.035943		
24.25		0.035908		
24.26		0.035873		
24.27		0.035838		
24.28		0.035803		
24.29		0.035768		
24.3		0.035734		
24.31		0.035699		
24.32		0.035665		
24.33		0.03563		
24.34		0.035596		
24.35		0.035561		
24.36		0.035527		
24.37		0.035492		
24.38		0.035458		
24.39		0.035424		
24.4		0.03539		
24.41		0.035356		
24.42		0.035322		
24.43		0.035287		
24.44		0.035254		
24.45		0.03522		
24.46		0.035186		
24.47		0.035152		
24.48		0.035118		
24.49		0.035084		
24.5		0.035051		
24.51		0.035017		
24.52		0.034983		
24.53		0.03495		
24.54		0.034916		
24.55		0.034883		
24.56		0.034849		
24.57		0.034816		
24.58		0.034783		
24.59		0.034749		
24.6		0.034716		
24.61		0.034683		
24.62		0.03465		
24.63		0.034617		
24.64		0.034584		
24.65		0.034551		
24.66		0.034518		
24.67		0.034485		
24.68		0.034452		
24.69		0.034419		
24.7		0.034386		
24.71		0.034354		
24.72		0.034321		
24.73		0.034288		
24.74		0.034256		
24.75		0.034223		
24.76		0.034191		
24.77		0.034158		
24.78		0.034126		
24.79		0.034093		
24.8		0.034061		
24.81		0.034029		
24.82		0.033997		
24.83		0.033964		
24.84		0.033932		
24.85		0.0339		
24.86		0.033868		
24.87		0.033836		
24.88		0.033804		
24.89		0.033772		
24.9		0.03374		
24.91		0.033708		
24.92		0.033677		
24.93		0.033645		
24.94		0.033613		
24.95		0.033582		
24.96		0.03355		
24.97		0.033518		
24.98		0.033487		
24.99		0.033455		
25		0.033424		
25.01		0.033393		
25.02		0.033361		
25.03		0.03333		
25.04		0.033299		
25.05		0.033268		
25.06		0.033236		
25.07		0.033205		
25.08		0.033174		
25.09		0.033143		
25.1		0.033112		
25.11		0.033081		
25.12		0.033051		
25.13		0.03302		
25.14		0.032989		
25.15		0.032958		
25.16		0.032927		
25.17		0.032897		
25.18		0.032866		
25.19		0.032836		
25.2		0.032805		
25.21		0.032775		
25.22		0.032744		
25.23		0.032714		
25.24		0.032684		
25.25		0.032653		
25.26		0.032623		
25.27		0.032593		
25.28		0.032563		
25.29		0.032533		
25.3		0.032503		
25.31		0.032473		
25.32		0.032443		
25.33		0.032413		
25.34		0.032383		
25.35		0.032353		
25.36		0.032324		
25.37		0.032294		
25.38		0.032264		
25.39		0.032235		
25.4		0.032205		
25.41		0.032175		
25.42		0.032146		
25.43		0.032117		
25.44		0.032087		
25.45		0.032058		
25.46		0.032029		
25.47		0.031999		
25.48		0.03197		
25.49		0.031941		
25.5		0.031912		
25.51		0.031883		
25.52		0.031854		
25.53		0.031825		
25.54		0.031796		
25.55		0.031767		
25.56		0.031738		
25.57		0.031709		
25.58		0.031681		
25.59		0.031652		
25.6		0.031623		
25.61		0.031595		
25.62		0.031566		
25.63		0.031538		
25.64		0.031509		
25.65		0.031481		
25.66		0.031453		
25.67		0.031424		
25.68		0.031396		
25.69		0.031368		
25.7		0.03134		
25.71		0.031311		
25.72		0.031283		
25.73		0.031255		
25.74		0.031227		
25.75		0.031199		
25.76		0.031171		
25.77		0.031144		
25.78		0.031116		
25.79		0.031088		
25.8		0.03106		
25.81		0.031033		
25.82		0.031005		
25.83		0.030977		
25.84		0.03095		
25.85		0.030922		
25.86		0.030895		
25.87		0.030867		
25.88		0.03084		
25.89		0.030813		
25.9		0.030785		
25.91		0.030758		
25.92		0.030731		
25.93		0.030704		
25.94		0.030677		
25.95		0.03065		
25.96		0.030623		
25.97		0.030596		
25.98		0.030569		
25.99		0.030542		
26		0.030515		
26.01		0.030488		
26.02		0.030461		
26.03		0.030435		
26.04		0.030408		
26.05		0.030381		
26.06		0.030355		
26.07		0.030328		
26.08		0.030302		
26.09		0.030275		
26.1		0.030249		
26.11		0.030222		
26.12		0.030196		
26.13		0.03017		
26.14		0.030143		
26.15		0.030117		
26.16		0.030091		
26.17		0.030065		
26.18		0.030039		
26.19		0.030013		
26.2		0.029987		
26.21		0.029961		
26.22		0.029935		
26.23		0.029909		
26.24		0.029883		
26.25		0.029857		
26.26		0.029831		
26.27		0.029806		
26.28		0.02978		
26.29		0.029754		
26.3		0.029729		
26.31		0.029703		
26.32		0.029678		
26.33		0.029652		
26.34		0.029627		
26.35		0.029601		
26.36		0.029576		
26.37		0.029551		
26.38		0.029525		
26.39		0.0295		
26.4		0.029475		
26.41		0.02945		
26.42		0.029425		
26.43		0.029399		
26.44		0.029374		
26.45		0.029349		
26.46		0.029324		
26.47		0.0293		
26.48		0.029275		
26.49		0.02925		
26.5		0.029225		
26.51		0.0292		
26.52		0.029175		
26.53		0.029151		
26.54		0.029126		
26.55		0.029101		
26.56		0.029077		
26.57		0.029052		
26.58		0.029028		
26.59		0.029003		
26.6		0.028979		
26.61		0.028954		
26.62		0.02893		
26.63		0.028906		
26.64		0.028881		
26.65		0.028857		
26.66		0.028833		
26.67		0.028809		
26.68		0.028785		
26.69		0.028761		
26.7		0.028737		
26.71		0.028713		
26.72		0.028689		
26.73		0.028665		
26.74		0.028641		
26.75		0.028617		
26.76		0.028593		
26.77		0.028569		
26.78		0.028545		
26.79		0.028522		
26.8		0.028498		
26.81		0.028474		
26.82		0.028451		
26.83		0.028427		
26.84		0.028403		
26.85		0.02838		
26.86		0.028356		
26.87		0.028333		
26.88		0.02831		
26.89		0.028286		
26.9		0.028263		
26.91		0.02824		
26.92		0.028216		
26.93		0.028193		
26.94		0.02817		
26.95		0.028147		
26.96		0.028124		
26.97		0.0281		
26.98		0.028077		
26.99		0.028054		
27		0.028031		
27.01		0.028008		
27.02		0.027986		
27.03		0.027963		
27.04		0.02794		
27.05		0.027917		
27.06		0.027894		
27.07		0.027871		
27.08		0.027849		
27.09		0.027826		
27.1		0.027803		
27.11		0.027781		
27.12		0.027758		
27.13		0.027736		
27.14		0.027713		
27.15		0.027691		
27.16		0.027668		
27.17		0.027646		
27.18		0.027623		
27.19		0.027601		
27.2		0.027579		
27.21		0.027556		
27.22		0.027534		
27.23		0.027512		
27.24		0.02749		
27.25		0.027468		
27.26		0.027445		
27.27		0.027423		
27.28		0.027401		
27.29		0.027379		
27.3		0.027357		
27.31		0.027335		
27.32		0.027313		
27.33		0.027291		
27.34		0.02727		
27.35		0.027248		
27.36		0.027226		
27.37		0.027204		
27.38		0.027182		
27.39		0.027161		
27.4		0.027139		
27.41		0.027117		
27.42		0.027096		
27.43		0.027074		
27.44		0.027053		
27.45		0.027031		
27.46		0.02701		
27.47		0.026988		
27.48		0.026967		
27.49		0.026945		
27.5		0.026924		
27.51		0.026903		
27.52		0.026881		
27.53		0.02686		
27.54		0.026839		
27.55		0.026818		
27.56		0.026797		
27.57		0.026775		
27.58		0.026754		
27.59		0.026733		
27.6		0.026712		
27.61		0.026691		
27.62		0.02667		
27.63		0.026649		
27.64		0.026628		
27.65		0.026607		
27.66		0.026586		
27.67		0.026566		
27.68		0.026545		
27.69		0.026524		
27.7		0.026503		
27.71		0.026482		
27.72		0.026462		
27.73		0.026441		
27.74		0.02642		
27.75		0.0264		
27.76		0.026379		
27.77		0.026359		
27.78		0.026338		
27.79		0.026318		
27.8		0.026297		
27.81		0.026277		
27.82		0.026256		
27.83		0.026236		
27.84		0.026216		
27.85		0.026195		
27.86		0.026175		
27.87		0.026155		
27.88		0.026135		
27.89		0.026114		
27.9		0.026094		
27.91		0.026074		
27.92		0.026054		
27.93		0.026034		
27.94		0.026014		
27.95		0.025994		
27.96		0.025974		
27.97		0.025954		
27.98		0.025934		
27.99		0.025914		
28		0.025894		
28.01		0.025874		
28.02		0.025854		
28.03		0.025834		
28.04		0.025815		
28.05		0.025795		
28.06		0.025775		
28.07		0.025755		
28.08		0.025736		
28.09		0.025716		
28.1		0.025696		
28.11		0.025677		
28.12		0.025657		
28.13		0.025638		
28.14		0.025618		
28.15		0.025599		
28.16		0.025579		
28.17		0.02556		
28.18		0.02554		
28.19		0.025521		
28.2		0.025502		
28.21		0.025482		
28.22		0.025463		
28.23		0.025444		
28.24		0.025424		
28.25		0.025405		
28.26		0.025386		
28.27		0.025367		
28.28		0.025348		
28.29		0.025329		
28.3		0.025309		
28.31		0.02529		
28.32		0.025271		
28.33		0.025252		
28.34		0.025233		
28.35		0.025214		
28.36		0.025195		
28.37		0.025176		
28.38		0.025158		
28.39		0.025139		
28.4		0.02512		
28.41		0.025101		
28.42		0.025082		
28.43		0.025064		
28.44		0.025045		
28.45		0.025026		
28.46		0.025007		
28.47		0.024989		
28.48		0.02497		
28.49		0.024951		
28.5		0.024933		
28.51		0.024914		
28.52		0.024896		
28.53		0.024877		
28.54		0.024859		
28.55		0.02484		
28.56		0.024822		
28.57		0.024803		
28.58		0.024785		
28.59		0.024767		
28.6		0.024748		
28.61		0.02473		
28.62		0.024712		
28.63		0.024693		
28.64		0.024675		
28.65		0.024657		
28.66		0.024639		
28.67		0.024621		
28.68		0.024602		
28.69		0.024584		
28.7		0.024566		
28.71		0.024548		
28.72		0.02453		
28.73		0.024512		
28.74		0.024494		
28.75		0.024476		
28.76		0.024458		
28.77		0.02444		
28.78		0.024422		
28.79		0.024404		
28.8		0.024386		
28.81		0.024369		
28.82		0.024351		
28.83		0.024333		
28.84		0.024315		
28.85		0.024297		
28.86		0.02428		
28.87		0.024262		
28.88		0.024244		
28.89		0.024227		
28.9		0.024209		
28.91		0.024191		
28.92		0.024174		
28.93		0.024156		
28.94		0.024139		
28.95		0.024121		
28.96		0.024104		
28.97		0.024086		
28.98		0.024069		
28.99		0.024051		
29		0.024034		
29.01		0.024016		
29.02		0.023999		
29.03		0.023982		
29.04		0.023964		
29.05		0.023947		
29.06		0.02393		
29.07		0.023912		
29.08		0.023895		
29.09		0.023878		
29.1		0.023861		
29.11		0.023844		
29.12		0.023826		
29.13		0.023809		
29.14		0.023792		
29.15		0.023775		
29.16		0.023758		
29.17		0.023741		
29.18		0.023724		
29.19		0.023707		
29.2		0.02369		
29.21		0.023673		
29.22		0.023656		
29.23		0.023639		
29.24		0.023622		
29.25		0.023605		
29.26		0.023588		
29.27		0.023572		
29.28		0.023555		
29.29		0.023538		
29.3		0.023521		
29.31		0.023504		
29.32		0.023488		
29.33		0.023471		
29.34		0.023454		
29.35		0.023438		
29.36		0.023421		
29.37		0.023404		
29.38		0.023388		
29.39		0.023371		
29.4		0.023354		
29.41		0.023338		
29.42		0.023321		
29.43		0.023305		
29.44		0.023288		
29.45		0.023272		
29.46		0.023255		
29.47		0.023239		
29.48		0.023223		
29.49		0.023206		
29.5		0.02319		
29.51		0.023173		
29.52		0.023157		
29.53		0.023141		
29.54		0.023125		
29.55		0.023108		
29.56		0.023092		
29.57		0.023076		
29.58		0.02306		
29.59		0.023043		
29.6		0.023027		
29.61		0.023011		
29.62		0.022995		
29.63		0.022979		
29.64		0.022963		
29.65		0.022947		
29.66		0.02293		
29.67		0.022914		
29.68		0.022898		
29.69		0.022882		
29.7		0.022866		
29.71		0.02285		
29.72		0.022834		
29.73		0.022819		
29.74		0.022803		
29.75		0.022787		
29.76		0.022771		
29.77		0.022755		
29.78		0.022739		
29.79		0.022723		
29.8		0.022707		
29.81		0.022692		
29.82		0.022676		
29.83		0.02266		
29.84		0.022644		
29.85		0.022629		
29.86		0.022613		
29.87		0.022597		
29.88		0.022582		
29.89		0.022566		
29.9		0.02255		
29.91		0.022535		
29.92		0.022519		
29.93		0.022504		
29.94		0.022488		
29.95		0.022473		
29.96		0.022457		
29.97		0.022442		
29.98		0.022426		
29.99		0.022411		
30		0.022395		
