tau [fm]		(PL/PT)_NS
0.25		-0.88941
0.26		-0.861512		
0.27		-0.834427		
0.28		-0.808118		
0.29		-0.782553		
0.3		-0.757702		
0.31		-0.733535		
0.32		-0.710024		
0.33		-0.687144		
0.34		-0.66487		
0.35		-0.643178		
0.36		-0.622046		
0.37		-0.601452		
0.38		-0.581376		
0.39		-0.5618		
0.4		-0.542705		
0.41		-0.524073		
0.42		-0.505889		
0.43		-0.488135		
0.44		-0.470798		
0.45		-0.453862		
0.46		-0.437314		
0.47		-0.421141		
0.48		-0.40533		
0.49		-0.38987		
0.5		-0.374748		
0.51		-0.359955		
0.52		-0.345478		
0.53		-0.331309		
0.54		-0.317438		
0.55		-0.303855		
0.56		-0.290552		
0.57		-0.277519		
0.58		-0.26475		
0.59		-0.252235		
0.6		-0.239968		
0.61		-0.227942		
0.62		-0.216148		
0.63		-0.204581		
0.64		-0.193234		
0.65		-0.182102		
0.66		-0.171177		
0.67		-0.160454		
0.68		-0.149928		
0.69		-0.139593		
0.7		-0.129445		
0.71		-0.119477		
0.72		-0.109686		
0.73		-0.100067		
0.74		-0.0906152		
0.75		-0.0813262		
0.76		-0.0721961		
0.77		-0.0632208		
0.78		-0.0543964		
0.79		-0.0457191		
0.8		-0.0371854		
0.81		-0.0287916		
0.82		-0.0205344		
0.83		-0.0124105		
0.84		-0.00441667		
0.85		0.00345014		
0.86		0.0111929		
0.87		0.0188146		
0.88		0.026318		
0.89		0.0337058		
0.9		0.0409807		
0.91		0.0481452		
0.92		0.0552018		
0.93		0.0621529		
0.94		0.0690008		
0.95		0.0757479		
0.96		0.0823964		
0.97		0.0889483		
0.98		0.0954058		
0.99		0.101771		
1		0.108045		
1.01		0.114231		
1.02		0.120331		
1.03		0.126345		
1.04		0.132276		
1.05		0.138126		
1.06		0.143896		
1.07		0.149588		
1.08		0.155204		
1.09		0.160744		
1.1		0.16621		
1.11		0.171605		
1.12		0.176929		
1.13		0.182183		
1.14		0.18737		
1.15		0.19249		
1.16		0.197544		
1.17		0.202534		
1.18		0.207462		
1.19		0.212327		
1.2		0.217132		
1.21		0.221877		
1.22		0.226564		
1.23		0.231194		
1.24		0.235767		
1.25		0.240285		
1.26		0.244749		
1.27		0.249159		
1.28		0.253517		
1.29		0.257824		
1.3		0.262079		
1.31		0.266286		
1.32		0.270443		
1.33		0.274553		
1.34		0.278615		
1.35		0.282631		
1.36		0.286601		
1.37		0.290527		
1.38		0.294408		
1.39		0.298247		
1.4		0.302042		
1.41		0.305796		
1.42		0.309508		
1.43		0.31318		
1.44		0.316813		
1.45		0.320405		
1.46		0.32396		
1.47		0.327476		
1.48		0.330955		
1.49		0.334397		
1.5		0.337803		
1.51		0.341173		
1.52		0.344508		
1.53		0.347809		
1.54		0.351075		
1.55		0.354308		
1.56		0.357508		
1.57		0.360676		
1.58		0.363811		
1.59		0.366916		
1.6		0.369988		
1.61		0.373031		
1.62		0.376043		
1.63		0.379026		
1.64		0.381979		
1.65		0.384903		
1.66		0.387799		
1.67		0.390667		
1.68		0.393508		
1.69		0.396321		
1.7		0.399107		
1.71		0.401867		
1.72		0.404601		
1.73		0.407309		
1.74		0.409992		
1.75		0.41265		
1.76		0.415283		
1.77		0.417892		
1.78		0.420477		
1.79		0.423038		
1.8		0.425576		
1.81		0.428091		
1.82		0.430583		
1.83		0.433053		
1.84		0.435501		
1.85		0.437927		
1.86		0.440331		
1.87		0.442714		
1.88		0.445076		
1.89		0.447418		
1.9		0.449739		
1.91		0.45204		
1.92		0.454321		
1.93		0.456582		
1.94		0.458824		
1.95		0.461047		
1.96		0.463251		
1.97		0.465437		
1.98		0.467604		
1.99		0.469752		
2		0.471883		
2.01		0.473996		
2.02		0.476092		
2.03		0.47817		
2.04		0.480231		
2.05		0.482275		
2.06		0.484303		
2.07		0.486314		
2.08		0.488309		
2.09		0.490288		
2.1		0.49225		
2.11		0.494198		
2.12		0.496129		
2.13		0.498045		
2.14		0.499947		
2.15		0.501833		
2.16		0.503704		
2.17		0.505561		
2.18		0.507403		
2.19		0.509231		
2.2		0.511045		
2.21		0.512845		
2.22		0.514631		
2.23		0.516404		
2.24		0.518163		
2.25		0.519908		
2.26		0.521641		
2.27		0.52336		
2.28		0.525067		
2.29		0.526761		
2.3		0.528442		
2.31		0.530111		
2.32		0.531767		
2.33		0.533411		
2.34		0.535043		
2.35		0.536664		
2.36		0.538272		
2.37		0.539869		
2.38		0.541454		
2.39		0.543028		
2.4		0.54459		
2.41		0.546141		
2.42		0.547682		
2.43		0.549211		
2.44		0.550729		
2.45		0.552237		
2.46		0.553734		
2.47		0.555221		
2.48		0.556697		
2.49		0.558163		
2.5		0.559619		
2.51		0.561064		
2.52		0.5625		
2.53		0.563926		
2.54		0.565342		
2.55		0.566749		
2.56		0.568146		
2.57		0.569533		
2.58		0.570911		
2.59		0.57228		
2.6		0.573639		
2.61		0.57499		
2.62		0.576332		
2.63		0.577664		
2.64		0.578988		
2.65		0.580303		
2.66		0.581609		
2.67		0.582907		
2.68		0.584197		
2.69		0.585477		
2.7		0.58675		
2.71		0.588014		
2.72		0.589271		
2.73		0.590519		
2.74		0.591759		
2.75		0.592991		
2.76		0.594215		
2.77		0.595432		
2.78		0.596641		
2.79		0.597842		
2.8		0.599036		
2.81		0.600222		
2.82		0.601401		
2.83		0.602572		
2.84		0.603736		
2.85		0.604893		
2.86		0.606043		
2.87		0.607185		
2.88		0.608321		
2.89		0.60945		
2.9		0.610571		
2.91		0.611686		
2.92		0.612794		
2.93		0.613896		
2.94		0.614991		
2.95		0.616079		
2.96		0.617161		
2.97		0.618236		
2.98		0.619305		
2.99		0.620367		
3		0.621423		
3.01		0.622473		
3.02		0.623517		
3.03		0.624554		
3.04		0.625586		
3.05		0.626611		
3.06		0.627631		
3.07		0.628644		
3.08		0.629652		
3.09		0.630654		
3.1		0.63165		
3.11		0.63264		
3.12		0.633625		
3.13		0.634604		
3.14		0.635577		
3.15		0.636545		
3.16		0.637508		
3.17		0.638465		
3.18		0.639416		
3.19		0.640363		
3.2		0.641304		
3.21		0.642239		
3.22		0.64317		
3.23		0.644095		
3.24		0.645015		
3.25		0.64593		
3.26		0.64684		
3.27		0.647745		
3.28		0.648645		
3.29		0.64954		
3.3		0.650431		
3.31		0.651316		
3.32		0.652197		
3.33		0.653072		
3.34		0.653944		
3.35		0.65481		
3.36		0.655672		
3.37		0.656529		
3.38		0.657381		
3.39		0.658229		
3.4		0.659073		
3.41		0.659912		
3.42		0.660746		
3.43		0.661577		
3.44		0.662402		
3.45		0.663224		
3.46		0.664041		
3.47		0.664854		
3.48		0.665663		
3.49		0.666467		
3.5		0.667267		
3.51		0.668064		
3.52		0.668856		
3.53		0.669644		
3.54		0.670428		
3.55		0.671208		
3.56		0.671983		
3.57		0.672755		
3.58		0.673524		
3.59		0.674288		
3.6		0.675048		
3.61		0.675805		
3.62		0.676557		
3.63		0.677306		
3.64		0.678051		
3.65		0.678793		
3.66		0.67953		
3.67		0.680265		
3.68		0.680995		
3.69		0.681722		
3.7		0.682445		
3.71		0.683165		
3.72		0.683881		
3.73		0.684594		
3.74		0.685303		
3.75		0.686008		
3.76		0.686711		
3.77		0.68741		
3.78		0.688105		
3.79		0.688797		
3.8		0.689486		
3.81		0.690171		
3.82		0.690854		
3.83		0.691532		
3.84		0.692208		
3.85		0.692881		
3.86		0.69355		
3.87		0.694216		
3.88		0.694879		
3.89		0.695539		
3.9		0.696195		
3.91		0.696849		
3.92		0.6975		
3.93		0.698147		
3.94		0.698792		
3.95		0.699433		
3.96		0.700072		
3.97		0.700707		
3.98		0.70134		
3.99		0.70197		
4		0.702596		
4.01		0.70322		
4.02		0.703841		
4.03		0.70446		
4.04		0.705075		
4.05		0.705688		
4.06		0.706297		
4.07		0.706904		
4.08		0.707509		
4.09		0.70811		
4.1		0.708709		
4.11		0.709305		
4.12		0.709899		
4.13		0.71049		
4.14		0.711078		
4.15		0.711664		
4.16		0.712247		
4.17		0.712827		
4.18		0.713405		
4.19		0.71398		
4.2		0.714553		
4.21		0.715123		
4.22		0.715691		
4.23		0.716256		
4.24		0.716819		
4.25		0.717379		
4.26		0.717937		
4.27		0.718493		
4.28		0.719046		
4.29		0.719596		
4.3		0.720145		
4.31		0.72069		
4.32		0.721234		
4.33		0.721775		
4.34		0.722314		
4.35		0.722851		
4.36		0.723385		
4.37		0.723917		
4.38		0.724447		
4.39		0.724975		
4.4		0.7255		
4.41		0.726023		
4.42		0.726544		
4.43		0.727063		
4.44		0.727579		
4.45		0.728094		
4.46		0.728606		
4.47		0.729116		
4.48		0.729624		
4.49		0.73013		
4.5		0.730634		
4.51		0.731136		
4.52		0.731635		
4.53		0.732133		
4.54		0.732628		
4.55		0.733122		
4.56		0.733613		
4.57		0.734103		
4.58		0.73459		
4.59		0.735076		
4.6		0.735559		
4.61		0.736041		
4.62		0.736521		
4.63		0.736998		
4.64		0.737474		
4.65		0.737948		
4.66		0.73842		
4.67		0.73889		
4.68		0.739358		
4.69		0.739824		
4.7		0.740289		
4.71		0.740751		
4.72		0.741212		
4.73		0.741671		
4.74		0.742128		
4.75		0.742584		
4.76		0.743037		
4.77		0.743489		
4.78		0.743939		
4.79		0.744387		
4.8		0.744834		
4.81		0.745278		
4.82		0.745721		
4.83		0.746163		
4.84		0.746602		
4.85		0.74704		
4.86		0.747476		
4.87		0.747911		
4.88		0.748344		
4.89		0.748775		
4.9		0.749204		
4.91		0.749632		
4.92		0.750058		
4.93		0.750483		
4.94		0.750906		
4.95		0.751327		
4.96		0.751747		
4.97		0.752165		
4.98		0.752582		
4.99		0.752997		
5		0.75341		
5.01		0.753822		
5.02		0.754233		
5.03		0.754641		
5.04		0.755049		
5.05		0.755455		
5.06		0.755859		
5.07		0.756262		
5.08		0.756663		
5.09		0.757063		
5.1		0.757461		
5.11		0.757858		
5.12		0.758253		
5.13		0.758647		
5.14		0.75904		
5.15		0.759431		
5.16		0.75982		
5.17		0.760208		
5.18		0.760595		
5.19		0.760981		
5.2		0.761364		
5.21		0.761747		
5.22		0.762128		
5.23		0.762508		
5.24		0.762886		
5.25		0.763264		
5.26		0.763639		
5.27		0.764014		
5.28		0.764387		
5.29		0.764758		
5.3		0.765129		
5.31		0.765498		
5.32		0.765865		
5.33		0.766232		
5.34		0.766597		
5.35		0.766961		
5.36		0.767323		
5.37		0.767685		
5.38		0.768045		
5.39		0.768403		
5.4		0.768761		
5.41		0.769117		
5.42		0.769472		
5.43		0.769826		
5.44		0.770178		
5.45		0.770529		
5.46		0.77088		
5.47		0.771228		
5.48		0.771576		
5.49		0.771922		
5.5		0.772268		
5.51		0.772612		
5.52		0.772954		
5.53		0.773296		
5.54		0.773637		
5.55		0.773976		
5.56		0.774314		
5.57		0.774651		
5.58		0.774987		
5.59		0.775322		
5.6		0.775655		
5.61		0.775988		
5.62		0.776319		
5.63		0.776649		
5.64		0.776978		
5.65		0.777306		
5.66		0.777633		
5.67		0.777959		
5.68		0.778284		
5.69		0.778607		
5.7		0.77893		
5.71		0.779251		
5.72		0.779572		
5.73		0.779891		
5.74		0.780209		
5.75		0.780527		
5.76		0.780843		
5.77		0.781158		
5.78		0.781472		
5.79		0.781785		
5.8		0.782097		
5.81		0.782408		
5.82		0.782718		
5.83		0.783027		
5.84		0.783335		
5.85		0.783642		
5.86		0.783948		
5.87		0.784253		
5.88		0.784557		
5.89		0.78486		
5.9		0.785162		
5.91		0.785463		
5.92		0.785763		
5.93		0.786062		
5.94		0.78636		
5.95		0.786657		
5.96		0.786953		
5.97		0.787248		
5.98		0.787543		
5.99		0.787836		
6		0.788128		
6.01		0.78842		
6.02		0.788711		
6.03		0.789		
6.04		0.789289		
6.05		0.789577		
6.06		0.789864		
6.07		0.79015		
6.08		0.790435		
6.09		0.790719		
6.1		0.791002		
6.11		0.791285		
6.12		0.791566		
6.13		0.791847		
6.14		0.792127		
6.15		0.792406		
6.16		0.792684		
6.17		0.792961		
6.18		0.793237		
6.19		0.793513		
6.2		0.793787		
6.21		0.794061		
6.22		0.794334		
6.23		0.794606		
6.24		0.794877		
6.25		0.795148		
6.26		0.795417		
6.27		0.795686		
6.28		0.795954		
6.29		0.796221		
6.3		0.796487		
6.31		0.796753		
6.32		0.797018		
6.33		0.797282		
6.34		0.797545		
6.35		0.797807		
6.36		0.798068		
6.37		0.798329		
6.38		0.798589		
6.39		0.798848		
6.4		0.799107		
6.41		0.799364		
6.42		0.799621		
6.43		0.799877		
6.44		0.800132		
6.45		0.800387		
6.46		0.800641		
6.47		0.800894		
6.48		0.801146		
6.49		0.801398		
6.5		0.801648		
6.51		0.801898		
6.52		0.802148		
6.53		0.802396		
6.54		0.802644		
6.55		0.802891		
6.56		0.803138		
6.57		0.803383		
6.58		0.803628		
6.59		0.803872		
6.6		0.804116		
6.61		0.804359		
6.62		0.804601		
6.63		0.804842		
6.64		0.805083		
6.65		0.805323		
6.66		0.805562		
6.67		0.805801		
6.68		0.806039		
6.69		0.806276		
6.7		0.806512		
6.71		0.806748		
6.72		0.806983		
6.73		0.807218		
6.74		0.807452		
6.75		0.807685		
6.76		0.807918		
6.77		0.808149		
6.78		0.808381		
6.79		0.808611		
6.8		0.808841		
6.81		0.80907		
6.82		0.809299		
6.83		0.809527		
6.84		0.809754		
6.85		0.809981		
6.86		0.810207		
6.87		0.810432		
6.88		0.810657		
6.89		0.810881		
6.9		0.811104		
6.91		0.811327		
6.92		0.81155		
6.93		0.811771		
6.94		0.811992		
6.95		0.812213		
6.96		0.812432		
6.97		0.812652		
6.98		0.81287		
6.99		0.813088		
7		0.813305		
7.01		0.813522		
7.02		0.813738		
7.03		0.813954		
7.04		0.814169		
7.05		0.814383		
7.06		0.814597		
7.07		0.81481		
7.08		0.815023		
7.09		0.815235		
7.1		0.815446		
7.11		0.815657		
7.12		0.815868		
7.13		0.816077		
7.14		0.816287		
7.15		0.816495		
7.16		0.816703		
7.17		0.816911		
7.18		0.817118		
7.19		0.817324		
7.2		0.81753		
7.21		0.817735		
7.22		0.81794		
7.23		0.818144		
7.24		0.818348		
7.25		0.818551		
7.26		0.818753		
7.27		0.818955		
7.28		0.819157		
7.29		0.819358		
7.3		0.819558		
7.31		0.819758		
7.32		0.819957		
7.33		0.820156		
7.34		0.820354		
7.35		0.820552		
7.36		0.820749		
7.37		0.820946		
7.38		0.821142		
7.39		0.821338		
7.4		0.821533		
7.41		0.821728		
7.42		0.821922		
7.43		0.822116		
7.44		0.822309		
7.45		0.822502		
7.46		0.822694		
7.47		0.822885		
7.48		0.823076		
7.49		0.823267		
7.5		0.823457		
7.51		0.823647		
7.52		0.823836		
7.53		0.824025		
7.54		0.824213		
7.55		0.824401		
7.56		0.824588		
7.57		0.824775		
7.58		0.824961		
7.59		0.825147		
7.6		0.825332		
7.61		0.825517		
7.62		0.825701		
7.63		0.825885		
7.64		0.826069		
7.65		0.826252		
7.66		0.826434		
7.67		0.826616		
7.68		0.826798		
7.69		0.826979		
7.7		0.82716		
7.71		0.82734		
7.72		0.82752		
7.73		0.827699		
7.74		0.827878		
7.75		0.828056		
7.76		0.828234		
7.77		0.828412		
7.78		0.828589		
7.79		0.828766		
7.8		0.828942		
7.81		0.829118		
7.82		0.829293		
7.83		0.829468		
7.84		0.829642		
7.85		0.829816		
7.86		0.82999		
7.87		0.830163		
7.88		0.830336		
7.89		0.830508		
7.9		0.83068		
7.91		0.830852		
7.92		0.831023		
7.93		0.831193		
7.94		0.831363		
7.95		0.831533		
7.96		0.831703		
7.97		0.831872		
7.98		0.83204		
7.99		0.832208		
8		0.832376		
8.01		0.832543		
8.02		0.83271		
8.03		0.832877		
8.04		0.833043		
8.05		0.833209		
8.06		0.833374		
8.07		0.833539		
8.08		0.833704		
8.09		0.833868		
8.1		0.834031		
8.11		0.834195		
8.12		0.834358		
8.13		0.83452		
8.14		0.834682		
8.15		0.834844		
8.16		0.835006		
8.17		0.835167		
8.18		0.835327		
8.19		0.835487		
8.2		0.835647		
8.21		0.835807		
8.22		0.835966		
8.23		0.836125		
8.24		0.836283		
8.25		0.836441		
8.26		0.836599		
8.27		0.836756		
8.28		0.836913		
8.29		0.837069		
8.3		0.837225		
8.31		0.837381		
8.32		0.837537		
8.33		0.837692		
8.34		0.837846		
8.35		0.838001		
8.36		0.838155		
8.37		0.838308		
8.38		0.838462		
8.39		0.838614		
8.4		0.838767		
8.41		0.838919		
8.42		0.839071		
8.43		0.839222		
8.44		0.839374		
8.45		0.839524		
8.46		0.839675		
8.47		0.839825		
8.48		0.839975		
8.49		0.840124		
8.5		0.840273		
8.51		0.840422		
8.52		0.84057		
8.53		0.840718		
8.54		0.840866		
8.55		0.841013		
8.56		0.84116		
8.57		0.841307		
8.58		0.841453		
8.59		0.841599		
8.6		0.841745		
8.61		0.841891		
8.62		0.842036		
8.63		0.84218		
8.64		0.842325		
8.65		0.842469		
8.66		0.842613		
8.67		0.842756		
8.68		0.842899		
8.69		0.843042		
8.7		0.843184		
8.71		0.843326		
8.72		0.843468		
8.73		0.84361		
8.74		0.843751		
8.75		0.843892		
8.76		0.844032		
8.77		0.844173		
8.78		0.844313		
8.79		0.844452		
8.8		0.844591		
8.81		0.84473		
8.82		0.844869		
8.83		0.845008		
8.84		0.845146		
8.85		0.845283		
8.86		0.845421		
8.87		0.845558		
8.88		0.845695		
8.89		0.845832		
8.9		0.845968		
8.91		0.846104		
8.92		0.84624		
8.93		0.846375		
8.94		0.84651		
8.95		0.846645		
8.96		0.846779		
8.97		0.846914		
8.98		0.847047		
8.99		0.847181		
9		0.847314		
9.01		0.847447		
9.02		0.84758		
9.03		0.847713		
9.04		0.847845		
9.05		0.847977		
9.06		0.848108		
9.07		0.84824		
9.08		0.848371		
9.09		0.848502		
9.1		0.848632		
9.11		0.848762		
9.12		0.848892		
9.13		0.849022		
9.14		0.849151		
9.15		0.84928		
9.16		0.849409		
9.17		0.849538		
9.18		0.849666		
9.19		0.849794		
9.2		0.849922		
9.21		0.850049		
9.22		0.850177		
9.23		0.850304		
9.24		0.85043		
9.25		0.850557		
9.26		0.850683		
9.27		0.850809		
9.28		0.850934		
9.29		0.85106		
9.3		0.851185		
9.31		0.851309		
9.32		0.851434		
9.33		0.851558		
9.34		0.851682		
9.35		0.851806		
9.36		0.85193		
9.37		0.852053		
9.38		0.852176		
9.39		0.852299		
9.4		0.852421		
9.41		0.852543		
9.42		0.852665		
9.43		0.852787		
9.44		0.852909		
9.45		0.85303		
9.46		0.853151		
9.47		0.853272		
9.48		0.853392		
9.49		0.853512		
9.5		0.853632		
9.51		0.853752		
9.52		0.853872		
9.53		0.853991		
9.54		0.85411		
9.55		0.854229		
9.56		0.854347		
9.57		0.854465		
9.58		0.854583		
9.59		0.854701		
9.6		0.854819		
9.61		0.854936		
9.62		0.855053		
9.63		0.85517		
9.64		0.855287		
9.65		0.855403		
9.66		0.855519		
9.67		0.855635		
9.68		0.855751		
9.69		0.855866		
9.7		0.855981		
9.71		0.856096		
9.72		0.856211		
9.73		0.856326		
9.74		0.85644		
9.75		0.856554		
9.76		0.856668		
9.77		0.856781		
9.78		0.856895		
9.79		0.857008		
9.8		0.857121		
9.81		0.857234		
9.82		0.857346		
9.83		0.857458		
9.84		0.85757		
9.85		0.857682		
9.86		0.857794		
9.87		0.857905		
9.88		0.858016		
9.89		0.858127		
9.9		0.858238		
9.91		0.858349		
9.92		0.858459		
9.93		0.858569		
9.94		0.858679		
9.95		0.858788		
9.96		0.858898		
9.97		0.859007		
9.98		0.859116		
9.99		0.859225		
10		0.859333		
10.01		0.859442		
10.02		0.85955		
10.03		0.859658		
10.04		0.859765		
10.05		0.859873		
10.06		0.85998		
10.07		0.860087		
10.08		0.860194		
10.09		0.860301		
10.1		0.860407		
10.11		0.860514		
10.12		0.86062		
10.13		0.860726		
10.14		0.860831		
10.15		0.860937		
10.16		0.861042		
10.17		0.861147		
10.18		0.861252		
10.19		0.861356		
10.2		0.861461		
10.21		0.861565		
10.22		0.861669		
10.23		0.861773		
10.24		0.861877		
10.25		0.86198		
10.26		0.862083		
10.27		0.862186		
10.28		0.862289		
10.29		0.862392		
10.3		0.862494		
10.31		0.862597		
10.32		0.862699		
10.33		0.862801		
10.34		0.862902		
10.35		0.863004		
10.36		0.863105		
10.37		0.863206		
10.38		0.863307		
10.39		0.863408		
10.4		0.863509		
10.41		0.863609		
10.42		0.863709		
10.43		0.863809		
10.44		0.863909		
10.45		0.864009		
10.46		0.864108		
10.47		0.864207		
10.48		0.864306		
10.49		0.864405		
10.5		0.864504		
10.51		0.864602		
10.52		0.864701		
10.53		0.864799		
10.54		0.864897		
10.55		0.864995		
10.56		0.865092		
10.57		0.86519		
10.58		0.865287		
10.59		0.865384		
10.6		0.865481		
10.61		0.865577		
10.62		0.865674		
10.63		0.86577		
10.64		0.865867		
10.65		0.865963		
10.66		0.866058		
10.67		0.866154		
10.68		0.866249		
10.69		0.866345		
10.7		0.86644		
10.71		0.866535		
10.72		0.86663		
10.73		0.866724		
10.74		0.866819		
10.75		0.866913		
10.76		0.867007		
10.77		0.867101		
10.78		0.867195		
10.79		0.867288		
10.8		0.867382		
10.81		0.867475		
10.82		0.867568		
10.83		0.867661		
10.84		0.867753		
10.85		0.867846		
10.86		0.867938		
10.87		0.868031		
10.88		0.868123		
10.89		0.868215		
10.9		0.868306		
10.91		0.868398		
10.92		0.868489		
10.93		0.868581		
10.94		0.868672		
10.95		0.868763		
10.96		0.868853		
10.97		0.868944		
10.98		0.869034		
10.99		0.869125		
11		0.869215		
11.01		0.869305		
11.02		0.869394		
11.03		0.869484		
11.04		0.869574		
11.05		0.869663		
11.06		0.869752		
11.07		0.869841		
11.08		0.86993		
11.09		0.870018		
11.1		0.870107		
11.11		0.870195		
11.12		0.870284		
11.13		0.870372		
11.14		0.87046		
11.15		0.870547		
11.16		0.870635		
11.17		0.870722		
11.18		0.87081		
11.19		0.870897		
11.2		0.870984		
11.21		0.87107		
11.22		0.871157		
11.23		0.871244		
11.24		0.87133		
11.25		0.871416		
11.26		0.871502		
11.27		0.871588		
11.28		0.871674		
11.29		0.87176		
11.3		0.871845		
11.31		0.87193		
11.32		0.872016		
11.33		0.872101		
11.34		0.872185		
11.35		0.87227		
11.36		0.872355		
11.37		0.872439		
11.38		0.872524		
11.39		0.872608		
11.4		0.872692		
11.41		0.872776		
11.42		0.872859		
11.43		0.872943		
11.44		0.873026		
11.45		0.87311		
11.46		0.873193		
11.47		0.873276		
11.48		0.873358		
11.49		0.873441		
11.5		0.873524		
11.51		0.873606		
11.52		0.873688		
11.53		0.873771		
11.54		0.873853		
11.55		0.873935		
11.56		0.874016		
11.57		0.874098		
11.58		0.874179		
11.59		0.874261		
11.6		0.874342		
11.61		0.874423		
11.62		0.874504		
11.63		0.874584		
11.64		0.874665		
11.65		0.874746		
11.66		0.874826		
11.67		0.874906		
11.68		0.874986		
11.69		0.875066		
11.7		0.875146		
11.71		0.875226		
11.72		0.875305		
11.73		0.875384		
11.74		0.875464		
11.75		0.875543		
11.76		0.875622		
11.77		0.875701		
11.78		0.87578		
11.79		0.875858		
11.8		0.875937		
11.81		0.876015		
11.82		0.876093		
11.83		0.876171		
11.84		0.876249		
11.85		0.876327		
11.86		0.876405		
11.87		0.876482		
11.88		0.87656		
11.89		0.876637		
11.9		0.876714		
11.91		0.876791		
11.92		0.876868		
11.93		0.876945		
11.94		0.877021		
11.95		0.877098		
11.96		0.877174		
11.97		0.877251		
11.98		0.877327		
11.99		0.877403		
12		0.877479		
12.01		0.877555		
12.02		0.87763		
12.03		0.877706		
12.04		0.877781		
12.05		0.877856		
12.06		0.877931		
12.07		0.878006		
12.08		0.878081		
12.09		0.878156		
12.1		0.878231		
12.11		0.878305		
12.12		0.87838		
12.13		0.878454		
12.14		0.878528		
12.15		0.878602		
12.16		0.878676		
12.17		0.87875		
12.18		0.878824		
12.19		0.878897		
12.2		0.878971		
12.21		0.879044		
12.22		0.879117		
12.23		0.87919		
12.24		0.879263		
12.25		0.879336		
12.26		0.879409		
12.27		0.879481		
12.28		0.879554		
12.29		0.879626		
12.3		0.879698		
12.31		0.87977		
12.32		0.879842		
12.33		0.879914		
12.34		0.879986		
12.35		0.880058		
12.36		0.880129		
12.37		0.880201		
12.38		0.880272		
12.39		0.880343		
12.4		0.880414		
12.41		0.880485		
12.42		0.880556		
12.43		0.880627		
12.44		0.880697		
12.45		0.880768		
12.46		0.880838		
12.47		0.880909		
12.48		0.880979		
12.49		0.881049		
12.5		0.881119		
12.51		0.881188		
12.52		0.881258		
12.53		0.881328		
12.54		0.881397		
12.55		0.881467		
12.56		0.881536		
12.57		0.881605		
12.58		0.881674		
12.59		0.881743		
12.6		0.881812		
12.61		0.88188		
12.62		0.881949		
12.63		0.882018		
12.64		0.882086		
12.65		0.882154		
12.66		0.882222		
12.67		0.88229		
12.68		0.882358		
12.69		0.882426		
12.7		0.882494		
12.71		0.882561		
12.72		0.882629		
12.73		0.882696		
12.74		0.882764		
12.75		0.882831		
12.76		0.882898		
12.77		0.882965		
12.78		0.883032		
12.79		0.883098		
12.8		0.883165		
12.81		0.883231		
12.82		0.883298		
12.83		0.883364		
12.84		0.88343		
12.85		0.883497		
12.86		0.883563		
12.87		0.883628		
12.88		0.883694		
12.89		0.88376		
12.9		0.883825		
12.91		0.883891		
12.92		0.883956		
12.93		0.884022		
12.94		0.884087		
12.95		0.884152		
12.96		0.884217		
12.97		0.884282		
12.98		0.884346		
12.99		0.884411		
13		0.884476		
13.01		0.88454		
13.02		0.884604		
13.03		0.884669		
13.04		0.884733		
13.05		0.884797		
13.06		0.884861		
13.07		0.884924		
13.08		0.884988		
13.09		0.885052		
13.1		0.885115		
13.11		0.885179		
13.12		0.885242		
13.13		0.885305		
13.14		0.885368		
13.15		0.885431		
13.16		0.885494		
13.17		0.885557		
13.18		0.88562		
13.19		0.885682		
13.2		0.885745		
13.21		0.885807		
13.22		0.88587		
13.23		0.885932		
13.24		0.885994		
13.25		0.886056		
13.26		0.886118		
13.27		0.88618		
13.28		0.886242		
13.29		0.886303		
13.3		0.886365		
13.31		0.886426		
13.32		0.886487		
13.33		0.886549		
13.34		0.88661		
13.35		0.886671		
13.36		0.886732		
13.37		0.886793		
13.38		0.886853		
13.39		0.886914		
13.4		0.886975		
13.41		0.887035		
13.42		0.887096		
13.43		0.887156		
13.44		0.887216		
13.45		0.887276		
13.46		0.887336		
13.47		0.887396		
13.48		0.887456		
13.49		0.887515		
13.5		0.887575		
13.51		0.887635		
13.52		0.887694		
13.53		0.887753		
13.54		0.887813		
13.55		0.887872		
13.56		0.887931		
13.57		0.88799		
13.58		0.888049		
13.59		0.888107		
13.6		0.888166		
13.61		0.888225		
13.62		0.888283		
13.63		0.888341		
13.64		0.8884		
13.65		0.888458		
13.66		0.888516		
13.67		0.888574		
13.68		0.888632		
13.69		0.88869		
13.7		0.888748		
13.71		0.888805		
13.72		0.888863		
13.73		0.88892		
13.74		0.888978		
13.75		0.889035		
13.76		0.889092		
13.77		0.889149		
13.78		0.889206		
13.79		0.889263		
13.8		0.88932		
13.81		0.889377		
13.82		0.889433		
13.83		0.88949		
13.84		0.889546		
13.85		0.889603		
13.86		0.889659		
13.87		0.889715		
13.88		0.889771		
13.89		0.889827		
13.9		0.889883		
13.91		0.889939		
13.92		0.889995		
13.93		0.890051		
13.94		0.890106		
13.95		0.890162		
13.96		0.890217		
13.97		0.890272		
13.98		0.890328		
13.99		0.890383		
14		0.890438		
14.01		0.890493		
14.02		0.890548		
14.03		0.890602		
14.04		0.890657		
14.05		0.890712		
14.06		0.890766		
14.07		0.890821		
14.08		0.890875		
14.09		0.890929		
14.1		0.890983		
14.11		0.891038		
14.12		0.891092		
14.13		0.891145		
14.14		0.891199		
14.15		0.891253		
14.16		0.891307		
14.17		0.89136		
14.18		0.891414		
14.19		0.891467		
14.2		0.89152		
14.21		0.891574		
14.22		0.891627		
14.23		0.89168		
14.24		0.891733		
14.25		0.891786		
14.26		0.891838		
14.27		0.891891		
14.28		0.891944		
14.29		0.891996		
14.3		0.892049		
14.31		0.892101		
14.32		0.892153		
14.33		0.892206		
14.34		0.892258		
14.35		0.89231		
14.36		0.892362		
14.37		0.892413		
14.38		0.892465		
14.39		0.892517		
14.4		0.892568		
14.41		0.89262		
14.42		0.892671		
14.43		0.892723		
14.44		0.892774		
14.45		0.892825		
14.46		0.892876		
14.47		0.892927		
14.48		0.892978		
14.49		0.893029		
14.5		0.89308		
14.51		0.89313		
14.52		0.893181		
14.53		0.893232		
14.54		0.893282		
14.55		0.893332		
14.56		0.893383		
14.57		0.893433		
14.58		0.893483		
14.59		0.893533		
14.6		0.893583		
14.61		0.893633		
14.62		0.893682		
14.63		0.893732		
14.64		0.893782		
14.65		0.893831		
14.66		0.893881		
14.67		0.89393		
14.68		0.893979		
14.69		0.894028		
14.7		0.894078		
14.71		0.894127		
14.72		0.894175		
14.73		0.894224		
14.74		0.894273		
14.75		0.894322		
14.76		0.89437		
14.77		0.894419		
14.78		0.894467		
14.79		0.894516		
14.8		0.894564		
14.81		0.894612		
14.82		0.89466		
14.83		0.894708		
14.84		0.894756		
14.85		0.894804		
14.86		0.894852		
14.87		0.8949		
14.88		0.894947		
14.89		0.894995		
14.9		0.895042		
14.91		0.89509		
14.92		0.895137		
14.93		0.895184		
14.94		0.895231		
14.95		0.895279		
14.96		0.895326		
14.97		0.895372		
14.98		0.895419		
14.99		0.895466		
15		0.895513		
15.01		0.895559		
15.02		0.895606		
15.03		0.895652		
15.04		0.895699		
15.05		0.895745		
15.06		0.895791		
15.07		0.895837		
15.08		0.895883		
15.09		0.895929		
15.1		0.895975		
15.11		0.896021		
15.12		0.896066		
15.13		0.896112		
15.14		0.896158		
15.15		0.896203		
15.16		0.896248		
15.17		0.896294		
15.18		0.896339		
15.19		0.896384		
15.2		0.896429		
15.21		0.896474		
15.22		0.896519		
15.23		0.896564		
15.24		0.896609		
15.25		0.896653		
15.26		0.896698		
15.27		0.896743		
15.28		0.896787		
15.29		0.896831		
15.3		0.896876		
15.31		0.89692		
15.32		0.896964		
15.33		0.897008		
15.34		0.897052		
15.35		0.897096		
15.36		0.89714		
15.37		0.897183		
15.38		0.897227		
15.39		0.897271		
15.4		0.897314		
15.41		0.897357		
15.42		0.897401		
15.43		0.897444		
15.44		0.897487		
15.45		0.89753		
15.46		0.897573		
15.47		0.897616		
15.48		0.897659		
15.49		0.897702		
15.5		0.897745		
15.51		0.897787		
15.52		0.89783		
15.53		0.897872		
15.54		0.897915		
15.55		0.897957		
15.56		0.897999		
15.57		0.898041		
15.58		0.898083		
15.59		0.898125		
15.6		0.898167		
15.61		0.898209		
15.62		0.898251		
15.63		0.898293		
15.64		0.898334		
15.65		0.898376		
15.66		0.898417		
15.67		0.898459		
15.68		0.8985		
15.69		0.898541		
15.7		0.898582		
15.71		0.898623		
15.72		0.898664		
15.73		0.898705		
15.74		0.898746		
15.75		0.898787		
15.76		0.898827		
15.77		0.898868		
15.78		0.898908		
15.79		0.898949		
15.8		0.898989		
15.81		0.899029		
15.82		0.89907		
15.83		0.89911		
15.84		0.89915		
15.85		0.89919		
15.86		0.89923		
15.87		0.89927		
15.88		0.899309		
15.89		0.899349		
15.9		0.899388		
15.91		0.899428		
15.92		0.899467		
15.93		0.899507		
15.94		0.899546		
15.95		0.899585		
15.96		0.899624		
15.97		0.899663		
15.98		0.899702		
15.99		0.899741		
16		0.89978		
16.01		0.899819		
16.02		0.899857		
16.03		0.899896		
16.04		0.899934		
16.05		0.899973		
16.06		0.900011		
16.07		0.900049		
16.08		0.900088		
16.09		0.900126		
16.1		0.900164		
16.11		0.900202		
16.12		0.900239		
16.13		0.900277		
16.14		0.900315		
16.15		0.900353		
16.16		0.90039		
16.17		0.900428		
16.18		0.900465		
16.19		0.900502		
16.2		0.900539		
16.21		0.900577		
16.22		0.900614		
16.23		0.900651		
16.24		0.900688		
16.25		0.900725		
16.26		0.900761		
16.27		0.900798		
16.28		0.900835		
16.29		0.900871		
16.3		0.900908		
16.31		0.900944		
16.32		0.90098		
16.33		0.901016		
16.34		0.901053		
16.35		0.901089		
16.36		0.901125		
16.37		0.901161		
16.38		0.901196		
16.39		0.901232		
16.4		0.901268		
16.41		0.901303		
16.42		0.901339		
16.43		0.901374		
16.44		0.90141		
16.45		0.901445		
16.46		0.90148		
16.47		0.901515		
16.48		0.90155		
16.49		0.901585		
16.5		0.90162		
16.51		0.901655		
16.52		0.90169		
16.53		0.901724		
16.54		0.901759		
16.55		0.901793		
16.56		0.901828		
16.57		0.901862		
16.58		0.901896		
16.59		0.901931		
16.6		0.901965		
16.61		0.901999		
16.62		0.902033		
16.63		0.902066		
16.64		0.9021		
16.65		0.902134		
16.66		0.902168		
16.67		0.902201		
16.68		0.902235		
16.69		0.902268		
16.7		0.902301		
16.71		0.902335		
16.72		0.902368		
16.73		0.902401		
16.74		0.902434		
16.75		0.902467		
16.76		0.902499		
16.77		0.902532		
16.78		0.902565		
16.79		0.902597		
16.8		0.90263		
16.81		0.902662		
16.82		0.902695		
16.83		0.902727		
16.84		0.902759		
16.85		0.902791		
16.86		0.902823		
16.87		0.902855		
16.88		0.902887		
16.89		0.902919		
16.9		0.902951		
16.91		0.902982		
16.92		0.903014		
16.93		0.903045		
16.94		0.903077		
16.95		0.903108		
16.96		0.903139		
16.97		0.90317		
16.98		0.903201		
16.99		0.903232		
17		0.903263		
17.01		0.903294		
17.02		0.903325		
17.03		0.903356		
17.04		0.903386		
17.05		0.903417		
17.06		0.903447		
17.07		0.903477		
17.08		0.903508		
17.09		0.903538		
17.1		0.903568		
17.11		0.903598		
17.12		0.903628		
17.13		0.903658		
17.14		0.903687		
17.15		0.903717		
17.16		0.903747		
17.17		0.903776		
17.18		0.903806		
17.19		0.903835		
17.2		0.903864		
17.21		0.903894		
17.22		0.903923		
17.23		0.903952		
17.24		0.903981		
17.25		0.904009		
17.26		0.904038		
17.27		0.904067		
17.28		0.904096		
17.29		0.904124		
17.3		0.904153		
17.31		0.904181		
17.32		0.904209		
17.33		0.904237		
17.34		0.904266		
17.35		0.904294		
17.36		0.904322		
17.37		0.904349		
17.38		0.904377		
17.39		0.904405		
17.4		0.904433		
17.41		0.90446		
17.42		0.904488		
17.43		0.904515		
17.44		0.904542		
17.45		0.904569		
17.46		0.904597		
17.47		0.904624		
17.48		0.90465		
17.49		0.904677		
17.5		0.904704		
17.51		0.904731		
17.52		0.904757		
17.53		0.904784		
17.54		0.90481		
17.55		0.904837		
17.56		0.904863		
17.57		0.904889		
17.58		0.904915		
17.59		0.904941		
17.6		0.904967		
17.61		0.904993		
17.62		0.905019		
17.63		0.905045		
17.64		0.90507		
17.65		0.905096		
17.66		0.905121		
17.67		0.905147		
17.68		0.905172		
17.69		0.905197		
17.7		0.905222		
17.71		0.905247		
17.72		0.905272		
17.73		0.905297		
17.74		0.905322		
17.75		0.905346		
17.76		0.905371		
17.77		0.905395		
17.78		0.90542		
17.79		0.905444		
17.8		0.905468		
17.81		0.905492		
17.82		0.905516		
17.83		0.90554		
17.84		0.905564		
17.85		0.905588		
17.86		0.905612		
17.87		0.905635		
17.88		0.905659		
17.89		0.905682		
17.9		0.905706		
17.91		0.905729		
17.92		0.905752		
17.93		0.905775		
17.94		0.905798		
17.95		0.905821		
17.96		0.905844		
17.97		0.905867		
17.98		0.905889		
17.99		0.905912		
18		0.905934		
18.01		0.905957		
18.02		0.905979		
18.03		0.906001		
18.04		0.906023		
18.05		0.906045		
18.06		0.906067		
18.07		0.906089		
18.08		0.906111		
18.09		0.906132		
18.1		0.906154		
18.11		0.906175		
18.12		0.906197		
18.13		0.906218		
18.14		0.906239		
18.15		0.90626		
18.16		0.906281		
18.17		0.906302		
18.18		0.906323		
18.19		0.906344		
18.2		0.906365		
18.21		0.906385		
18.22		0.906406		
18.23		0.906426		
18.24		0.906446		
18.25		0.906466		
18.26		0.906487		
18.27		0.906507		
18.28		0.906527		
18.29		0.906546		
18.3		0.906566		
18.31		0.906586		
18.32		0.906605		
18.33		0.906625		
18.34		0.906644		
18.35		0.906663		
18.36		0.906683		
18.37		0.906702		
18.38		0.906721		
18.39		0.90674		
18.4		0.906758		
18.41		0.906777		
18.42		0.906796		
18.43		0.906814		
18.44		0.906833		
18.45		0.906851		
18.46		0.906869		
18.47		0.906887		
18.48		0.906905		
18.49		0.906923		
18.5		0.906941		
18.51		0.906959		
18.52		0.906977		
18.53		0.906994		
18.54		0.907012		
18.55		0.907029		
18.56		0.907046		
18.57		0.907063		
18.58		0.907081		
18.59		0.907098		
18.6		0.907114		
18.61		0.907131		
18.62		0.907148		
18.63		0.907164		
18.64		0.907181		
18.65		0.907197		
18.66		0.907214		
18.67		0.90723		
18.68		0.907246		
18.69		0.907262		
18.7		0.907278		
18.71		0.907294		
18.72		0.907309		
18.73		0.907325		
18.74		0.907341		
18.75		0.907356		
18.76		0.907371		
18.77		0.907387		
18.78		0.907402		
18.79		0.907417		
18.8		0.907432		
18.81		0.907446		
18.82		0.907461		
18.83		0.907476		
18.84		0.90749		
18.85		0.907505		
18.86		0.907519		
18.87		0.907533		
18.88		0.907547		
18.89		0.907561		
18.9		0.907575		
18.91		0.907589		
18.92		0.907603		
18.93		0.907616		
18.94		0.90763		
18.95		0.907643		
18.96		0.907656		
18.97		0.90767		
18.98		0.907683		
18.99		0.907696		
19		0.907709		
19.01		0.907721		
19.02		0.907734		
19.03		0.907746		
19.04		0.907759		
19.05		0.907771		
19.06		0.907784		
19.07		0.907796		
19.08		0.907808		
19.09		0.90782		
19.1		0.907831		
19.11		0.907843		
19.12		0.907855		
19.13		0.907866		
19.14		0.907878		
19.15		0.907889		
19.16		0.9079		
19.17		0.907911		
19.18		0.907922		
19.19		0.907933		
19.2		0.907944		
19.21		0.907816		
19.22		0.907853		
19.23		0.90789		
19.24		0.907927		
19.25		0.907964		
19.26		0.908		
19.27		0.908037		
19.28		0.908074		
19.29		0.90811		
19.3		0.908147		
19.31		0.908184		
19.32		0.908221		
19.33		0.908257		
19.34		0.908294		
19.35		0.908331		
19.36		0.908367		
19.37		0.908404		
19.38		0.908441		
19.39		0.908477		
19.4		0.908514		
19.41		0.908551		
19.42		0.908587		
19.43		0.908624		
19.44		0.90866		
19.45		0.908697		
19.46		0.908734		
19.47		0.90877		
19.48		0.908807		
19.49		0.908843		
19.5		0.90888		
19.51		0.908916		
19.52		0.908953		
19.53		0.908989		
19.54		0.909026		
19.55		0.909062		
19.56		0.909099		
19.57		0.909135		
19.58		0.909172		
19.59		0.909208		
19.6		0.909245		
19.61		0.909281		
19.62		0.909318		
19.63		0.909354		
19.64		0.90939		
19.65		0.909427		
19.66		0.909463		
19.67		0.9095		
19.68		0.909536		
19.69		0.909572		
19.7		0.909609		
19.71		0.909645		
19.72		0.909681		
19.73		0.909718		
19.74		0.909754		
19.75		0.90979		
19.76		0.909827		
19.77		0.909863		
19.78		0.909899		
19.79		0.909935		
19.8		0.909972		
19.81		0.910008		
19.82		0.910044		
19.83		0.91008		
19.84		0.910117		
19.85		0.910153		
19.86		0.910189		
19.87		0.910225		
19.88		0.910261		
19.89		0.910298		
19.9		0.910334		
19.91		0.91037		
19.92		0.910406		
19.93		0.910442		
19.94		0.910478		
19.95		0.910514		
19.96		0.91055		
19.97		0.910586		
19.98		0.910622		
19.99		0.910659		
20		0.910695		
20.01		0.910731		
20.02		0.910767		
20.03		0.910803		
20.04		0.910839		
20.05		0.910875		
20.06		0.910911		
20.07		0.910947		
20.08		0.910983		
20.09		0.911018		
20.1		0.911054		
20.11		0.91109		
20.12		0.911126		
20.13		0.911162		
20.14		0.911198		
20.15		0.911234		
20.16		0.91127		
20.17		0.911306		
20.18		0.911341		
20.19		0.911377		
20.2		0.911413		
20.21		0.911449		
20.22		0.911485		
20.23		0.91152		
20.24		0.911556		
20.25		0.911592		
20.26		0.911628		
20.27		0.911663		
20.28		0.911699		
20.29		0.911735		
20.3		0.911771		
20.31		0.911806		
20.32		0.911842		
20.33		0.911878		
20.34		0.911913		
20.35		0.911949		
20.36		0.911984		
20.37		0.91202		
20.38		0.912056		
20.39		0.912091		
20.4		0.912127		
20.41		0.912162		
20.42		0.912198		
20.43		0.912233		
20.44		0.912269		
20.45		0.912305		
20.46		0.91234		
20.47		0.912375		
20.48		0.912411		
20.49		0.912446		
20.5		0.912482		
20.51		0.912517		
20.52		0.912553		
20.53		0.912588		
20.54		0.912624		
20.55		0.912659		
20.56		0.912694		
20.57		0.91273		
20.58		0.912765		
20.59		0.9128		
20.6		0.912836		
20.61		0.912871		
20.62		0.912906		
20.63		0.912942		
20.64		0.912977		
20.65		0.913012		
20.66		0.913047		
20.67		0.913083		
20.68		0.913118		
20.69		0.913153		
20.7		0.913188		
20.71		0.913223		
20.72		0.913259		
20.73		0.913294		
20.74		0.913329		
20.75		0.913364		
20.76		0.913399		
20.77		0.913434		
20.78		0.913469		
20.79		0.913504		
20.8		0.913539		
20.81		0.913574		
20.82		0.91361		
20.83		0.913645		
20.84		0.91368		
20.85		0.913715		
20.86		0.91375		
20.87		0.913784		
20.88		0.913819		
20.89		0.913854		
20.9		0.913889		
20.91		0.913924		
20.92		0.913959		
20.93		0.913994		
20.94		0.914029		
20.95		0.914064		
20.96		0.914099		
20.97		0.914133		
20.98		0.914168		
20.99		0.914203		
21		0.914238		
21.01		0.914273		
21.02		0.914307		
21.03		0.914342		
21.04		0.914377		
21.05		0.914412		
21.06		0.914446		
21.07		0.914481		
21.08		0.914516		
21.09		0.91455		
21.1		0.914585		
21.11		0.91462		
21.12		0.914654		
21.13		0.914689		
21.14		0.914724		
21.15		0.914758		
21.16		0.914793		
21.17		0.914827		
21.18		0.914862		
21.19		0.914896		
21.2		0.914931		
21.21		0.914965		
21.22		0.915		
21.23		0.915034		
21.24		0.915069		
21.25		0.915103		
21.26		0.915138		
21.27		0.915172		
21.28		0.915206		
21.29		0.915241		
21.3		0.915275		
21.31		0.91531		
21.32		0.915344		
21.33		0.915378		
21.34		0.915413		
21.35		0.915447		
21.36		0.915481		
21.37		0.915515		
21.38		0.91555		
21.39		0.915584		
21.4		0.915618		
21.41		0.915652		
21.42		0.915687		
21.43		0.915721		
21.44		0.915755		
21.45		0.915789		
21.46		0.915823		
21.47		0.915857		
21.48		0.915891		
21.49		0.915926		
21.5		0.91596		
21.51		0.915994		
21.52		0.916028		
21.53		0.916062		
21.54		0.916096		
21.55		0.91613		
21.56		0.916164		
21.57		0.916198		
21.58		0.916232		
21.59		0.916266		
21.6		0.9163		
21.61		0.916334		
21.62		0.916368		
21.63		0.916401		
21.64		0.916435		
21.65		0.916469		
21.66		0.916503		
21.67		0.916537		
21.68		0.916571		
21.69		0.916605		
21.7		0.916638		
21.71		0.916672		
21.72		0.916706		
21.73		0.91674		
21.74		0.916773		
21.75		0.916807		
21.76		0.916841		
21.77		0.916874		
21.78		0.916908		
21.79		0.916942		
21.8		0.916975		
21.81		0.917009		
21.82		0.917043		
21.83		0.917076		
21.84		0.91711		
21.85		0.917143		
21.86		0.917177		
21.87		0.917211		
21.88		0.917244		
21.89		0.917278		
21.9		0.917311		
21.91		0.917345		
21.92		0.917378		
21.93		0.917411		
21.94		0.917445		
21.95		0.917478		
21.96		0.917512		
21.97		0.917545		
21.98		0.917578		
21.99		0.917612		
22		0.917645		
22.01		0.917678		
22.02		0.917712		
22.03		0.917745		
22.04		0.917778		
22.05		0.917812		
22.06		0.917845		
22.07		0.917878		
22.08		0.917911		
22.09		0.917945		
22.1		0.917978		
22.11		0.918011		
22.12		0.918044		
22.13		0.918077		
22.14		0.91811		
22.15		0.918143		
22.16		0.918177		
22.17		0.91821		
22.18		0.918243		
22.19		0.918276		
22.2		0.918309		
22.21		0.918342		
22.22		0.918375		
22.23		0.918408		
22.24		0.918441		
22.25		0.918474		
22.26		0.918507		
22.27		0.91854		
22.28		0.918573		
22.29		0.918605		
22.3		0.918638		
22.31		0.918671		
22.32		0.918704		
22.33		0.918737		
22.34		0.91877		
22.35		0.918803		
22.36		0.918835		
22.37		0.918868		
22.38		0.918901		
22.39		0.918934		
22.4		0.918966		
22.41		0.918999		
22.42		0.919032		
22.43		0.919064		
22.44		0.919097		
22.45		0.91913		
22.46		0.919162		
22.47		0.919195		
22.48		0.919228		
22.49		0.91926		
22.5		0.919293		
22.51		0.919325		
22.52		0.919358		
22.53		0.91939		
22.54		0.919423		
22.55		0.919455		
22.56		0.919488		
22.57		0.91952		
22.58		0.919553		
22.59		0.919585		
22.6		0.919618		
22.61		0.91965		
22.62		0.919682		
22.63		0.919715		
22.64		0.919747		
22.65		0.91978		
22.66		0.919812		
22.67		0.919844		
22.68		0.919876		
22.69		0.919909		
22.7		0.919941		
22.71		0.919973		
22.72		0.920006		
22.73		0.920038		
22.74		0.92007		
22.75		0.920102		
22.76		0.920134		
22.77		0.920166		
22.78		0.920199		
22.79		0.920231		
22.8		0.920263		
22.81		0.920295		
22.82		0.920327		
22.83		0.920359		
22.84		0.920391		
22.85		0.920423		
22.86		0.920455		
22.87		0.920487		
22.88		0.920519		
22.89		0.920551		
22.9		0.920583		
22.91		0.920615		
22.92		0.920647		
22.93		0.920679		
22.94		0.920711		
22.95		0.920742		
22.96		0.920774		
22.97		0.920806		
22.98		0.920838		
22.99		0.92087		
23		0.920902		
23.01		0.920933		
23.02		0.920965		
23.03		0.920997		
23.04		0.921029		
23.05		0.92106		
23.06		0.921092		
23.07		0.921124		
23.08		0.921155		
23.09		0.921187		
23.1		0.921219		
23.11		0.92125		
23.12		0.921282		
23.13		0.921313		
23.14		0.921345		
23.15		0.921377		
23.16		0.921408		
23.17		0.92144		
23.18		0.921471		
23.19		0.921503		
23.2		0.921534		
23.21		0.921566		
23.22		0.921597		
23.23		0.921628		
23.24		0.92166		
23.25		0.921691		
23.26		0.921723		
23.27		0.921754		
23.28		0.921785		
23.29		0.921817		
23.3		0.921848		
23.31		0.921879		
23.32		0.921911		
23.33		0.921942		
23.34		0.921973		
23.35		0.922004		
23.36		0.922036		
23.37		0.922067		
23.38		0.922098		
23.39		0.922129		
23.4		0.92216		
23.41		0.922191		
23.42		0.922223		
23.43		0.922254		
23.44		0.922285		
23.45		0.922316		
23.46		0.922347		
23.47		0.922378		
23.48		0.922409		
23.49		0.92244		
23.5		0.922471		
23.51		0.922502		
23.52		0.922533		
23.53		0.922564		
23.54		0.922595		
23.55		0.922626		
23.56		0.922657		
23.57		0.922688		
23.58		0.922718		
23.59		0.922749		
23.6		0.92278		
23.61		0.922811		
23.62		0.922842		
23.63		0.922872		
23.64		0.922903		
23.65		0.922934		
23.66		0.922965		
23.67		0.922996		
23.68		0.923026		
23.69		0.923057		
23.7		0.923088		
23.71		0.923118		
23.72		0.923149		
23.73		0.92318		
23.74		0.92321		
23.75		0.923241		
23.76		0.923271		
23.77		0.923302		
23.78		0.923332		
23.79		0.923363		
23.8		0.923394		
23.81		0.923424		
23.82		0.923455		
23.83		0.923485		
23.84		0.923515		
23.85		0.923546		
23.86		0.923576		
23.87		0.923607		
23.88		0.923637		
23.89		0.923668		
23.9		0.923698		
23.91		0.923728		
23.92		0.923759		
23.93		0.923789		
23.94		0.923819		
23.95		0.923849		
23.96		0.92388		
23.97		0.92391		
23.98		0.92394		
23.99		0.92397		
24		0.924001		
24.01		0.924031		
24.02		0.924061		
24.03		0.924091		
24.04		0.924121		
24.05		0.924151		
24.06		0.924182		
24.07		0.924212		
24.08		0.924242		
24.09		0.924272		
24.1		0.924302		
24.11		0.924332		
24.12		0.924362		
24.13		0.924392		
24.14		0.924422		
24.15		0.924452		
24.16		0.924482		
24.17		0.924512		
24.18		0.924542		
24.19		0.924571		
24.2		0.924601		
24.21		0.924631		
24.22		0.924661		
24.23		0.924691		
24.24		0.924721		
24.25		0.924751		
24.26		0.92478		
24.27		0.92481		
24.28		0.92484		
24.29		0.92487		
24.3		0.924899		
24.31		0.924929		
24.32		0.924959		
24.33		0.924988		
24.34		0.925018		
24.35		0.925048		
24.36		0.925077		
24.37		0.925107		
24.38		0.925137		
24.39		0.925166		
24.4		0.925196		
24.41		0.925225		
24.42		0.925255		
24.43		0.925284		
24.44		0.925314		
24.45		0.925343		
24.46		0.925373		
24.47		0.925402		
24.48		0.925432		
24.49		0.925461		
24.5		0.925491		
24.51		0.92552		
24.52		0.925549		
24.53		0.925579		
24.54		0.925608		
24.55		0.925637		
24.56		0.925667		
24.57		0.925696		
24.58		0.925725		
24.59		0.925755		
24.6		0.925784		
24.61		0.925813		
24.62		0.925842		
24.63		0.925872		
24.64		0.925901		
24.65		0.92593		
24.66		0.925959		
24.67		0.925988		
24.68		0.926017		
24.69		0.926046		
24.7		0.926076		
24.71		0.926105		
24.72		0.926134		
24.73		0.926163		
24.74		0.926192		
24.75		0.926221		
24.76		0.92625		
24.77		0.926279		
24.78		0.926308		
24.79		0.926337		
24.8		0.926366		
24.81		0.926395		
24.82		0.926423		
24.83		0.926452		
24.84		0.926481		
24.85		0.92651		
24.86		0.926539		
24.87		0.926568		
24.88		0.926597		
24.89		0.926625		
24.9		0.926654		
24.91		0.926683		
24.92		0.926712		
24.93		0.92674		
24.94		0.926769		
24.95		0.926798		
24.96		0.926827		
24.97		0.926855		
24.98		0.926884		
24.99		0.926913		
25		0.926941		
25.01		0.92697		
25.02		0.926998		
25.03		0.927027		
25.04		0.927056		
25.05		0.927084		
25.06		0.927113		
25.07		0.927141		
25.08		0.92717		
25.09		0.927198		
25.1		0.927227		
25.11		0.927255		
25.12		0.927283		
25.13		0.927312		
25.14		0.92734		
25.15		0.927369		
25.16		0.927397		
25.17		0.927425		
25.18		0.927454		
25.19		0.927482		
25.2		0.92751		
25.21		0.927539		
25.22		0.927567		
25.23		0.927595		
25.24		0.927624		
25.25		0.927652		
25.26		0.92768		
25.27		0.927708		
25.28		0.927736		
25.29		0.927765		
25.3		0.927793		
25.31		0.927821		
25.32		0.927849		
25.33		0.928077		
25.34		0.928231		
25.35		0.928381		
25.36		0.928527		
25.37		0.92867		
25.38		0.92881		
25.39		0.928946		
25.4		0.929078		
25.41		0.929208		
25.42		0.929335		
25.43		0.929459		
25.44		0.92958		
25.45		0.929698		
25.46		0.929814		
25.47		0.929927		
25.48		0.930038		
25.49		0.930147		
25.5		0.930253		
25.51		0.930357		
25.52		0.930459		
25.53		0.930559		
25.54		0.930656		
25.55		0.930752		
25.56		0.930846		
25.57		0.930939		
25.58		0.931029		
25.59		0.931118		
25.6		0.931205		
25.61		0.931291		
25.62		0.931375		
25.63		0.931457		
25.64		0.931538		
25.65		0.931618		
25.66		0.931697		
25.67		0.931774		
25.68		0.931849		
25.69		0.931924		
25.7		0.931997		
25.71		0.932069		
25.72		0.93214		
25.73		0.93221		
25.74		0.932279		
25.75		0.932347		
25.76		0.932414		
25.77		0.93248		
25.78		0.932545		
25.79		0.932609		
25.8		0.932672		
25.81		0.932734		
25.82		0.932795		
25.83		0.932856		
25.84		0.932916		
25.85		0.932975		
25.86		0.933033		
25.87		0.933091		
25.88		0.933148		
25.89		0.933204		
25.9		0.933259		
25.91		0.933314		
25.92		0.933368		
25.93		0.933422		
25.94		0.933475		
25.95		0.933527		
25.96		0.933579		
25.97		0.93363		
25.98		0.933681		
25.99		0.933731		
26		0.933781		
26.01		0.93383		
26.02		0.933879		
26.03		0.933928		
26.04		0.933975		
26.05		0.934023		
26.06		0.93407		
26.07		0.934116		
26.08		0.934162		
26.09		0.934208		
26.1		0.934253		
26.11		0.934298		
26.12		0.934343		
26.13		0.934387		
26.14		0.934431		
26.15		0.934475		
26.16		0.934518		
26.17		0.934561		
26.18		0.934603		
26.19		0.934645		
26.2		0.934687		
26.21		0.934729		
26.22		0.93477		
26.23		0.934811		
26.24		0.934852		
26.25		0.934893		
26.26		0.934933		
26.27		0.934973		
26.28		0.935013		
26.29		0.935052		
26.3		0.935091		
26.31		0.93513		
26.32		0.935169		
26.33		0.935208		
26.34		0.935246		
26.35		0.935284		
26.36		0.935322		
26.37		0.93536		
26.38		0.935397		
26.39		0.935434		
26.4		0.935472		
26.41		0.935508		
26.42		0.935545		
26.43		0.935582		
26.44		0.935618		
26.45		0.935654		
26.46		0.93569		
26.47		0.935726		
26.48		0.935762		
26.49		0.935797		
26.5		0.935833		
26.51		0.935868		
26.52		0.935903		
26.53		0.935938		
26.54		0.935973		
26.55		0.936007		
26.56		0.936042		
26.57		0.936076		
26.58		0.93611		
26.59		0.936144		
26.6		0.936178		
26.61		0.936212		
26.62		0.936246		
26.63		0.936279		
26.64		0.936313		
26.65		0.936346		
26.66		0.936379		
26.67		0.936412		
26.68		0.936445		
26.69		0.936478		
26.7		0.936511		
26.71		0.936543		
26.72		0.936576		
26.73		0.936608		
26.74		0.936641		
26.75		0.936673		
26.76		0.936705		
26.77		0.936737		
26.78		0.936769		
26.79		0.9368		
26.8		0.936832		
26.81		0.936864		
26.82		0.936895		
26.83		0.936927		
26.84		0.936958		
26.85		0.936989		
26.86		0.93702		
26.87		0.937052		
26.88		0.937083		
26.89		0.937113		
26.9		0.937144		
26.91		0.937175		
26.92		0.937206		
26.93		0.937236		
26.94		0.937267		
26.95		0.937297		
26.96		0.937327		
26.97		0.937358		
26.98		0.937388		
26.99		0.937418		
27		0.937448		
27.01		0.937478		
27.02		0.937508		
27.03		0.937538		
27.04		0.937567		
27.05		0.937597		
27.06		0.937627		
27.07		0.937656		
27.08		0.937686		
27.09		0.937715		
27.1		0.937744		
27.11		0.937774		
27.12		0.937803		
27.13		0.937832		
27.14		0.937861		
27.15		0.93789		
27.16		0.937919		
27.17		0.937948		
27.18		0.937977		
27.19		0.938006		
27.2		0.938034		
27.21		0.938063		
27.22		0.938091		
27.23		0.93812		
27.24		0.938148		
27.25		0.938177		
27.26		0.938205		
27.27		0.938234		
27.28		0.938262		
27.29		0.93829		
27.3		0.938318		
27.31		0.938346		
27.32		0.938374		
27.33		0.938402		
27.34		0.93843		
27.35		0.938458		
27.36		0.938486		
27.37		0.938513		
27.38		0.938541		
27.39		0.938569		
27.4		0.938596		
27.41		0.938624		
27.42		0.938651		
27.43		0.938679		
27.44		0.938706		
27.45		0.938734		
27.46		0.938761		
27.47		0.938788		
27.48		0.938815		
27.49		0.938843		
27.5		0.93887		
27.51		0.938897		
27.52		0.938924		
27.53		0.938951		
27.54		0.938978		
27.55		0.939004		
27.56		0.939031		
27.57		0.939058		
27.58		0.939085		
27.59		0.939111		
27.6		0.939138		
27.61		0.939165		
27.62		0.939191		
27.63		0.939218		
27.64		0.939244		
27.65		0.939271		
27.66		0.939297		
27.67		0.939323		
27.68		0.93935		
27.69		0.939376		
27.7		0.939402		
27.71		0.939428		
27.72		0.939454		
27.73		0.93948		
27.74		0.939506		
27.75		0.939532		
27.76		0.939558		
27.77		0.939584		
27.78		0.93961		
27.79		0.939636		
27.8		0.939662		
27.81		0.939687		
27.82		0.939713		
27.83		0.939739		
27.84		0.939764		
27.85		0.93979		
27.86		0.939816		
27.87		0.939841		
27.88		0.939866		
27.89		0.939892		
27.9		0.939917		
27.91		0.939943		
27.92		0.939968		
27.93		0.939993		
27.94		0.940018		
27.95		0.940044		
27.96		0.940069		
27.97		0.940094		
27.98		0.940119		
27.99		0.940144		
28		0.940169		
28.01		0.940194		
28.02		0.940219		
28.03		0.940244		
28.04		0.940269		
28.05		0.940294		
28.06		0.940318		
28.07		0.940343		
28.08		0.940368		
28.09		0.940393		
28.1		0.940417		
28.11		0.940442		
28.12		0.940466		
28.13		0.940491		
28.14		0.940515		
28.15		0.94054		
28.16		0.940564		
28.17		0.940589		
28.18		0.940613		
28.19		0.940638		
28.2		0.940662		
28.21		0.940686		
28.22		0.94071		
28.23		0.940735		
28.24		0.940759		
28.25		0.940783		
28.26		0.940807		
28.27		0.940831		
28.28		0.940855		
28.29		0.940879		
28.3		0.940903		
28.31		0.940927		
28.32		0.940951		
28.33		0.940975		
28.34		0.940999		
28.35		0.941022		
28.36		0.941046		
28.37		0.94107		
28.38		0.941094		
28.39		0.941117		
28.4		0.941141		
28.41		0.941165		
28.42		0.941188		
28.43		0.941212		
28.44		0.941235		
28.45		0.941259		
28.46		0.941282		
28.47		0.941306		
28.48		0.941329		
28.49		0.941352		
28.5		0.941376		
28.51		0.941399		
28.52		0.941422		
28.53		0.941446		
28.54		0.941469		
28.55		0.941492		
28.56		0.941515		
28.57		0.941538		
28.58		0.941561		
28.59		0.941585		
28.6		0.941608		
28.61		0.941631		
28.62		0.941654		
28.63		0.941677		
28.64		0.941699		
28.65		0.941722		
28.66		0.941745		
28.67		0.941768		
28.68		0.941791		
28.69		0.941814		
28.7		0.941836		
28.71		0.941859		
28.72		0.941882		
28.73		0.941905		
28.74		0.941927		
28.75		0.94195		
28.76		0.941972		
28.77		0.941995		
28.78		0.942017		
28.79		0.94204		
28.8		0.942062		
28.81		0.942085		
28.82		0.942107		
28.83		0.94213		
28.84		0.942152		
28.85		0.942174		
28.86		0.942197		
28.87		0.942219		
28.88		0.942241		
28.89		0.942264		
28.9		0.942286		
28.91		0.942308		
28.92		0.94233		
28.93		0.942352		
28.94		0.942374		
28.95		0.942396		
28.96		0.942418		
28.97		0.94244		
28.98		0.942462		
28.99		0.942484		
29		0.942506		
29.01		0.942528		
29.02		0.94255		
29.03		0.942572		
29.04		0.942594		
29.05		0.942616		
29.06		0.942637		
29.07		0.942659		
29.08		0.942681		
29.09		0.942703		
29.1		0.942724		
29.11		0.942746		
29.12		0.942768		
29.13		0.942789		
29.14		0.942811		
29.15		0.942832		
29.16		0.942854		
29.17		0.942876		
29.18		0.942897		
29.19		0.942919		
29.2		0.94294		
29.21		0.942961		
29.22		0.942983		
29.23		0.943004		
29.24		0.943025		
29.25		0.943047		
29.26		0.943068		
29.27		0.943089		
29.28		0.943111		
29.29		0.943132		
29.3		0.943153		
29.31		0.943174		
29.32		0.943195		
29.33		0.943217		
29.34		0.943238		
29.35		0.943259		
29.36		0.94328		
29.37		0.943301		
29.38		0.943322		
29.39		0.943343		
29.4		0.943364		
29.41		0.943385		
29.42		0.943406		
29.43		0.943427		
29.44		0.943448		
29.45		0.943468		
29.46		0.943489		
29.47		0.94351		
29.48		0.943531		
29.49		0.943552		
29.5		0.943572		
29.51		0.943593		
29.52		0.943614		
29.53		0.943634		
29.54		0.943655		
29.55		0.943676		
29.56		0.943696		
29.57		0.943717		
29.58		0.943738		
29.59		0.943758		
29.6		0.943779		
29.61		0.943799		
29.62		0.94382		
29.63		0.94384		
29.64		0.943861		
29.65		0.943881		
29.66		0.943901		
29.67		0.943922		
29.68		0.943942		
29.69		0.943962		
29.7		0.943983		
29.71		0.944003		
29.72		0.944023		
29.73		0.944044		
29.74		0.944064		
29.75		0.944084		
29.76		0.944104		
29.77		0.944124		
29.78		0.944145		
29.79		0.944165		
29.8		0.944185		
29.81		0.944205		
29.82		0.944225		
29.83		0.944245		
29.84		0.944265		
29.85		0.944285		
29.86		0.944305		
29.87		0.944325		
29.88		0.944345		
29.89		0.944365		
29.9		0.944385		
29.91		0.944405		
29.92		0.944425		
29.93		0.944444		
29.94		0.944464		
29.95		0.944484		
29.96		0.944504		
29.97		0.944524		
29.98		0.944543		
29.99		0.944563		
30		0.944583		
