tau [fm]		PL/PT
0.25		1
0.26		0.94287		
0.27		0.89157		
0.28		0.84536		
0.29		0.80362		
0.3		0.76582		
0.31		0.7315		
0.32		0.70026		
0.33		0.67176		
0.34		0.64571		
0.35		0.62185		
0.36		0.59996		
0.37		0.57984		
0.38		0.56131		
0.39		0.54424		
0.4		0.52848		
0.41		0.51391		
0.42		0.50043		
0.43		0.48795		
0.44		0.47639		
0.45		0.46566		
0.46		0.4557		
0.47		0.44645		
0.48		0.43786		
0.49		0.42988		
0.5		0.42245		
0.51		0.41555		
0.52		0.40913		
0.53		0.40316		
0.54		0.39761		
0.55		0.39244		
0.56		0.38765		
0.57		0.38319		
0.58		0.37905		
0.59		0.37521		
0.6		0.37165		
0.61		0.36836		
0.62		0.36531		
0.63		0.36249		
0.64		0.35989		
0.65		0.3575		
0.66		0.3553		
0.67		0.35328		
0.68		0.35144		
0.69		0.34976		
0.7		0.34823		
0.71		0.34685		
0.72		0.34561		
0.73		0.3445		
0.74		0.34351		
0.75		0.34264		
0.76		0.34189		
0.77		0.34123		
0.78		0.34068		
0.79		0.34023		
0.8		0.33986		
0.81		0.33959		
0.82		0.33939		
0.83		0.33927		
0.84		0.33923		
0.85		0.33926		
0.86		0.33936		
0.87		0.33952		
0.88		0.33974		
0.89		0.34002		
0.9		0.34036		
0.91		0.34075		
0.92		0.34119		
0.93		0.34168		
0.94		0.34222		
0.95		0.3428		
0.96		0.34342		
0.97		0.34409		
0.98		0.34479		
0.99		0.34553		
1		0.34631		
1.01		0.34712		
1.02		0.34796		
1.03		0.34883		
1.04		0.34974		
1.05		0.35067		
1.06		0.35163		
1.07		0.35261		
1.08		0.35362		
1.09		0.35465		
1.1		0.35571		
1.11		0.35679		
1.12		0.35788		
1.13		0.359		
1.14		0.36014		
1.15		0.36129		
1.16		0.36246		
1.17		0.36365		
1.18		0.36486		
1.19		0.36608		
1.2		0.36731		
1.21		0.36856		
1.22		0.36982		
1.23		0.37109		
1.24		0.37238		
1.25		0.37367		
1.26		0.37498		
1.27		0.3763		
1.28		0.37762		
1.29		0.37896		
1.3		0.38031		
1.31		0.38166		
1.32		0.38302		
1.33		0.38439		
1.34		0.38577		
1.35		0.38715		
1.36		0.38854		
1.37		0.38993		
1.38		0.39134		
1.39		0.39274		
1.4		0.39415		
1.41		0.39557		
1.42		0.39699		
1.43		0.39842		
1.44		0.39984		
1.45		0.40128		
1.46		0.40271		
1.47		0.40415		
1.48		0.40559		
1.49		0.40704		
1.5		0.40848		
1.51		0.40993		
1.52		0.41138		
1.53		0.41283		
1.54		0.41429		
1.55		0.41574		
1.56		0.4172		
1.57		0.41865		
1.58		0.42011		
1.59		0.42157		
1.6		0.42303		
1.61		0.42449		
1.62		0.42594		
1.63		0.4274		
1.64		0.42886		
1.65		0.43032		
1.66		0.43178		
1.67		0.43323		
1.68		0.43469		
1.69		0.43615		
1.7		0.4376		
1.71		0.43906		
1.72		0.44051		
1.73		0.44196		
1.74		0.44341		
1.75		0.44486		
1.76		0.4463		
1.77		0.44775		
1.78		0.44919		
1.79		0.45063		
1.8		0.45207		
1.81		0.45351		
1.82		0.45494		
1.83		0.45638		
1.84		0.45781		
1.85		0.45924		
1.86		0.46066		
1.87		0.46208		
1.88		0.46351		
1.89		0.46492		
1.9		0.46634		
1.91		0.46775		
1.92		0.46916		
1.93		0.47057		
1.94		0.47197		
1.95		0.47337		
1.96		0.47477		
1.97		0.47617		
1.98		0.47756		
1.99		0.47895		
2		0.48033		
2.01		0.48172		
2.02		0.4831		
2.03		0.48447		
2.04		0.48584		
2.05		0.48721		
2.06		0.48858		
2.07		0.48994		
2.08		0.4913		
2.09		0.49265		
2.1		0.49401		
2.11		0.49535		
2.12		0.4967		
2.13		0.49804		
2.14		0.49938		
2.15		0.50071		
2.16		0.50204		
2.17		0.50337		
2.18		0.50469		
2.19		0.50601		
2.2		0.50732		
2.21		0.50863		
2.22		0.50994		
2.23		0.51124		
2.24		0.51254		
2.25		0.51384		
2.26		0.51513		
2.27		0.51641		
2.28		0.5177		
2.29		0.51898		
2.3		0.52025		
2.31		0.52152		
2.32		0.52279		
2.33		0.52406		
2.34		0.52532		
2.35		0.52657		
2.36		0.52782		
2.37		0.52907		
2.38		0.53031		
2.39		0.53155		
2.4		0.53279		
2.41		0.53402		
2.42		0.53525		
2.43		0.53647		
2.44		0.53769		
2.45		0.5389		
2.46		0.54012		
2.47		0.54132		
2.48		0.54253		
2.49		0.54372		
2.5		0.54492		
2.51		0.54611		
2.52		0.5473		
2.53		0.54848		
2.54		0.54966		
2.55		0.55083		
2.56		0.552		
2.57		0.55317		
2.58		0.55433		
2.59		0.55549		
2.6		0.55664		
2.61		0.55779		
2.62		0.55894		
2.63		0.56008		
2.64		0.56122		
2.65		0.56235		
2.66		0.56348		
2.67		0.5646		
2.68		0.56573		
2.69		0.56684		
2.7		0.56796		
2.71		0.56907		
2.72		0.57017		
2.73		0.57127		
2.74		0.57237		
2.75		0.57346		
2.76		0.57455		
2.77		0.57564		
2.78		0.57672		
2.79		0.57779		
2.8		0.57887		
2.81		0.57994		
2.82		0.581		
2.83		0.58206		
2.84		0.58312		
2.85		0.58418		
2.86		0.58522		
2.87		0.58627		
2.88		0.58731		
2.89		0.58835		
2.9		0.58938		
2.91		0.59041		
2.92		0.59144		
2.93		0.59246		
2.94		0.59348		
2.95		0.5945		
2.96		0.59551		
2.97		0.59651		
2.98		0.59752		
2.99		0.59852		
3		0.59951		
3.01		0.6005		
3.02		0.60149		
3.03		0.60248		
3.04		0.60346		
3.05		0.60443		
3.06		0.60541		
3.07		0.60638		
3.08		0.60734		
3.09		0.6083		
3.1		0.60926		
3.11		0.61022		
3.12		0.61117		
3.13		0.61211		
3.14		0.61306		
3.15		0.614		
3.16		0.61493		
3.17		0.61587		
3.18		0.6168		
3.19		0.61772		
3.2		0.61864		
3.21		0.61956		
3.22		0.62048		
3.23		0.62139		
3.24		0.62229		
3.25		0.6232		
3.26		0.6241		
3.27		0.625		
3.28		0.62589		
3.29		0.62678		
3.3		0.62767		
3.31		0.62855		
3.32		0.62943		
3.33		0.63031		
3.34		0.63118		
3.35		0.63205		
3.36		0.63292		
3.37		0.63378		
3.38		0.63464		
3.39		0.6355		
3.4		0.63635		
3.41		0.6372		
3.42		0.63805		
3.43		0.63889		
3.44		0.63973		
3.45		0.64056		
3.46		0.6414		
3.47		0.64223		
3.48		0.64305		
3.49		0.64388		
3.5		0.6447		
3.51		0.64552		
3.52		0.64633		
3.53		0.64714		
3.54		0.64795		
3.55		0.64875		
3.56		0.64955		
3.57		0.65035		
3.58		0.65115		
3.59		0.65194		
3.6		0.65273		
3.61		0.65351		
3.62		0.6543		
3.63		0.65508		
3.64		0.65585		
3.65		0.65663		
3.66		0.6574		
3.67		0.65817		
3.68		0.65893		
3.69		0.65969		
3.7		0.66045		
3.71		0.66121		
3.72		0.66196		
3.73		0.66271		
3.74		0.66346		
3.75		0.6642		
3.76		0.66494		
3.77		0.66568		
3.78		0.66641		
3.79		0.66715		
3.8		0.66788		
3.81		0.6686		
3.82		0.66933		
3.83		0.67005		
3.84		0.67077		
3.85		0.67148		
3.86		0.6722		
3.87		0.67291		
3.88		0.67361		
3.89		0.67432		
3.9		0.67502		
3.91		0.67572		
3.92		0.67642		
3.93		0.67711		
3.94		0.6778		
3.95		0.67849		
3.96		0.67917		
3.97		0.67986		
3.98		0.68054		
3.99		0.68122		
4		0.68189		
4.01		0.68256		
4.02		0.68323		
4.03		0.6839		
4.04		0.68457		
4.05		0.68523		
4.06		0.68589		
4.07		0.68655		
4.08		0.6872		
4.09		0.68785		
4.1		0.6885		
4.11		0.68915		
4.12		0.68979		
4.13		0.69044		
4.14		0.69108		
4.15		0.69171		
4.16		0.69235		
4.17		0.69298		
4.18		0.69361		
4.19		0.69424		
4.2		0.69487		
4.21		0.69549		
4.22		0.69611		
4.23		0.69673		
4.24		0.69734		
4.25		0.69796		
4.26		0.69857		
4.27		0.69918		
4.28		0.69978		
4.29		0.70039		
4.3		0.70099		
4.31		0.70159		
4.32		0.70219		
4.33		0.70278		
4.34		0.70338		
4.35		0.70397		
4.36		0.70455		
4.37		0.70514		
4.38		0.70572		
4.39		0.70631		
4.4		0.70689		
4.41		0.70746		
4.42		0.70804		
4.43		0.70861		
4.44		0.70918		
4.45		0.70975		
4.46		0.71032		
4.47		0.71088		
4.48		0.71145		
4.49		0.71201		
4.5		0.71257		
4.51		0.71312		
4.52		0.71368		
4.53		0.71423		
4.54		0.71478		
4.55		0.71533		
4.56		0.71587		
4.57		0.71642		
4.58		0.71696		
4.59		0.7175		
4.6		0.71804		
4.61		0.71857		
4.62		0.71911		
4.63		0.71964		
4.64		0.72017		
4.65		0.7207		
4.66		0.72122		
4.67		0.72175		
4.68		0.72227		
4.69		0.72279		
4.7		0.72331		
4.71		0.72383		
4.72		0.72434		
4.73		0.72485		
4.74		0.72536		
4.75		0.72587		
4.76		0.72638		
4.77		0.72689		
4.78		0.72739		
4.79		0.72789		
4.8		0.72839		
4.81		0.72889		
4.82		0.72939		
4.83		0.72988		
4.84		0.73037		
4.85		0.73086		
4.86		0.73135		
4.87		0.73184		
4.88		0.73233		
4.89		0.73281		
4.9		0.73329		
4.91		0.73377		
4.92		0.73425		
4.93		0.73473		
4.94		0.7352		
4.95		0.73568		
4.96		0.73615		
4.97		0.73662		
4.98		0.73709		
4.99		0.73756		
5		0.73802		
5.01		0.73848		
5.02		0.73895		
5.03		0.73941		
5.04		0.73986		
5.05		0.74032		
5.06		0.74078		
5.07		0.74123		
5.08		0.74168		
5.09		0.74213		
5.1		0.74258		
5.11		0.74303		
5.12		0.74348		
5.13		0.74392		
5.14		0.74436		
5.15		0.7448		
5.16		0.74524		
5.17		0.74568		
5.18		0.74612		
5.19		0.74655		
5.2		0.74699		
5.21		0.74742		
5.22		0.74785		
5.23		0.74828		
5.24		0.74871		
5.25		0.74913		
5.26		0.74956		
5.27		0.74998		
5.28		0.7504		
5.29		0.75082		
5.3		0.75124		
5.31		0.75166		
5.32		0.75207		
5.33		0.75249		
5.34		0.7529		
5.35		0.75331		
5.36		0.75372		
5.37		0.75413		
5.38		0.75454		
5.39		0.75495		
5.4		0.75535		
5.41		0.75575		
5.42		0.75616		
5.43		0.75656		
5.44		0.75696		
5.45		0.75735		
5.46		0.75775		
5.47		0.75814		
5.48		0.75854		
5.49		0.75893		
5.5		0.75932		
5.51		0.75971		
5.52		0.7601		
5.53		0.76049		
5.54		0.76087		
5.55		0.76126		
5.56		0.76164		
5.57		0.76202		
5.58		0.7624		
5.59		0.76278		
5.6		0.76316		
5.61		0.76354		
5.62		0.76391		
5.63		0.76429		
5.64		0.76466		
5.65		0.76503		
5.66		0.7654		
5.67		0.76577		
5.68		0.76614		
5.69		0.76651		
5.7		0.76688		
5.71		0.76724		
5.72		0.7676		
5.73		0.76797		
5.74		0.76833		
5.75		0.76869		
5.76		0.76905		
5.77		0.7694		
5.78		0.76976		
5.79		0.77012		
5.8		0.77047		
5.81		0.77082		
5.82		0.77117		
5.83		0.77152		
5.84		0.77187		
5.85		0.77222		
5.86		0.77257		
5.87		0.77292		
5.88		0.77326		
5.89		0.77361		
5.9		0.77395		
5.91		0.77429		
5.92		0.77463		
5.93		0.77497		
5.94		0.77531		
5.95		0.77565		
5.96		0.77598		
5.97		0.77632		
5.98		0.77665		
5.99		0.77698		
6		0.77732		
6.01		0.77765		
6.02		0.77798		
6.03		0.77831		
6.04		0.77863		
6.05		0.77896		
6.06		0.77929		
6.07		0.77961		
6.08		0.77994		
6.09		0.78026		
6.1		0.78058		
6.11		0.7809		
6.12		0.78122		
6.13		0.78154		
6.14		0.78186		
6.15		0.78217		
6.16		0.78249		
6.17		0.7828		
6.18		0.78312		
6.19		0.78343		
6.2		0.78374		
6.21		0.78405		
6.22		0.78436		
6.23		0.78467		
6.24		0.78498		
6.25		0.78529		
6.26		0.78559		
6.27		0.7859		
6.28		0.7862		
6.29		0.78651		
6.3		0.78681		
6.31		0.78711		
6.32		0.78741		
6.33		0.78771		
6.34		0.78801		
6.35		0.78831		
6.36		0.7886		
6.37		0.7889		
6.38		0.78919		
6.39		0.78949		
6.4		0.78978		
6.41		0.79007		
6.42		0.79037		
6.43		0.79066		
6.44		0.79095		
6.45		0.79123		
6.46		0.79152		
6.47		0.79181		
6.48		0.7921		
6.49		0.79238		
6.5		0.79267		
6.51		0.79295		
6.52		0.79323		
6.53		0.79351		
6.54		0.7938		
6.55		0.79408		
6.56		0.79436		
6.57		0.79463		
6.58		0.79491		
6.59		0.79519		
6.6		0.79547		
6.61		0.79574		
6.62		0.79602		
6.63		0.79629		
6.64		0.79656		
6.65		0.79683		
6.66		0.79711		
6.67		0.79738		
6.68		0.79765		
6.69		0.79792		
6.7		0.79818		
6.71		0.79845		
6.72		0.79872		
6.73		0.79898		
6.74		0.79925		
6.75		0.79951		
6.76		0.79978		
6.77		0.80004		
6.78		0.8003		
6.79		0.80056		
6.8		0.80082		
6.81		0.80108		
6.82		0.80134		
6.83		0.8016		
6.84		0.80186		
6.85		0.80212		
6.86		0.80237		
6.87		0.80263		
6.88		0.80288		
6.89		0.80314		
6.9		0.80339		
6.91		0.80364		
6.92		0.80389		
6.93		0.80415		
6.94		0.8044		
6.95		0.80465		
6.96		0.80489		
6.97		0.80514		
6.98		0.80539		
6.99		0.80564		
7		0.80588		
7.01		0.80613		
7.02		0.80637		
7.03		0.80662		
7.04		0.80686		
7.05		0.8071		
7.06		0.80735		
7.07		0.80759		
7.08		0.80783		
7.09		0.80807		
7.1		0.80831		
7.11		0.80855		
7.12		0.80879		
7.13		0.80902		
7.14		0.80926		
7.15		0.8095		
7.16		0.80973		
7.17		0.80997		
7.18		0.8102		
7.19		0.81043		
7.2		0.81067		
7.21		0.8109		
7.22		0.81113		
7.23		0.81136		
7.24		0.81159		
7.25		0.81182		
7.26		0.81205		
7.27		0.81228		
7.28		0.81251		
7.29		0.81273		
7.3		0.81296		
7.31		0.81319		
7.32		0.81341		
7.33		0.81364		
7.34		0.81386		
7.35		0.81409		
7.36		0.81431		
7.37		0.81453		
7.38		0.81475		
7.39		0.81497		
7.4		0.81519		
7.41		0.81542		
7.42		0.81563		
7.43		0.81585		
7.44		0.81607		
7.45		0.81629		
7.46		0.81651		
7.47		0.81672		
7.48		0.81694		
7.49		0.81715		
7.5		0.81737		
7.51		0.81758		
7.52		0.8178		
7.53		0.81801		
7.54		0.81822		
7.55		0.81844		
7.56		0.81865		
7.57		0.81886		
7.58		0.81907		
7.59		0.81928		
7.6		0.81949		
7.61		0.8197		
7.62		0.8199		
7.63		0.82011		
7.64		0.82032		
7.65		0.82053		
7.66		0.82073		
7.67		0.82094		
7.68		0.82114		
7.69		0.82135		
7.7		0.82155		
7.71		0.82175		
7.72		0.82196		
7.73		0.82216		
7.74		0.82236		
7.75		0.82256		
7.76		0.82276		
7.77		0.82296		
7.78		0.82316		
7.79		0.82336		
7.8		0.82356		
7.81		0.82376		
7.82		0.82396		
7.83		0.82416		
7.84		0.82435		
7.85		0.82455		
7.86		0.82474		
7.87		0.82494		
7.88		0.82514		
7.89		0.82533		
7.9		0.82552		
7.91		0.82572		
7.92		0.82591		
7.93		0.8261		
7.94		0.82629		
7.95		0.82649		
7.96		0.82668		
7.97		0.82687		
7.98		0.82706		
7.99		0.82725		
8		0.82744		
8.01		0.82762		
8.02		0.82781		
8.03		0.828		
8.04		0.82819		
8.05		0.82837		
8.06		0.82856		
8.07		0.82875		
8.08		0.82893		
8.09		0.82912		
8.1		0.8293		
8.11		0.82948		
8.12		0.82967		
8.13		0.82985		
8.14		0.83003		
8.15		0.83022		
8.16		0.8304		
8.17		0.83058		
8.18		0.83076		
8.19		0.83094		
8.2		0.83112		
8.21		0.8313		
8.22		0.83148		
8.23		0.83166		
8.24		0.83184		
8.25		0.83201		
8.26		0.83219		
8.27		0.83237		
8.28		0.83255		
8.29		0.83272		
8.3		0.8329		
8.31		0.83307		
8.32		0.83325		
8.33		0.83342		
8.34		0.8336		
8.35		0.83377		
8.36		0.83394		
8.37		0.83412		
8.38		0.83429		
8.39		0.83446		
8.4		0.83463		
8.41		0.8348		
8.42		0.83497		
8.43		0.83514		
8.44		0.83531		
8.45		0.83548		
8.46		0.83565		
8.47		0.83582		
8.48		0.83599		
8.49		0.83616		
8.5		0.83633		
8.51		0.83649		
8.52		0.83666		
8.53		0.83683		
8.54		0.83699		
8.55		0.83716		
8.56		0.83732		
8.57		0.83749		
8.58		0.83765		
8.59		0.83782		
8.6		0.83798		
8.61		0.83814		
8.62		0.83831		
8.63		0.83847		
8.64		0.83863		
8.65		0.83879		
8.66		0.83896		
8.67		0.83912		
8.68		0.83928		
8.69		0.83944		
8.7		0.8396		
8.71		0.83976		
8.72		0.83992		
8.73		0.84008		
8.74		0.84023		
8.75		0.84039		
8.76		0.84055		
8.77		0.84071		
8.78		0.84087		
8.79		0.84102		
8.8		0.84118		
8.81		0.84133		
8.82		0.84149		
8.83		0.84165		
8.84		0.8418		
8.85		0.84196		
8.86		0.84211		
8.87		0.84226		
8.88		0.84242		
8.89		0.84257		
8.9		0.84272		
8.91		0.84288		
8.92		0.84303		
8.93		0.84318		
8.94		0.84333		
8.95		0.84348		
8.96		0.84363		
8.97		0.84379		
8.98		0.84394		
8.99		0.84409		
9		0.84423		
9.01		0.84438		
9.02		0.84453		
9.03		0.84468		
9.04		0.84483		
9.05		0.84498		
9.06		0.84513		
9.07		0.84527		
9.08		0.84542		
9.09		0.84557		
9.1		0.84571		
9.11		0.84586		
9.12		0.846		
9.13		0.84615		
9.14		0.8463		
9.15		0.84644		
9.16		0.84658		
9.17		0.84673		
9.18		0.84687		
9.19		0.84702		
9.2		0.84716		
9.21		0.8473		
9.22		0.84745		
9.23		0.84759		
9.24		0.84773		
9.25		0.84787		
9.26		0.84801		
9.27		0.84815		
9.28		0.84829		
9.29		0.84843		
9.3		0.84858		
9.31		0.84871		
9.32		0.84885		
9.33		0.84899		
9.34		0.84913		
9.35		0.84927		
9.36		0.84941		
9.37		0.84955		
9.38		0.84969		
9.39		0.84982		
9.4		0.84996		
9.41		0.8501		
9.42		0.85023		
9.43		0.85037		
9.44		0.85051		
9.45		0.85064		
9.46		0.85078		
9.47		0.85091		
9.48		0.85105		
9.49		0.85118		
9.5		0.85132		
9.51		0.85145		
9.52		0.85159		
9.53		0.85172		
9.54		0.85185		
9.55		0.85199		
9.56		0.85212		
9.57		0.85225		
9.58		0.85238		
9.59		0.85251		
9.6		0.85265		
9.61		0.85278		
9.62		0.85291		
9.63		0.85304		
9.64		0.85317		
9.65		0.8533		
9.66		0.85343		
9.67		0.85356		
9.68		0.85369		
9.69		0.85382		
9.7		0.85395		
9.71		0.85408		
9.72		0.85421		
9.73		0.85433		
9.74		0.85446		
9.75		0.85459		
9.76		0.85472		
9.77		0.85484		
9.78		0.85497		
9.79		0.8551		
9.8		0.85522		
9.81		0.85535		
9.82		0.85548		
9.83		0.8556		
9.84		0.85573		
9.85		0.85585		
9.86		0.85598		
9.87		0.8561		
9.88		0.85623		
9.89		0.85635		
9.9		0.85647		
9.91		0.8566		
9.92		0.85672		
9.93		0.85684		
9.94		0.85697		
9.95		0.85709		
9.96		0.85721		
9.97		0.85733		
9.98		0.85746		
9.99		0.85758		
10		0.8577		
10.01		0.85782		
10.02		0.85794		
10.03		0.85806		
10.04		0.85818		
10.05		0.8583		
10.06		0.85842		
10.07		0.85854		
10.08		0.85866		
10.09		0.85878		
10.1		0.8589		
10.11		0.85902		
10.12		0.85914		
10.13		0.85926		
10.14		0.85937		
10.15		0.85949		
10.16		0.85961		
10.17		0.85973		
10.18		0.85984		
10.19		0.85996		
10.2		0.86008		
10.21		0.86019		
10.22		0.86031		
10.23		0.86043		
10.24		0.86054		
10.25		0.86066		
10.26		0.86077		
10.27		0.86089		
10.28		0.861		
10.29		0.86112		
10.3		0.86123		
10.31		0.86135		
10.32		0.86146		
10.33		0.86158		
10.34		0.86169		
10.35		0.8618		
10.36		0.86192		
10.37		0.86203		
10.38		0.86214		
10.39		0.86226		
10.4		0.86237		
10.41		0.86248		
10.42		0.86259		
10.43		0.8627		
10.44		0.86282		
10.45		0.86293		
10.46		0.86304		
10.47		0.86315		
10.48		0.86326		
10.49		0.86337		
10.5		0.86348		
10.51		0.86359		
10.52		0.8637		
10.53		0.86381		
10.54		0.86392		
10.55		0.86403		
10.56		0.86414		
10.57		0.86425		
10.58		0.86436		
10.59		0.86446		
10.6		0.86457		
10.61		0.86468		
10.62		0.86479		
10.63		0.8649		
10.64		0.865		
10.65		0.86511		
10.66		0.86522		
10.67		0.86532		
10.68		0.86543		
10.69		0.86554		
10.7		0.86564		
10.71		0.86575		
10.72		0.86586		
10.73		0.86596		
10.74		0.86607		
10.75		0.86617		
10.76		0.86628		
10.77		0.86638		
10.78		0.86649		
10.79		0.86659		
10.8		0.8667		
10.81		0.8668		
10.82		0.8669		
10.83		0.86701		
10.84		0.86711		
10.85		0.86722		
10.86		0.86732		
10.87		0.86742		
10.88		0.86752		
10.89		0.86763		
10.9		0.86773		
10.91		0.86783		
10.92		0.86793		
10.93		0.86804		
10.94		0.86814		
10.95		0.86824		
10.96		0.86834		
10.97		0.86844		
10.98		0.86854		
10.99		0.86864		
11		0.86874		
11.01		0.86885		
11.02		0.86895		
11.03		0.86905		
11.04		0.86915		
11.05		0.86925		
11.06		0.86934		
11.07		0.86944		
11.08		0.86954		
11.09		0.86964		
11.1		0.86974		
11.11		0.86984		
11.12		0.86994		
11.13		0.87004		
11.14		0.87014		
11.15		0.87023		
11.16		0.87033		
11.17		0.87043		
11.18		0.87053		
11.19		0.87062		
11.2		0.87072		
11.21		0.87082		
11.22		0.87092		
11.23		0.87101		
11.24		0.87111		
11.25		0.8712		
11.26		0.8713		
11.27		0.8714		
11.28		0.87149		
11.29		0.87159		
11.3		0.87168		
11.31		0.87178		
11.32		0.87187		
11.33		0.87197		
11.34		0.87206		
11.35		0.87216		
11.36		0.87225		
11.37		0.87235		
11.38		0.87244		
11.39		0.87254		
11.4		0.87263		
11.41		0.87272		
11.42		0.87282		
11.43		0.87291		
11.44		0.873		
11.45		0.8731		
11.46		0.87319		
11.47		0.87328		
11.48		0.87338		
11.49		0.87347		
11.5		0.87356		
11.51		0.87365		
11.52		0.87375		
11.53		0.87384		
11.54		0.87393		
11.55		0.87402		
11.56		0.87411		
11.57		0.8742		
11.58		0.87429		
11.59		0.87439		
11.6		0.87448		
11.61		0.87457		
11.62		0.87466		
11.63		0.87475		
11.64		0.87484		
11.65		0.87493		
11.66		0.87502		
11.67		0.87511		
11.68		0.8752		
11.69		0.87529		
11.7		0.87538		
11.71		0.87546		
11.72		0.87555		
11.73		0.87564		
11.74		0.87573		
11.75		0.87582		
11.76		0.87591		
11.77		0.876		
11.78		0.87608		
11.79		0.87617		
11.8		0.87626		
11.81		0.87635		
11.82		0.87644		
11.83		0.87652		
11.84		0.87661		
11.85		0.8767		
11.86		0.87678		
11.87		0.87687		
11.88		0.87696		
11.89		0.87704		
11.9		0.87713		
11.91		0.87722		
11.92		0.8773		
11.93		0.87739		
11.94		0.87747		
11.95		0.87756		
11.96		0.87765		
11.97		0.87773		
11.98		0.87782		
11.99		0.8779		
12		0.87799		
12.01		0.87807		
12.02		0.87816		
12.03		0.87824		
12.04		0.87833		
12.05		0.87841		
12.06		0.87849		
12.07		0.87858		
12.08		0.87866		
12.09		0.87875		
12.1		0.87883		
12.11		0.87891		
12.12		0.879		
12.13		0.87908		
12.14		0.87916		
12.15		0.87925		
12.16		0.87933		
12.17		0.87941		
12.18		0.87949		
12.19		0.87958		
12.2		0.87966		
12.21		0.87974		
12.22		0.87982		
12.23		0.87991		
12.24		0.87999		
12.25		0.88007		
12.26		0.88015		
12.27		0.88023		
12.28		0.88031		
12.29		0.88039		
12.3		0.88048		
12.31		0.88056		
12.32		0.88064		
12.33		0.88072		
12.34		0.8808		
12.35		0.88088		
12.36		0.88096		
12.37		0.88104		
12.38		0.88112		
12.39		0.8812		
12.4		0.88128		
12.41		0.88136		
12.42		0.88144		
12.43		0.88152		
12.44		0.8816		
12.45		0.88168		
12.46		0.88176		
12.47		0.88183		
12.48		0.88191		
12.49		0.88199		
12.5		0.88207		
12.51		0.88215		
12.52		0.88223		
12.53		0.88231		
12.54		0.88238		
12.55		0.88246		
12.56		0.88254		
12.57		0.88262		
12.58		0.88269		
12.59		0.88277		
12.6		0.88285		
12.61		0.88293		
12.62		0.883		
12.63		0.88308		
12.64		0.88316		
12.65		0.88323		
12.66		0.88331		
12.67		0.88339		
12.68		0.88346		
12.69		0.88354		
12.7		0.88362		
12.71		0.88369		
12.72		0.88377		
12.73		0.88385		
12.74		0.88392		
12.75		0.884		
12.76		0.88407		
12.77		0.88415		
12.78		0.88422		
12.79		0.8843		
12.8		0.88437		
12.81		0.88445		
12.82		0.88452		
12.83		0.8846		
12.84		0.88467		
12.85		0.88475		
12.86		0.88482		
12.87		0.8849		
12.88		0.88497		
12.89		0.88504		
12.9		0.88512		
12.91		0.88519		
12.92		0.88527		
12.93		0.88534		
12.94		0.88541		
12.95		0.88549		
12.96		0.88556		
12.97		0.88563		
12.98		0.88571		
12.99		0.88578		
13		0.88585		
13.01		0.88592		
13.02		0.886		
13.03		0.88607		
13.04		0.88614		
13.05		0.88621		
13.06		0.88629		
13.07		0.88636		
13.08		0.88643		
13.09		0.8865		
13.1		0.88658		
13.11		0.88665		
13.12		0.88672		
13.13		0.88679		
13.14		0.88686		
13.15		0.88693		
13.16		0.887		
13.17		0.88708		
13.18		0.88715		
13.19		0.88722		
13.2		0.88729		
13.21		0.88736		
13.22		0.88743		
13.23		0.8875		
13.24		0.88757		
13.25		0.88764		
13.26		0.88771		
13.27		0.88778		
13.28		0.88785		
13.29		0.88792		
13.3		0.88799		
13.31		0.88806		
13.32		0.88813		
13.33		0.8882		
13.34		0.88827		
13.35		0.88834		
13.36		0.88841		
13.37		0.88848		
13.38		0.88855		
13.39		0.88861		
13.4		0.88868		
13.41		0.88875		
13.42		0.88882		
13.43		0.88889		
13.44		0.88896		
13.45		0.88903		
13.46		0.88909		
13.47		0.88916		
13.48		0.88923		
13.49		0.8893		
13.5		0.88937		
13.51		0.88943		
13.52		0.8895		
13.53		0.88957		
13.54		0.88964		
13.55		0.8897		
13.56		0.88977		
13.57		0.88984		
13.58		0.88991		
13.59		0.88997		
13.6		0.89004		
13.61		0.89011		
13.62		0.89017		
13.63		0.89024		
13.64		0.89031		
13.65		0.89037		
13.66		0.89044		
13.67		0.8905		
13.68		0.89057		
13.69		0.89064		
13.7		0.8907		
13.71		0.89077		
13.72		0.89083		
13.73		0.8909		
13.74		0.89097		
13.75		0.89103		
13.76		0.8911		
13.77		0.89116		
13.78		0.89123		
13.79		0.89129		
13.8		0.89136		
13.81		0.89142		
13.82		0.89149		
13.83		0.89155		
13.84		0.89162		
13.85		0.89168		
13.86		0.89175		
13.87		0.89181		
13.88		0.89188		
13.89		0.89194		
13.9		0.892		
13.91		0.89207		
13.92		0.89213		
13.93		0.8922		
13.94		0.89226		
13.95		0.89232		
13.96		0.89239		
13.97		0.89245		
13.98		0.89251		
13.99		0.89258		
14		0.89264		
14.01		0.8927		
14.02		0.89277		
14.03		0.89283		
14.04		0.89289		
14.05		0.89296		
14.06		0.89302		
14.07		0.89308		
14.08		0.89314		
14.09		0.89321		
14.1		0.89327		
14.11		0.89333		
14.12		0.89339		
14.13		0.89346		
14.14		0.89352		
14.15		0.89358		
14.16		0.89364		
14.17		0.89371		
14.18		0.89377		
14.19		0.89383		
14.2		0.89389		
14.21		0.89395		
14.22		0.89401		
14.23		0.89407		
14.24		0.89414		
14.25		0.8942		
14.26		0.89426		
14.27		0.89432		
14.28		0.89438		
14.29		0.89444		
14.3		0.8945		
14.31		0.89456		
14.32		0.89462		
14.33		0.89468		
14.34		0.89475		
14.35		0.89481		
14.36		0.89487		
14.37		0.89493		
14.38		0.89499		
14.39		0.89505		
14.4		0.89511		
14.41		0.89517		
14.42		0.89523		
14.43		0.89529		
14.44		0.89535		
14.45		0.89541		
14.46		0.89547		
14.47		0.89553		
14.48		0.89558		
14.49		0.89564		
14.5		0.8957		
14.51		0.89576		
14.52		0.89582		
14.53		0.89588		
14.54		0.89594		
14.55		0.896		
14.56		0.89606		
14.57		0.89612		
14.58		0.89618		
14.59		0.89623		
14.6		0.89629		
14.61		0.89635		
14.62		0.89641		
14.63		0.89647		
14.64		0.89653		
14.65		0.89658		
14.66		0.89664		
14.67		0.8967		
14.68		0.89676		
14.69		0.89682		
14.7		0.89687		
14.71		0.89693		
14.72		0.89699		
14.73		0.89705		
14.74		0.8971		
14.75		0.89716		
14.76		0.89722		
14.77		0.89728		
14.78		0.89733		
14.79		0.89739		
14.8		0.89745		
14.81		0.8975		
14.82		0.89756		
14.83		0.89762		
14.84		0.89768		
14.85		0.89773		
14.86		0.89779		
14.87		0.89785		
14.88		0.8979		
14.89		0.89796		
14.9		0.89801		
14.91		0.89807		
14.92		0.89813		
14.93		0.89818		
14.94		0.89824		
14.95		0.8983		
14.96		0.89835		
14.97		0.89841		
14.98		0.89846		
14.99		0.89852		
15		0.89857		
15.01		0.89863		
15.02		0.89869		
15.03		0.89874		
15.04		0.8988		
15.05		0.89885		
15.06		0.89891		
15.07		0.89896		
15.08		0.89902		
15.09		0.89907		
15.1		0.89913		
15.11		0.89918		
15.12		0.89924		
15.13		0.89929		
15.14		0.89935		
15.15		0.8994		
15.16		0.89946		
15.17		0.89951		
15.18		0.89956		
15.19		0.89962		
15.2		0.89967		
15.21		0.89973		
15.22		0.89978		
15.23		0.89984		
15.24		0.89989		
15.25		0.89994		
15.26		0.9		
15.27		0.90005		
15.28		0.90011		
15.29		0.90016		
15.3		0.90021		
15.31		0.90027		
15.32		0.90032		
15.33		0.90037		
15.34		0.90043		
15.35		0.90048		
15.36		0.90053		
15.37		0.90059		
15.38		0.90064		
15.39		0.90069		
15.4		0.90075		
15.41		0.9008		
15.42		0.90085		
15.43		0.9009		
15.44		0.90096		
15.45		0.90101		
15.46		0.90106		
15.47		0.90112		
15.48		0.90117		
15.49		0.90122		
15.5		0.90127		
15.51		0.90132		
15.52		0.90138		
15.53		0.90143		
15.54		0.90148		
15.55		0.90153		
15.56		0.90159		
15.57		0.90164		
15.58		0.90169		
15.59		0.90174		
15.6		0.90179		
15.61		0.90184		
15.62		0.9019		
15.63		0.90195		
15.64		0.902		
15.65		0.90205		
15.66		0.9021		
15.67		0.90215		
15.68		0.9022		
15.69		0.90226		
15.7		0.90231		
15.71		0.90236		
15.72		0.90241		
15.73		0.90246		
15.74		0.90251		
15.75		0.90256		
15.76		0.90261		
15.77		0.90266		
15.78		0.90271		
15.79		0.90277		
15.8		0.90282		
15.81		0.90287		
15.82		0.90292		
15.83		0.90297		
15.84		0.90302		
15.85		0.90307		
15.86		0.90312		
15.87		0.90317		
15.88		0.90322		
15.89		0.90327		
15.9		0.90332		
15.91		0.90337		
15.92		0.90342		
15.93		0.90347		
15.94		0.90352		
15.95		0.90357		
15.96		0.90362		
15.97		0.90367		
15.98		0.90372		
15.99		0.90377		
16		0.90381		
16.01		0.90386		
16.02		0.90391		
16.03		0.90396		
16.04		0.90401		
16.05		0.90406		
16.06		0.90411		
16.07		0.90416		
16.08		0.90421		
16.09		0.90426		
16.1		0.90431		
16.11		0.90435		
16.12		0.9044		
16.13		0.90445		
16.14		0.9045		
16.15		0.90455		
16.16		0.9046		
16.17		0.90465		
16.18		0.90469		
16.19		0.90474		
16.2		0.90479		
16.21		0.90484		
16.22		0.90489		
16.23		0.90494		
16.24		0.90498		
16.25		0.90503		
16.26		0.90508		
16.27		0.90513		
16.28		0.90518		
16.29		0.90522		
16.3		0.90527		
16.31		0.90532		
16.32		0.90537		
16.33		0.90541		
16.34		0.90546		
16.35		0.90551		
16.36		0.90556		
16.37		0.9056		
16.38		0.90565		
16.39		0.9057		
16.4		0.90575		
16.41		0.90579		
16.42		0.90584		
16.43		0.90589		
16.44		0.90593		
16.45		0.90598		
16.46		0.90603		
16.47		0.90607		
16.48		0.90612		
16.49		0.90617		
16.5		0.90622		
16.51		0.90626		
16.52		0.90631		
16.53		0.90635		
16.54		0.9064		
16.55		0.90645		
16.56		0.90649		
16.57		0.90654		
16.58		0.90659		
16.59		0.90663		
16.6		0.90668		
16.61		0.90673		
16.62		0.90677		
16.63		0.90682		
16.64		0.90686		
16.65		0.90691		
16.66		0.90696		
16.67		0.907		
16.68		0.90705		
16.69		0.90709		
16.7		0.90714		
16.71		0.90718		
16.72		0.90723		
16.73		0.90728		
16.74		0.90732		
16.75		0.90737		
16.76		0.90741		
16.77		0.90746		
16.78		0.9075		
16.79		0.90755		
16.8		0.90759		
16.81		0.90764		
16.82		0.90768		
16.83		0.90773		
16.84		0.90777		
16.85		0.90782		
16.86		0.90786		
16.87		0.90791		
16.88		0.90795		
16.89		0.908		
16.9		0.90804		
16.91		0.90809		
16.92		0.90813		
16.93		0.90818		
16.94		0.90822		
16.95		0.90826		
16.96		0.90831		
16.97		0.90835		
16.98		0.9084		
16.99		0.90844		
17		0.90849		
17.01		0.90853		
17.02		0.90857		
17.03		0.90862		
17.04		0.90866		
17.05		0.90871		
17.06		0.90875		
17.07		0.90879		
17.08		0.90884		
17.09		0.90888		
17.1		0.90893		
17.11		0.90897		
17.12		0.90901		
17.13		0.90906		
17.14		0.9091		
17.15		0.90914		
17.16		0.90919		
17.17		0.90923		
17.18		0.90927		
17.19		0.90932		
17.2		0.90936		
17.21		0.9094		
17.22		0.90945		
17.23		0.90949		
17.24		0.90953		
17.25		0.90958		
17.26		0.90962		
17.27		0.90966		
17.28		0.90971		
17.29		0.90975		
17.3		0.90979		
17.31		0.90983		
17.32		0.90988		
17.33		0.90992		
17.34		0.90996		
17.35		0.91001		
17.36		0.91005		
17.37		0.91009		
17.38		0.91013		
17.39		0.91018		
17.4		0.91022		
17.41		0.91026		
17.42		0.9103		
17.43		0.91034		
17.44		0.91039		
17.45		0.91043		
17.46		0.91047		
17.47		0.91051		
17.48		0.91056		
17.49		0.9106		
17.5		0.91064		
17.51		0.91068		
17.52		0.91072		
17.53		0.91076		
17.54		0.91081		
17.55		0.91085		
17.56		0.91089		
17.57		0.91093		
17.58		0.91097		
17.59		0.91102		
17.6		0.91106		
17.61		0.9111		
17.62		0.91114		
17.63		0.91118		
17.64		0.91122		
17.65		0.91126		
17.66		0.91131		
17.67		0.91135		
17.68		0.91139		
17.69		0.91143		
17.7		0.91147		
17.71		0.91151		
17.72		0.91155		
17.73		0.91159		
17.74		0.91163		
17.75		0.91167		
17.76		0.91172		
17.77		0.91176		
17.78		0.9118		
17.79		0.91184		
17.8		0.91188		
17.81		0.91192		
17.82		0.91196		
17.83		0.912		
17.84		0.91204		
17.85		0.91208		
17.86		0.91212		
17.87		0.91216		
17.88		0.9122		
17.89		0.91224		
17.9		0.91228		
17.91		0.91232		
17.92		0.91236		
17.93		0.9124		
17.94		0.91244		
17.95		0.91248		
17.96		0.91252		
17.97		0.91256		
17.98		0.9126		
17.99		0.91264		
18		0.91268		
18.01		0.91272		
18.02		0.91276		
18.03		0.9128		
18.04		0.91284		
18.05		0.91288		
18.06		0.91292		
18.07		0.91296		
18.08		0.913		
18.09		0.91304		
18.1		0.91308		
18.11		0.91312		
18.12		0.91316		
18.13		0.9132		
18.14		0.91324		
18.15		0.91328		
18.16		0.91332		
18.17		0.91336		
18.18		0.9134		
18.19		0.91344		
18.2		0.91347		
18.21		0.91351		
18.22		0.91355		
18.23		0.91359		
18.24		0.91363		
18.25		0.91367		
18.26		0.91371		
18.27		0.91375		
18.28		0.91379		
18.29		0.91382		
18.3		0.91386		
18.31		0.9139		
18.32		0.91394		
18.33		0.91398		
18.34		0.91402		
18.35		0.91406		
18.36		0.91409		
18.37		0.91413		
18.38		0.91417		
18.39		0.91421		
18.4		0.91425		
18.41		0.91429		
18.42		0.91433		
18.43		0.91436		
18.44		0.9144		
18.45		0.91444		
18.46		0.91448		
18.47		0.91452		
18.48		0.91455		
18.49		0.91459		
18.5		0.91463		
18.51		0.91467		
18.52		0.91471		
18.53		0.91474		
18.54		0.91478		
18.55		0.91482		
18.56		0.91486		
18.57		0.9149		
18.58		0.91493		
18.59		0.91497		
18.6		0.91501		
18.61		0.91505		
18.62		0.91508		
18.63		0.91512		
18.64		0.91516		
18.65		0.9152		
18.66		0.91523		
18.67		0.91527		
18.68		0.91531		
18.69		0.91535		
18.7		0.91538		
18.71		0.91542		
18.72		0.91546		
18.73		0.91549		
18.74		0.91553		
18.75		0.91557		
18.76		0.91561		
18.77		0.91564		
18.78		0.91568		
18.79		0.91572		
18.8		0.91575		
18.81		0.91579		
18.82		0.91583		
18.83		0.91587		
18.84		0.9159		
18.85		0.91594		
18.86		0.91598		
18.87		0.91601		
18.88		0.91605		
18.89		0.91609		
18.9		0.91612		
18.91		0.91616		
18.92		0.9162		
18.93		0.91623		
18.94		0.91627		
18.95		0.91631		
18.96		0.91634		
18.97		0.91638		
18.98		0.91641		
18.99		0.91645		
19		0.91649		
19.01		0.91652		
19.02		0.91656		
19.03		0.9166		
19.04		0.91663		
19.05		0.91667		
19.06		0.91671		
19.07		0.91674		
19.08		0.91678		
19.09		0.91681		
19.1		0.91685		
19.11		0.91689		
19.12		0.91692		
19.13		0.91696		
19.14		0.91699		
19.15		0.91703		
19.16		0.91707		
19.17		0.9171		
19.18		0.91714		
19.19		0.91717		
19.2		0.91721		
19.21		0.91724		
19.22		0.91728		
19.23		0.91732		
19.24		0.91735		
19.25		0.91739		
19.26		0.91742		
19.27		0.91746		
19.28		0.91749		
19.29		0.91753		
19.3		0.91757		
19.31		0.9176		
19.32		0.91764		
19.33		0.91767		
19.34		0.91771		
19.35		0.91774		
19.36		0.91778		
19.37		0.91781		
19.38		0.91785		
19.39		0.91788		
19.4		0.91792		
19.41		0.91795		
19.42		0.91799		
19.43		0.91802		
19.44		0.91806		
19.45		0.91809		
19.46		0.91813		
19.47		0.91816		
19.48		0.9182		
19.49		0.91823		
19.5		0.91827		
19.51		0.9183		
19.52		0.91834		
19.53		0.91837		
19.54		0.91841		
19.55		0.91844		
19.56		0.91848		
19.57		0.91851		
19.58		0.91855		
19.59		0.91858		
19.6		0.91862		
19.61		0.91865		
19.62		0.91868		
19.63		0.91872		
19.64		0.91875		
19.65		0.91879		
19.66		0.91882		
19.67		0.91886		
19.68		0.91889		
19.69		0.91893		
19.7		0.91896		
19.71		0.91899		
19.72		0.91903		
19.73		0.91906		
19.74		0.9191		
19.75		0.91913		
19.76		0.91917		
19.77		0.9192		
19.78		0.91923		
19.79		0.91927		
19.8		0.9193		
19.81		0.91934		
19.82		0.91937		
19.83		0.9194		
19.84		0.91944		
19.85		0.91947		
19.86		0.9195		
19.87		0.91954		
19.88		0.91957		
19.89		0.91961		
19.9		0.91964		
19.91		0.91967		
19.92		0.91971		
19.93		0.91974		
19.94		0.91977		
19.95		0.91981		
19.96		0.91984		
19.97		0.91988		
19.98		0.91991		
19.99		0.91994		
20		0.91998		
20.01		0.92001		
20.02		0.92004		
20.03		0.92008		
20.04		0.92011		
20.05		0.92014		
20.06		0.92018		
20.07		0.92021		
20.08		0.92024		
20.09		0.92028		
20.1		0.92031		
20.11		0.92034		
20.12		0.92038		
20.13		0.92041		
20.14		0.92044		
20.15		0.92047		
20.16		0.92051		
20.17		0.92054		
20.18		0.92057		
20.19		0.92061		
20.2		0.92064		
20.21		0.92067		
20.22		0.92071		
20.23		0.92074		
20.24		0.92077		
20.25		0.9208		
20.26		0.92084		
20.27		0.92087		
20.28		0.9209		
20.29		0.92093		
20.3		0.92097		
20.31		0.921		
20.32		0.92103		
20.33		0.92106		
20.34		0.9211		
20.35		0.92113		
20.36		0.92116		
20.37		0.92119		
20.38		0.92123		
20.39		0.92126		
20.4		0.92129		
20.41		0.92132		
20.42		0.92136		
20.43		0.92139		
20.44		0.92142		
20.45		0.92145		
20.46		0.92149		
20.47		0.92152		
20.48		0.92155		
20.49		0.92158		
20.5		0.92161		
20.51		0.92165		
20.52		0.92168		
20.53		0.92171		
20.54		0.92174		
20.55		0.92177		
20.56		0.92181		
20.57		0.92184		
20.58		0.92187		
20.59		0.9219		
20.6		0.92193		
20.61		0.92197		
20.62		0.922		
20.63		0.92203		
20.64		0.92206		
20.65		0.92209		
20.66		0.92213		
20.67		0.92216		
20.68		0.92219		
20.69		0.92222		
20.7		0.92225		
20.71		0.92228		
20.72		0.92232		
20.73		0.92235		
20.74		0.92238		
20.75		0.92241		
20.76		0.92244		
20.77		0.92247		
20.78		0.9225		
20.79		0.92254		
20.8		0.92257		
20.81		0.9226		
20.82		0.92263		
20.83		0.92266		
20.84		0.92269		
20.85		0.92272		
20.86		0.92275		
20.87		0.92279		
20.88		0.92282		
20.89		0.92285		
20.9		0.92288		
20.91		0.92291		
20.92		0.92294		
20.93		0.92297		
20.94		0.923		
20.95		0.92303		
20.96		0.92307		
20.97		0.9231		
20.98		0.92313		
20.99		0.92316		
21		0.92319		
21.01		0.92322		
21.02		0.92325		
21.03		0.92328		
21.04		0.92331		
21.05		0.92334		
21.06		0.92337		
21.07		0.9234		
21.08		0.92344		
21.09		0.92347		
21.1		0.9235		
21.11		0.92353		
21.12		0.92356		
21.13		0.92359		
21.14		0.92362		
21.15		0.92365		
21.16		0.92368		
21.17		0.92371		
21.18		0.92374		
21.19		0.92377		
21.2		0.9238		
21.21		0.92383		
21.22		0.92386		
21.23		0.92389		
21.24		0.92392		
21.25		0.92395		
21.26		0.92398		
21.27		0.92401		
21.28		0.92404		
21.29		0.92407		
21.3		0.9241		
21.31		0.92413		
21.32		0.92416		
21.33		0.92419		
21.34		0.92423		
21.35		0.92426		
21.36		0.92429		
21.37		0.92432		
21.38		0.92435		
21.39		0.92438		
21.4		0.92441		
21.41		0.92443		
21.42		0.92446		
21.43		0.92449		
21.44		0.92452		
21.45		0.92455		
21.46		0.92458		
21.47		0.92461		
21.48		0.92464		
21.49		0.92467		
21.5		0.9247		
21.51		0.92473		
21.52		0.92476		
21.53		0.92479		
21.54		0.92482		
21.55		0.92485		
21.56		0.92488		
21.57		0.92491		
21.58		0.92494		
21.59		0.92497		
21.6		0.925		
21.61		0.92503		
21.62		0.92506		
21.63		0.92509		
21.64		0.92512		
21.65		0.92515		
21.66		0.92518		
21.67		0.92521		
21.68		0.92523		
21.69		0.92526		
21.7		0.92529		
21.71		0.92532		
21.72		0.92535		
21.73		0.92538		
21.74		0.92541		
21.75		0.92544		
21.76		0.92547		
21.77		0.9255		
21.78		0.92553		
21.79		0.92556		
21.8		0.92558		
21.81		0.92561		
21.82		0.92564		
21.83		0.92567		
21.84		0.9257		
21.85		0.92573		
21.86		0.92576		
21.87		0.92579		
21.88		0.92582		
21.89		0.92585		
21.9		0.92587		
21.91		0.9259		
21.92		0.92593		
21.93		0.92596		
21.94		0.92599		
21.95		0.92602		
21.96		0.92605		
21.97		0.92608		
21.98		0.9261		
21.99		0.92613		
22		0.92616		
22.01		0.92619		
22.02		0.92622		
22.03		0.92625		
22.04		0.92628		
22.05		0.9263		
22.06		0.92633		
22.07		0.92636		
22.08		0.92639		
22.09		0.92642		
22.1		0.92645		
22.11		0.92647		
22.12		0.9265		
22.13		0.92653		
22.14		0.92656		
22.15		0.92659		
22.16		0.92662		
22.17		0.92664		
22.18		0.92667		
22.19		0.9267		
22.2		0.92673		
22.21		0.92676		
22.22		0.92679		
22.23		0.92681		
22.24		0.92684		
22.25		0.92687		
22.26		0.9269		
22.27		0.92693		
22.28		0.92695		
22.29		0.92698		
22.3		0.92701		
22.31		0.92704		
22.32		0.92707		
22.33		0.92709		
22.34		0.92712		
22.35		0.92715		
22.36		0.92718		
22.37		0.92721		
22.38		0.92723		
22.39		0.92726		
22.4		0.92729		
22.41		0.92732		
22.42		0.92734		
22.43		0.92737		
22.44		0.9274		
22.45		0.92743		
22.46		0.92746		
22.47		0.92748		
22.48		0.92751		
22.49		0.92754		
22.5		0.92757		
22.51		0.92759		
22.52		0.92762		
22.53		0.92765		
22.54		0.92768		
22.55		0.9277		
22.56		0.92773		
22.57		0.92776		
22.58		0.92779		
22.59		0.92781		
22.6		0.92784		
22.61		0.92787		
22.62		0.9279		
22.63		0.92792		
22.64		0.92795		
22.65		0.92798		
22.66		0.92801		
22.67		0.92803		
22.68		0.92806		
22.69		0.92809		
22.7		0.92811		
22.71		0.92814		
22.72		0.92817		
22.73		0.9282		
22.74		0.92822		
22.75		0.92825		
22.76		0.92828		
22.77		0.9283		
22.78		0.92833		
22.79		0.92836		
22.8		0.92839		
22.81		0.92841		
22.82		0.92844		
22.83		0.92847		
22.84		0.92849		
22.85		0.92852		
22.86		0.92855		
22.87		0.92857		
22.88		0.9286		
22.89		0.92863		
22.9		0.92865		
22.91		0.92868		
22.92		0.92871		
22.93		0.92874		
22.94		0.92876		
22.95		0.92879		
22.96		0.92882		
22.97		0.92884		
22.98		0.92887		
22.99		0.9289		
23		0.92892		
23.01		0.92895		
23.02		0.92898		
23.03		0.929		
23.04		0.92903		
23.05		0.92906		
23.06		0.92908		
23.07		0.92911		
23.08		0.92913		
23.09		0.92916		
23.1		0.92919		
23.11		0.92921		
23.12		0.92924		
23.13		0.92927		
23.14		0.92929		
23.15		0.92932		
23.16		0.92935		
23.17		0.92937		
23.18		0.9294		
23.19		0.92942		
23.2		0.92945		
23.21		0.92948		
23.22		0.9295		
23.23		0.92953		
23.24		0.92956		
23.25		0.92958		
23.26		0.92961		
23.27		0.92963		
23.28		0.92966		
23.29		0.92969		
23.3		0.92971		
23.31		0.92974		
23.32		0.92977		
23.33		0.92979		
23.34		0.92982		
23.35		0.92984		
23.36		0.92987		
23.37		0.9299		
23.38		0.92992		
23.39		0.92995		
23.4		0.92997		
23.41		0.93		
23.42		0.93002		
23.43		0.93005		
23.44		0.93008		
23.45		0.9301		
23.46		0.93013		
23.47		0.93015		
23.48		0.93018		
23.49		0.93021		
23.5		0.93023		
23.51		0.93026		
23.52		0.93028		
23.53		0.93031		
23.54		0.93033		
23.55		0.93036		
23.56		0.93039		
23.57		0.93041		
23.58		0.93044		
23.59		0.93046		
23.6		0.93049		
23.61		0.93051		
23.62		0.93054		
23.63		0.93056		
23.64		0.93059		
23.65		0.93062		
23.66		0.93064		
23.67		0.93067		
23.68		0.93069		
23.69		0.93072		
23.7		0.93074		
23.71		0.93077		
23.72		0.93079		
23.73		0.93082		
23.74		0.93084		
23.75		0.93087		
23.76		0.93089		
23.77		0.93092		
23.78		0.93095		
23.79		0.93097		
23.8		0.931		
23.81		0.93102		
23.82		0.93105		
23.83		0.93107		
23.84		0.9311		
23.85		0.93112		
23.86		0.93115		
23.87		0.93117		
23.88		0.9312		
23.89		0.93122		
23.9		0.93125		
23.91		0.93127		
23.92		0.9313		
23.93		0.93132		
23.94		0.93135		
23.95		0.93137		
23.96		0.9314		
23.97		0.93142		
23.98		0.93145		
23.99		0.93147		
24		0.9315		
24.01		0.93152		
24.02		0.93155		
24.03		0.93157		
24.04		0.9316		
24.05		0.93162		
24.06		0.93165		
24.07		0.93167		
24.08		0.9317		
24.09		0.93172		
24.1		0.93174		
24.11		0.93177		
24.12		0.93179		
24.13		0.93182		
24.14		0.93184		
24.15		0.93187		
24.16		0.93189		
24.17		0.93192		
24.18		0.93194		
24.19		0.93197		
24.2		0.93199		
24.21		0.93202		
24.22		0.93204		
24.23		0.93206		
24.24		0.93209		
24.25		0.93211		
24.26		0.93214		
24.27		0.93216		
24.28		0.93219		
24.29		0.93221		
24.3		0.93224		
24.31		0.93226		
24.32		0.93228		
24.33		0.93231		
24.34		0.93233		
24.35		0.93236		
24.36		0.93238		
24.37		0.93241		
24.38		0.93243		
24.39		0.93246		
24.4		0.93248		
24.41		0.9325		
24.42		0.93253		
24.43		0.93255		
24.44		0.93258		
24.45		0.9326		
24.46		0.93263		
24.47		0.93265		
24.48		0.93267		
24.49		0.9327		
24.5		0.93272		
24.51		0.93275		
24.52		0.93277		
24.53		0.9328		
24.54		0.93282		
24.55		0.93285		
24.56		0.93287		
24.57		0.9329		
24.58		0.93292		
24.59		0.93294		
24.6		0.93297		
24.61		0.93299		
24.62		0.93302		
24.63		0.93304		
24.64		0.93307		
24.65		0.93309		
24.66		0.93312		
24.67		0.93314		
24.68		0.93317		
24.69		0.93319		
24.7		0.93322		
24.71		0.93324		
24.72		0.93327		
24.73		0.93329		
24.74		0.93331		
24.75		0.93334		
24.76		0.93336		
24.77		0.93339		
24.78		0.93341		
24.79		0.93344		
24.8		0.93346		
24.81		0.93349		
24.82		0.93351		
24.83		0.93354		
24.84		0.93356		
24.85		0.93359		
24.86		0.93361		
24.87		0.93364		
24.88		0.93366		
24.89		0.93369		
24.9		0.93371		
24.91		0.93373		
24.92		0.93376		
24.93		0.93378		
24.94		0.93381		
24.95		0.93383		
24.96		0.93386		
24.97		0.93388		
24.98		0.93391		
24.99		0.93393		
25		0.93396		
25.01		0.93398		
25.02		0.93401		
25.03		0.93403		
25.04		0.93406		
25.05		0.93408		
25.06		0.9341		
25.07		0.93413		
25.08		0.93415		
25.09		0.93418		
25.1		0.9342		
25.11		0.93423		
25.12		0.93425		
25.13		0.93428		
25.14		0.9343		
25.15		0.93433		
25.16		0.93435		
25.17		0.93438		
25.18		0.9344		
25.19		0.93442		
25.2		0.93445		
25.21		0.93447		
25.22		0.9345		
25.23		0.93452		
25.24		0.93455		
25.25		0.93457		
25.26		0.9346		
25.27		0.93462		
25.28		0.93465		
25.29		0.93467		
25.3		0.93469		
25.31		0.93472		
25.32		0.93474		
25.33		0.93477		
25.34		0.93479		
25.35		0.93482		
25.36		0.93484		
25.37		0.93487		
25.38		0.93489		
25.39		0.93491		
25.4		0.93494		
25.41		0.93496		
25.42		0.93499		
25.43		0.93501		
25.44		0.93504		
25.45		0.93506		
25.46		0.93508		
25.47		0.93511		
25.48		0.93513		
25.49		0.93516		
25.5		0.93518		
25.51		0.93521		
25.52		0.93523		
25.53		0.93525		
25.54		0.93528		
25.55		0.9353		
25.56		0.93533		
25.57		0.93535		
25.58		0.93537		
25.59		0.9354		
25.6		0.93542		
25.61		0.93545		
25.62		0.93547		
25.63		0.9355		
25.64		0.93552		
25.65		0.93554		
25.66		0.93557		
25.67		0.93559		
25.68		0.93562		
25.69		0.93564		
25.7		0.93566		
25.71		0.93569		
25.72		0.93571		
25.73		0.93574		
25.74		0.93576		
25.75		0.93578		
25.76		0.93581		
25.77		0.93583		
25.78		0.93586		
25.79		0.93588		
25.8		0.9359		
25.81		0.93593		
25.82		0.93595		
25.83		0.93598		
25.84		0.936		
25.85		0.93602		
25.86		0.93605		
25.87		0.93607		
25.88		0.93609		
25.89		0.93612		
25.9		0.93614		
25.91		0.93617		
25.92		0.93619		
25.93		0.93621		
25.94		0.93624		
25.95		0.93626		
25.96		0.93628		
25.97		0.93631		
25.98		0.93633		
25.99		0.93636		
26		0.93638		
26.01		0.9364		
26.02		0.93643		
26.03		0.93645		
26.04		0.93647		
26.05		0.9365		
26.06		0.93652		
26.07		0.93654		
26.08		0.93657		
26.09		0.93659		
26.1		0.93661		
26.11		0.93664		
26.12		0.93666		
26.13		0.93669		
26.14		0.93671		
26.15		0.93673		
26.16		0.93676		
26.17		0.93678		
26.18		0.9368		
26.19		0.93683		
26.2		0.93685		
26.21		0.93687		
26.22		0.9369		
26.23		0.93692		
26.24		0.93694		
26.25		0.93697		
26.26		0.93699		
26.27		0.93701		
26.28		0.93704		
26.29		0.93706		
26.3		0.93708		
26.31		0.93711		
26.32		0.93713		
26.33		0.93715		
26.34		0.93718		
26.35		0.9372		
26.36		0.93722		
26.37		0.93725		
26.38		0.93727		
26.39		0.93729		
26.4		0.93731		
26.41		0.93734		
26.42		0.93736		
26.43		0.93738		
26.44		0.93741		
26.45		0.93743		
26.46		0.93745		
26.47		0.93748		
26.48		0.9375		
26.49		0.93752		
26.5		0.93755		
26.51		0.93757		
26.52		0.93759		
26.53		0.93761		
26.54		0.93764		
26.55		0.93766		
26.56		0.93768		
26.57		0.93771		
26.58		0.93773		
26.59		0.93775		
26.6		0.93778		
26.61		0.9378		
26.62		0.93782		
26.63		0.93784		
26.64		0.93787		
26.65		0.93789		
26.66		0.93791		
26.67		0.93794		
26.68		0.93796		
26.69		0.93798		
26.7		0.938		
26.71		0.93803		
26.72		0.93805		
26.73		0.93807		
26.74		0.9381		
26.75		0.93812		
26.76		0.93814		
26.77		0.93816		
26.78		0.93819		
26.79		0.93821		
26.8		0.93823		
26.81		0.93825		
26.82		0.93828		
26.83		0.9383		
26.84		0.93832		
26.85		0.93834		
26.86		0.93837		
26.87		0.93839		
26.88		0.93841		
26.89		0.93843		
26.9		0.93846		
26.91		0.93848		
26.92		0.9385		
26.93		0.93853		
26.94		0.93855		
26.95		0.93857		
26.96		0.93859		
26.97		0.93862		
26.98		0.93864		
26.99		0.93866		
27		0.93868		
27.01		0.9387		
27.02		0.93873		
27.03		0.93875		
27.04		0.93877		
27.05		0.93879		
27.06		0.93882		
27.07		0.93884		
27.08		0.93886		
27.09		0.93888		
27.1		0.93891		
27.11		0.93893		
27.12		0.93895		
27.13		0.93897		
27.14		0.939		
27.15		0.93902		
27.16		0.93904		
27.17		0.93906		
27.18		0.93908		
27.19		0.93911		
27.2		0.93913		
27.21		0.93915		
27.22		0.93917		
27.23		0.9392		
27.24		0.93922		
27.25		0.93924		
27.26		0.93926		
27.27		0.93928		
27.28		0.93931		
27.29		0.93933		
27.3		0.93935		
27.31		0.93937		
27.32		0.93939		
27.33		0.93942		
27.34		0.93944		
27.35		0.93946		
27.36		0.93948		
27.37		0.9395		
27.38		0.93953		
27.39		0.93955		
27.4		0.93957		
27.41		0.93959		
27.42		0.93961		
27.43		0.93964		
27.44		0.93966		
27.45		0.93968		
27.46		0.9397		
27.47		0.93972		
27.48		0.93975		
27.49		0.93977		
27.5		0.93979		
27.51		0.93981		
27.52		0.93983		
27.53		0.93985		
27.54		0.93988		
27.55		0.9399		
27.56		0.93992		
27.57		0.93994		
27.58		0.93996		
27.59		0.93999		
27.6		0.94001		
27.61		0.94003		
27.62		0.94005		
27.63		0.94007		
27.64		0.94009		
27.65		0.94012		
27.66		0.94014		
27.67		0.94016		
27.68		0.94018		
27.69		0.9402		
27.7		0.94022		
27.71		0.94025		
27.72		0.94027		
27.73		0.94029		
27.74		0.94031		
27.75		0.94033		
27.76		0.94035		
27.77		0.94037		
27.78		0.9404		
27.79		0.94042		
27.8		0.94044		
27.81		0.94046		
27.82		0.94048		
27.83		0.9405		
27.84		0.94053		
27.85		0.94055		
27.86		0.94057		
27.87		0.94059		
27.88		0.94061		
27.89		0.94063		
27.9		0.94065		
27.91		0.94068		
27.92		0.9407		
27.93		0.94072		
27.94		0.94074		
27.95		0.94076		
27.96		0.94078		
27.97		0.9408		
27.98		0.94082		
27.99		0.94085		
28		0.94087		
28.01		0.94089		
28.02		0.94091		
28.03		0.94093		
28.04		0.94095		
28.05		0.94097		
28.06		0.94099		
28.07		0.94102		
28.08		0.94104		
28.09		0.94106		
28.1		0.94108		
28.11		0.9411		
28.12		0.94112		
28.13		0.94114		
28.14		0.94116		
28.15		0.94118		
28.16		0.94121		
28.17		0.94123		
28.18		0.94125		
28.19		0.94127		
28.2		0.94129		
28.21		0.94131		
28.22		0.94133		
28.23		0.94135		
28.24		0.94137		
28.25		0.94139		
28.26		0.94142		
28.27		0.94144		
28.28		0.94146		
28.29		0.94148		
28.3		0.9415		
28.31		0.94152		
28.32		0.94154		
28.33		0.94156		
28.34		0.94158		
28.35		0.9416		
28.36		0.94162		
28.37		0.94164		
28.38		0.94167		
28.39		0.94169		
28.4		0.94171		
28.41		0.94173		
28.42		0.94175		
28.43		0.94177		
28.44		0.94179		
28.45		0.94181		
28.46		0.94183		
28.47		0.94185		
28.48		0.94187		
28.49		0.94189		
28.5		0.94191		
28.51		0.94193		
28.52		0.94196		
28.53		0.94198		
28.54		0.942		
28.55		0.94202		
28.56		0.94204		
28.57		0.94206		
28.58		0.94208		
28.59		0.9421		
28.6		0.94212		
28.61		0.94214		
28.62		0.94216		
28.63		0.94218		
28.64		0.9422		
28.65		0.94222		
28.66		0.94224		
28.67		0.94226		
28.68		0.94228		
28.69		0.9423		
28.7		0.94232		
28.71		0.94234		
28.72		0.94237		
28.73		0.94239		
28.74		0.94241		
28.75		0.94243		
28.76		0.94245		
28.77		0.94247		
28.78		0.94249		
28.79		0.94251		
28.8		0.94253		
28.81		0.94255		
28.82		0.94257		
28.83		0.94259		
28.84		0.94261		
28.85		0.94263		
28.86		0.94265		
28.87		0.94267		
28.88		0.94269		
28.89		0.94271		
28.9		0.94273		
28.91		0.94275		
28.92		0.94277		
28.93		0.94279		
28.94		0.94281		
28.95		0.94283		
28.96		0.94285		
28.97		0.94287		
28.98		0.94289		
28.99		0.94291		
29		0.94293		
29.01		0.94295		
29.02		0.94297		
29.03		0.94299		
29.04		0.94301		
29.05		0.94303		
29.06		0.94305		
29.07		0.94307		
29.08		0.94309		
29.09		0.94311		
29.1		0.94313		
29.11		0.94315		
29.12		0.94317		
29.13		0.94319		
29.14		0.94321		
29.15		0.94323		
29.16		0.94325		
29.17		0.94327		
29.18		0.94329		
29.19		0.94331		
29.2		0.94333		
29.21		0.94335		
29.22		0.94337		
29.23		0.94339		
29.24		0.94341		
29.25		0.94343		
29.26		0.94345		
29.27		0.94347		
29.28		0.94349		
29.29		0.94351		
29.3		0.94353		
29.31		0.94355		
29.32		0.94357		
29.33		0.94359		
29.34		0.9436		
29.35		0.94362		
29.36		0.94364		
29.37		0.94366		
29.38		0.94368		
29.39		0.9437		
29.4		0.94372		
29.41		0.94374		
29.42		0.94376		
29.43		0.94378		
29.44		0.9438		
29.45		0.94382		
29.46		0.94384		
29.47		0.94386		
29.48		0.94388		
29.49		0.9439		
29.5		0.94392		
29.51		0.94394		
29.52		0.94396		
29.53		0.94397		
29.54		0.94399		
29.55		0.94401		
29.56		0.94403		
29.57		0.94405		
29.58		0.94407		
29.59		0.94409		
29.6		0.94411		
29.61		0.94413		
29.62		0.94415		
29.63		0.94417		
29.64		0.94419		
29.65		0.94421		
29.66		0.94423		
29.67		0.94424		
29.68		0.94426		
29.69		0.94428		
29.7		0.9443		
29.71		0.94432		
29.72		0.94434		
29.73		0.94436		
29.74		0.94438		
29.75		0.9444		
29.76		0.94442		
29.77		0.94444		
29.78		0.94446		
29.79		0.94447		
29.8		0.94449		
29.81		0.94451		
29.82		0.94453		
29.83		0.94455		
29.84		0.94457		
29.85		0.94459		
29.86		0.94461		
29.87		0.94463		
29.88		0.94465		
29.89		0.94466		
29.9		0.94468		
29.91		0.9447		
29.92		0.94472		
29.93		0.94474		
29.94		0.94476		
29.95		0.94478		
29.96		0.9448		
29.97		0.94482		
29.98		0.94483		
29.99		0.94485		
30		0.94487		
