tau [fm]		PL/PT
0.25		1
0.26		0.94288		
0.27		0.891563		
0.28		0.845286		
0.29		0.80341		
0.3		0.765397		
0.31		0.730793		
0.32		0.699208		
0.33		0.670308		
0.34		0.643806		
0.35		0.619454		
0.36		0.597034		
0.37		0.576357		
0.38		0.557257		
0.39		0.539587		
0.4		0.523218		
0.41		0.508035		
0.42		0.493936		
0.43		0.480831		
0.44		0.468637		
0.45		0.457282		
0.46		0.4467		
0.47		0.436831		
0.48		0.427622		
0.49		0.419025		
0.5		0.410996		
0.51		0.403494		
0.52		0.396483		
0.53		0.38993		
0.54		0.383803		
0.55		0.378077		
0.56		0.372724		
0.57		0.367721		
0.58		0.363047		
0.59		0.358681		
0.6		0.354605		
0.61		0.350803		
0.62		0.347257		
0.63		0.343954		
0.64		0.340881		
0.65		0.338023		
0.66		0.33537		
0.67		0.332911		
0.68		0.330635		
0.69		0.328533		
0.7		0.326596		
0.71		0.324816		
0.72		0.323184		
0.73		0.321694		
0.74		0.320339		
0.75		0.319111		
0.76		0.318006		
0.77		0.317017		
0.78		0.316139		
0.79		0.315366		
0.8		0.314695		
0.81		0.31412		
0.82		0.313637		
0.83		0.313242		
0.84		0.312931		
0.85		0.312701		
0.86		0.312549		
0.87		0.31247		
0.88		0.312461		
0.89		0.312521		
0.9		0.312645		
0.91		0.312832		
0.92		0.313079		
0.93		0.313382		
0.94		0.313741		
0.95		0.314153		
0.96		0.314615		
0.97		0.315125		
0.98		0.315682		
0.99		0.316285		
1		0.31693		
1.01		0.317616		
1.02		0.318342		
1.03		0.319107		
1.04		0.319908		
1.05		0.320744		
1.06		0.321614		
1.07		0.322517		
1.08		0.323451		
1.09		0.324415		
1.1		0.325408		
1.11		0.326428		
1.12		0.327475		
1.13		0.328548		
1.14		0.329646		
1.15		0.330767		
1.16		0.331911		
1.17		0.333077		
1.18		0.334264		
1.19		0.335471		
1.2		0.336697		
1.21		0.337941		
1.22		0.339204		
1.23		0.340484		
1.24		0.341779		
1.25		0.343091		
1.26		0.344418		
1.27		0.345759		
1.28		0.347114		
1.29		0.348482		
1.3		0.349862		
1.31		0.351255		
1.32		0.35266		
1.33		0.354075		
1.34		0.355501		
1.35		0.356937		
1.36		0.358382		
1.37		0.359837		
1.38		0.3613		
1.39		0.362772		
1.4		0.364251		
1.41		0.365738		
1.42		0.367232		
1.43		0.368733		
1.44		0.37024		
1.45		0.371753		
1.46		0.373271		
1.47		0.374795		
1.48		0.376324		
1.49		0.377858		
1.5		0.379395		
1.51		0.380937		
1.52		0.382483		
1.53		0.384033		
1.54		0.385585		
1.55		0.387141		
1.56		0.388699		
1.57		0.39026		
1.58		0.391823		
1.59		0.393388		
1.6		0.394955		
1.61		0.396524		
1.62		0.398094		
1.63		0.399665		
1.64		0.401237		
1.65		0.40281		
1.66		0.404383		
1.67		0.405957		
1.68		0.407532		
1.69		0.409106		
1.7		0.41068		
1.71		0.412255		
1.72		0.413828		
1.73		0.415401		
1.74		0.416974		
1.75		0.418546		
1.76		0.420116		
1.77		0.421686		
1.78		0.423255		
1.79		0.424822		
1.8		0.426387		
1.81		0.427951		
1.82		0.429514		
1.83		0.431074		
1.84		0.432633		
1.85		0.43419		
1.86		0.435744		
1.87		0.437297		
1.88		0.438847		
1.89		0.440394		
1.9		0.44194		
1.91		0.443482		
1.92		0.445022		
1.93		0.44656		
1.94		0.448094		
1.95		0.449625		
1.96		0.451154		
1.97		0.45268		
1.98		0.454202		
1.99		0.455721		
2		0.457237		
2.01		0.45875		
2.02		0.46026		
2.03		0.461766		
2.04		0.463268		
2.05		0.464767		
2.06		0.466263		
2.07		0.467754		
2.08		0.469243		
2.09		0.470727		
2.1		0.472208		
2.11		0.473685		
2.12		0.475158		
2.13		0.476627		
2.14		0.478092		
2.15		0.479553		
2.16		0.48101		
2.17		0.482463		
2.18		0.483913		
2.19		0.485358		
2.2		0.486798		
2.21		0.488235		
2.22		0.489668		
2.23		0.491096		
2.24		0.49252		
2.25		0.49394		
2.26		0.495355		
2.27		0.496766		
2.28		0.498173		
2.29		0.499575		
2.3		0.500973		
2.31		0.502367		
2.32		0.503756		
2.33		0.505141		
2.34		0.506521		
2.35		0.507897		
2.36		0.509268		
2.37		0.510635		
2.38		0.511997		
2.39		0.513355		
2.4		0.514708		
2.41		0.516057		
2.42		0.517401		
2.43		0.518741		
2.44		0.520076		
2.45		0.521406		
2.46		0.522732		
2.47		0.524053		
2.48		0.52537		
2.49		0.526682		
2.5		0.527989		
2.51		0.529292		
2.52		0.53059		
2.53		0.531883		
2.54		0.533172		
2.55		0.534456		
2.56		0.535736		
2.57		0.537011		
2.58		0.538281		
2.59		0.539547		
2.6		0.540808		
2.61		0.542065		
2.62		0.543317		
2.63		0.544564		
2.64		0.545806		
2.65		0.547044		
2.66		0.548278		
2.67		0.549507		
2.68		0.550731		
2.69		0.55195		
2.7		0.553165		
2.71		0.554375		
2.72		0.555581		
2.73		0.556782		
2.74		0.557979		
2.75		0.559171		
2.76		0.560358		
2.77		0.561541		
2.78		0.562719		
2.79		0.563893		
2.8		0.565062		
2.81		0.566227		
2.82		0.567387		
2.83		0.568543		
2.84		0.569694		
2.85		0.570841		
2.86		0.571983		
2.87		0.57312		
2.88		0.574254		
2.89		0.575382		
2.9		0.576507		
2.91		0.577627		
2.92		0.578742		
2.93		0.579853		
2.94		0.58096		
2.95		0.582062		
2.96		0.58316		
2.97		0.584253		
2.98		0.585342		
2.99		0.586427		
3		0.587507		
3.01		0.588583		
3.02		0.589655		
3.03		0.590722		
3.04		0.591785		
3.05		0.592844		
3.06		0.593899		
3.07		0.594949		
3.08		0.595995		
3.09		0.597037		
3.1		0.598075		
3.11		0.599108		
3.12		0.600137		
3.13		0.601163		
3.14		0.602183		
3.15		0.6032		
3.16		0.604213		
3.17		0.605221		
3.18		0.606226		
3.19		0.607226		
3.2		0.608222		
3.21		0.609214		
3.22		0.610202		
3.23		0.611186		
3.24		0.612166		
3.25		0.613142		
3.26		0.614114		
3.27		0.615082		
3.28		0.616046		
3.29		0.617006		
3.3		0.617963		
3.31		0.618915		
3.32		0.619863		
3.33		0.620808		
3.34		0.621748		
3.35		0.622685		
3.36		0.623618		
3.37		0.624547		
3.38		0.625472		
3.39		0.626393		
3.4		0.627311		
3.41		0.628224		
3.42		0.629134		
3.43		0.63004		
3.44		0.630943		
3.45		0.631842		
3.46		0.632737		
3.47		0.633628		
3.48		0.634516		
3.49		0.6354		
3.5		0.63628		
3.51		0.637157		
3.52		0.63803		
3.53		0.6389		
3.54		0.639766		
3.55		0.640628		
3.56		0.641487		
3.57		0.642342		
3.58		0.643194		
3.59		0.644042		
3.6		0.644887		
3.61		0.645728		
3.62		0.646566		
3.63		0.6474		
3.64		0.648231		
3.65		0.649058		
3.66		0.649882		
3.67		0.650703		
3.68		0.65152		
3.69		0.652334		
3.7		0.653145		
3.71		0.653952		
3.72		0.654756		
3.73		0.655556		
3.74		0.656354		
3.75		0.657148		
3.76		0.657938		
3.77		0.658726		
3.78		0.65951		
3.79		0.660291		
3.8		0.661069		
3.81		0.661843		
3.82		0.662615		
3.83		0.663383		
3.84		0.664148		
3.85		0.66491		
3.86		0.665669		
3.87		0.666425		
3.88		0.667177		
3.89		0.667927		
3.9		0.668673		
3.91		0.669417		
3.92		0.670157		
3.93		0.670895		
3.94		0.671629		
3.95		0.67236		
3.96		0.673089		
3.97		0.673814		
3.98		0.674537		
3.99		0.675256		
4		0.675973		
4.01		0.676686		
4.02		0.677397		
4.03		0.678105		
4.04		0.67881		
4.05		0.679512		
4.06		0.680211		
4.07		0.680908		
4.08		0.681602		
4.09		0.682292		
4.1		0.68298		
4.11		0.683666		
4.12		0.684348		
4.13		0.685028		
4.14		0.685705		
4.15		0.686379		
4.16		0.687051		
4.17		0.687719		
4.18		0.688386		
4.19		0.689049		
4.2		0.68971		
4.21		0.690368		
4.22		0.691023		
4.23		0.691676		
4.24		0.692326		
4.25		0.692974		
4.26		0.693619		
4.27		0.694262		
4.28		0.694902		
4.29		0.695539		
4.3		0.696174		
4.31		0.696806		
4.32		0.697436		
4.33		0.698063		
4.34		0.698688		
4.35		0.69931		
4.36		0.69993		
4.37		0.700547		
4.38		0.701162		
4.39		0.701775		
4.4		0.702385		
4.41		0.702992		
4.42		0.703597		
4.43		0.7042		
4.44		0.704801		
4.45		0.705399		
4.46		0.705995		
4.47		0.706588		
4.48		0.707179		
4.49		0.707768		
4.5		0.708354		
4.51		0.708939		
4.52		0.70952		
4.53		0.7101		
4.54		0.710677		
4.55		0.711252		
4.56		0.711825		
4.57		0.712396		
4.58		0.712964		
4.59		0.71353		
4.6		0.714094		
4.61		0.714656		
4.62		0.715216		
4.63		0.715773		
4.64		0.716329		
4.65		0.716882		
4.66		0.717433		
4.67		0.717982		
4.68		0.718528		
4.69		0.719073		
4.7		0.719616		
4.71		0.720156		
4.72		0.720695		
4.73		0.721231		
4.74		0.721765		
4.75		0.722297		
4.76		0.722828		
4.77		0.723356		
4.78		0.723882		
4.79		0.724406		
4.8		0.724928		
4.81		0.725449		
4.82		0.725967		
4.83		0.726483		
4.84		0.726998		
4.85		0.72751		
4.86		0.72802		
4.87		0.728529		
4.88		0.729035		
4.89		0.72954		
4.9		0.730043		
4.91		0.730544		
4.92		0.731043		
4.93		0.73154		
4.94		0.732035		
4.95		0.732529		
4.96		0.73302		
4.97		0.73351		
4.98		0.733998		
4.99		0.734484		
5		0.734968		
5.01		0.735451		
5.02		0.735931		
5.03		0.73641		
5.04		0.736887		
5.05		0.737363		
5.06		0.737836		
5.07		0.738308		
5.08		0.738778		
5.09		0.739247		
5.1		0.739714		
5.11		0.740179		
5.12		0.740642		
5.13		0.741103		
5.14		0.741563		
5.15		0.742021		
5.16		0.742478		
5.17		0.742933		
5.18		0.743386		
5.19		0.743838		
5.2		0.744287		
5.21		0.744736		
5.22		0.745182		
5.23		0.745627		
5.24		0.746071		
5.25		0.746513		
5.26		0.746953		
5.27		0.747392		
5.28		0.747829		
5.29		0.748264		
5.3		0.748698		
5.31		0.74913		
5.32		0.749561		
5.33		0.749991		
5.34		0.750418		
5.35		0.750845		
5.36		0.751269		
5.37		0.751692		
5.38		0.752114		
5.39		0.752534		
5.4		0.752953		
5.41		0.75337		
5.42		0.753786		
5.43		0.7542		
5.44		0.754613		
5.45		0.755024		
5.46		0.755434		
5.47		0.755843		
5.48		0.75625		
5.49		0.756656		
5.5		0.75706		
5.51		0.757462		
5.52		0.757864		
5.53		0.758264		
5.54		0.758662		
5.55		0.75906		
5.56		0.759455		
5.57		0.75985		
5.58		0.760243		
5.59		0.760635		
5.6		0.761025		
5.61		0.761414		
5.62		0.761802		
5.63		0.762188		
5.64		0.762573		
5.65		0.762957		
5.66		0.763339		
5.67		0.76372		
5.68		0.7641		
5.69		0.764478		
5.7		0.764856		
5.71		0.765231		
5.72		0.765606		
5.73		0.765979		
5.74		0.766351		
5.75		0.766722		
5.76		0.767092		
5.77		0.76746		
5.78		0.767827		
5.79		0.768193		
5.8		0.768558		
5.81		0.768921		
5.82		0.769283		
5.83		0.769644		
5.84		0.770004		
5.85		0.770362		
5.86		0.77072		
5.87		0.771076		
5.88		0.771431		
5.89		0.771784		
5.9		0.772137		
5.91		0.772488		
5.92		0.772839		
5.93		0.773188		
5.94		0.773536		
5.95		0.773882		
5.96		0.774228		
5.97		0.774573		
5.98		0.774916		
5.99		0.775258		
6		0.775599		
6.01		0.775939		
6.02		0.776278		
6.03		0.776616		
6.04		0.776953		
6.05		0.777288		
6.06		0.777623		
6.07		0.777956		
6.08		0.778288		
6.09		0.77862		
6.1		0.77895		
6.11		0.779279		
6.12		0.779607		
6.13		0.779934		
6.14		0.78026		
6.15		0.780585		
6.16		0.780909		
6.17		0.781232		
6.18		0.781553		
6.19		0.781874		
6.2		0.782194		
6.21		0.782512		
6.22		0.78283		
6.23		0.783147		
6.24		0.783462		
6.25		0.783777		
6.26		0.784091		
6.27		0.784404		
6.28		0.784715		
6.29		0.785026		
6.3		0.785336		
6.31		0.785644		
6.32		0.785952		
6.33		0.786259		
6.34		0.786565		
6.35		0.78687		
6.36		0.787174		
6.37		0.787477		
6.38		0.787779		
6.39		0.78808		
6.4		0.78838		
6.41		0.788679		
6.42		0.788978		
6.43		0.789275		
6.44		0.789572		
6.45		0.789867		
6.46		0.790162		
6.47		0.790456		
6.48		0.790748		
6.49		0.79104		
6.5		0.791331		
6.51		0.791622		
6.52		0.791911		
6.53		0.792199		
6.54		0.792487		
6.55		0.792773		
6.56		0.793059		
6.57		0.793344		
6.58		0.793628		
6.59		0.793911		
6.6		0.794193		
6.61		0.794475		
6.62		0.794756		
6.63		0.795035		
6.64		0.795314		
6.65		0.795592		
6.66		0.79587		
6.67		0.796146		
6.68		0.796422		
6.69		0.796696		
6.7		0.79697		
6.71		0.797243		
6.72		0.797516		
6.73		0.797787		
6.74		0.798058		
6.75		0.798328		
6.76		0.798597		
6.77		0.798865		
6.78		0.799133		
6.79		0.799399		
6.8		0.799665		
6.81		0.79993		
6.82		0.800195		
6.83		0.800458		
6.84		0.800721		
6.85		0.800983		
6.86		0.801245		
6.87		0.801505		
6.88		0.801765		
6.89		0.802024		
6.9		0.802282		
6.91		0.80254		
6.92		0.802796		
6.93		0.803053		
6.94		0.803308		
6.95		0.803562		
6.96		0.803816		
6.97		0.804069		
6.98		0.804322		
6.99		0.804573		
7		0.804824		
7.01		0.805074		
7.02		0.805324		
7.03		0.805573		
7.04		0.805821		
7.05		0.806068		
7.06		0.806315		
7.07		0.806561		
7.08		0.806806		
7.09		0.80705		
7.1		0.807294		
7.11		0.807537		
7.12		0.80778		
7.13		0.808022		
7.14		0.808263		
7.15		0.808503		
7.16		0.808743		
7.17		0.808982		
7.18		0.80922		
7.19		0.809458		
7.2		0.809695		
7.21		0.809932		
7.22		0.810167		
7.23		0.810403		
7.24		0.810637		
7.25		0.810871		
7.26		0.811104		
7.27		0.811337		
7.28		0.811568		
7.29		0.8118		
7.3		0.81203		
7.31		0.81226		
7.32		0.81249		
7.33		0.812718		
7.34		0.812946		
7.35		0.813174		
7.36		0.813401		
7.37		0.813627		
7.38		0.813852		
7.39		0.814077		
7.4		0.814302		
7.41		0.814526		
7.42		0.814749		
7.43		0.814971		
7.44		0.815193		
7.45		0.815415		
7.46		0.815635		
7.47		0.815855		
7.48		0.816075		
7.49		0.816294		
7.5		0.816512		
7.51		0.81673		
7.52		0.816947		
7.53		0.817164		
7.54		0.81738		
7.55		0.817596		
7.56		0.81781		
7.57		0.818025		
7.58		0.818239		
7.59		0.818452		
7.6		0.818664		
7.61		0.818876		
7.62		0.819088		
7.63		0.819299		
7.64		0.819509		
7.65		0.819719		
7.66		0.819928		
7.67		0.820137		
7.68		0.820345		
7.69		0.820553		
7.7		0.82076		
7.71		0.820967		
7.72		0.821173		
7.73		0.821378		
7.74		0.821583		
7.75		0.821788		
7.76		0.821991		
7.77		0.822195		
7.78		0.822398		
7.79		0.8226		
7.8		0.822802		
7.81		0.823003		
7.82		0.823204		
7.83		0.823404		
7.84		0.823604		
7.85		0.823803		
7.86		0.824002		
7.87		0.8242		
7.88		0.824397		
7.89		0.824595		
7.9		0.824791		
7.91		0.824988		
7.92		0.825183		
7.93		0.825378		
7.94		0.825573		
7.95		0.825767		
7.96		0.825961		
7.97		0.826154		
7.98		0.826347		
7.99		0.826539		
8		0.826731		
8.01		0.826922		
8.02		0.827113		
8.03		0.827303		
8.04		0.827493		
8.05		0.827682		
8.06		0.827871		
8.07		0.82806		
8.08		0.828248		
8.09		0.828435		
8.1		0.828622		
8.11		0.828809		
8.12		0.828995		
8.13		0.82918		
8.14		0.829365		
8.15		0.82955		
8.16		0.829734		
8.17		0.829918		
8.18		0.830102		
8.19		0.830284		
8.2		0.830467		
8.21		0.830649		
8.22		0.83083		
8.23		0.831012		
8.24		0.831192		
8.25		0.831372		
8.26		0.831552		
8.27		0.831732		
8.28		0.83191		
8.29		0.832089		
8.3		0.832267		
8.31		0.832445		
8.32		0.832622		
8.33		0.832798		
8.34		0.832975		
8.35		0.833151		
8.36		0.833326		
8.37		0.833501		
8.38		0.833676		
8.39		0.83385		
8.4		0.834024		
8.41		0.834197		
8.42		0.83437		
8.43		0.834543		
8.44		0.834715		
8.45		0.834887		
8.46		0.835058		
8.47		0.835229		
8.48		0.835399		
8.49		0.83557		
8.5		0.835739		
8.51		0.835909		
8.52		0.836077		
8.53		0.836246		
8.54		0.836414		
8.55		0.836582		
8.56		0.836749		
8.57		0.836916		
8.58		0.837083		
8.59		0.837249		
8.6		0.837414		
8.61		0.83758		
8.62		0.837745		
8.63		0.837909		
8.64		0.838074		
8.65		0.838237		
8.66		0.838401		
8.67		0.838564		
8.68		0.838727		
8.69		0.838889		
8.7		0.839051		
8.71		0.839213		
8.72		0.839374		
8.73		0.839535		
8.74		0.839695		
8.75		0.839855		
8.76		0.840015		
8.77		0.840174		
8.78		0.840333		
8.79		0.840492		
8.8		0.84065		
8.81		0.840808		
8.82		0.840966		
8.83		0.841123		
8.84		0.84128		
8.85		0.841436		
8.86		0.841592		
8.87		0.841748		
8.88		0.841903		
8.89		0.842058		
8.9		0.842213		
8.91		0.842368		
8.92		0.842522		
8.93		0.842675		
8.94		0.842829		
8.95		0.842982		
8.96		0.843134		
8.97		0.843287		
8.98		0.843439		
8.99		0.84359		
9		0.843741		
9.01		0.843892		
9.02		0.844043		
9.03		0.844193		
9.04		0.844343		
9.05		0.844493		
9.06		0.844642		
9.07		0.844791		
9.08		0.84494		
9.09		0.845088		
9.1		0.845236		
9.11		0.845384		
9.12		0.845531		
9.13		0.845678		
9.14		0.845825		
9.15		0.845971		
9.16		0.846117		
9.17		0.846263		
9.18		0.846408		
9.19		0.846553		
9.2		0.846698		
9.21		0.846842		
9.22		0.846986		
9.23		0.84713		
9.24		0.847274		
9.25		0.847417		
9.26		0.84756		
9.27		0.847702		
9.28		0.847845		
9.29		0.847987		
9.3		0.848128		
9.31		0.84827		
9.32		0.848411		
9.33		0.848552		
9.34		0.848692		
9.35		0.848832		
9.36		0.848972		
9.37		0.849111		
9.38		0.849251		
9.39		0.84939		
9.4		0.849528		
9.41		0.849667		
9.42		0.849805		
9.43		0.849943		
9.44		0.85008		
9.45		0.850217		
9.46		0.850354		
9.47		0.850491		
9.48		0.850627		
9.49		0.850763		
9.5		0.850899		
9.51		0.851034		
9.52		0.85117		
9.53		0.851304		
9.54		0.851439		
9.55		0.851573		
9.56		0.851707		
9.57		0.851841		
9.58		0.851975		
9.59		0.852108		
9.6		0.852241		
9.61		0.852374		
9.62		0.852506		
9.63		0.852638		
9.64		0.85277		
9.65		0.852901		
9.66		0.853033		
9.67		0.853164		
9.68		0.853294		
9.69		0.853425		
9.7		0.853555		
9.71		0.853685		
9.72		0.853815		
9.73		0.853944		
9.74		0.854073		
9.75		0.854202		
9.76		0.854331		
9.77		0.854459		
9.78		0.854587		
9.79		0.854715		
9.8		0.854843		
9.81		0.85497		
9.82		0.855097		
9.83		0.855224		
9.84		0.85535		
9.85		0.855477		
9.86		0.855603		
9.87		0.855729		
9.88		0.855854		
9.89		0.855979		
9.9		0.856104		
9.91		0.856229		
9.92		0.856354		
9.93		0.856478		
9.94		0.856602		
9.95		0.856726		
9.96		0.856849		
9.97		0.856973		
9.98		0.857096		
9.99		0.857218		
10		0.857341		
10.01		0.857463		
10.02		0.857585		
10.03		0.857707		
10.04		0.857829		
10.05		0.85795		
10.06		0.858071		
10.07		0.858192		
10.08		0.858313		
10.09		0.858433		
10.1		0.858553		
10.11		0.858673		
10.12		0.858793		
10.13		0.858912		
10.14		0.859031		
10.15		0.85915		
10.16		0.859269		
10.17		0.859387		
10.18		0.859506		
10.19		0.859624		
10.2		0.859742		
10.21		0.859859		
10.22		0.859976		
10.23		0.860094		
10.24		0.86021		
10.25		0.860327		
10.26		0.860444		
10.27		0.86056		
10.28		0.860676		
10.29		0.860792		
10.3		0.860907		
10.31		0.861022		
10.32		0.861138		
10.33		0.861252		
10.34		0.861367		
10.35		0.861482		
10.36		0.861596		
10.37		0.86171		
10.38		0.861824		
10.39		0.861937		
10.4		0.86205		
10.41		0.862164		
10.42		0.862276		
10.43		0.862389		
10.44		0.862502		
10.45		0.862614		
10.46		0.862726		
10.47		0.862838		
10.48		0.86295		
10.49		0.863061		
10.5		0.863172		
10.51		0.863283		
10.52		0.863394		
10.53		0.863505		
10.54		0.863615		
10.55		0.863725		
10.56		0.863835		
10.57		0.863945		
10.58		0.864054		
10.59		0.864164		
10.6		0.864273		
10.61		0.864382		
10.62		0.864491		
10.63		0.864599		
10.64		0.864707		
10.65		0.864816		
10.66		0.864924		
10.67		0.865031		
10.68		0.865139		
10.69		0.865246		
10.7		0.865353		
10.71		0.86546		
10.72		0.865567		
10.73		0.865674		
10.74		0.86578		
10.75		0.865886		
10.76		0.865992		
10.77		0.866098		
10.78		0.866203		
10.79		0.866309		
10.8		0.866414		
10.81		0.866519		
10.82		0.866624		
10.83		0.866728		
10.84		0.866833		
10.85		0.866937		
10.86		0.867041		
10.87		0.867145		
10.88		0.867249		
10.89		0.867352		
10.9		0.867455		
10.91		0.867558		
10.92		0.867661		
10.93		0.867764		
10.94		0.867867		
10.95		0.867969		
10.96		0.868071		
10.97		0.868173		
10.98		0.868275		
10.99		0.868377		
11		0.868478		
11.01		0.868579		
11.02		0.86868		
11.03		0.868781		
11.04		0.868882		
11.05		0.868983		
11.06		0.869083		
11.07		0.869183		
11.08		0.869283		
11.09		0.869383		
11.1		0.869483		
11.11		0.869582		
11.12		0.869681		
11.13		0.869781		
11.14		0.86988		
11.15		0.869978		
11.16		0.870077		
11.17		0.870175		
11.18		0.870274		
11.19		0.870372		
11.2		0.87047		
11.21		0.870567		
11.22		0.870665		
11.23		0.870762		
11.24		0.870859		
11.25		0.870957		
11.26		0.871053		
11.27		0.87115		
11.28		0.871247		
11.29		0.871343		
11.3		0.871439		
11.31		0.871535		
11.32		0.871631		
11.33		0.871727		
11.34		0.871822		
11.35		0.871918		
11.36		0.872013		
11.37		0.872108		
11.38		0.872203		
11.39		0.872298		
11.4		0.872392		
11.41		0.872487		
11.42		0.872581		
11.43		0.872675		
11.44		0.872769		
11.45		0.872863		
11.46		0.872956		
11.47		0.87305		
11.48		0.873143		
11.49		0.873236		
11.5		0.873329		
11.51		0.873422		
11.52		0.873515		
11.53		0.873607		
11.54		0.873699		
11.55		0.873791		
11.56		0.873884		
11.57		0.873975		
11.58		0.874067		
11.59		0.874159		
11.6		0.87425		
11.61		0.874341		
11.62		0.874432		
11.63		0.874523		
11.64		0.874614		
11.65		0.874705		
11.66		0.874795		
11.67		0.874885		
11.68		0.874976		
11.69		0.875066		
11.7		0.875156		
11.71		0.875245		
11.72		0.875335		
11.73		0.875424		
11.74		0.875514		
11.75		0.875603		
11.76		0.875692		
11.77		0.87578		
11.78		0.875869		
11.79		0.875958		
11.8		0.876046		
11.81		0.876134		
11.82		0.876222		
11.83		0.87631		
11.84		0.876398		
11.85		0.876486		
11.86		0.876573		
11.87		0.876661		
11.88		0.876748		
11.89		0.876835		
11.9		0.876922		
11.91		0.877009		
11.92		0.877095		
11.93		0.877182		
11.94		0.877268		
11.95		0.877355		
11.96		0.877441		
11.97		0.877527		
11.98		0.877612		
11.99		0.877698		
12		0.877784		
12.01		0.877869		
12.02		0.877954		
12.03		0.878039		
12.04		0.878124		
12.05		0.878209		
12.06		0.878294		
12.07		0.878379		
12.08		0.878463		
12.09		0.878547		
12.1		0.878631		
12.11		0.878715		
12.12		0.878799		
12.13		0.878883		
12.14		0.878967		
12.15		0.87905		
12.16		0.879134		
12.17		0.879217		
12.18		0.8793		
12.19		0.879383		
12.2		0.879466		
12.21		0.879548		
12.22		0.879631		
12.23		0.879713		
12.24		0.879796		
12.25		0.879878		
12.26		0.87996		
12.27		0.880042		
12.28		0.880124		
12.29		0.880205		
12.3		0.880287		
12.31		0.880368		
12.32		0.880449		
12.33		0.880531		
12.34		0.880612		
12.35		0.880692		
12.36		0.880773		
12.37		0.880854		
12.38		0.880934		
12.39		0.881015		
12.4		0.881095		
12.41		0.881175		
12.42		0.881255		
12.43		0.881335		
12.44		0.881415		
12.45		0.881494		
12.46		0.881574		
12.47		0.881653		
12.48		0.881733		
12.49		0.881812		
12.5		0.881891		
12.51		0.88197		
12.52		0.882048		
12.53		0.882127		
12.54		0.882206		
12.55		0.882284		
12.56		0.882362		
12.57		0.88244		
12.58		0.882518		
12.59		0.882596		
12.6		0.882674		
12.61		0.882752		
12.62		0.882829		
12.63		0.882907		
12.64		0.882984		
12.65		0.883061		
12.66		0.883138		
12.67		0.883215		
12.68		0.883292		
12.69		0.883369		
12.7		0.883446		
12.71		0.883522		
12.72		0.883599		
12.73		0.883675		
12.74		0.883751		
12.75		0.883827		
12.76		0.883903		
12.77		0.883979		
12.78		0.884054		
12.79		0.88413		
12.8		0.884206		
12.81		0.884281		
12.82		0.884356		
12.83		0.884431		
12.84		0.884506		
12.85		0.884581		
12.86		0.884656		
12.87		0.884731		
12.88		0.884805		
12.89		0.88488		
12.9		0.884954		
12.91		0.885028		
12.92		0.885102		
12.93		0.885176		
12.94		0.88525		
12.95		0.885324		
12.96		0.885398		
12.97		0.885471		
12.98		0.885545		
12.99		0.885618		
13		0.885691		
13.01		0.885765		
13.02		0.885838		
13.03		0.885911		
13.04		0.885983		
13.05		0.886056		
13.06		0.886129		
13.07		0.886201		
13.08		0.886274		
13.09		0.886346		
13.1		0.886418		
13.11		0.88649		
13.12		0.886562		
13.13		0.886634		
13.14		0.886706		
13.15		0.886777		
13.16		0.886849		
13.17		0.88692		
13.18		0.886992		
13.19		0.887063		
13.2		0.887134		
13.21		0.887205		
13.22		0.887276		
13.23		0.887347		
13.24		0.887418		
13.25		0.887488		
13.26		0.887559		
13.27		0.887629		
13.28		0.887699		
13.29		0.88777		
13.3		0.88784		
13.31		0.88791		
13.32		0.88798		
13.33		0.888049		
13.34		0.888119		
13.35		0.888189		
13.36		0.888258		
13.37		0.888328		
13.38		0.888397		
13.39		0.888466		
13.4		0.888535		
13.41		0.888604		
13.42		0.888673		
13.43		0.888742		
13.44		0.888811		
13.45		0.888879		
13.46		0.888948		
13.47		0.889016		
13.48		0.889085		
13.49		0.889153		
13.5		0.889221		
13.51		0.889289		
13.52		0.889357		
13.53		0.889425		
13.54		0.889493		
13.55		0.88956		
13.56		0.889628		
13.57		0.889695		
13.58		0.889763		
13.59		0.88983		
13.6		0.889897		
13.61		0.889964		
13.62		0.890031		
13.63		0.890098		
13.64		0.890165		
13.65		0.890231		
13.66		0.890298		
13.67		0.890365		
13.68		0.890431		
13.69		0.890497		
13.7		0.890564		
13.71		0.89063		
13.72		0.890696		
13.73		0.890762		
13.74		0.890828		
13.75		0.890893		
13.76		0.890959		
13.77		0.891025		
13.78		0.89109		
13.79		0.891156		
13.8		0.891221		
13.81		0.891286		
13.82		0.891351		
13.83		0.891416		
13.84		0.891481		
13.85		0.891546		
13.86		0.891611		
13.87		0.891676		
13.88		0.89174		
13.89		0.891805		
13.9		0.891869		
13.91		0.891934		
13.92		0.891998		
13.93		0.892062		
13.94		0.892126		
13.95		0.89219		
13.96		0.892254		
13.97		0.892318		
13.98		0.892382		
13.99		0.892445		
14		0.892509		
14.01		0.892572		
14.02		0.892636		
14.03		0.892699		
14.04		0.892762		
14.05		0.892825		
14.06		0.892888		
14.07		0.892951		
14.08		0.893014		
14.09		0.893077		
14.1		0.89314		
14.11		0.893202		
14.12		0.893265		
14.13		0.893327		
14.14		0.89339		
14.15		0.893452		
14.16		0.893514		
14.17		0.893576		
14.18		0.893638		
14.19		0.8937		
14.2		0.893762		
14.21		0.893824		
14.22		0.893886		
14.23		0.893947		
14.24		0.894009		
14.25		0.89407		
14.26		0.894132		
14.27		0.894193		
14.28		0.894254		
14.29		0.894315		
14.3		0.894376		
14.31		0.894437		
14.32		0.894498		
14.33		0.894559		
14.34		0.89462		
14.35		0.894681		
14.36		0.894741		
14.37		0.894802		
14.38		0.894862		
14.39		0.894922		
14.4		0.894983		
14.41		0.895043		
14.42		0.895103		
14.43		0.895163		
14.44		0.895223		
14.45		0.895283		
14.46		0.895342		
14.47		0.895402		
14.48		0.895462		
14.49		0.895521		
14.5		0.895581		
14.51		0.89564		
14.52		0.895699		
14.53		0.895759		
14.54		0.895818		
14.55		0.895877		
14.56		0.895936		
14.57		0.895995		
14.58		0.896054		
14.59		0.896113		
14.6		0.896171		
14.61		0.89623		
14.62		0.896288		
14.63		0.896347		
14.64		0.896405		
14.65		0.896464		
14.66		0.896522		
14.67		0.89658		
14.68		0.896638		
14.69		0.896696		
14.7		0.896754		
14.71		0.896812		
14.72		0.89687		
14.73		0.896927		
14.74		0.896985		
14.75		0.897043		
14.76		0.8971		
14.77		0.897158		
14.78		0.897215		
14.79		0.897272		
14.8		0.897329		
14.81		0.897387		
14.82		0.897444		
14.83		0.897501		
14.84		0.897558		
14.85		0.897614		
14.86		0.897671		
14.87		0.897728		
14.88		0.897785		
14.89		0.897841		
14.9		0.897898		
14.91		0.897954		
14.92		0.89801		
14.93		0.898067		
14.94		0.898123		
14.95		0.898179		
14.96		0.898235		
14.97		0.898291		
14.98		0.898347		
14.99		0.898403		
15		0.898459		
15.01		0.898514		
15.02		0.89857		
15.03		0.898626		
15.04		0.898681		
15.05		0.898737		
15.06		0.898792		
15.07		0.898847		
15.08		0.898902		
15.09		0.898958		
15.1		0.899013		
15.11		0.899068		
15.12		0.899123		
15.13		0.899178		
15.14		0.899232		
15.15		0.899287		
15.16		0.899342		
15.17		0.899396		
15.18		0.899451		
15.19		0.899505		
15.2		0.89956		
15.21		0.899614		
15.22		0.899668		
15.23		0.899723		
15.24		0.899777		
15.25		0.899831		
15.26		0.899885		
15.27		0.899939		
15.28		0.899993		
15.29		0.900046		
15.3		0.9001		
15.31		0.900154		
15.32		0.900208		
15.33		0.900261		
15.34		0.900315		
15.35		0.900368		
15.36		0.900421		
15.37		0.900475		
15.38		0.900528		
15.39		0.900581		
15.4		0.900634		
15.41		0.900687		
15.42		0.90074		
15.43		0.900793		
15.44		0.900846		
15.45		0.900899		
15.46		0.900951		
15.47		0.901004		
15.48		0.901057		
15.49		0.901109		
15.5		0.901161		
15.51		0.901214		
15.52		0.901266		
15.53		0.901318		
15.54		0.901371		
15.55		0.901423		
15.56		0.901475		
15.57		0.901527		
15.58		0.901579		
15.59		0.901631		
15.6		0.901683		
15.61		0.901734		
15.62		0.901786		
15.63		0.901838		
15.64		0.901889		
15.65		0.901941		
15.66		0.901992		
15.67		0.902044		
15.68		0.902095		
15.69		0.902146		
15.7		0.902197		
15.71		0.902249		
15.72		0.9023		
15.73		0.902351		
15.74		0.902402		
15.75		0.902453		
15.76		0.902503		
15.77		0.902554		
15.78		0.902605		
15.79		0.902656		
15.8		0.902706		
15.81		0.902757		
15.82		0.902807		
15.83		0.902858		
15.84		0.902908		
15.85		0.902958		
15.86		0.903009		
15.87		0.903059		
15.88		0.903109		
15.89		0.903159		
15.9		0.903209		
15.91		0.903259		
15.92		0.903309		
15.93		0.903359		
15.94		0.903408		
15.95		0.903458		
15.96		0.903508		
15.97		0.903557		
15.98		0.903607		
15.99		0.903656		
16		0.903706		
16.01		0.903755		
16.02		0.903805		
16.03		0.903854		
16.04		0.903903		
16.05		0.903952		
16.06		0.904001		
16.07		0.90405		
16.08		0.904099		
16.09		0.904148		
16.1		0.904197		
16.11		0.904246		
16.12		0.904295		
16.13		0.904343		
16.14		0.904392		
16.15		0.904441		
16.16		0.904489		
16.17		0.904538		
16.18		0.904586		
16.19		0.904634		
16.2		0.904683		
16.21		0.904731		
16.22		0.904779		
16.23		0.904827		
16.24		0.904875		
16.25		0.904923		
16.26		0.904971		
16.27		0.905019		
16.28		0.905067		
16.29		0.905115		
16.3		0.905163		
16.31		0.90521		
16.32		0.905258		
16.33		0.905306		
16.34		0.905353		
16.35		0.905401		
16.36		0.905448		
16.37		0.905495		
16.38		0.905543		
16.39		0.90559		
16.4		0.905637		
16.41		0.905684		
16.42		0.905731		
16.43		0.905778		
16.44		0.905825		
16.45		0.905872		
16.46		0.905919		
16.47		0.905966		
16.48		0.906013		
16.49		0.90606		
16.5		0.906106		
16.51		0.906153		
16.52		0.9062		
16.53		0.906246		
16.54		0.906293		
16.55		0.906339		
16.56		0.906385		
16.57		0.906432		
16.58		0.906478		
16.59		0.906524		
16.6		0.90657		
16.61		0.906616		
16.62		0.906663		
16.63		0.906709		
16.64		0.906754		
16.65		0.9068		
16.66		0.906846		
16.67		0.906892		
16.68		0.906938		
16.69		0.906984		
16.7		0.907029		
16.71		0.907075		
16.72		0.90712		
16.73		0.907166		
16.74		0.907211		
16.75		0.907257		
16.76		0.907302		
16.77		0.907347		
16.78		0.907393		
16.79		0.907438		
16.8		0.907483		
16.81		0.907528		
16.82		0.907573		
16.83		0.907618		
16.84		0.907663		
16.85		0.907708		
16.86		0.907753		
16.87		0.907798		
16.88		0.907842		
16.89		0.907887		
16.9		0.907932		
16.91		0.907976		
16.92		0.908021		
16.93		0.908065		
16.94		0.90811		
16.95		0.908154		
16.96		0.908199		
16.97		0.908243		
16.98		0.908287		
16.99		0.908331		
17		0.908376		
17.01		0.90842		
17.02		0.908464		
17.03		0.908508		
17.04		0.908552		
17.05		0.908596		
17.06		0.90864		
17.07		0.908684		
17.08		0.908727		
17.09		0.908771		
17.1		0.908815		
17.11		0.908858		
17.12		0.908902		
17.13		0.908946		
17.14		0.908989		
17.15		0.909033		
17.16		0.909076		
17.17		0.909119		
17.18		0.909163		
17.19		0.909206		
17.2		0.909249		
17.21		0.909292		
17.22		0.909335		
17.23		0.909379		
17.24		0.909422		
17.25		0.909465		
17.26		0.909508		
17.27		0.90955		
17.28		0.909593		
17.29		0.909636		
17.3		0.909679		
17.31		0.909722		
17.32		0.909764		
17.33		0.909807		
17.34		0.90985		
17.35		0.909892		
17.36		0.909935		
17.37		0.909977		
17.38		0.910019		
17.39		0.910062		
17.4		0.910104		
17.41		0.910146		
17.42		0.910189		
17.43		0.910231		
17.44		0.910273		
17.45		0.910315		
17.46		0.910357		
17.47		0.910399		
17.48		0.910441		
17.49		0.910483		
17.5		0.910525		
17.51		0.910567		
17.52		0.910609		
17.53		0.91065		
17.54		0.910692		
17.55		0.910734		
17.56		0.910775		
17.57		0.910817		
17.58		0.910858		
17.59		0.9109		
17.6		0.910941		
17.61		0.910983		
17.62		0.911024		
17.63		0.911065		
17.64		0.911107		
17.65		0.911148		
17.66		0.911189		
17.67		0.91123		
17.68		0.911271		
17.69		0.911312		
17.7		0.911353		
17.71		0.911394		
17.72		0.911435		
17.73		0.911476		
17.74		0.911517		
17.75		0.911558		
17.76		0.911599		
17.77		0.911639		
17.78		0.91168		
17.79		0.911721		
17.8		0.911761		
17.81		0.911802		
17.82		0.911842		
17.83		0.911883		
17.84		0.911923		
17.85		0.911963		
17.86		0.912004		
17.87		0.912044		
17.88		0.912084		
17.89		0.912125		
17.9		0.912165		
17.91		0.912205		
17.92		0.912245		
17.93		0.912285		
17.94		0.912325		
17.95		0.912365		
17.96		0.912405		
17.97		0.912445		
17.98		0.912485		
17.99		0.912525		
18		0.912564		
18.01		0.912604		
18.02		0.912644		
18.03		0.912683		
18.04		0.912723		
18.05		0.912763		
18.06		0.912802		
18.07		0.912842		
18.08		0.912881		
18.09		0.91292		
18.1		0.91296		
18.11		0.912999		
18.12		0.913038		
18.13		0.913078		
18.14		0.913117		
18.15		0.913156		
18.16		0.913195		
18.17		0.913234		
18.18		0.913273		
18.19		0.913312		
18.2		0.913351		
18.21		0.91339		
18.22		0.913429		
18.23		0.913468		
18.24		0.913507		
18.25		0.913546		
18.26		0.913584		
18.27		0.913623		
18.28		0.913662		
18.29		0.9137		
18.3		0.913739		
18.31		0.913777		
18.32		0.913816		
18.33		0.913854		
18.34		0.913893		
18.35		0.913931		
18.36		0.91397		
18.37		0.914008		
18.38		0.914046		
18.39		0.914085		
18.4		0.914123		
18.41		0.914161		
18.42		0.914199		
18.43		0.914237		
18.44		0.914275		
18.45		0.914313		
18.46		0.914351		
18.47		0.914389		
18.48		0.914427		
18.49		0.914465		
18.5		0.914503		
18.51		0.91454		
18.52		0.914578		
18.53		0.914616		
18.54		0.914654		
18.55		0.914691		
18.56		0.914729		
18.57		0.914766		
18.58		0.914804		
18.59		0.914842		
18.6		0.914879		
18.61		0.914916		
18.62		0.914954		
18.63		0.914991		
18.64		0.915028		
18.65		0.915066		
18.66		0.915103		
18.67		0.91514		
18.68		0.915177		
18.69		0.915215		
18.7		0.915252		
18.71		0.915289		
18.72		0.915326		
18.73		0.915363		
18.74		0.9154		
18.75		0.915436		
18.76		0.915473		
18.77		0.91551		
18.78		0.915547		
18.79		0.915584		
18.8		0.915621		
18.81		0.915657		
18.82		0.915694		
18.83		0.915731		
18.84		0.915767		
18.85		0.915804		
18.86		0.91584		
18.87		0.915877		
18.88		0.915914		
18.89		0.91595		
18.9		0.915986		
18.91		0.916023		
18.92		0.916059		
18.93		0.916096		
18.94		0.916132		
18.95		0.916168		
18.96		0.916205		
18.97		0.916241		
18.98		0.916277		
18.99		0.916313		
19		0.916349		
19.01		0.916385		
19.02		0.916421		
19.03		0.916458		
19.04		0.916494		
19.05		0.91653		
19.06		0.916566		
19.07		0.916601		
19.08		0.916637		
19.09		0.916673		
19.1		0.916709		
19.11		0.916745		
19.12		0.916781		
19.13		0.916816		
19.14		0.916852		
19.15		0.916888		
19.16		0.916924		
19.17		0.916959		
19.18		0.916995		
19.19		0.91703		
19.2		0.917066		
19.21		0.917101		
19.22		0.917137		
19.23		0.917172		
19.24		0.917208		
19.25		0.917243		
19.26		0.917279		
19.27		0.917314		
19.28		0.917349		
19.29		0.917385		
19.3		0.91742		
19.31		0.917455		
19.32		0.91749		
19.33		0.917525		
19.34		0.917561		
19.35		0.917596		
19.36		0.917631		
19.37		0.917666		
19.38		0.917701		
19.39		0.917736		
19.4		0.917771		
19.41		0.917806		
19.42		0.917841		
19.43		0.917876		
19.44		0.91791		
19.45		0.917945		
19.46		0.91798		
19.47		0.918015		
19.48		0.918049		
19.49		0.918084		
19.5		0.918119		
19.51		0.918153		
19.52		0.918188		
19.53		0.918223		
19.54		0.918257		
19.55		0.918292		
19.56		0.918326		
19.57		0.918361		
19.58		0.918395		
19.59		0.91843		
19.6		0.918464		
19.61		0.918498		
19.62		0.918533		
19.63		0.918567		
19.64		0.918601		
19.65		0.918635		
19.66		0.91867		
19.67		0.918704		
19.68		0.918738		
19.69		0.918772		
19.7		0.918806		
19.71		0.91884		
19.72		0.918874		
19.73		0.918908		
19.74		0.918942		
19.75		0.918976		
19.76		0.91901		
19.77		0.919044		
19.78		0.919078		
19.79		0.919112		
19.8		0.919146		
19.81		0.91918		
19.82		0.919213		
19.83		0.919247		
19.84		0.919281		
19.85		0.919314		
19.86		0.919348		
19.87		0.919382		
19.88		0.919415		
19.89		0.919449		
19.9		0.919482		
19.91		0.919516		
19.92		0.919549		
19.93		0.919583		
19.94		0.919616		
19.95		0.91965		
19.96		0.919683		
19.97		0.919716		
19.98		0.91975		
19.99		0.919783		
20		0.919816		
20.01		0.91985		
20.02		0.919883		
20.03		0.919916		
20.04		0.919949		
20.05		0.919982		
20.06		0.920015		
20.07		0.920048		
20.08		0.920081		
20.09		0.920115		
20.1		0.920148		
20.11		0.92018		
20.12		0.920213		
20.13		0.920246		
20.14		0.920279		
20.15		0.920312		
20.16		0.920345		
20.17		0.920378		
20.18		0.920411		
20.19		0.920443		
20.2		0.920476		
20.21		0.920509		
20.22		0.920541		
20.23		0.920574		
20.24		0.920607		
20.25		0.920639		
20.26		0.920672		
20.27		0.920704		
20.28		0.920737		
20.29		0.920769		
20.3		0.920802		
20.31		0.920834		
20.32		0.920867		
20.33		0.920899		
20.34		0.920931		
20.35		0.920964		
20.36		0.920996		
20.37		0.921028		
20.38		0.921061		
20.39		0.921093		
20.4		0.921125		
20.41		0.921157		
20.42		0.921189		
20.43		0.921221		
20.44		0.921254		
20.45		0.921286		
20.46		0.921318		
20.47		0.92135		
20.48		0.921382		
20.49		0.921414		
20.5		0.921446		
20.51		0.921478		
20.52		0.921509		
20.53		0.921541		
20.54		0.921573		
20.55		0.921605		
20.56		0.921637		
20.57		0.921669		
20.58		0.9217		
20.59		0.921732		
20.6		0.921764		
20.61		0.921795		
20.62		0.921827		
20.63		0.921859		
20.64		0.92189		
20.65		0.921922		
20.66		0.921953		
20.67		0.921985		
20.68		0.922016		
20.69		0.922048		
20.7		0.922079		
20.71		0.922111		
20.72		0.922142		
20.73		0.922173		
20.74		0.922205		
20.75		0.922236		
20.76		0.922267		
20.77		0.922299		
20.78		0.92233		
20.79		0.922361		
20.8		0.922392		
20.81		0.922423		
20.82		0.922455		
20.83		0.922486		
20.84		0.922517		
20.85		0.922548		
20.86		0.922579		
20.87		0.92261		
20.88		0.922641		
20.89		0.922672		
20.9		0.922703		
20.91		0.922734		
20.92		0.922765		
20.93		0.922796		
20.94		0.922826		
20.95		0.922857		
20.96		0.922888		
20.97		0.922919		
20.98		0.92295		
20.99		0.92298		
21		0.923011		
21.01		0.923042		
21.02		0.923072		
21.03		0.923103		
21.04		0.923134		
21.05		0.923164		
21.06		0.923195		
21.07		0.923225		
21.08		0.923256		
21.09		0.923286		
21.1		0.923317		
21.11		0.923347		
21.12		0.923378		
21.13		0.923408		
21.14		0.923438		
21.15		0.923469		
21.16		0.923499		
21.17		0.923529		
21.18		0.92356		
21.19		0.92359		
21.2		0.92362		
21.21		0.92365		
21.22		0.923681		
21.23		0.923711		
21.24		0.923741		
21.25		0.923771		
21.26		0.923801		
21.27		0.923831		
21.28		0.923861		
21.29		0.923891		
21.3		0.923921		
21.31		0.923951		
21.32		0.923981		
21.33		0.924011		
21.34		0.924041		
21.35		0.924071		
21.36		0.924101		
21.37		0.924131		
21.38		0.92416		
21.39		0.92419		
21.4		0.92422		
21.41		0.92425		
21.42		0.92428		
21.43		0.924309		
21.44		0.924339		
21.45		0.924369		
21.46		0.924398		
21.47		0.924428		
21.48		0.924457		
21.49		0.924487		
21.5		0.924517		
21.51		0.924546		
21.52		0.924576		
21.53		0.924605		
21.54		0.924635		
21.55		0.924664		
21.56		0.924693		
21.57		0.924723		
21.58		0.924752		
21.59		0.924781		
21.6		0.924811		
21.61		0.92484		
21.62		0.924869		
21.63		0.924899		
21.64		0.924928		
21.65		0.924957		
21.66		0.924986		
21.67		0.925015		
21.68		0.925045		
21.69		0.925074		
21.7		0.925103		
21.71		0.925132		
21.72		0.925161		
21.73		0.92519		
21.74		0.925219		
21.75		0.925248		
21.76		0.925277		
21.77		0.925306		
21.78		0.925335		
21.79		0.925364		
21.8		0.925393		
21.81		0.925422		
21.82		0.92545		
21.83		0.925479		
21.84		0.925508		
21.85		0.925537		
21.86		0.925566		
21.87		0.925594		
21.88		0.925623		
21.89		0.925652		
21.9		0.92568		
21.91		0.925709		
21.92		0.925738		
21.93		0.925766		
21.94		0.925795		
21.95		0.925824		
21.96		0.925852		
21.97		0.925881		
21.98		0.925909		
21.99		0.925938		
22		0.925966		
22.01		0.925995		
22.02		0.926023		
22.03		0.926051		
22.04		0.92608		
22.05		0.926108		
22.06		0.926136		
22.07		0.926165		
22.08		0.926193		
22.09		0.926221		
22.1		0.92625		
22.11		0.926278		
22.12		0.926306		
22.13		0.926334		
22.14		0.926362		
22.15		0.926391		
22.16		0.926419		
22.17		0.926447		
22.18		0.926475		
22.19		0.926503		
22.2		0.926531		
22.21		0.926559		
22.22		0.926587		
22.23		0.926615		
22.24		0.926643		
22.25		0.926671		
22.26		0.926699		
22.27		0.926727		
22.28		0.926755		
22.29		0.926783		
22.3		0.92681		
22.31		0.926838		
22.32		0.926866		
22.33		0.926894		
22.34		0.926922		
22.35		0.926949		
22.36		0.926977		
22.37		0.927005		
22.38		0.927033		
22.39		0.92706		
22.4		0.927088		
22.41		0.927115		
22.42		0.927143		
22.43		0.927171		
22.44		0.927198		
22.45		0.927226		
22.46		0.927253		
22.47		0.927281		
22.48		0.927308		
22.49		0.927336		
22.5		0.927363		
22.51		0.927391		
22.52		0.927418		
22.53		0.927446		
22.54		0.927473		
22.55		0.9275		
22.56		0.927528		
22.57		0.927555		
22.58		0.927582		
22.59		0.927609		
22.6		0.927637		
22.61		0.927664		
22.62		0.927691		
22.63		0.927718		
22.64		0.927746		
22.65		0.927773		
22.66		0.9278		
22.67		0.927827		
22.68		0.927854		
22.69		0.927881		
22.7		0.927908		
22.71		0.927935		
22.72		0.927962		
22.73		0.927989		
22.74		0.928016		
22.75		0.928043		
22.76		0.92807		
22.77		0.928097		
22.78		0.928124		
22.79		0.928151		
22.8		0.928178		
22.81		0.928205		
22.82		0.928232		
22.83		0.928258		
22.84		0.928285		
22.85		0.928312		
22.86		0.928339		
22.87		0.928365		
22.88		0.928392		
22.89		0.928419		
22.9		0.928446		
22.91		0.928472		
22.92		0.928499		
22.93		0.928525		
22.94		0.928552		
22.95		0.928579		
22.96		0.928605		
22.97		0.928632		
22.98		0.928658		
22.99		0.928685		
23		0.928711		
23.01		0.928738		
23.02		0.928764		
23.03		0.928791		
23.04		0.928817		
23.05		0.928844		
23.06		0.92887		
23.07		0.928896		
23.08		0.928923		
23.09		0.928949		
23.1		0.928975		
23.11		0.929002		
23.12		0.929028		
23.13		0.929054		
23.14		0.92908		
23.15		0.929107		
23.16		0.929133		
23.17		0.929159		
23.18		0.929185		
23.19		0.929211		
23.2		0.929238		
23.21		0.929264		
23.22		0.92929		
23.23		0.929316		
23.24		0.929342		
23.25		0.929368		
23.26		0.929394		
23.27		0.92942		
23.28		0.929446		
23.29		0.929472		
23.3		0.929498		
23.31		0.929524		
23.32		0.92955		
23.33		0.929576		
23.34		0.929602		
23.35		0.929628		
23.36		0.929653		
23.37		0.929679		
23.38		0.929705		
23.39		0.929731		
23.4		0.929757		
23.41		0.929782		
23.42		0.929808		
23.43		0.929834		
23.44		0.92986		
23.45		0.929885		
23.46		0.929911		
23.47		0.929937		
23.48		0.929962		
23.49		0.929988		
23.5		0.930013		
23.51		0.930039		
23.52		0.930065		
23.53		0.93009		
23.54		0.930116		
23.55		0.930141		
23.56		0.930167		
23.57		0.930192		
23.58		0.930218		
23.59		0.930243		
23.6		0.930269		
23.61		0.930294		
23.62		0.930319		
23.63		0.930345		
23.64		0.93037		
23.65		0.930396		
23.66		0.930421		
23.67		0.930446		
23.68		0.930472		
23.69		0.930497		
23.7		0.930522		
23.71		0.930547		
23.72		0.930573		
23.73		0.930598		
23.74		0.930623		
23.75		0.930648		
23.76		0.930673		
23.77		0.930698		
23.78		0.930724		
23.79		0.930749		
23.8		0.930774		
23.81		0.930799		
23.82		0.930824		
23.83		0.930849		
23.84		0.930874		
23.85		0.930899		
23.86		0.930924		
23.87		0.930949		
23.88		0.930974		
23.89		0.930999		
23.9		0.931024		
23.91		0.931049		
23.92		0.931074		
23.93		0.931099		
23.94		0.931123		
23.95		0.931148		
23.96		0.931173		
23.97		0.931198		
23.98		0.931223		
23.99		0.931248		
24		0.931272		
24.01		0.931297		
24.02		0.931322		
24.03		0.931347		
24.04		0.931371		
24.05		0.931396		
24.06		0.931421		
24.07		0.931445		
24.08		0.93147		
24.09		0.931495		
24.1		0.931519		
24.11		0.931544		
24.12		0.931568		
24.13		0.931593		
24.14		0.931617		
24.15		0.931642		
24.16		0.931666		
24.17		0.931691		
24.18		0.931715		
24.19		0.93174		
24.2		0.931764		
24.21		0.931789		
24.22		0.931813		
24.23		0.931838		
24.24		0.931862		
24.25		0.931886		
24.26		0.931911		
24.27		0.931935		
24.28		0.931959		
24.29		0.931984		
24.3		0.932008		
24.31		0.932032		
24.32		0.932057		
24.33		0.932081		
24.34		0.932105		
24.35		0.932129		
24.36		0.932153		
24.37		0.932178		
24.38		0.932202		
24.39		0.932226		
24.4		0.93225		
24.41		0.932274		
24.42		0.932298		
24.43		0.932322		
24.44		0.932346		
24.45		0.93237		
24.46		0.932394		
24.47		0.932419		
24.48		0.932443		
24.49		0.932467		
24.5		0.93249		
24.51		0.932514		
24.52		0.932538		
24.53		0.932562		
24.54		0.932586		
24.55		0.93261		
24.56		0.932634		
24.57		0.932658		
24.58		0.932682		
24.59		0.932706		
24.6		0.932729		
24.61		0.932753		
24.62		0.932777		
24.63		0.932801		
24.64		0.932825		
24.65		0.932849		
24.66		0.932873		
24.67		0.932897		
24.68		0.932921		
24.69		0.932945		
24.7		0.932969		
24.71		0.932993		
24.72		0.933017		
24.73		0.933041		
24.74		0.933065		
24.75		0.933089		
24.76		0.933113		
24.77		0.933138		
24.78		0.933162		
24.79		0.933186		
24.8		0.93321		
24.81		0.933235		
24.82		0.933259		
24.83		0.933283		
24.84		0.933308		
24.85		0.933332		
24.86		0.933356		
24.87		0.933381		
24.88		0.933405		
24.89		0.933429		
24.9		0.933454		
24.91		0.933478		
24.92		0.933503		
24.93		0.933527		
24.94		0.933552		
24.95		0.933576		
24.96		0.933601		
24.97		0.933625		
24.98		0.93365		
24.99		0.933674		
25		0.933699		
25.01		0.933724		
25.02		0.933748		
25.03		0.933773		
25.04		0.933797		
25.05		0.933822		
25.06		0.933847		
25.07		0.933871		
25.08		0.933896		
25.09		0.933921		
25.1		0.933945		
25.11		0.93397		
25.12		0.933995		
25.13		0.934019		
25.14		0.934044		
25.15		0.934069		
25.16		0.934093		
25.17		0.934118		
25.18		0.934143		
25.19		0.934167		
25.2		0.934192		
25.21		0.934217		
25.22		0.934241		
25.23		0.934266		
25.24		0.934291		
25.25		0.934315		
25.26		0.93434		
25.27		0.934365		
25.28		0.934389		
25.29		0.934414		
25.3		0.934439		
25.31		0.934464		
25.32		0.934488		
25.33		0.934513		
25.34		0.934538		
25.35		0.934562		
25.36		0.934587		
25.37		0.934612		
25.38		0.934636		
25.39		0.934661		
25.4		0.934686		
25.41		0.93471		
25.42		0.934735		
25.43		0.93476		
25.44		0.934784		
25.45		0.934809		
25.46		0.934834		
25.47		0.934858		
25.48		0.934883		
25.49		0.934907		
25.5		0.934932		
25.51		0.934957		
25.52		0.934981		
25.53		0.935006		
25.54		0.93503		
25.55		0.935055		
25.56		0.93508		
25.57		0.935104		
25.58		0.935129		
25.59		0.935153		
25.6		0.935178		
25.61		0.935202		
25.62		0.935227		
25.63		0.935251		
25.64		0.935276		
25.65		0.9353		
25.66		0.935325		
25.67		0.935349		
25.68		0.935374		
25.69		0.935398		
25.7		0.935423		
25.71		0.935447		
25.72		0.935472		
25.73		0.935496		
25.74		0.935521		
25.75		0.935545		
25.76		0.93557		
25.77		0.935594		
25.78		0.935618		
25.79		0.935643		
25.8		0.935667		
25.81		0.935691		
25.82		0.935716		
25.83		0.93574		
25.84		0.935764		
25.85		0.935789		
25.86		0.935813		
25.87		0.935837		
25.88		0.935862		
25.89		0.935886		
25.9		0.93591		
25.91		0.935934		
25.92		0.935959		
25.93		0.935983		
25.94		0.936007		
25.95		0.936031		
25.96		0.936056		
25.97		0.93608		
25.98		0.936104		
25.99		0.936128		
26		0.936152		
26.01		0.936176		
26.02		0.936201		
26.03		0.936225		
26.04		0.936249		
26.05		0.936273		
26.06		0.936297		
26.07		0.936321		
26.08		0.936345		
26.09		0.936369		
26.1		0.936393		
26.11		0.936417		
26.12		0.936441		
26.13		0.936465		
26.14		0.936489		
26.15		0.936513		
26.16		0.936537		
26.17		0.936561		
26.18		0.936585		
26.19		0.936609		
26.2		0.936633		
26.21		0.936657		
26.22		0.936681		
26.23		0.936705		
26.24		0.936729		
26.25		0.936753		
26.26		0.936777		
26.27		0.9368		
26.28		0.936824		
26.29		0.936848		
26.3		0.936872		
26.31		0.936896		
26.32		0.936919		
26.33		0.936943		
26.34		0.936967		
26.35		0.936991		
26.36		0.937015		
26.37		0.937038		
26.38		0.937062		
26.39		0.937086		
26.4		0.937109		
26.41		0.937133		
26.42		0.937157		
26.43		0.93718		
26.44		0.937204		
26.45		0.937228		
26.46		0.937251		
26.47		0.937275		
26.48		0.937299		
26.49		0.937322		
26.5		0.937346		
26.51		0.937369		
26.52		0.937393		
26.53		0.937416		
26.54		0.93744		
26.55		0.937464		
26.56		0.937487		
26.57		0.937511		
26.58		0.937534		
26.59		0.937558		
26.6		0.937581		
26.61		0.937604		
26.62		0.937628		
26.63		0.937651		
26.64		0.937675		
26.65		0.937698		
26.66		0.937722		
26.67		0.937745		
26.68		0.937768		
26.69		0.937792		
26.7		0.937815		
26.71		0.937838		
26.72		0.937862		
26.73		0.937885		
26.74		0.937908		
26.75		0.937932		
26.76		0.937955		
26.77		0.937978		
26.78		0.938001		
26.79		0.938025		
26.8		0.938048		
26.81		0.938071		
26.82		0.938094		
26.83		0.938118		
26.84		0.938141		
26.85		0.938164		
26.86		0.938187		
26.87		0.93821		
26.88		0.938233		
26.89		0.938256		
26.9		0.93828		
26.91		0.938303		
26.92		0.938326		
26.93		0.938349		
26.94		0.938372		
26.95		0.938395		
26.96		0.938418		
26.97		0.938441		
26.98		0.938464		
26.99		0.938487		
27		0.93851		
27.01		0.938533		
27.02		0.938556		
27.03		0.938579		
27.04		0.938602		
27.05		0.938625		
27.06		0.938648		
27.07		0.938671		
27.08		0.938694		
27.09		0.938716		
27.1		0.938739		
27.11		0.938762		
27.12		0.938785		
27.13		0.938808		
27.14		0.938831		
27.15		0.938853		
27.16		0.938876		
27.17		0.938899		
27.18		0.938922		
27.19		0.938945		
27.2		0.938967		
27.21		0.93899		
27.22		0.939013		
27.23		0.939036		
27.24		0.939058		
27.25		0.939081		
27.26		0.939104		
27.27		0.939126		
27.28		0.939149		
27.29		0.939172		
27.3		0.939194		
27.31		0.939217		
27.32		0.93924		
27.33		0.939262		
27.34		0.939285		
27.35		0.939307		
27.36		0.93933		
27.37		0.939352		
27.38		0.939375		
27.39		0.939397		
27.4		0.93942		
27.41		0.939443		
27.42		0.939465		
27.43		0.939487		
27.44		0.93951		
27.45		0.939532		
27.46		0.939555		
27.47		0.939577		
27.48		0.9396		
27.49		0.939622		
27.5		0.939644		
27.51		0.939667		
27.52		0.939689		
27.53		0.939712		
27.54		0.939734		
27.55		0.939756		
27.56		0.939779		
27.57		0.939801		
27.58		0.939823		
27.59		0.939846		
27.6		0.939868		
27.61		0.93989		
27.62		0.939912		
27.63		0.939935		
27.64		0.939957		
27.65		0.939979		
27.66		0.940001		
27.67		0.940023		
27.68		0.940046		
27.69		0.940068		
27.7		0.94009		
27.71		0.940112		
27.72		0.940134		
27.73		0.940156		
27.74		0.940178		
27.75		0.9402		
27.76		0.940222		
27.77		0.940245		
27.78		0.940267		
27.79		0.940289		
27.8		0.940311		
27.81		0.940333		
27.82		0.940355		
27.83		0.940377		
27.84		0.940399		
27.85		0.940421		
27.86		0.940443		
27.87		0.940465		
27.88		0.940486		
27.89		0.940508		
27.9		0.94053		
27.91		0.940552		
27.92		0.940574		
27.93		0.940596		
27.94		0.940618		
27.95		0.94064		
27.96		0.940661		
27.97		0.940683		
27.98		0.940705		
27.99		0.940727		
28		0.940749		
28.01		0.94077		
28.02		0.940792		
28.03		0.940814		
28.04		0.940836		
28.05		0.940857		
28.06		0.940879		
28.07		0.940901		
28.08		0.940922		
28.09		0.940944		
28.1		0.940966		
28.11		0.940987		
28.12		0.941009		
28.13		0.941031		
28.14		0.941052		
28.15		0.941074		
28.16		0.941095		
28.17		0.941117		
28.18		0.941138		
28.19		0.94116		
28.2		0.941182		
28.21		0.941203		
28.22		0.941225		
28.23		0.941246		
28.24		0.941267		
28.25		0.941289		
28.26		0.94131		
28.27		0.941332		
28.28		0.941353		
28.29		0.941375		
28.3		0.941396		
28.31		0.941417		
28.32		0.941439		
28.33		0.94146		
28.34		0.941482		
28.35		0.941503		
28.36		0.941524		
28.37		0.941545		
28.38		0.941567		
28.39		0.941588		
28.4		0.941609		
28.41		0.941631		
28.42		0.941652		
28.43		0.941673		
28.44		0.941694		
28.45		0.941715		
28.46		0.941737		
28.47		0.941758		
28.48		0.941779		
28.49		0.9418		
28.5		0.941821		
28.51		0.941842		
28.52		0.941863		
28.53		0.941885		
28.54		0.941906		
28.55		0.941927		
28.56		0.941948		
28.57		0.941969		
28.58		0.94199		
28.59		0.942011		
28.6		0.942032		
28.61		0.942053		
28.62		0.942074		
28.63		0.942095		
28.64		0.942116		
28.65		0.942137		
28.66		0.942158		
28.67		0.942179		
28.68		0.942199		
28.69		0.94222		
28.7		0.942241		
28.71		0.942262		
28.72		0.942283		
28.73		0.942304		
28.74		0.942325		
28.75		0.942345		
28.76		0.942366		
28.77		0.942387		
28.78		0.942408		
28.79		0.942428		
28.8		0.942449		
28.81		0.94247		
28.82		0.942491		
28.83		0.942511		
28.84		0.942532		
28.85		0.942553		
28.86		0.942573		
28.87		0.942594		
28.88		0.942615		
28.89		0.942635		
28.9		0.942656		
28.91		0.942676		
28.92		0.942697		
28.93		0.942718		
28.94		0.942738		
28.95		0.942759		
28.96		0.942779		
28.97		0.9428		
28.98		0.94282		
28.99		0.942841		
29		0.942861		
29.01		0.942882		
29.02		0.942902		
29.03		0.942922		
29.04		0.942943		
29.05		0.942963		
29.06		0.942984		
29.07		0.943004		
29.08		0.943024		
29.09		0.943045		
29.1		0.943065		
29.11		0.943085		
29.12		0.943106		
29.13		0.943126		
29.14		0.943146		
29.15		0.943166		
29.16		0.943187		
29.17		0.943207		
29.18		0.943227		
29.19		0.943247		
29.2		0.943268		
29.21		0.943288		
29.22		0.943308		
29.23		0.943328		
29.24		0.943348		
29.25		0.943368		
29.26		0.943388		
29.27		0.943409		
29.28		0.943429		
29.29		0.943449		
29.3		0.943469		
29.31		0.943489		
29.32		0.943509		
29.33		0.943529		
29.34		0.943549		
29.35		0.943569		
29.36		0.943589		
29.37		0.943609		
29.38		0.943629		
29.39		0.943649		
29.4		0.943669		
29.41		0.943688		
29.42		0.943708		
29.43		0.943728		
29.44		0.943748		
29.45		0.943768		
29.46		0.943788		
29.47		0.943808		
29.48		0.943827		
29.49		0.943847		
29.5		0.943867		
29.51		0.943887		
29.52		0.943906		
29.53		0.943926		
29.54		0.943946		
29.55		0.943966		
29.56		0.943985		
29.57		0.944005		
29.58		0.944025		
29.59		0.944044		
29.6		0.944064		
29.61		0.944084		
29.62		0.944103		
29.63		0.944123		
29.64		0.944142		
29.65		0.944162		
29.66		0.944182		
29.67		0.944201		
29.68		0.944221		
29.69		0.94424		
29.7		0.94426		
29.71		0.944279		
29.72		0.944299		
29.73		0.944318		
29.74		0.944338		
29.75		0.944357		
29.76		0.944376		
29.77		0.944396		
29.78		0.944415		
29.79		0.944435		
29.8		0.944454		
29.81		0.944473		
29.82		0.944493		
29.83		0.944512		
29.84		0.944531		
29.85		0.94455		
29.86		0.94457		
29.87		0.944589		
29.88		0.944608		
29.89		0.944628		
29.9		0.944647		
29.91		0.944666		
29.92		0.944685		
29.93		0.944704		
29.94		0.944723		
29.95		0.944743		
29.96		0.944762		
29.97		0.944781		
29.98		0.9448		
29.99		0.944819		
30		0.944838		
