tau [fm]		R_Pi^-1
0.25		0
0.26		-0.000206531		
0.27		-0.000314093		
0.28		-0.00033643		
0.29		-0.000285764		
0.3		-0.000172954		
0.31		-7.63772e-06		
0.32		0.000201634		
0.33		0.000447285		
0.34		0.000722609		
0.35		0.00102168		
0.36		0.00133925		
0.37		0.00167072		
0.38		0.00201203		
0.39		0.00235961		
0.4		0.00271035		
0.41		0.00306153		
0.42		0.00341078		
0.43		0.00375606		
0.44		0.00409561		
0.45		0.00442793		
0.46		0.00475174		
0.47		0.00506597		
0.48		0.00536972		
0.49		0.00566227		
0.5		0.00594304		
0.51		0.00621158		
0.52		0.00646754		
0.53		0.00671069		
0.54		0.00694089		
0.55		0.00715806		
0.56		0.00736222		
0.57		0.00755342		
0.58		0.00773179		
0.59		0.00789749		
0.6		0.00805072		
0.61		0.00819174		
0.62		0.0083208		
0.63		0.0084382		
0.64		0.00854427		
0.65		0.00863933		
0.66		0.00872373		
0.67		0.00879783		
0.68		0.00886199		
0.69		0.00891659		
0.7		0.00896199		
0.71		0.00899857		
0.72		0.00902672		
0.73		0.00904679		
0.74		0.00905916		
0.75		0.0090642		
0.76		0.00906227		
0.77		0.00905372		
0.78		0.00903889		
0.79		0.00901813		
0.8		0.00899177		
0.81		0.00896012		
0.82		0.00892352		
0.83		0.00888224		
0.84		0.0088366		
0.85		0.00878688		
0.86		0.00873335		
0.87		0.00867628		
0.88		0.00861593		
0.89		0.00855253		
0.9		0.00848633		
0.91		0.00841755		
0.92		0.00834641		
0.93		0.00827312		
0.94		0.00819787		
0.95		0.00812086		
0.96		0.00804227		
0.97		0.00796226		
0.98		0.007881		
0.99		0.00779864		
1		0.00771534		
1.01		0.00763123		
1.02		0.00754645		
1.03		0.00746111		
1.04		0.00737535		
1.05		0.00728926		
1.06		0.00720295		
1.07		0.00711652		
1.08		0.00703007		
1.09		0.00694367		
1.1		0.00685741		
1.11		0.00677137		
1.12		0.00668562		
1.13		0.00660022		
1.14		0.00651522		
1.15		0.0064307		
1.16		0.0063467		
1.17		0.00626327		
1.18		0.00618045		
1.19		0.00609829		
1.2		0.00601681		
1.21		0.00593606		
1.22		0.00585607		
1.23		0.00577686		
1.24		0.00569846		
1.25		0.00562089		
1.26		0.00554417		
1.27		0.00546832		
1.28		0.00539335		
1.29		0.00531928		
1.3		0.00524612		
1.31		0.00517387		
1.32		0.00510255		
1.33		0.00503215		
1.34		0.0049627		
1.35		0.00489417		
1.36		0.00482659		
1.37		0.00475995		
1.38		0.00469425		
1.39		0.00462948		
1.4		0.00456564		
1.41		0.00450274		
1.42		0.00444076		
1.43		0.0043797		
1.44		0.00431956		
1.45		0.00426032		
1.46		0.00420198		
1.47		0.00414454		
1.48		0.00408797		
1.49		0.00403228		
1.5		0.00397746		
1.51		0.00392349		
1.52		0.00387036		
1.53		0.00381807		
1.54		0.0037666		
1.55		0.00371594		
1.56		0.00366609		
1.57		0.00361703		
1.58		0.00356874		
1.59		0.00352122		
1.6		0.00347446		
1.61		0.00342844		
1.62		0.00338315		
1.63		0.00333859		
1.64		0.00329473		
1.65		0.00325157		
1.66		0.00320909		
1.67		0.00316729		
1.68		0.00312614		
1.69		0.00308565		
1.7		0.0030458		
1.71		0.00300657		
1.72		0.00296795		
1.73		0.00292994		
1.74		0.00289252		
1.75		0.00285569		
1.76		0.00281942		
1.77		0.00278371		
1.78		0.00274855		
1.79		0.00271393		
1.8		0.00267983		
1.81		0.00264625		
1.82		0.00261318		
1.83		0.0025806		
1.84		0.0025485		
1.85		0.00251689		
1.86		0.00248574		
1.87		0.00245504		
1.88		0.00242479		
1.89		0.00239498		
1.9		0.0023656		
1.91		0.00233664		
1.92		0.00230808		
1.93		0.00227993		
1.94		0.00225217		
1.95		0.0022248		
1.96		0.0021978		
1.97		0.00217117		
1.98		0.0021449		
1.99		0.00211898		
2		0.0020934		
2.01		0.00206817		
2.02		0.00204326		
2.03		0.00201867		
2.04		0.00199439		
2.05		0.00197043		
2.06		0.00194676		
2.07		0.00192339		
2.08		0.0019003		
2.09		0.0018775		
2.1		0.00185497		
2.11		0.0018327		
2.12		0.0018107		
2.13		0.00178895		
2.14		0.00176745		
2.15		0.00174619		
2.16		0.00172518		
2.17		0.00170439		
2.18		0.00168383		
2.19		0.00166349		
2.2		0.00164336		
2.21		0.00162345		
2.22		0.00160374		
2.23		0.00158422		
2.24		0.00156491		
2.25		0.00154578		
2.26		0.00152684		
2.27		0.00150809		
2.28		0.0014895		
2.29		0.00147109		
2.3		0.00145285		
2.31		0.00143477		
2.32		0.00141684		
2.33		0.00139908		
2.34		0.00138146		
2.35		0.00136399		
2.36		0.00134666		
2.37		0.00132947		
2.38		0.00131242		
2.39		0.0012955		
2.4		0.0012787		
2.41		0.00126203		
2.42		0.00124548		
2.43		0.00122905		
2.44		0.00121273		
2.45		0.00119653		
2.46		0.00118043		
2.47		0.00116443		
2.48		0.00114854		
2.49		0.00113274		
2.5		0.00111704		
2.51		0.00110144		
2.52		0.00108592		
2.53		0.00107049		
2.54		0.00105515		
2.55		0.00103988		
2.56		0.0010247		
2.57		0.00100959		
2.58		0.000994554		
2.59		0.000979591		
2.6		0.000964696		
2.61		0.000949869		
2.62		0.000935105		
2.63		0.000920404		
2.64		0.000905762		
2.65		0.000891178		
2.66		0.000876649		
2.67		0.000862174		
2.68		0.000847749		
2.69		0.000833374		
2.7		0.000819046		
2.71		0.000804764		
2.72		0.000790525		
2.73		0.000776327		
2.74		0.000762169		
2.75		0.000748048		
2.76		0.000733964		
2.77		0.000719914		
2.78		0.000705897		
2.79		0.000691911		
2.8		0.000677954		
2.81		0.000664025		
2.82		0.000650122		
2.83		0.000636243		
2.84		0.000622388		
2.85		0.000608554		
2.86		0.000594741		
2.87		0.000580947		
2.88		0.000567169		
2.89		0.000553408		
2.9		0.000539662		
2.91		0.000525929		
2.92		0.000512208		
2.93		0.000498498		
2.94		0.000484798		
2.95		0.000471106		
2.96		0.000457421		
2.97		0.000443742		
2.98		0.000430068		
2.99		0.000416398		
3		0.000402731		
3.01		0.000389065		
3.02		0.0003754		
3.03		0.000361734		
3.04		0.000348067		
3.05		0.000334397		
3.06		0.000320724		
3.07		0.000307047		
3.08		0.000293364		
3.09		0.000279675		
3.1		0.000265979		
3.11		0.000252275		
3.12		0.000238562		
3.13		0.000224839		
3.14		0.000211106		
3.15		0.000197361		
3.16		0.000183604		
3.17		0.000169834		
3.18		0.000156051		
3.19		0.000142253		
3.2		0.00012844		
3.21		0.000114611		
3.22		0.000100766		
3.23		8.69033e-05		
3.24		7.30227e-05		
3.25		5.91235e-05		
3.26		4.5205e-05		
3.27		3.12667e-05		
3.28		1.73079e-05		
3.29		3.32795e-06		
3.3		-1.06737e-05		
3.31		-2.46976e-05		
3.32		-3.87443e-05		
3.33		-5.28145e-05		
3.34		-6.69086e-05		
3.35		-8.10271e-05		
3.36		-9.51707e-05		
3.37		-0.00010934		
3.38		-0.000123535		
3.39		-0.000137757		
3.4		-0.000152005		
3.41		-0.000166281		
3.42		-0.000180585		
3.43		-0.000194918		
3.44		-0.000209279		
3.45		-0.000223669		
3.46		-0.000238089		
3.47		-0.00025254		
3.48		-0.00026702		
3.49		-0.000281532		
3.5		-0.000296074		
3.51		-0.000310649		
3.52		-0.000325255		
3.53		-0.000339894		
3.54		-0.000354565		
3.55		-0.00036927		
3.56		-0.000384008		
3.57		-0.00039878		
3.58		-0.000413585		
3.59		-0.000428425		
3.6		-0.0004433		
3.61		-0.00045821		
3.62		-0.000473155		
3.63		-0.000488135		
3.64		-0.000503152		
3.65		-0.000518204		
3.66		-0.000533293		
3.67		-0.000548418		
3.68		-0.00056358		
3.69		-0.00057878		
3.7		-0.000594016		
3.71		-0.000609291		
3.72		-0.000624603		
3.73		-0.000639953		
3.74		-0.000655342		
3.75		-0.000670769		
3.76		-0.000686234		
3.77		-0.000701739		
3.78		-0.000717283		
3.79		-0.000732865		
3.8		-0.000748488		
3.81		-0.00076415		
3.82		-0.000779852		
3.83		-0.000795594		
3.84		-0.000811376		
3.85		-0.000827198		
3.86		-0.000843061		
3.87		-0.000858964		
3.88		-0.000874908		
3.89		-0.000890893		
3.9		-0.00090692		
3.91		-0.000922987		
3.92		-0.000939096		
3.93		-0.000955246		
3.94		-0.000971438		
3.95		-0.000987671		
3.96		-0.00100395		
3.97		-0.00102026		
3.98		-0.00103662		
3.99		-0.00105302		
4		-0.00106947		
4.01		-0.00108595		
4.02		-0.00110248		
4.03		-0.00111905		
4.04		-0.00113567		
4.05		-0.00115232		
4.06		-0.00116902		
4.07		-0.00118577		
4.08		-0.00120255		
4.09		-0.00121938		
4.1		-0.00123625		
4.11		-0.00125316		
4.12		-0.00127012		
4.13		-0.00128712		
4.14		-0.00130417		
4.15		-0.00132125		
4.16		-0.00133839		
4.17		-0.00135556		
4.18		-0.00137278		
4.19		-0.00139004		
4.2		-0.00140735		
4.21		-0.00142469		
4.22		-0.00144209		
4.23		-0.00145952		
4.24		-0.001477		
4.25		-0.00149453		
4.26		-0.0015121		
4.27		-0.00152971		
4.28		-0.00154737		
4.29		-0.00156507		
4.3		-0.00158281		
4.31		-0.0016006		
4.32		-0.00161843		
4.33		-0.00163631		
4.34		-0.00165423		
4.35		-0.00167219		
4.36		-0.0016902		
4.37		-0.00170825		
4.38		-0.00172635		
4.39		-0.00174449		
4.4		-0.00176267		
4.41		-0.0017809		
4.42		-0.00179917		
4.43		-0.00181749		
4.44		-0.00183585		
4.45		-0.00185426		
4.46		-0.0018727		
4.47		-0.0018912		
4.48		-0.00190973		
4.49		-0.00192832		
4.5		-0.00194694		
4.51		-0.00196561		
4.52		-0.00198432		
4.53		-0.00200308		
4.54		-0.00202188		
4.55		-0.00204073		
4.56		-0.00205962		
4.57		-0.00207855		
4.58		-0.00209753		
4.59		-0.00211655		
4.6		-0.00213561		
4.61		-0.00215472		
4.62		-0.00217388		
4.63		-0.00219307		
4.64		-0.00221231		
4.65		-0.0022316		
4.66		-0.00225092		
4.67		-0.00227029		
4.68		-0.00228971		
4.69		-0.00230917		
4.7		-0.00232867		
4.71		-0.00234822		
4.72		-0.0023678		
4.73		-0.00238744		
4.74		-0.00240711		
4.75		-0.00242683		
4.76		-0.0024466		
4.77		-0.0024664		
4.78		-0.00248625		
4.79		-0.00250614		
4.8		-0.00252608		
4.81		-0.00254606		
4.82		-0.00256608		
4.83		-0.00258615		
4.84		-0.00260625		
4.85		-0.0026264		
4.86		-0.0026466		
4.87		-0.00266683		
4.88		-0.00268711		
4.89		-0.00270744		
4.9		-0.0027278		
4.91		-0.00274821		
4.92		-0.00276866		
4.93		-0.00278915		
4.94		-0.00280969		
4.95		-0.00283027		
4.96		-0.00285089		
4.97		-0.00287155		
4.98		-0.00289226		
4.99		-0.002913		
5		-0.00293379		
5.01		-0.00295462		
5.02		-0.0029755		
5.03		-0.00299641		
5.04		-0.00301737		
5.05		-0.00303837		
5.06		-0.00305941		
5.07		-0.0030805		
5.08		-0.00310162		
5.09		-0.00312279		
5.1		-0.003144		
5.11		-0.00316525		
5.12		-0.00318654		
5.13		-0.00320787		
5.14		-0.00322925		
5.15		-0.00325066		
5.16		-0.00327212		
5.17		-0.00329362		
5.18		-0.00331516		
5.19		-0.00333674		
5.2		-0.00335836		
5.21		-0.00338002		
5.22		-0.00340173		
5.23		-0.00342347		
5.24		-0.00344526		
5.25		-0.00346708		
5.26		-0.00348895		
5.27		-0.00351086		
5.28		-0.0035328		
5.29		-0.00355479		
5.3		-0.00357682		
5.31		-0.00359889		
5.32		-0.003621		
5.33		-0.00364315		
5.34		-0.00366534		
5.35		-0.00368757		
5.36		-0.00370984		
5.37		-0.00373215		
5.38		-0.0037545		
5.39		-0.00377689		
5.4		-0.00379932		
5.41		-0.00382178		
5.42		-0.00384429		
5.43		-0.00386684		
5.44		-0.00388943		
5.45		-0.00391205		
5.46		-0.00393472		
5.47		-0.00395743		
5.48		-0.00398017		
5.49		-0.00400295		
5.5		-0.00402578		
5.51		-0.00404864		
5.52		-0.00407154		
5.53		-0.00409448		
5.54		-0.00411746		
5.55		-0.00414048		
5.56		-0.00416353		
5.57		-0.00418663		
5.58		-0.00420976		
5.59		-0.00423293		
5.6		-0.00425614		
5.61		-0.00427939		
5.62		-0.00430268		
5.63		-0.004326		
5.64		-0.00434936		
5.65		-0.00437276		
5.66		-0.0043962		
5.67		-0.00441968		
5.68		-0.00444319		
5.69		-0.00446675		
5.7		-0.00449034		
5.71		-0.00451397		
5.72		-0.00453763		
5.73		-0.00456133		
5.74		-0.00458507		
5.75		-0.00460885		
5.76		-0.00463267		
5.77		-0.00465652		
5.78		-0.00468041		
5.79		-0.00470433		
5.8		-0.0047283		
5.81		-0.0047523		
5.82		-0.00477634		
5.83		-0.00480041		
5.84		-0.00482452		
5.85		-0.00484867		
5.86		-0.00487285		
5.87		-0.00489707		
5.88		-0.00492133		
5.89		-0.00494563		
5.9		-0.00496996		
5.91		-0.00499432		
5.92		-0.00501872		
5.93		-0.00504316		
5.94		-0.00506764		
5.95		-0.00509215		
5.96		-0.00511669		
5.97		-0.00514128		
5.98		-0.0051659		
5.99		-0.00519055		
6		-0.00521524		
6.01		-0.00523996		
6.02		-0.00526472		
6.03		-0.00528952		
6.04		-0.00531435		
6.05		-0.00533922		
6.06		-0.00536412		
6.07		-0.00538906		
6.08		-0.00541403		
6.09		-0.00543904		
6.1		-0.00546408		
6.11		-0.00548916		
6.12		-0.00551427		
6.13		-0.00553942		
6.14		-0.0055646		
6.15		-0.00558982		
6.16		-0.00561507		
6.17		-0.00564035		
6.18		-0.00566567		
6.19		-0.00569103		
6.2		-0.00571641		
6.21		-0.00574184		
6.22		-0.00576729		
6.23		-0.00579278		
6.24		-0.00581831		
6.25		-0.00584387		
6.26		-0.00586946		
6.27		-0.00589509		
6.28		-0.00592075		
6.29		-0.00594644		
6.3		-0.00597217		
6.31		-0.00599793		
6.32		-0.00602373		
6.33		-0.00604955		
6.34		-0.00607542		
6.35		-0.00610131		
6.36		-0.00612724		
6.37		-0.0061532		
6.38		-0.0061792		
6.39		-0.00620522		
6.4		-0.00623128		
6.41		-0.00625738		
6.42		-0.0062835		
6.43		-0.00630966		
6.44		-0.00633586		
6.45		-0.00636208		
6.46		-0.00638834		
6.47		-0.00641463		
6.48		-0.00644095		
6.49		-0.0064673		
6.5		-0.00649369		
6.51		-0.00652011		
6.52		-0.00654656		
6.53		-0.00657304		
6.54		-0.00659956		
6.55		-0.00662611		
6.56		-0.00665269		
6.57		-0.0066793		
6.58		-0.00670594		
6.59		-0.00673262		
6.6		-0.00675932		
6.61		-0.00678606		
6.62		-0.00681283		
6.63		-0.00683963		
6.64		-0.00686647		
6.65		-0.00689333		
6.66		-0.00692023		
6.67		-0.00694715		
6.68		-0.00697411		
6.69		-0.0070011		
6.7		-0.00702812		
6.71		-0.00705517		
6.72		-0.00708226		
6.73		-0.00710937		
6.74		-0.00713651		
6.75		-0.00716369		
6.76		-0.00719089		
6.77		-0.00721813		
6.78		-0.0072454		
6.79		-0.0072727		
6.8		-0.00730002		
6.81		-0.00732738		
6.82		-0.00735477		
6.83		-0.00738219		
6.84		-0.00740964		
6.85		-0.00743712		
6.86		-0.00746463		
6.87		-0.00749217		
6.88		-0.00751974		
6.89		-0.00754734		
6.9		-0.00757497		
6.91		-0.00760262		
6.92		-0.00763031		
6.93		-0.00765803		
6.94		-0.00768578		
6.95		-0.00771356		
6.96		-0.00774137		
6.97		-0.0077692		
6.98		-0.00779707		
6.99		-0.00782496		
7		-0.00785289		
7.01		-0.00788084		
7.02		-0.00790883		
7.03		-0.00793684		
7.04		-0.00796488		
7.05		-0.00799295		
7.06		-0.00802105		
7.07		-0.00804918		
7.08		-0.00807734		
7.09		-0.00810552		
7.1		-0.00813374		
7.11		-0.00816198		
7.12		-0.00819025		
7.13		-0.00821855		
7.14		-0.00824688		
7.15		-0.00827524		
7.16		-0.00830362		
7.17		-0.00833204		
7.18		-0.00836048		
7.19		-0.00838895		
7.2		-0.00841745		
7.21		-0.00844598		
7.22		-0.00847453		
7.23		-0.00850311		
7.24		-0.00853173		
7.25		-0.00856036		
7.26		-0.00858903		
7.27		-0.00861772		
7.28		-0.00864645		
7.29		-0.0086752		
7.3		-0.00870397		
7.31		-0.00873278		
7.32		-0.00876161		
7.33		-0.00879047		
7.34		-0.00881936		
7.35		-0.00884827		
7.36		-0.00887721		
7.37		-0.00890618		
7.38		-0.00893518		
7.39		-0.0089642		
7.4		-0.00899325		
7.41		-0.00902233		
7.42		-0.00905143		
7.43		-0.00908057		
7.44		-0.00910972		
7.45		-0.00913891		
7.46		-0.00916812		
7.47		-0.00919736		
7.48		-0.00922662		
7.49		-0.00925591		
7.5		-0.00928523		
7.51		-0.00931458		
7.52		-0.00934395		
7.53		-0.00937335		
7.54		-0.00940277		
7.55		-0.00943222		
7.56		-0.0094617		
7.57		-0.0094912		
7.58		-0.00952073		
7.59		-0.00955028		
7.6		-0.00957986		
7.61		-0.00960947		
7.62		-0.0096391		
7.63		-0.00966876		
7.64		-0.00969844		
7.65		-0.00972815		
7.66		-0.00975789		
7.67		-0.00978765		
7.68		-0.00981744		
7.69		-0.00984725		
7.7		-0.00987709		
7.71		-0.00990695		
7.72		-0.00993684		
7.73		-0.00996676		
7.74		-0.0099967		
7.75		-0.0100267		
7.76		-0.0100567		
7.77		-0.0100867		
7.78		-0.0101167		
7.79		-0.0101468		
7.8		-0.0101769		
7.81		-0.010207		
7.82		-0.0102371		
7.83		-0.0102673		
7.84		-0.0102975		
7.85		-0.0103277		
7.86		-0.0103579		
7.87		-0.0103882		
7.88		-0.0104185		
7.89		-0.0104488		
7.9		-0.0104791		
7.91		-0.0105095		
7.92		-0.0105399		
7.93		-0.0105703		
7.94		-0.0106007		
7.95		-0.0106312		
7.96		-0.0106617		
7.97		-0.0106922		
7.98		-0.0107227		
7.99		-0.0107533		
8		-0.0107839		
8.01		-0.0108145		
8.02		-0.0108451		
8.03		-0.0108758		
8.04		-0.0109064		
8.05		-0.0109371		
8.06		-0.0109679		
8.07		-0.0109986		
8.08		-0.0110294		
8.09		-0.0110602		
8.1		-0.011091		
8.11		-0.0111218		
8.12		-0.0111527		
8.13		-0.0111836		
8.14		-0.0112145		
8.15		-0.0112455		
8.16		-0.0112764		
8.17		-0.0113074		
8.18		-0.0113384		
8.19		-0.0113694		
8.2		-0.0114005		
8.21		-0.0114316		
8.22		-0.0114627		
8.23		-0.0114938		
8.24		-0.0115249		
8.25		-0.0115561		
8.26		-0.0115873		
8.27		-0.0116185		
8.28		-0.0116498		
8.29		-0.011681		
8.3		-0.0117123		
8.31		-0.0117436		
8.32		-0.0117749		
8.33		-0.0118063		
8.34		-0.0118377		
8.35		-0.0118691		
8.36		-0.0119005		
8.37		-0.0119319		
8.38		-0.0119634		
8.39		-0.0119949		
8.4		-0.0120264		
8.41		-0.0120579		
8.42		-0.0120895		
8.43		-0.012121		
8.44		-0.0121526		
8.45		-0.0121843		
8.46		-0.0122159		
8.47		-0.0122476		
8.48		-0.0122792		
8.49		-0.012311		
8.5		-0.0123427		
8.51		-0.0123744		
8.52		-0.0124062		
8.53		-0.012438		
8.54		-0.0124698		
8.55		-0.0125017		
8.56		-0.0125335		
8.57		-0.0125654		
8.58		-0.0125973		
8.59		-0.0126292		
8.6		-0.0126612		
8.61		-0.0126932		
8.62		-0.0127251		
8.63		-0.0127572		
8.64		-0.0127892		
8.65		-0.0128212		
8.66		-0.0128533		
8.67		-0.0128854		
8.68		-0.0129175		
8.69		-0.0129497		
8.7		-0.0129818		
8.71		-0.013014		
8.72		-0.0130462		
8.73		-0.0130784		
8.74		-0.0131107		
8.75		-0.0131429		
8.76		-0.0131752		
8.77		-0.0132075		
8.78		-0.0132399		
8.79		-0.0132722		
8.8		-0.0133046		
8.81		-0.013337		
8.82		-0.0133694		
8.83		-0.0134018		
8.84		-0.0134343		
8.85		-0.0134667		
8.86		-0.0134992		
8.87		-0.0135318		
8.88		-0.0135643		
8.89		-0.0135968		
8.9		-0.0136294		
8.91		-0.013662		
8.92		-0.0136946		
8.93		-0.0137273		
8.94		-0.0137599		
8.95		-0.0137926		
8.96		-0.0138253		
8.97		-0.013858		
8.98		-0.0138907		
8.99		-0.0139235		
9		-0.0139563		
9.01		-0.0139891		
9.02		-0.0140219		
9.03		-0.0140547		
9.04		-0.0140876		
9.05		-0.0141205		
9.06		-0.0141534		
9.07		-0.0141863		
9.08		-0.0142192		
9.09		-0.0142522		
9.1		-0.0142851		
9.11		-0.0143181		
9.12		-0.0143512		
9.13		-0.0143842		
9.14		-0.0144172		
9.15		-0.0144503		
9.16		-0.0144834		
9.17		-0.0145165		
9.18		-0.0145497		
9.19		-0.0145828		
9.2		-0.014616		
9.21		-0.0146492		
9.22		-0.0146824		
9.23		-0.0147156		
9.24		-0.0147489		
9.25		-0.0147821		
9.26		-0.0148154		
9.27		-0.0148487		
9.28		-0.014882		
9.29		-0.0149154		
9.3		-0.0149487		
9.31		-0.0149821		
9.32		-0.0150155		
9.33		-0.0150489		
9.34		-0.0150824		
9.35		-0.0151158		
9.36		-0.0151493		
9.37		-0.0151828		
9.38		-0.0152163		
9.39		-0.0152498		
9.4		-0.0152834		
9.41		-0.015317		
9.42		-0.0153506		
9.43		-0.0153842		
9.44		-0.0154178		
9.45		-0.0154514		
9.46		-0.0154851		
9.47		-0.0155188		
9.48		-0.0155525		
9.49		-0.0155862		
9.5		-0.0156199		
9.51		-0.0156537		
9.52		-0.0156875		
9.53		-0.0157212		
9.54		-0.0157551		
9.55		-0.0157889		
9.56		-0.0158227		
9.57		-0.0158566		
9.58		-0.0158905		
9.59		-0.0159244		
9.6		-0.0159583		
9.61		-0.0159922		
9.62		-0.0160262		
9.63		-0.0160602		
9.64		-0.0160941		
9.65		-0.0161282		
9.66		-0.0161622		
9.67		-0.0161962		
9.68		-0.0162303		
9.69		-0.0162644		
9.7		-0.0162985		
9.71		-0.0163326		
9.72		-0.0163667		
9.73		-0.0164009		
9.74		-0.016435		
9.75		-0.0164692		
9.76		-0.0165034		
9.77		-0.0165376		
9.78		-0.0165719		
9.79		-0.0166061		
9.8		-0.0166404		
9.81		-0.0166747		
9.82		-0.016709		
9.83		-0.0167433		
9.84		-0.0167777		
9.85		-0.016812		
9.86		-0.0168464		
9.87		-0.0168808		
9.88		-0.0169152		
9.89		-0.0169497		
9.9		-0.0169841		
9.91		-0.0170186		
9.92		-0.0170531		
9.93		-0.0170876		
9.94		-0.0171221		
9.95		-0.0171566		
9.96		-0.0171912		
9.97		-0.0172257		
9.98		-0.0172603		
9.99		-0.0172949		
10		-0.0173295		
10.01		-0.0173642		
10.02		-0.0173988		
10.03		-0.0174335		
10.04		-0.0174682		
10.05		-0.0175029		
10.06		-0.0175376		
10.07		-0.0175724		
10.08		-0.0176071		
10.09		-0.0176419		
10.1		-0.0176767		
10.11		-0.0177115		
10.12		-0.0177463		
10.13		-0.0177811		
10.14		-0.017816		
10.15		-0.0178509		
10.16		-0.0178858		
10.17		-0.0179207		
10.18		-0.0179556		
10.19		-0.0179905		
10.2		-0.0180255		
10.21		-0.0180604		
10.22		-0.0180954		
10.23		-0.0181304		
10.24		-0.0181655		
10.25		-0.0182005		
10.26		-0.0182356		
10.27		-0.0182706		
10.28		-0.0183057		
10.29		-0.0183408		
10.3		-0.0183759		
10.31		-0.0184111		
10.32		-0.0184462		
10.33		-0.0184814		
10.34		-0.0185166		
10.35		-0.0185518		
10.36		-0.018587		
10.37		-0.0186222		
10.38		-0.0186575		
10.39		-0.0186927		
10.4		-0.018728		
10.41		-0.0187633		
10.42		-0.0187986		
10.43		-0.018834		
10.44		-0.0188693		
10.45		-0.0189047		
10.46		-0.0189401		
10.47		-0.0189755		
10.48		-0.0190109		
10.49		-0.0190463		
10.5		-0.0190817		
10.51		-0.0191172		
10.52		-0.0191527		
10.53		-0.0191882		
10.54		-0.0192237		
10.55		-0.0192592		
10.56		-0.0192947		
10.57		-0.0193303		
10.58		-0.0193659		
10.59		-0.0194014		
10.6		-0.019437		
10.61		-0.0194727		
10.62		-0.0195083		
10.63		-0.0195439		
10.64		-0.0195796		
10.65		-0.0196153		
10.66		-0.019651		
10.67		-0.0196867		
10.68		-0.0197224		
10.69		-0.0197582		
10.7		-0.0197939		
10.71		-0.0198297		
10.72		-0.0198655		
10.73		-0.0199013		
10.74		-0.0199371		
10.75		-0.0199729		
10.76		-0.0200088		
10.77		-0.0200447		
10.78		-0.0200805		
10.79		-0.0201164		
10.8		-0.0201524		
10.81		-0.0201883		
10.82		-0.0202242		
10.83		-0.0202602		
10.84		-0.0202962		
10.85		-0.0203322		
10.86		-0.0203682		
10.87		-0.0204042		
10.88		-0.0204402		
10.89		-0.0204763		
10.9		-0.0205123		
10.91		-0.0205484		
10.92		-0.0205845		
10.93		-0.0206206		
10.94		-0.0206568		
10.95		-0.0206929		
10.96		-0.0207291		
10.97		-0.0207652		
10.98		-0.0208014		
10.99		-0.0208376		
11		-0.0208739		
11.01		-0.0209101		
11.02		-0.0209464		
11.03		-0.0209826		
11.04		-0.0210189		
11.05		-0.0210552		
11.06		-0.0210915		
11.07		-0.0211278		
11.08		-0.0211642		
11.09		-0.0212005		
11.1		-0.0212369		
11.11		-0.0212733		
11.12		-0.0213097		
11.13		-0.0213461		
11.14		-0.0213825		
11.15		-0.021419		
11.16		-0.0214555		
11.17		-0.0214919		
11.18		-0.0215284		
11.19		-0.0215649		
11.2		-0.0216015		
11.21		-0.021638		
11.22		-0.0216745		
11.23		-0.0217111		
11.24		-0.0217477		
11.25		-0.0217843		
11.26		-0.0218209		
11.27		-0.0218575		
11.28		-0.0218942		
11.29		-0.0219308		
11.3		-0.0219675		
11.31		-0.0220042		
11.32		-0.0220409		
11.33		-0.0220776		
11.34		-0.0221143		
11.35		-0.0221511		
11.36		-0.0221879		
11.37		-0.0222246		
11.38		-0.0222614		
11.39		-0.0222982		
11.4		-0.0223351		
11.41		-0.0223719		
11.42		-0.0224087		
11.43		-0.0224456		
11.44		-0.0224825		
11.45		-0.0225194		
11.46		-0.0225563		
11.47		-0.0225932		
11.48		-0.0226302		
11.49		-0.0226671		
11.5		-0.0227041		
11.51		-0.0227411		
11.52		-0.0227781		
11.53		-0.0228151		
11.54		-0.0228521		
11.55		-0.0228892		
11.56		-0.0229262		
11.57		-0.0229633		
11.58		-0.0230004		
11.59		-0.0230375		
11.6		-0.0230746		
11.61		-0.0231117		
11.62		-0.0231489		
11.63		-0.023186		
11.64		-0.0232232		
11.65		-0.0232604		
11.66		-0.0232976		
11.67		-0.0233348		
11.68		-0.0233721		
11.69		-0.0234093		
11.7		-0.0234466		
11.71		-0.0234839		
11.72		-0.0235212		
11.73		-0.0235585		
11.74		-0.0235958		
11.75		-0.0236332		
11.76		-0.0236705		
11.77		-0.0237079		
11.78		-0.0237453		
11.79		-0.0237827		
11.8		-0.0238201		
11.81		-0.0238575		
11.82		-0.023895		
11.83		-0.0239324		
11.84		-0.0239699		
11.85		-0.0240074		
11.86		-0.0240449		
11.87		-0.0240824		
11.88		-0.0241199		
11.89		-0.0241575		
11.9		-0.024195		
11.91		-0.0242326		
11.92		-0.0242702		
11.93		-0.0243078		
11.94		-0.0243454		
11.95		-0.0243831		
11.96		-0.0244207		
11.97		-0.0244584		
11.98		-0.0244961		
11.99		-0.0245338		
12		-0.0245715		
12.01		-0.0246092		
12.02		-0.0246469		
12.03		-0.0246847		
12.04		-0.0247225		
12.05		-0.0247603		
12.06		-0.0247981		
12.07		-0.0248359		
12.08		-0.0248737		
12.09		-0.0249116		
12.1		-0.0249494		
12.11		-0.0249873		
12.12		-0.0250252		
12.13		-0.0250631		
12.14		-0.025101		
12.15		-0.0251389		
12.16		-0.0251769		
12.17		-0.0252149		
12.18		-0.0252528		
12.19		-0.0252908		
12.2		-0.0253288		
12.21		-0.0253669		
12.22		-0.0254049		
12.23		-0.025443		
12.24		-0.025481		
12.25		-0.0255191		
12.26		-0.0255572		
12.27		-0.0255953		
12.28		-0.0256335		
12.29		-0.0256716		
12.3		-0.0257098		
12.31		-0.0257479		
12.32		-0.0257861		
12.33		-0.0258243		
12.34		-0.0258626		
12.35		-0.0259008		
12.36		-0.025939		
12.37		-0.0259773		
12.38		-0.0260156		
12.39		-0.0260539		
12.4		-0.0260922		
12.41		-0.0261305		
12.42		-0.0261689		
12.43		-0.0262072		
12.44		-0.0262456		
12.45		-0.026284		
12.46		-0.0263224		
12.47		-0.0263608		
12.48		-0.0263992		
12.49		-0.0264377		
12.5		-0.0264762		
12.51		-0.0265146		
12.52		-0.0265531		
12.53		-0.0265917		
12.54		-0.0266302		
12.55		-0.0266687		
12.56		-0.0267073		
12.57		-0.0267459		
12.58		-0.0267844		
12.59		-0.026823		
12.6		-0.0268617		
12.61		-0.0269003		
12.62		-0.0269389		
12.63		-0.0269776		
12.64		-0.0270163		
12.65		-0.027055		
12.66		-0.0270937		
12.67		-0.0271324		
12.68		-0.0271712		
12.69		-0.0272099		
12.7		-0.0272487		
12.71		-0.0272875		
12.72		-0.0273263		
12.73		-0.0273651		
12.74		-0.027404		
12.75		-0.0274428		
12.76		-0.0274817		
12.77		-0.0275206		
12.78		-0.0275595		
12.79		-0.0275984		
12.8		-0.0276373		
12.81		-0.0276763		
12.82		-0.0277153		
12.83		-0.0277542		
12.84		-0.0277932		
12.85		-0.0278322		
12.86		-0.0278713		
12.87		-0.0279103		
12.88		-0.0279494		
12.89		-0.0279885		
12.9		-0.0280275		
12.91		-0.0280667		
12.92		-0.0281058		
12.93		-0.0281449		
12.94		-0.0281841		
12.95		-0.0282233		
12.96		-0.0282624		
12.97		-0.0283017		
12.98		-0.0283409		
12.99		-0.0283801		
13		-0.0284194		
13.01		-0.0284586		
13.02		-0.0284979		
13.03		-0.0285372		
13.04		-0.0285766		
13.05		-0.0286159		
13.06		-0.0286552		
13.07		-0.0286946		
13.08		-0.028734		
13.09		-0.0287734		
13.1		-0.0288128		
13.11		-0.0288523		
13.12		-0.0288917		
13.13		-0.0289312		
13.14		-0.0289707		
13.15		-0.0290102		
13.16		-0.0290497		
13.17		-0.0290892		
13.18		-0.0291288		
13.19		-0.0291684		
13.2		-0.0292079		
13.21		-0.0292475		
13.22		-0.0292872		
13.23		-0.0293268		
13.24		-0.0293665		
13.25		-0.0294061		
13.26		-0.0294458		
13.27		-0.0294855		
13.28		-0.0295252		
13.29		-0.029565		
13.3		-0.0296047		
13.31		-0.0296445		
13.32		-0.0296843		
13.33		-0.0297241		
13.34		-0.0297639		
13.35		-0.0298038		
13.36		-0.0298436		
13.37		-0.0298835		
13.38		-0.0299234		
13.39		-0.0299633		
13.4		-0.0300033		
13.41		-0.0300432		
13.42		-0.0300832		
13.43		-0.0301231		
13.44		-0.0301631		
13.45		-0.0302032		
13.46		-0.0302432		
13.47		-0.0302833		
13.48		-0.0303233		
13.49		-0.0303634		
13.5		-0.0304035		
13.51		-0.0304436		
13.52		-0.0304838		
13.53		-0.0305239		
13.54		-0.0305641		
13.55		-0.0306043		
13.56		-0.0306445		
13.57		-0.0306848		
13.58		-0.030725		
13.59		-0.0307653		
13.6		-0.0308056		
13.61		-0.0308459		
13.62		-0.0308862		
13.63		-0.0309265		
13.64		-0.0309669		
13.65		-0.0310073		
13.66		-0.0310477		
13.67		-0.0310881		
13.68		-0.0311285		
13.69		-0.031169		
13.7		-0.0312094		
13.71		-0.0312499		
13.72		-0.0312904		
13.73		-0.0313309		
13.74		-0.0313715		
13.75		-0.031412		
13.76		-0.0314526		
13.77		-0.0314932		
13.78		-0.0315338		
13.79		-0.0315745		
13.8		-0.0316151		
13.81		-0.0316558		
13.82		-0.0316965		
13.83		-0.0317372		
13.84		-0.0317779		
13.85		-0.0318187		
13.86		-0.0318595		
13.87		-0.0319002		
13.88		-0.0319411		
13.89		-0.0319819		
13.9		-0.0320227		
13.91		-0.0320636		
13.92		-0.0321045		
13.93		-0.0321454		
13.94		-0.0321863		
13.95		-0.0322272		
13.96		-0.0322682		
13.97		-0.0323092		
13.98		-0.0323502		
13.99		-0.0323912		
14		-0.0324323		
14.01		-0.0324733		
14.02		-0.0325144		
14.03		-0.0325555		
14.04		-0.0325966		
14.05		-0.0326378		
14.06		-0.0326789		
14.07		-0.0327201		
14.08		-0.0327613		
14.09		-0.0328025		
14.1		-0.0328438		
14.11		-0.032885		
14.12		-0.0329263		
14.13		-0.0329676		
14.14		-0.0330089		
14.15		-0.0330503		
14.16		-0.0330916		
14.17		-0.033133		
14.18		-0.0331744		
14.19		-0.0332158		
14.2		-0.0332573		
14.21		-0.0332987		
14.22		-0.0333402		
14.23		-0.0333817		
14.24		-0.0334232		
14.25		-0.0334648		
14.26		-0.0335064		
14.27		-0.033548		
14.28		-0.0335896		
14.29		-0.0336312		
14.3		-0.0336728		
14.31		-0.0337145		
14.32		-0.0337562		
14.33		-0.0337979		
14.34		-0.0338397		
14.35		-0.0338814		
14.36		-0.0339232		
14.37		-0.033965		
14.38		-0.0340068		
14.39		-0.0340487		
14.4		-0.0340905		
14.41		-0.0341324		
14.42		-0.0341743		
14.43		-0.0342162		
14.44		-0.0342582		
14.45		-0.0343002		
14.46		-0.0343422		
14.47		-0.0343842		
14.48		-0.0344262		
14.49		-0.0344683		
14.5		-0.0345104		
14.51		-0.0345525		
14.52		-0.0345946		
14.53		-0.0346367		
14.54		-0.0346789		
14.55		-0.0347211		
14.56		-0.0347633		
14.57		-0.0348056		
14.58		-0.0348478		
14.59		-0.0348901		
14.6		-0.0349324		
14.61		-0.0349747		
14.62		-0.0350171		
14.63		-0.0350595		
14.64		-0.0351018		
14.65		-0.0351443		
14.66		-0.0351867		
14.67		-0.0352292		
14.68		-0.0352717		
14.69		-0.0353142		
14.7		-0.0353567		
14.71		-0.0353993		
14.72		-0.0354418		
14.73		-0.0354844		
14.74		-0.0355271		
14.75		-0.0355697		
14.76		-0.0356124		
14.77		-0.0356551		
14.78		-0.0356978		
14.79		-0.0357405		
14.8		-0.0357833		
14.81		-0.0358261		
14.82		-0.0358689		
14.83		-0.0359117		
14.84		-0.0359546		
14.85		-0.0359975		
14.86		-0.0360404		
14.87		-0.0360833		
14.88		-0.0361263		
14.89		-0.0361693		
14.9		-0.0362123		
14.91		-0.0362553		
14.92		-0.0362984		
14.93		-0.0363414		
14.94		-0.0363845		
14.95		-0.0364277		
14.96		-0.0364708		
14.97		-0.036514		
14.98		-0.0365572		
14.99		-0.0366004		
15		-0.0366436		
15.01		-0.0366869		
15.02		-0.0367302		
15.03		-0.0367735		
15.04		-0.0368169		
15.05		-0.0368603		
15.06		-0.0369037		
15.07		-0.0369471		
15.08		-0.0369905		
15.09		-0.037034		
15.1		-0.0370775		
15.11		-0.037121		
15.12		-0.0371646		
15.13		-0.0372081		
15.14		-0.0372517		
15.15		-0.0372954		
15.16		-0.037339		
15.17		-0.0373827		
15.18		-0.0374264		
15.19		-0.0374701		
15.2		-0.0375139		
15.21		-0.0375576		
15.22		-0.0376014		
15.23		-0.0376453		
15.24		-0.0376891		
15.25		-0.037733		
15.26		-0.0377769		
15.27		-0.0378209		
15.28		-0.0378648		
15.29		-0.0379088		
15.3		-0.0379528		
15.31		-0.0379969		
15.32		-0.0380409		
15.33		-0.038085		
15.34		-0.0381291		
15.35		-0.0381733		
15.36		-0.0382175		
15.37		-0.0382616		
15.38		-0.0383059		
15.39		-0.0383501		
15.4		-0.0383944		
15.41		-0.0384387		
15.42		-0.038483		
15.43		-0.0385274		
15.44		-0.0385718		
15.45		-0.0386162		
15.46		-0.0386606		
15.47		-0.0387051		
15.48		-0.0387496		
15.49		-0.0387941		
15.5		-0.0388387		
15.51		-0.0388833		
15.52		-0.0389279		
15.53		-0.0389725		
15.54		-0.0390172		
15.55		-0.0390619		
15.56		-0.0391066		
15.57		-0.0391513		
15.58		-0.0391961		
15.59		-0.0392409		
15.6		-0.0392857		
15.61		-0.0393306		
15.62		-0.0393755		
15.63		-0.0394204		
15.64		-0.0394653		
15.65		-0.0395103		
15.66		-0.0395553		
15.67		-0.0396003		
15.68		-0.0396454		
15.69		-0.0396904		
15.7		-0.0397356		
15.71		-0.0397807		
15.72		-0.0398259		
15.73		-0.0398711		
15.74		-0.0399163		
15.75		-0.0399615		
15.76		-0.0400068		
15.77		-0.0400521		
15.78		-0.0400975		
15.79		-0.0401429		
15.8		-0.0401883		
15.81		-0.0402337		
15.82		-0.0402791		
15.83		-0.0403246		
15.84		-0.0403701		
15.85		-0.0404157		
15.86		-0.0404613		
15.87		-0.0405069		
15.88		-0.0405525		
15.89		-0.0405982		
15.9		-0.0406439		
15.91		-0.0406896		
15.92		-0.0407354		
15.93		-0.0407811		
15.94		-0.0408269		
15.95		-0.0408728		
15.96		-0.0409187		
15.97		-0.0409646		
15.98		-0.0410105		
15.99		-0.0410565		
16		-0.0411025		
16.01		-0.0411485		
16.02		-0.0411945		
16.03		-0.0412406		
16.04		-0.0412868		
16.05		-0.0413329		
16.06		-0.0413791		
16.07		-0.0414253		
16.08		-0.0414715		
16.09		-0.0415178		
16.1		-0.0415641		
16.11		-0.0416104		
16.12		-0.0416568		
16.13		-0.0417032		
16.14		-0.0417496		
16.15		-0.0417961		
16.16		-0.0418426		
16.17		-0.0418891		
16.18		-0.0419356		
16.19		-0.0419822		
16.2		-0.0420288		
16.21		-0.0420755		
16.22		-0.0421221		
16.23		-0.0421688		
16.24		-0.0422156		
16.25		-0.0422623		
16.26		-0.0423091		
16.27		-0.042356		
16.28		-0.0424028		
16.29		-0.0424497		
16.3		-0.0424967		
16.31		-0.0425436		
16.32		-0.0425906		
16.33		-0.0426376		
16.34		-0.0426847		
16.35		-0.0427318		
16.36		-0.0427789		
16.37		-0.0428261		
16.38		-0.0428733		
16.39		-0.0429205		
16.4		-0.0429677		
16.41		-0.043015		
16.42		-0.0430623		
16.43		-0.0431097		
16.44		-0.043157		
16.45		-0.0432045		
16.46		-0.0432519		
16.47		-0.0432994		
16.48		-0.0433469		
16.49		-0.0433944		
16.5		-0.043442		
16.51		-0.0434896		
16.52		-0.0435373		
16.53		-0.043585		
16.54		-0.0436327		
16.55		-0.0436804		
16.56		-0.0437282		
16.57		-0.043776		
16.58		-0.0438238		
16.59		-0.0438717		
16.6		-0.0439196		
16.61		-0.0439676		
16.62		-0.0440155		
16.63		-0.0440635		
16.64		-0.0441116		
16.65		-0.0441597		
16.66		-0.0442078		
16.67		-0.0442559		
16.68		-0.0443041		
16.69		-0.0443523		
16.7		-0.0444006		
16.71		-0.0444488		
16.72		-0.0444972		
16.73		-0.0445455		
16.74		-0.0445939		
16.75		-0.0446423		
16.76		-0.0446908		
16.77		-0.0447392		
16.78		-0.0447878		
16.79		-0.0448363		
16.8		-0.0448849		
16.81		-0.0449335		
16.82		-0.0449822		
16.83		-0.0450309		
16.84		-0.0450796		
16.85		-0.0451284		
16.86		-0.0451771		
16.87		-0.045226		
16.88		-0.0452748		
16.89		-0.0453237		
16.9		-0.0453727		
16.91		-0.0454216		
16.92		-0.0454707		
16.93		-0.0455197		
16.94		-0.0455688		
16.95		-0.0456179		
16.96		-0.045667		
16.97		-0.0457162		
16.98		-0.0457654		
16.99		-0.0458147		
17		-0.0458639		
17.01		-0.0459133		
17.02		-0.0459626		
17.03		-0.046012		
17.04		-0.0460614		
17.05		-0.0461109		
17.06		-0.0461604		
17.07		-0.0462099		
17.08		-0.0462595		
17.09		-0.0463091		
17.1		-0.0463587		
17.11		-0.0464084		
17.12		-0.0464581		
17.13		-0.0465079		
17.14		-0.0465577		
17.15		-0.0466075		
17.16		-0.0466573		
17.17		-0.0467072		
17.18		-0.0467571		
17.19		-0.0468071		
17.2		-0.0468571		
17.21		-0.0469071		
17.22		-0.0469572		
17.23		-0.0470073		
17.24		-0.0470575		
17.25		-0.0471076		
17.26		-0.0471579		
17.27		-0.0472081		
17.28		-0.0472584		
17.29		-0.0473087		
17.3		-0.0473591		
17.31		-0.0474095		
17.32		-0.0474599		
17.33		-0.0475104		
17.34		-0.0475609		
17.35		-0.0476114		
17.36		-0.047662		
17.37		-0.0477126		
17.38		-0.0477633		
17.39		-0.047814		
17.4		-0.0478647		
17.41		-0.0479155		
17.42		-0.0479663		
17.43		-0.0480171		
17.44		-0.048068		
17.45		-0.0481189		
17.46		-0.0481698		
17.47		-0.0482208		
17.48		-0.0482718		
17.49		-0.0483229		
17.5		-0.048374		
17.51		-0.0484251		
17.52		-0.0484763		
17.53		-0.0485275		
17.54		-0.0485787		
17.55		-0.04863		
17.56		-0.0486813		
17.57		-0.0487327		
17.58		-0.0487841		
17.59		-0.0488355		
17.6		-0.048887		
17.61		-0.0489385		
17.62		-0.04899		
17.63		-0.0490416		
17.64		-0.0490932		
17.65		-0.0491449		
17.66		-0.0491966		
17.67		-0.0492483		
17.68		-0.0493001		
17.69		-0.0493519		
17.7		-0.0494037		
17.71		-0.0494556		
17.72		-0.0495075		
17.73		-0.0495595		
17.74		-0.0496115		
17.75		-0.0496635		
17.76		-0.0497156		
17.77		-0.0497677		
17.78		-0.0498198		
17.79		-0.049872		
17.8		-0.0499243		
17.81		-0.0499765		
17.82		-0.0500288		
17.83		-0.0500811		
17.84		-0.0501335		
17.85		-0.0501859		
17.86		-0.0502384		
17.87		-0.0502909		
17.88		-0.0503434		
17.89		-0.050396		
17.9		-0.0504486		
17.91		-0.0505012		
17.92		-0.0505539		
17.93		-0.0506066		
17.94		-0.0506593		
17.95		-0.0507121		
17.96		-0.050765		
17.97		-0.0508178		
17.98		-0.0508707		
17.99		-0.0509237		
18		-0.0509767		
18.01		-0.0510297		
18.02		-0.0510828		
18.03		-0.0511359		
18.04		-0.051189		
18.05		-0.0512422		
18.06		-0.0512954		
18.07		-0.0513486		
18.08		-0.0514019		
18.09		-0.0514553		
18.1		-0.0515086		
18.11		-0.051562		
18.12		-0.0516155		
18.13		-0.051669		
18.14		-0.0517225		
18.15		-0.051776		
18.16		-0.0518296		
18.17		-0.0518833		
18.18		-0.0519369		
18.19		-0.0519907		
18.2		-0.0520444		
18.21		-0.0520982		
18.22		-0.052152		
18.23		-0.0522059		
18.24		-0.0522598		
18.25		-0.0523138		
18.26		-0.0523677		
18.27		-0.0524218		
18.28		-0.0524758		
18.29		-0.0525299		
18.3		-0.0525841		
18.31		-0.0526383		
18.32		-0.0526925		
18.33		-0.0527467		
18.34		-0.052801		
18.35		-0.0528554		
18.36		-0.0529097		
18.37		-0.0529641		
18.38		-0.0530186		
18.39		-0.0530731		
18.4		-0.0531276		
18.41		-0.0531822		
18.42		-0.0532368		
18.43		-0.0532914		
18.44		-0.0533461		
18.45		-0.0534008		
18.46		-0.0534556		
18.47		-0.0535104		
18.48		-0.0535652		
18.49		-0.0536201		
18.5		-0.053675		
18.51		-0.05373		
18.52		-0.053785		
18.53		-0.05384		
18.54		-0.0538951		
18.55		-0.0539502		
18.56		-0.0540053		
18.57		-0.0540605		
18.58		-0.0541157		
18.59		-0.054171		
18.6		-0.0542263		
18.61		-0.0542816		
18.62		-0.054337		
18.63		-0.0543925		
18.64		-0.0544479		
18.65		-0.0545034		
18.66		-0.0545589		
18.67		-0.0546145		
18.68		-0.0546701		
18.69		-0.0547258		
18.7		-0.0547815		
18.71		-0.0548372		
18.72		-0.054893		
18.73		-0.0549491		
18.74		-0.0550052		
18.75		-0.0550613		
18.76		-0.0551173		
18.77		-0.0551733		
18.78		-0.0552293		
18.79		-0.0552853		
18.8		-0.0553412		
18.81		-0.0553972		
18.82		-0.0554531		
18.83		-0.055509		
18.84		-0.0555648		
18.85		-0.0556207		
18.86		-0.0556765		
18.87		-0.0557323		
18.88		-0.0557881		
18.89		-0.0558438		
18.9		-0.0558996		
18.91		-0.0559553		
18.92		-0.056011		
18.93		-0.0560667		
18.94		-0.0561223		
18.95		-0.056178		
18.96		-0.0562336		
18.97		-0.0562892		
18.98		-0.0563447		
18.99		-0.0564003		
19		-0.0564558		
19.01		-0.0565113		
19.02		-0.0565668		
19.03		-0.0566222		
19.04		-0.0566777		
19.05		-0.0567331		
19.06		-0.0567885		
19.07		-0.0568438		
19.08		-0.0568992		
19.09		-0.0569545		
19.1		-0.0570098		
19.11		-0.0570651		
19.12		-0.0571203		
19.13		-0.0571755		
19.14		-0.0572308		
19.15		-0.0572859		
19.16		-0.0573411		
19.17		-0.0573962		
19.18		-0.0574514		
19.19		-0.0575065		
19.2		-0.0575615		
19.21		-0.0576166		
19.22		-0.0576716		
19.23		-0.0577266		
19.24		-0.0577816		
19.25		-0.0578365		
19.26		-0.0578915		
19.27		-0.0579464		
19.28		-0.0580012		
19.29		-0.0580561		
19.3		-0.0581109		
19.31		-0.0581658		
19.32		-0.0582205		
19.33		-0.0582753		
19.34		-0.0583301		
19.35		-0.0583848		
19.36		-0.0584395		
19.37		-0.0584941		
19.38		-0.0585488		
19.39		-0.0586034		
19.4		-0.058658		
19.41		-0.0587126		
19.42		-0.0587671		
19.43		-0.0588216		
19.44		-0.0588761		
19.45		-0.0589306		
19.46		-0.0589851		
19.47		-0.0590395		
19.48		-0.0590939		
19.49		-0.0591483		
19.5		-0.0592026		
19.51		-0.059257		
19.52		-0.0593113		
19.53		-0.0593655		
19.54		-0.0594198		
19.55		-0.059474		
19.56		-0.0595282		
19.57		-0.0595824		
19.58		-0.0596366		
19.59		-0.0596907		
19.6		-0.0597448		
19.61		-0.0597989		
19.62		-0.0598529		
19.63		-0.059907		
19.64		-0.059961		
19.65		-0.060015		
19.66		-0.0600689		
19.67		-0.0601228		
19.68		-0.0601767		
19.69		-0.0602306		
19.7		-0.0602845		
19.71		-0.0603383		
19.72		-0.0603921		
19.73		-0.0604459		
19.74		-0.0604996		
19.75		-0.0605533		
19.76		-0.060607		
19.77		-0.0606607		
19.78		-0.0607143		
19.79		-0.060768		
19.8		-0.0608215		
19.81		-0.0608751		
19.82		-0.0609287		
19.83		-0.0609822		
19.84		-0.0610357		
19.85		-0.0610891		
19.86		-0.0611425		
19.87		-0.061196		
19.88		-0.0612493		
19.89		-0.0613027		
19.9		-0.061356		
19.91		-0.0614093		
19.92		-0.0614626		
19.93		-0.0615158		
19.94		-0.0615691		
19.95		-0.0616223		
19.96		-0.0616754		
19.97		-0.0617286		
19.98		-0.0617817		
19.99		-0.0618348		
20		-0.0618878		
20.01		-0.0619409		
20.02		-0.0619939		
20.03		-0.0620469		
20.04		-0.0620998		
20.05		-0.0621527		
20.06		-0.0622056		
20.07		-0.0622585		
20.08		-0.0623113		
20.09		-0.0623642		
20.1		-0.0624169		
20.11		-0.0624697		
20.12		-0.0625224		
20.13		-0.0625751		
20.14		-0.0626278		
20.15		-0.0626805		
20.16		-0.0627331		
20.17		-0.0627857		
20.18		-0.0628383		
20.19		-0.0628908		
20.2		-0.0629433		
20.21		-0.0629958		
20.22		-0.0630482		
20.23		-0.0631007		
20.24		-0.0631531		
20.25		-0.0632054		
20.26		-0.0632578		
20.27		-0.0633101		
20.28		-0.0633624		
20.29		-0.0634147		
20.3		-0.0634669		
20.31		-0.0635191		
20.32		-0.0635713		
20.33		-0.0636234		
20.34		-0.0636755		
20.35		-0.0637276		
20.36		-0.0637797		
20.37		-0.0638317		
20.38		-0.0638837		
20.39		-0.0639357		
20.4		-0.0639876		
20.41		-0.0640395		
20.42		-0.0640914		
20.43		-0.0641433		
20.44		-0.0641951		
20.45		-0.0642469		
20.46		-0.0642987		
20.47		-0.0643504		
20.48		-0.0644021		
20.49		-0.0644538		
20.5		-0.0645055		
20.51		-0.0645571		
20.52		-0.0646087		
20.53		-0.0646603		
20.54		-0.0647118		
20.55		-0.0647633		
20.56		-0.0648148		
20.57		-0.0648662		
20.58		-0.0649177		
20.59		-0.0649691		
20.6		-0.0650204		
20.61		-0.0650717		
20.62		-0.065123		
20.63		-0.0651743		
20.64		-0.0652256		
20.65		-0.0652768		
20.66		-0.065328		
20.67		-0.0653791		
20.68		-0.0654302		
20.69		-0.0654813		
20.7		-0.0655324		
20.71		-0.0655834		
20.72		-0.0656344		
20.73		-0.0656854		
20.74		-0.0657364		
20.75		-0.0657873		
20.76		-0.0658381		
20.77		-0.065889		
20.78		-0.0659398		
20.79		-0.0659906		
20.8		-0.0660414		
20.81		-0.0660921		
20.82		-0.0661428		
20.83		-0.0661935		
20.84		-0.0662441		
20.85		-0.0662947		
20.86		-0.0663453		
20.87		-0.0663959		
20.88		-0.0664464		
20.89		-0.0664969		
20.9		-0.0665473		
20.91		-0.0665978		
20.92		-0.0666481		
20.93		-0.0666985		
20.94		-0.0667488		
20.95		-0.0667991		
20.96		-0.0668494		
20.97		-0.0668997		
20.98		-0.0669499		
20.99		-0.0670001		
21		-0.0670502		
21.01		-0.0671003		
21.02		-0.0671504		
21.03		-0.0672005		
21.04		-0.0672505		
21.05		-0.0673005		
21.06		-0.0673504		
21.07		-0.0674004		
21.08		-0.0674503		
21.09		-0.0675001		
21.1		-0.06755		
21.11		-0.0675998		
21.12		-0.0676495		
21.13		-0.0676993		
21.14		-0.067749		
21.15		-0.0677987		
21.16		-0.0678483		
21.17		-0.0678979		
21.18		-0.0679475		
21.19		-0.0679971		
21.2		-0.0680466		
21.21		-0.0680961		
21.22		-0.0681455		
21.23		-0.0681949		
21.24		-0.0682443		
21.25		-0.0682937		
21.26		-0.068343		
21.27		-0.0683923		
21.28		-0.0684416		
21.29		-0.0684908		
21.3		-0.06854		
21.31		-0.0685892		
21.32		-0.0686383		
21.33		-0.0686874		
21.34		-0.0687365		
21.35		-0.0687855		
21.36		-0.0688345		
21.37		-0.0688835		
21.38		-0.0689324		
21.39		-0.0689813		
21.4		-0.0690302		
21.41		-0.0690791		
21.42		-0.0691279		
21.43		-0.0691767		
21.44		-0.0692254		
21.45		-0.0692741		
21.46		-0.0693228		
21.47		-0.0693714		
21.48		-0.0694201		
21.49		-0.0694686		
21.5		-0.0695172		
21.51		-0.0695657		
21.52		-0.0696142		
21.53		-0.0696626		
21.54		-0.069711		
21.55		-0.0697594		
21.56		-0.0698078		
21.57		-0.0698561		
21.58		-0.0699044		
21.59		-0.0699526		
21.6		-0.0700009		
21.61		-0.070049		
21.62		-0.0700972		
21.63		-0.0701453		
21.64		-0.0701934		
21.65		-0.0702415		
21.66		-0.0702895		
21.67		-0.0703375		
21.68		-0.0703854		
21.69		-0.0704333		
21.7		-0.0704812		
21.71		-0.0705291		
21.72		-0.0705769		
21.73		-0.0706247		
21.74		-0.0706724		
21.75		-0.0707201		
21.76		-0.0707678		
21.77		-0.0708155		
21.78		-0.0708631		
21.79		-0.0709107		
21.8		-0.0709582		
21.81		-0.0710057		
21.82		-0.0710532		
21.83		-0.0711007		
21.84		-0.0711481		
21.85		-0.0711955		
21.86		-0.0712428		
21.87		-0.0712901		
21.88		-0.0713374		
21.89		-0.0713846		
21.9		-0.0714319		
21.91		-0.071479		
21.92		-0.0715262		
21.93		-0.0715733		
21.94		-0.0716204		
21.95		-0.0716674		
21.96		-0.0717144		
21.97		-0.0717614		
21.98		-0.0718083		
21.99		-0.0718552		
22		-0.0719021		
22.01		-0.0719489		
22.02		-0.0719957		
22.03		-0.0720425		
22.04		-0.0720892		
22.05		-0.0721359		
22.06		-0.0721825		
22.07		-0.0722292		
22.08		-0.0722758		
22.09		-0.0723223		
22.1		-0.0723688		
22.11		-0.0724153		
22.12		-0.0724618		
22.13		-0.0725082		
22.14		-0.0725546		
22.15		-0.0726009		
22.16		-0.0726472		
22.17		-0.0726935		
22.18		-0.0727398		
22.19		-0.072786		
22.2		-0.0728321		
22.21		-0.0728783		
22.22		-0.0729244		
22.23		-0.0729705		
22.24		-0.0730165		
22.25		-0.0730625		
22.26		-0.0731085		
22.27		-0.0731544		
22.28		-0.0732003		
22.29		-0.0732461		
22.3		-0.073292		
22.31		-0.0733377		
22.32		-0.0733835		
22.33		-0.0734292		
22.34		-0.0734749		
22.35		-0.0735205		
22.36		-0.0735661		
22.37		-0.0736117		
22.38		-0.0736573		
22.39		-0.0737028		
22.4		-0.0737482		
22.41		-0.0737937		
22.42		-0.0738391		
22.43		-0.0738844		
22.44		-0.0739297		
22.45		-0.073975		
22.46		-0.0740203		
22.47		-0.0740655		
22.48		-0.0741107		
22.49		-0.0741558		
22.5		-0.074201		
22.51		-0.074246		
22.52		-0.0742911		
22.53		-0.0743361		
22.54		-0.074381		
22.55		-0.074426		
22.56		-0.0744709		
22.57		-0.0745157		
22.58		-0.0745606		
22.59		-0.0746053		
22.6		-0.0746501		
22.61		-0.0746948		
22.62		-0.0747395		
22.63		-0.0747841		
22.64		-0.0748287		
22.65		-0.0748733		
22.66		-0.0749178		
22.67		-0.0749623		
22.68		-0.0750068		
22.69		-0.0750512		
22.7		-0.0750956		
22.71		-0.07514		
22.72		-0.0751843		
22.73		-0.0752286		
22.74		-0.0752728		
22.75		-0.075317		
22.76		-0.0753612		
22.77		-0.0754053		
22.78		-0.0754494		
22.79		-0.0754935		
22.8		-0.0755375		
22.81		-0.0755815		
22.82		-0.0756255		
22.83		-0.0756694		
22.84		-0.0757133		
22.85		-0.0757571		
22.86		-0.0758009		
22.87		-0.0758447		
22.88		-0.0758884		
22.89		-0.0759321		
22.9		-0.0759758		
22.91		-0.0760194		
22.92		-0.076063		
22.93		-0.0761065		
22.94		-0.07615		
22.95		-0.0761935		
22.96		-0.076237		
22.97		-0.0762804		
22.98		-0.0763237		
22.99		-0.076367		
23		-0.0764103		
23.01		-0.0764536		
23.02		-0.0764968		
23.03		-0.07654		
23.04		-0.0765831		
23.05		-0.0766262		
23.06		-0.0766693		
23.07		-0.0767123		
23.08		-0.0767553		
23.09		-0.0767983		
23.1		-0.0768412		
23.11		-0.0768841		
23.12		-0.0769269		
23.13		-0.0769697		
23.14		-0.0770125		
23.15		-0.0770552		
23.16		-0.0770979		
23.17		-0.0771406		
23.18		-0.0771832		
23.19		-0.0772258		
23.2		-0.0772683		
23.21		-0.0773108		
23.22		-0.0773533		
23.23		-0.0773957		
23.24		-0.0774381		
23.25		-0.0774805		
23.26		-0.0775228		
23.27		-0.0775651		
23.28		-0.0776073		
23.29		-0.0776495		
23.3		-0.0776917		
23.31		-0.0777338		
23.32		-0.0777759		
23.33		-0.077818		
23.34		-0.07786		
23.35		-0.077902		
23.36		-0.0779439		
23.37		-0.0779858		
23.38		-0.0780277		
23.39		-0.0780695		
23.4		-0.0781113		
23.41		-0.0781531		
23.42		-0.0781948		
23.43		-0.0782364		
23.44		-0.0782781		
23.45		-0.0783197		
23.46		-0.0783612		
23.47		-0.0784028		
23.48		-0.0784443		
23.49		-0.0784857		
23.5		-0.0785271		
23.51		-0.0785685		
23.52		-0.0786098		
23.53		-0.0786511		
23.54		-0.0786924		
23.55		-0.0787336		
23.56		-0.0787748		
23.57		-0.0788159		
23.58		-0.078857		
23.59		-0.0788981		
23.6		-0.0789391		
23.61		-0.0789801		
23.62		-0.0790211		
23.63		-0.079062		
23.64		-0.0791028		
23.65		-0.0791437		
23.66		-0.0791845		
23.67		-0.0792252		
23.68		-0.079266		
23.69		-0.0793066		
23.7		-0.0793473		
23.71		-0.0793879		
23.72		-0.0794285		
23.73		-0.079469		
23.74		-0.0795095		
23.75		-0.0795499		
23.76		-0.0795903		
23.77		-0.0796307		
23.78		-0.079671		
23.79		-0.0797113		
23.8		-0.0797516		
23.81		-0.0797918		
23.82		-0.079832		
23.83		-0.0798721		
23.84		-0.0799122		
23.85		-0.0799523		
23.86		-0.0799923		
23.87		-0.0800323		
23.88		-0.0800723		
23.89		-0.0801122		
23.9		-0.080152		
23.91		-0.0801919		
23.92		-0.0802316		
23.93		-0.0802714		
23.94		-0.0803111		
23.95		-0.0803508		
23.96		-0.0803904		
23.97		-0.08043		
23.98		-0.0804696		
23.99		-0.0805091		
24		-0.0805486		
24.01		-0.080588		
24.02		-0.0806274		
24.03		-0.0806668		
24.04		-0.0807061		
24.05		-0.0807454		
24.06		-0.0807846		
24.07		-0.0808238		
24.08		-0.080863		
24.09		-0.0809021		
24.1		-0.0809412		
24.11		-0.0809803		
24.12		-0.0810193		
24.13		-0.0810582		
24.14		-0.0810972		
24.15		-0.0811361		
24.16		-0.0811749		
24.17		-0.0812137		
24.18		-0.0812525		
24.19		-0.0812912		
24.2		-0.0813299		
24.21		-0.0813686		
24.22		-0.0814072		
24.23		-0.0814458		
24.24		-0.0814843		
24.25		-0.0815228		
24.26		-0.0815613		
24.27		-0.0815997		
24.28		-0.0816381		
24.29		-0.0816764		
24.3		-0.0817147		
24.31		-0.0817529		
24.32		-0.0817912		
24.33		-0.0818293		
24.34		-0.0818675		
24.35		-0.0819056		
24.36		-0.0819436		
24.37		-0.0819817		
24.38		-0.0820197		
24.39		-0.0820576		
24.4		-0.0820955		
24.41		-0.0821334		
24.42		-0.0821712		
24.43		-0.082209		
24.44		-0.0822467		
24.45		-0.0822844		
24.46		-0.0823221		
24.47		-0.0823597		
24.48		-0.0823973		
24.49		-0.0824348		
24.5		-0.0824723		
24.51		-0.0825098		
24.52		-0.0825472		
24.53		-0.0825846		
24.54		-0.0826219		
24.55		-0.0826592		
24.56		-0.0826965		
24.57		-0.0827337		
24.58		-0.0827709		
24.59		-0.0828081		
24.6		-0.0828452		
24.61		-0.0828822		
24.62		-0.082919		
24.63		-0.0829551		
24.64		-0.0829904		
24.65		-0.0830251		
24.66		-0.0830592		
24.67		-0.0830926		
24.68		-0.0831254		
24.69		-0.0831575		
24.7		-0.083189		
24.71		-0.0832198		
24.72		-0.0832499		
24.73		-0.0832795		
24.74		-0.0833083		
24.75		-0.0833366		
24.76		-0.0833642		
24.77		-0.0833911		
24.78		-0.0834175		
24.79		-0.0834431		
24.8		-0.0834682		
24.81		-0.0834926		
24.82		-0.0835165		
24.83		-0.0835396		
24.84		-0.0835622		
24.85		-0.0835842		
24.86		-0.0836055		
24.87		-0.0836262		
24.88		-0.0836464		
24.89		-0.0836659		
24.9		-0.0836848		
24.91		-0.0837032		
24.92		-0.0837209		
24.93		-0.083738		
24.94		-0.0837546		
24.95		-0.0837706		
24.96		-0.083786		
24.97		-0.0838008		
24.98		-0.0838151		
24.99		-0.0838288		
25		-0.0838419		
25.01		-0.0838545		
25.02		-0.0838665		
25.03		-0.083878		
25.04		-0.0838889		
25.05		-0.0838993		
25.06		-0.0839091		
25.07		-0.0839184		
25.08		-0.0839271		
25.09		-0.0839354		
25.1		-0.0839431		
25.11		-0.0839503		
25.12		-0.083957		
25.13		-0.0839631		
25.14		-0.0839688		
25.15		-0.0839739		
25.16		-0.0839785		
25.17		-0.0839827		
25.18		-0.0839863		
25.19		-0.0839895		
25.2		-0.0839922		
25.21		-0.0839943		
25.22		-0.083996		
25.23		-0.0839973		
25.24		-0.083998		
25.25		-0.0839983		
25.26		-0.0839981		
25.27		-0.0839975		
25.28		-0.0839964		
25.29		-0.0839948		
25.3		-0.0839928		
25.31		-0.0839903		
25.32		-0.0839874		
25.33		-0.0839841		
25.34		-0.0839803		
25.35		-0.083976		
25.36		-0.0839714		
25.37		-0.0839663		
25.38		-0.0839607		
25.39		-0.0839548		
25.4		-0.0839484		
25.41		-0.0839416		
25.42		-0.0839344		
25.43		-0.0839268		
25.44		-0.0839188		
25.45		-0.0839103		
25.46		-0.0839015		
25.47		-0.0838922		
25.48		-0.0838826		
25.49		-0.0838725		
25.5		-0.0838621		
25.51		-0.0838512		
25.52		-0.08384		
25.53		-0.0838284		
25.54		-0.0838164		
25.55		-0.083804		
25.56		-0.0837912		
25.57		-0.083778		
25.58		-0.0837645		
25.59		-0.0837506		
25.6		-0.0837363		
25.61		-0.0837217		
25.62		-0.0837067		
25.63		-0.0836913		
25.64		-0.0836755		
25.65		-0.0836594		
25.66		-0.083643		
25.67		-0.0836261		
25.68		-0.0836089		
25.69		-0.0835914		
25.7		-0.0835735		
25.71		-0.0835553		
25.72		-0.0835367		
25.73		-0.0835177		
25.74		-0.0834984		
25.75		-0.0834788		
25.76		-0.0834588		
25.77		-0.0834385		
25.78		-0.0834178		
25.79		-0.0833968		
25.8		-0.0833755		
25.81		-0.0833538		
25.82		-0.0833318		
25.83		-0.0833095		
25.84		-0.0832868		
25.85		-0.0832638		
25.86		-0.0832404		
25.87		-0.0832168		
25.88		-0.0831928		
25.89		-0.0831685		
25.9		-0.0831439		
25.91		-0.0831189		
25.92		-0.0830936		
25.93		-0.083068		
25.94		-0.0830421		
25.95		-0.0830159		
25.96		-0.0829893		
25.97		-0.0829625		
25.98		-0.0829353		
25.99		-0.0829078		
26		-0.08288		
26.01		-0.0828519		
26.02		-0.0828235		
26.03		-0.0827947		
26.04		-0.0827657		
26.05		-0.0827364		
26.06		-0.0827067		
26.07		-0.0826768		
26.08		-0.0826465		
26.09		-0.0826159		
26.1		-0.0825851		
26.11		-0.0825539		
26.12		-0.0825225		
26.13		-0.0824907		
26.14		-0.0824586		
26.15		-0.0824263		
26.16		-0.0823936		
26.17		-0.0823607		
26.18		-0.0823274		
26.19		-0.0822939		
26.2		-0.0822601		
26.21		-0.082226		
26.22		-0.0821915		
26.23		-0.0821568		
26.24		-0.0821218		
26.25		-0.0820866		
26.26		-0.082051		
26.27		-0.0820151		
26.28		-0.081979		
26.29		-0.0819426		
26.3		-0.0819059		
26.31		-0.0818689		
26.32		-0.0818316		
26.33		-0.081794		
26.34		-0.0817562		
26.35		-0.081718		
26.36		-0.0816796		
26.37		-0.0816409		
26.38		-0.081602		
26.39		-0.0815627		
26.4		-0.0815232		
26.41		-0.0814834		
26.42		-0.0814433		
26.43		-0.081403		
26.44		-0.0813624		
26.45		-0.0813215		
26.46		-0.0812803		
26.47		-0.0812388		
26.48		-0.0811971		
26.49		-0.0811551		
26.5		-0.0811129		
26.51		-0.0810703		
26.52		-0.0810275		
26.53		-0.0809844		
26.54		-0.0809411		
26.55		-0.0808975		
26.56		-0.0808536		
26.57		-0.0808095		
26.58		-0.0807651		
26.59		-0.0807204		
26.6		-0.0806755		
26.61		-0.0806303		
26.62		-0.0805848		
26.63		-0.0805391		
26.64		-0.0804931		
26.65		-0.0804468		
26.66		-0.0804003		
26.67		-0.0803535		
26.68		-0.0803065		
26.69		-0.0802592		
26.7		-0.0802116		
26.71		-0.0801638		
26.72		-0.0801158		
26.73		-0.0800674		
26.74		-0.0800189		
26.75		-0.07997		
26.76		-0.0799209		
26.77		-0.0798716		
26.78		-0.079822		
26.79		-0.0797721		
26.8		-0.079722		
26.81		-0.0796717		
26.82		-0.0796211		
26.83		-0.0795702		
26.84		-0.0795191		
26.85		-0.0794677		
26.86		-0.0794161		
26.87		-0.0793643		
26.88		-0.0793122		
26.89		-0.0792598		
26.9		-0.0792072		
26.91		-0.0791544		
26.92		-0.0791013		
26.93		-0.079048		
26.94		-0.0789944		
26.95		-0.0789406		
26.96		-0.0788865		
26.97		-0.0788322		
26.98		-0.0787777		
26.99		-0.0787229		
27		-0.0786679		
27.01		-0.0786126		
27.02		-0.0785571		
27.03		-0.0785014		
27.04		-0.0784454		
27.05		-0.0783892		
27.06		-0.0783327		
27.07		-0.0782761		
27.08		-0.0782191		
27.09		-0.078162		
27.1		-0.0781046		
27.11		-0.078047		
27.12		-0.0779891		
27.13		-0.077931		
27.14		-0.0778727		
27.15		-0.0778142		
27.16		-0.0777554		
27.17		-0.0776964		
27.18		-0.0776371		
27.19		-0.0775777		
27.2		-0.077518		
27.21		-0.0774581		
27.22		-0.0773979		
27.23		-0.0773376		
27.24		-0.077277		
27.25		-0.0772162		
27.26		-0.0771551		
27.27		-0.0770939		
27.28		-0.0770324		
27.29		-0.0769707		
27.3		-0.0769088		
27.31		-0.0768466		
27.32		-0.0767842		
27.33		-0.0767217		
27.34		-0.0766589		
27.35		-0.0765958		
27.36		-0.0765326		
27.37		-0.0764692		
27.38		-0.0764055		
27.39		-0.0763416		
27.4		-0.0762775		
27.41		-0.0762132		
27.42		-0.0761487		
27.43		-0.076084		
27.44		-0.076019		
27.45		-0.0759539		
27.46		-0.0758885		
27.47		-0.075823		
27.48		-0.0757572		
27.49		-0.0756912		
27.5		-0.075625		
27.51		-0.0755586		
27.52		-0.075492		
27.53		-0.0754252		
27.54		-0.0753582		
27.55		-0.075291		
27.56		-0.0752236		
27.57		-0.075156		
27.58		-0.0750882		
27.59		-0.0750202		
27.6		-0.074952		
27.61		-0.0748836		
27.62		-0.0748149		
27.63		-0.0747461		
27.64		-0.0746771		
27.65		-0.0746079		
27.66		-0.0745386		
27.67		-0.074469		
27.68		-0.0743992		
27.69		-0.0743292		
27.7		-0.0742591		
27.71		-0.0741887		
27.72		-0.0741182		
27.73		-0.0740474		
27.74		-0.0739765		
27.75		-0.0739054		
27.76		-0.0738341		
27.77		-0.0737626		
27.78		-0.073691		
27.79		-0.0736191		
27.8		-0.0735471		
27.81		-0.0734749		
27.82		-0.0734025		
27.83		-0.0733299		
27.84		-0.0732572		
27.85		-0.0731842		
27.86		-0.0731111		
27.87		-0.0730378		
27.88		-0.0729643		
27.89		-0.0728907		
27.9		-0.0728169		
27.91		-0.0727429		
27.92		-0.0726687		
27.93		-0.0725943		
27.94		-0.0725198		
27.95		-0.0724451		
27.96		-0.0723703		
27.97		-0.0722952		
27.98		-0.07222		
27.99		-0.0721447		
28		-0.0720691		
28.01		-0.0719934		
28.02		-0.0719176		
28.03		-0.0718415		
28.04		-0.0717653		
28.05		-0.071689		
28.06		-0.0716124		
28.07		-0.0715358		
28.08		-0.0714589		
28.09		-0.0713819		
28.1		-0.0713047		
28.11		-0.0712274		
28.12		-0.0711499		
28.13		-0.0710723		
28.14		-0.0709945		
28.15		-0.0709166		
28.16		-0.0708385		
28.17		-0.0707602		
28.18		-0.0706818		
28.19		-0.0706033		
28.2		-0.0705245		
28.21		-0.0704457		
28.22		-0.0703667		
28.23		-0.0702875		
28.24		-0.0702082		
28.25		-0.0701288		
28.26		-0.0700492		
28.27		-0.0699695		
28.28		-0.0698896		
28.29		-0.0698096		
28.3		-0.0697294		
28.31		-0.0696491		
28.32		-0.0695686		
28.33		-0.0694881		
28.34		-0.0694073		
28.35		-0.0693265		
28.36		-0.0692455		
28.37		-0.0691643		
28.38		-0.0690831		
28.39		-0.0690017		
28.4		-0.0689201		
28.41		-0.0688385		
28.42		-0.0687567		
28.43		-0.0686748		
28.44		-0.0685927		
28.45		-0.0685105		
28.46		-0.0684282		
28.47		-0.0683458		
28.48		-0.0682632		
28.49		-0.0681805		
28.5		-0.0680977		
28.51		-0.0680148		
28.52		-0.0679317		
28.53		-0.0678485		
28.54		-0.0677652		
28.55		-0.0676818		
28.56		-0.0675983		
28.57		-0.0675146		
28.58		-0.0674308		
28.59		-0.0673469		
28.6		-0.0672629		
28.61		-0.0671788		
28.62		-0.0670946		
28.63		-0.0670103		
28.64		-0.0669258		
28.65		-0.0668412		
28.66		-0.0667566		
28.67		-0.0666718		
28.68		-0.0665869		
28.69		-0.0665019		
28.7		-0.0664168		
28.71		-0.0663316		
28.72		-0.0662463		
28.73		-0.0661609		
28.74		-0.0660754		
28.75		-0.0659897		
28.76		-0.065904		
28.77		-0.0658182		
28.78		-0.0657323		
28.79		-0.0656463		
28.8		-0.0655602		
28.81		-0.065474		
28.82		-0.0653877		
28.83		-0.0653013		
28.84		-0.0652148		
28.85		-0.0651282		
28.86		-0.0650416		
28.87		-0.0649548		
28.88		-0.064868		
28.89		-0.064781		
28.9		-0.064694		
28.91		-0.0646069		
28.92		-0.0645197		
28.93		-0.0644324		
28.94		-0.0643451		
28.95		-0.0642576		
28.96		-0.0641701		
28.97		-0.0640825		
28.98		-0.0639948		
28.99		-0.063907		
29		-0.0638192		
29.01		-0.0637313		
29.02		-0.0636433		
29.03		-0.0635552		
29.04		-0.063467		
29.05		-0.0633788		
29.06		-0.0632905		
29.07		-0.0632022		
29.08		-0.0631137		
29.09		-0.0630252		
29.1		-0.0629367		
29.11		-0.062848		
29.12		-0.0627593		
29.13		-0.0626705		
29.14		-0.0625817		
29.15		-0.0624928		
29.16		-0.0624038		
29.17		-0.0623148		
29.18		-0.0622257		
29.19		-0.0621366		
29.2		-0.0620474		
29.21		-0.0619581		
29.22		-0.0618688		
29.23		-0.0617794		
29.24		-0.0616899		
29.25		-0.0616004		
29.26		-0.0615109		
29.27		-0.0614213		
29.28		-0.0613316		
29.29		-0.0612419		
29.3		-0.0611522		
29.31		-0.0610624		
29.32		-0.0609725		
29.33		-0.0608826		
29.34		-0.0607927		
29.35		-0.0607027		
29.36		-0.0606126		
29.37		-0.0605226		
29.38		-0.0604324		
29.39		-0.0603423		
29.4		-0.060252		
29.41		-0.0601618		
29.42		-0.0600715		
29.43		-0.0599812		
29.44		-0.0598908		
29.45		-0.0598004		
29.46		-0.05971		
29.47		-0.0596195		
29.48		-0.059529		
29.49		-0.0594385		
29.5		-0.0593479		
29.51		-0.0592573		
29.52		-0.0591666		
29.53		-0.059076		
29.54		-0.0589853		
29.55		-0.0588946		
29.56		-0.0588038		
29.57		-0.058713		
29.58		-0.0586222		
29.59		-0.0585314		
29.6		-0.0584406		
29.61		-0.0583497		
29.62		-0.0582588		
29.63		-0.0581679		
29.64		-0.058077		
29.65		-0.057986		
29.66		-0.0578951		
29.67		-0.0578041		
29.68		-0.0577131		
29.69		-0.057622		
29.7		-0.057531		
29.71		-0.05744		
29.72		-0.0573489		
29.73		-0.0572578		
29.74		-0.0571668		
29.75		-0.0570757		
29.76		-0.0569846		
29.77		-0.0568934		
29.78		-0.0568023		
29.79		-0.0567112		
29.8		-0.0566201		
29.81		-0.0565289		
29.82		-0.0564378		
29.83		-0.0563467		
29.84		-0.0562555		
29.85		-0.0561644		
29.86		-0.0560732		
29.87		-0.0559821		
29.88		-0.0558909		
29.89		-0.0557998		
29.9		-0.0557086		
29.91		-0.0556175		
29.92		-0.0555263		
29.93		-0.0554352		
29.94		-0.0553441		
29.95		-0.055253		
29.96		-0.0551618		
29.97		-0.0550707		
29.98		-0.0549796		
29.99		-0.0548886		
30		-0.0547975		
