t [fm]		R_Pi^-1
0.25		0
0.26		-0.10164		
0.27		-0.10292		
0.28		-0.10387		
0.29		-0.10452		
0.3		-0.10487		
0.31		-0.10496		
0.32		-0.10481		
0.33		-0.10443		
0.34		-0.10384		
0.35		-0.10306		
0.36		-0.1021		
0.37		-0.10098		
0.38		-0.099722		
0.39		-0.09833		
0.4		-0.096821		
0.41		-0.095206		
0.42		-0.093498		
0.43		-0.091707		
0.44		-0.089844		
0.45		-0.087918		
0.46		-0.085939		
0.47		-0.083915		
0.48		-0.081853		
0.49		-0.079762		
0.5		-0.077649		
0.51		-0.075519		
0.52		-0.073379		
0.53		-0.071234		
0.54		-0.06909		
0.55		-0.066951		
0.56		-0.064821		
0.57		-0.062705		
0.58		-0.060607		
0.59		-0.058529		
0.6		-0.056474		
0.61		-0.054446		
0.62		-0.052448		
0.63		-0.05048		
0.64		-0.048546		
0.65		-0.046646		
0.66		-0.044784		
0.67		-0.042959		
0.68		-0.041173		
0.69		-0.039428		
0.7		-0.037723		
0.71		-0.03606		
0.72		-0.034439		
0.73		-0.032861		
0.74		-0.031326		
0.75		-0.029833		
0.76		-0.028384		
0.77		-0.026977		
0.78		-0.025613		
0.79		-0.024292		
0.8		-0.023013		
0.81		-0.021776		
0.82		-0.02058		
0.83		-0.019425		
0.84		-0.018311		
0.85		-0.017236		
0.86		-0.0162		
0.87		-0.015203		
0.88		-0.014243		
0.89		-0.01332		
0.9		-0.012433		
0.91		-0.011582		
0.92		-0.010765		
0.93		-0.009982		
0.94		-0.0092317		
0.95		-0.0085133		
0.96		-0.0078262		
0.97		-0.0071693		
0.98		-0.0065418		
0.99		-0.0059429		
1		-0.0053718		
1.01		-0.0048275		
1.02		-0.0043092		
1.03		-0.0038161		
1.04		-0.0033474		
1.05		-0.0029023		
1.06		-0.0024799		
1.07		-0.0020794		
1.08		-0.0017002		
1.09		-0.0013413		
1.1		-0.0010022		
1.11		-0.0006819		
1.12		-0.00037987		
1.13		-9.5343e-05		
1.14		0.00017236		
1.15		0.0004239		
1.16		0.00065993		
1.17		0.0008811		
1.18		0.001088		
1.19		0.0012813		
1.2		0.0014615		
1.21		0.0016292		
1.22		0.0017849		
1.23		0.0019292		
1.24		0.0020626		
1.25		0.0021856		
1.26		0.0022987		
1.27		0.0024023		
1.28		0.002497		
1.29		0.002583		
1.3		0.0026609		
1.31		0.002731		
1.32		0.0027938		
1.33		0.0028495		
1.34		0.0028987		
1.35		0.0029415		
1.36		0.0029785		
1.37		0.0030098		
1.38		0.0030357		
1.39		0.0030567		
1.4		0.0030729		
1.41		0.0030846		
1.42		0.0030921		
1.43		0.0030957		
1.44		0.0030955		
1.45		0.0030918		
1.46		0.0030849		
1.47		0.0030749		
1.48		0.003062		
1.49		0.0030464		
1.5		0.0030283		
1.51		0.0030079		
1.52		0.0029853		
1.53		0.0029608		
1.54		0.0029343		
1.55		0.0029062		
1.56		0.0028764		
1.57		0.0028453		
1.58		0.0028128		
1.59		0.002779		
1.6		0.0027442		
1.61		0.0027084		
1.62		0.0026717		
1.63		0.0026341		
1.64		0.0025959		
1.65		0.002557		
1.66		0.0025176		
1.67		0.0024777		
1.68		0.0024374		
1.69		0.0023968		
1.7		0.0023559		
1.71		0.0023147		
1.72		0.0022734		
1.73		0.002232		
1.74		0.0021906		
1.75		0.0021491		
1.76		0.0021077		
1.77		0.0020664		
1.78		0.0020251		
1.79		0.001984		
1.8		0.0019431		
1.81		0.0019025		
1.82		0.001862		
1.83		0.0018219		
1.84		0.001782		
1.85		0.0017425		
1.86		0.0017032		
1.87		0.0016644		
1.88		0.001626		
1.89		0.0015879		
1.9		0.0015502		
1.91		0.001513		
1.92		0.0014763		
1.93		0.0014399		
1.94		0.0014041		
1.95		0.0013687		
1.96		0.0013338		
1.97		0.0012994		
1.98		0.0012654		
1.99		0.001232		
2		0.0011991		
2.01		0.0011667		
2.02		0.0011348		
2.03		0.0011035		
2.04		0.0010726		
2.05		0.0010423		
2.06		0.0010125		
2.07		0.00098321		
2.08		0.00095445		
2.09		0.00092621		
2.1		0.00089849		
2.11		0.00087129		
2.12		0.00084461		
2.13		0.00081844		
2.14		0.00079279		
2.15		0.00076765		
2.16		0.00074302		
2.17		0.00071888		
2.18		0.00069525		
2.19		0.00067212		
2.2		0.00064948		
2.21		0.00062732		
2.22		0.00060565		
2.23		0.00058446		
2.24		0.00056374		
2.25		0.00054349		
2.26		0.00052371		
2.27		0.00050438		
2.28		0.00048551		
2.29		0.00046708		
2.3		0.0004491		
2.31		0.00043155		
2.32		0.00041444		
2.33		0.00039775		
2.34		0.00038148		
2.35		0.00036563		
2.36		0.00035018		
2.37		0.00033513		
2.38		0.00032048		
2.39		0.00030622		
2.4		0.00029234		
2.41		0.00027885		
2.42		0.00026572		
2.43		0.00025296		
2.44		0.00024056		
2.45		0.00022851		
2.46		0.00021681		
2.47		0.00020546		
2.48		0.00019443		
2.49		0.00018374		
2.5		0.00017337		
2.51		0.00016333		
2.52		0.00015359		
2.53		0.00014416		
2.54		0.00013502		
2.55		0.00012619		
2.56		0.00011764		
2.57		0.00010938		
2.58		0.00010139		
2.59		9.3672e-05		
2.6		8.6222e-05		
2.61		7.9032e-05		
2.62		7.2098e-05		
2.63		6.5413e-05		
2.64		5.8972e-05		
2.65		5.277e-05		
2.66		4.6801e-05		
2.67		4.1061e-05		
2.68		3.5543e-05		
2.69		3.0242e-05		
2.7		2.5154e-05		
2.71		2.0274e-05		
2.72		1.5595e-05		
2.73		1.1114e-05		
2.74		6.8258e-06		
2.75		2.7248e-06		
2.76		-1.1935e-06		
2.77		-4.9339e-06		
2.78		-8.501e-06		
2.79		-1.19e-05		
2.8		-1.5134e-05		
2.81		-1.821e-05		
2.82		-2.1131e-05		
2.83		-2.3901e-05		
2.84		-2.6525e-05		
2.85		-2.9008e-05		
2.86		-3.1353e-05		
2.87		-3.3565e-05		
2.88		-3.5649e-05		
2.89		-3.7608e-05		
2.9		-3.9446e-05		
2.91		-4.1167e-05		
2.92		-4.2776e-05		
2.93		-4.4276e-05		
2.94		-4.5672e-05		
2.95		-4.6966e-05		
2.96		-4.8164e-05		
2.97		-4.9268e-05		
2.98		-5.0282e-05		
2.99		-5.121e-05		
3		-5.2055e-05		
3.01		-5.2822e-05		
3.02		-5.3513e-05		
3.03		-5.4132e-05		
3.04		-5.4683e-05		
3.05		-5.5168e-05		
3.06		-5.5591e-05		
3.07		-5.5955e-05		
3.08		-5.6264e-05		
3.09		-5.6521e-05		
3.1		-5.6728e-05		
3.11		-5.6889e-05		
3.12		-5.7007e-05		
3.13		-5.7085e-05		
3.14		-5.7125e-05		
3.15		-5.7131e-05		
3.16		-5.7106e-05		
3.17		-5.7052e-05		
3.18		-5.6972e-05		
3.19		-5.6869e-05		
3.2		-5.6746e-05		
3.21		-5.6605e-05		
3.22		-5.6448e-05		
3.23		-5.6279e-05		
3.24		-5.61e-05		
3.25		-5.5913e-05		
3.26		-5.5721e-05		
3.27		-5.5526e-05		
3.28		-5.5331e-05		
3.29		-5.5138e-05		
3.3		-5.4949e-05		
3.31		-5.4767e-05		
3.32		-5.4593e-05		
3.33		-5.4431e-05		
3.34		-5.4281e-05		
3.35		-5.4147e-05		
3.36		-5.403e-05		
3.37		-5.3933e-05		
3.38		-5.3857e-05		
3.39		-5.3804e-05		
3.4		-5.3777e-05		
3.41		-5.3777e-05		
3.42		-5.3806e-05		
3.43		-5.3866e-05		
3.44		-5.3959e-05		
3.45		-5.4087e-05		
3.46		-5.4251e-05		
3.47		-5.4454e-05		
3.48		-5.4696e-05		
3.49		-5.498e-05		
3.5		-5.5307e-05		
3.51		-5.5679e-05		
3.52		-5.6098e-05		
3.53		-5.6564e-05		
3.54		-5.708e-05		
3.55		-5.7648e-05		
3.56		-5.8267e-05		
3.57		-5.8941e-05		
3.58		-5.967e-05		
3.59		-6.0456e-05		
3.6		-6.13e-05		
3.61		-6.2204e-05		
3.62		-6.3168e-05		
3.63		-6.4195e-05		
3.64		-6.5286e-05		
3.65		-6.6441e-05		
3.66		-6.7662e-05		
3.67		-6.895e-05		
3.68		-7.0307e-05		
3.69		-7.1733e-05		
3.7		-7.323e-05		
3.71		-7.4798e-05		
3.72		-7.644e-05		
3.73		-7.8155e-05		
3.74		-7.9946e-05		
3.75		-8.1813e-05		
3.76		-8.3756e-05		
3.77		-8.5778e-05		
3.78		-8.7879e-05		
3.79		-9.006e-05		
3.8		-9.2321e-05		
3.81		-9.4665e-05		
3.82		-9.7091e-05		
3.83		-9.9601e-05		
3.84		-0.0001022		
3.85		-0.00010487		
3.86		-0.00010764		
3.87		-0.00011049		
3.88		-0.00011343		
3.89		-0.00011646		
3.9		-0.00011958		
3.91		-0.00012279		
3.92		-0.00012609		
3.93		-0.00012948		
3.94		-0.00013296		
3.95		-0.00013653		
3.96		-0.0001402		
3.97		-0.00014396		
3.98		-0.00014782		
3.99		-0.00015177		
4		-0.00015582		
4.01		-0.00015996		
4.02		-0.0001642		
4.03		-0.00016854		
4.04		-0.00017298		
4.05		-0.00017751		
4.06		-0.00018215		
4.07		-0.00018688		
4.08		-0.00019171		
4.09		-0.00019665		
4.1		-0.00020168		
4.11		-0.00020682		
4.12		-0.00021206		
4.13		-0.0002174		
4.14		-0.00022284		
4.15		-0.00022838		
4.16		-0.00023403		
4.17		-0.00023979		
4.18		-0.00024564		
4.19		-0.0002516		
4.2		-0.00025767		
4.21		-0.00026384		
4.22		-0.00027012		
4.23		-0.0002765		
4.24		-0.00028299		
4.25		-0.00028958		
4.26		-0.00029628		
4.27		-0.00030309		
4.28		-0.00031		
4.29		-0.00031703		
4.3		-0.00032415		
4.31		-0.00033139		
4.32		-0.00033874		
4.33		-0.00034619		
4.34		-0.00035375		
4.35		-0.00036142		
4.36		-0.0003692		
4.37		-0.00037708		
4.38		-0.00038508		
4.39		-0.00039318		
4.4		-0.0004014		
4.41		-0.00040972		
4.42		-0.00041815		
4.43		-0.0004267		
4.44		-0.00043535		
4.45		-0.00044411		
4.46		-0.00045298		
4.47		-0.00046196		
4.48		-0.00047106		
4.49		-0.00048026		
4.5		-0.00048957		
4.51		-0.00049899		
4.52		-0.00050852		
4.53		-0.00051817		
4.54		-0.00052792		
4.55		-0.00053778		
4.56		-0.00054776		
4.57		-0.00055784		
4.58		-0.00056804		
4.59		-0.00057834		
4.6		-0.00058876		
4.61		-0.00059928		
4.62		-0.00060992		
4.63		-0.00062066		
4.64		-0.00063152		
4.65		-0.00064249		
4.66		-0.00065357		
4.67		-0.00066475		
4.68		-0.00067605		
4.69		-0.00068746		
4.7		-0.00069898		
4.71		-0.0007106		
4.72		-0.00072234		
4.73		-0.00073419		
4.74		-0.00074614		
4.75		-0.00075821		
4.76		-0.00077039		
4.77		-0.00078267		
4.78		-0.00079507		
4.79		-0.00080757		
4.8		-0.00082019		
4.81		-0.00083291		
4.82		-0.00084574		
4.83		-0.00085868		
4.84		-0.00087173		
4.85		-0.00088488		
4.86		-0.00089815		
4.87		-0.00091152		
4.88		-0.00092501		
4.89		-0.0009386		
4.9		-0.00095229		
4.91		-0.0009661		
4.92		-0.00098001		
4.93		-0.00099403		
4.94		-0.0010082		
4.95		-0.0010224		
4.96		-0.0010367		
4.97		-0.0010512		
4.98		-0.0010657		
4.99		-0.0010804		
5		-0.0010952		
5.01		-0.00111		
5.02		-0.001125		
5.03		-0.0011401		
5.04		-0.0011553		
5.05		-0.0011706		
5.06		-0.001186		
5.07		-0.0012015		
5.08		-0.0012171		
5.09		-0.0012328		
5.1		-0.0012486		
5.11		-0.0012646		
5.12		-0.0012806		
5.13		-0.0012967		
5.14		-0.0013129		
5.15		-0.0013293		
5.16		-0.0013457		
5.17		-0.0013623		
5.18		-0.0013789		
5.19		-0.0013957		
5.2		-0.0014125		
5.21		-0.0014295		
5.22		-0.0014465		
5.23		-0.0014637		
5.24		-0.0014809		
5.25		-0.0014983		
5.26		-0.0015157		
5.27		-0.0015333		
5.28		-0.0015509		
5.29		-0.0015687		
5.3		-0.0015866		
5.31		-0.0016045		
5.32		-0.0016226		
5.33		-0.0016407		
5.34		-0.001659		
5.35		-0.0016773		
5.36		-0.0016958		
5.37		-0.0017143		
5.38		-0.0017329		
5.39		-0.0017517		
5.4		-0.0017705		
5.41		-0.0017895		
5.42		-0.0018085		
5.43		-0.0018276		
5.44		-0.0018468		
5.45		-0.0018662		
5.46		-0.0018856		
5.47		-0.0019051		
5.48		-0.0019247		
5.49		-0.0019444		
5.5		-0.0019642		
5.51		-0.0019841		
5.52		-0.002004		
5.53		-0.0020241		
5.54		-0.0020443		
5.55		-0.0020645		
5.56		-0.0020849		
5.57		-0.0021053		
5.58		-0.0021259		
5.59		-0.0021465		
5.6		-0.0021672		
5.61		-0.002188		
5.62		-0.0022089		
5.63		-0.0022299		
5.64		-0.002251		
5.65		-0.0022722		
5.66		-0.0022935		
5.67		-0.0023148		
5.68		-0.0023363		
5.69		-0.0023578		
5.7		-0.0023794		
5.71		-0.0024011		
5.72		-0.0024229		
5.73		-0.0024448		
5.74		-0.0024668		
5.75		-0.0024888		
5.76		-0.002511		
5.77		-0.0025332		
5.78		-0.0025555		
5.79		-0.0025779		
5.8		-0.0026004		
5.81		-0.002623		
5.82		-0.0026457		
5.83		-0.0026684		
5.84		-0.0026913		
5.85		-0.0027142		
5.86		-0.0027372		
5.87		-0.0027603		
5.88		-0.0027834		
5.89		-0.0028067		
5.9		-0.00283		
5.91		-0.0028534		
5.92		-0.0028769		
5.93		-0.0029005		
5.94		-0.0029242		
5.95		-0.0029479		
5.96		-0.0029717		
5.97		-0.0029957		
5.98		-0.0030196		
5.99		-0.0030437		
6		-0.0030679		
6.01		-0.0030921		
6.02		-0.0031164		
6.03		-0.0031408		
6.04		-0.0031652		
6.05		-0.0031898		
6.06		-0.0032144		
6.07		-0.0032391		
6.08		-0.0032639		
6.09		-0.0032887		
6.1		-0.0033137		
6.11		-0.0033387		
6.12		-0.0033638		
6.13		-0.0033889		
6.14		-0.0034142		
6.15		-0.0034395		
6.16		-0.0034649		
6.17		-0.0034903		
6.18		-0.0035159		
6.19		-0.0035415		
6.2		-0.0035672		
6.21		-0.0035929		
6.22		-0.0036188		
6.23		-0.0036447		
6.24		-0.0036707		
6.25		-0.0036967		
6.26		-0.0037228		
6.27		-0.003749		
6.28		-0.0037753		
6.29		-0.0038017		
6.3		-0.0038281		
6.31		-0.0038545		
6.32		-0.0038811		
6.33		-0.0039077		
6.34		-0.0039344		
6.35		-0.0039612		
6.36		-0.003988		
6.37		-0.0040149		
6.38		-0.0040419		
6.39		-0.004069		
6.4		-0.0040961		
6.41		-0.0041232		
6.42		-0.0041505		
6.43		-0.0041778		
6.44		-0.0042052		
6.45		-0.0042326		
6.46		-0.0042602		
6.47		-0.0042877		
6.48		-0.0043154		
6.49		-0.0043431		
6.5		-0.0043709		
6.51		-0.0043987		
6.52		-0.0044266		
6.53		-0.0044546		
6.54		-0.0044827		
6.55		-0.0045108		
6.56		-0.0045389		
6.57		-0.0045672		
6.58		-0.0045955		
6.59		-0.0046238		
6.6		-0.0046523		
6.61		-0.0046807		
6.62		-0.0047093		
6.63		-0.0047379		
6.64		-0.0047666		
6.65		-0.0047953		
6.66		-0.0048241		
6.67		-0.004853		
6.68		-0.0048819		
6.69		-0.0049109		
6.7		-0.0049399		
6.71		-0.004969		
6.72		-0.0049982		
6.73		-0.0050274		
6.74		-0.0050567		
6.75		-0.005086		
6.76		-0.0051154		
6.77		-0.0051449		
6.78		-0.0051744		
6.79		-0.0052039		
6.8		-0.0052336		
6.81		-0.0052633		
6.82		-0.005293		
6.83		-0.0053228		
6.84		-0.0053527		
6.85		-0.0053826		
6.86		-0.0054125		
6.87		-0.0054426		
6.88		-0.0054727		
6.89		-0.0055028		
6.9		-0.005533		
6.91		-0.0055632		
6.92		-0.0055935		
6.93		-0.0056239		
6.94		-0.0056543		
6.95		-0.0056848		
6.96		-0.0057153		
6.97		-0.0057459		
6.98		-0.0057765		
6.99		-0.0058072		
7		-0.0058379		
7.01		-0.0058687		
7.02		-0.0058995		
7.03		-0.0059304		
7.04		-0.0059613		
7.05		-0.0059923		
7.06		-0.0060234		
7.07		-0.0060545		
7.08		-0.0060856		
7.09		-0.0061168		
7.1		-0.0061481		
7.11		-0.0061793		
7.12		-0.0062107		
7.13		-0.0062421		
7.14		-0.0062735		
7.15		-0.006305		
7.16		-0.0063366		
7.17		-0.0063682		
7.18		-0.0063998		
7.19		-0.0064315		
7.2		-0.0064632		
7.21		-0.006495		
7.22		-0.0065268		
7.23		-0.0065587		
7.24		-0.0065906		
7.25		-0.0066226		
7.26		-0.0066546		
7.27		-0.0066867		
7.28		-0.0067188		
7.29		-0.006751		
7.3		-0.0067832		
7.31		-0.0068154		
7.32		-0.0068477		
7.33		-0.00688		
7.34		-0.0069124		
7.35		-0.0069449		
7.36		-0.0069773		
7.37		-0.0070098		
7.38		-0.0070424		
7.39		-0.007075		
7.4		-0.0071077		
7.41		-0.0071403		
7.42		-0.0071731		
7.43		-0.0072059		
7.44		-0.0072387		
7.45		-0.0072715		
7.46		-0.0073044		
7.47		-0.0073374		
7.48		-0.0073704		
7.49		-0.0074034		
7.5		-0.0074365		
7.51		-0.0074696		
7.52		-0.0075027		
7.53		-0.0075359		
7.54		-0.0075692		
7.55		-0.0076024		
7.56		-0.0076357		
7.57		-0.0076691		
7.58		-0.0077025		
7.59		-0.0077359		
7.6		-0.0077694		
7.61		-0.0078029		
7.62		-0.0078365		
7.63		-0.0078701		
7.64		-0.0079037		
7.65		-0.0079373		
7.66		-0.0079711		
7.67		-0.0080048		
7.68		-0.0080386		
7.69		-0.0080724		
7.7		-0.0081062		
7.71		-0.0081401		
7.72		-0.0081741		
7.73		-0.008208		
7.74		-0.008242		
7.75		-0.0082761		
7.76		-0.0083101		
7.77		-0.0083442		
7.78		-0.0083784		
7.79		-0.0084126		
7.8		-0.0084468		
7.81		-0.008481		
7.82		-0.0085153		
7.83		-0.0085497		
7.84		-0.008584		
7.85		-0.0086184		
7.86		-0.0086528		
7.87		-0.0086873		
7.88		-0.0087218		
7.89		-0.0087563		
7.9		-0.0087909		
7.91		-0.0088254		
7.92		-0.0088601		
7.93		-0.0088947		
7.94		-0.0089294		
7.95		-0.0089641		
7.96		-0.0089989		
7.97		-0.0090337		
7.98		-0.0090685		
7.99		-0.0091034		
8		-0.0091382		
8.01		-0.0091732		
8.02		-0.0092081		
8.03		-0.0092431		
8.04		-0.0092781		
8.05		-0.0093131		
8.06		-0.0093482		
8.07		-0.0093833		
8.08		-0.0094184		
8.09		-0.0094536		
8.1		-0.0094888		
8.11		-0.009524		
8.12		-0.0095593		
8.13		-0.0095945		
8.14		-0.0096299		
8.15		-0.0096652		
8.16		-0.0097006		
8.17		-0.009736		
8.18		-0.0097714		
8.19		-0.0098068		
8.2		-0.0098423		
8.21		-0.0098778		
8.22		-0.0099134		
8.23		-0.0099489		
8.24		-0.0099845		
8.25		-0.01002		
8.26		-0.010056		
8.27		-0.010091		
8.28		-0.010127		
8.29		-0.010163		
8.3		-0.010199		
8.31		-0.010234		
8.32		-0.01027		
8.33		-0.010306		
8.34		-0.010342		
8.35		-0.010378		
8.36		-0.010414		
8.37		-0.01045		
8.38		-0.010486		
8.39		-0.010522		
8.4		-0.010558		
8.41		-0.010594		
8.42		-0.01063		
8.43		-0.010666		
8.44		-0.010702		
8.45		-0.010738		
8.46		-0.010774		
8.47		-0.01081		
8.48		-0.010847		
8.49		-0.010883		
8.5		-0.010919		
8.51		-0.010955		
8.52		-0.010992		
8.53		-0.011028		
8.54		-0.011064		
8.55		-0.011101		
8.56		-0.011137		
8.57		-0.011174		
8.58		-0.01121		
8.59		-0.011246		
8.6		-0.011283		
8.61		-0.011319		
8.62		-0.011356		
8.63		-0.011393		
8.64		-0.011429		
8.65		-0.011466		
8.66		-0.011502		
8.67		-0.011539		
8.68		-0.011576		
8.69		-0.011612		
8.7		-0.011649		
8.71		-0.011686		
8.72		-0.011723		
8.73		-0.011759		
8.74		-0.011796		
8.75		-0.011833		
8.76		-0.01187		
8.77		-0.011907		
8.78		-0.011944		
8.79		-0.01198		
8.8		-0.012017		
8.81		-0.012054		
8.82		-0.012091		
8.83		-0.012128		
8.84		-0.012165		
8.85		-0.012202		
8.86		-0.012239		
8.87		-0.012276		
8.88		-0.012313		
8.89		-0.01235		
8.9		-0.012387		
8.91		-0.012424		
8.92		-0.012461		
8.93		-0.012498		
8.94		-0.012535		
8.95		-0.012573		
8.96		-0.01261		
8.97		-0.012647		
8.98		-0.012684		
8.99		-0.012721		
9		-0.012759		
9.01		-0.012796		
9.02		-0.012833		
9.03		-0.012871		
9.04		-0.012908		
9.05		-0.012945		
9.06		-0.012983		
9.07		-0.01302		
9.08		-0.013057		
9.09		-0.013095		
9.1		-0.013132		
9.11		-0.013169		
9.12		-0.013207		
9.13		-0.013244		
9.14		-0.013282		
9.15		-0.013319		
9.16		-0.013357		
9.17		-0.013394		
9.18		-0.013432		
9.19		-0.013469		
9.2		-0.013507		
9.21		-0.013545		
9.22		-0.013582		
9.23		-0.01362		
9.24		-0.013657		
9.25		-0.013695		
9.26		-0.013733		
9.27		-0.01377		
9.28		-0.013808		
9.29		-0.013846		
9.3		-0.013883		
9.31		-0.013921		
9.32		-0.013959		
9.33		-0.013997		
9.34		-0.014034		
9.35		-0.014072		
9.36		-0.01411		
9.37		-0.014148		
9.38		-0.014186		
9.39		-0.014223		
9.4		-0.014261		
9.41		-0.014299		
9.42		-0.014337		
9.43		-0.014375		
9.44		-0.014413		
9.45		-0.01445		
9.46		-0.014488		
9.47		-0.014526		
9.48		-0.014564		
9.49		-0.014602		
9.5		-0.01464		
9.51		-0.014678		
9.52		-0.014716		
9.53		-0.014754		
9.54		-0.014792		
9.55		-0.01483		
9.56		-0.014868		
9.57		-0.014906		
9.58		-0.014944		
9.59		-0.014982		
9.6		-0.01502		
9.61		-0.015058		
9.62		-0.015096		
9.63		-0.015135		
9.64		-0.015173		
9.65		-0.015211		
9.66		-0.015249		
9.67		-0.015287		
9.68		-0.015325		
9.69		-0.015363		
9.7		-0.015401		
9.71		-0.01544		
9.72		-0.015478		
9.73		-0.015516		
9.74		-0.015554		
9.75		-0.015592		
9.76		-0.015631		
9.77		-0.015669		
9.78		-0.015707		
9.79		-0.015745		
9.8		-0.015784		
9.81		-0.015822		
9.82		-0.01586		
9.83		-0.015898		
9.84		-0.015937		
9.85		-0.015975		
9.86		-0.016013		
9.87		-0.016052		
9.88		-0.01609		
9.89		-0.016128		
9.9		-0.016167		
9.91		-0.016205		
9.92		-0.016243		
9.93		-0.016282		
9.94		-0.01632		
9.95		-0.016358		
9.96		-0.016397		
9.97		-0.016435		
9.98		-0.016474		
9.99		-0.016512		
10		-0.01655		
10.01		-0.016589		
10.02		-0.016627		
10.03		-0.016666		
10.04		-0.016704		
10.05		-0.016743		
10.06		-0.016781		
10.07		-0.016819		
10.08		-0.016858		
10.09		-0.016896		
10.1		-0.016935		
10.11		-0.016973		
10.12		-0.017012		
10.13		-0.01705		
10.14		-0.017089		
10.15		-0.017127		
10.16		-0.017166		
10.17		-0.017204		
10.18		-0.017243		
10.19		-0.017281		
10.2		-0.01732		
10.21		-0.017359		
10.22		-0.017397		
10.23		-0.017436		
10.24		-0.017474		
10.25		-0.017513		
10.26		-0.017551		
10.27		-0.01759		
10.28		-0.017629		
10.29		-0.017667		
10.3		-0.017706		
10.31		-0.017744		
10.32		-0.017783		
10.33		-0.017822		
10.34		-0.01786		
10.35		-0.017899		
10.36		-0.017937		
10.37		-0.017976		
10.38		-0.018015		
10.39		-0.018053		
10.4		-0.018092		
10.41		-0.018131		
10.42		-0.018169		
10.43		-0.018208		
10.44		-0.018247		
10.45		-0.018285		
10.46		-0.018324		
10.47		-0.018363		
10.48		-0.018401		
10.49		-0.01844		
10.5		-0.018479		
10.51		-0.018517		
10.52		-0.018556		
10.53		-0.018595		
10.54		-0.018633		
10.55		-0.018672		
10.56		-0.018711		
10.57		-0.01875		
10.58		-0.018788		
10.59		-0.018827		
10.6		-0.018866		
10.61		-0.018904		
10.62		-0.018943		
10.63		-0.018982		
10.64		-0.019021		
10.65		-0.019059		
10.66		-0.019098		
10.67		-0.019137		
10.68		-0.019176		
10.69		-0.019214		
10.7		-0.019253		
10.71		-0.019292		
10.72		-0.019331		
10.73		-0.019369		
10.74		-0.019408		
10.75		-0.019447		
10.76		-0.019486		
10.77		-0.019524		
10.78		-0.019563		
10.79		-0.019602		
10.8		-0.019641		
10.81		-0.019679		
10.82		-0.019718		
10.83		-0.019757		
10.84		-0.019796		
10.85		-0.019835		
10.86		-0.019873		
10.87		-0.019912		
10.88		-0.019951		
10.89		-0.01999		
10.9		-0.020029		
10.91		-0.020067		
10.92		-0.020106		
10.93		-0.020145		
10.94		-0.020184		
10.95		-0.020223		
10.96		-0.020261		
10.97		-0.0203		
10.98		-0.020339		
10.99		-0.020378		
11		-0.020417		
11.01		-0.020456		
11.02		-0.020494		
11.03		-0.020533		
11.04		-0.020572		
11.05		-0.020611		
11.06		-0.02065		
11.07		-0.020688		
11.08		-0.020727		
11.09		-0.020766		
11.1		-0.020805		
11.11		-0.020844		
11.12		-0.020883		
11.13		-0.020921		
11.14		-0.02096		
11.15		-0.020999		
11.16		-0.021038		
11.17		-0.021077		
11.18		-0.021116		
11.19		-0.021154		
11.2		-0.021193		
11.21		-0.021232		
11.22		-0.021271		
11.23		-0.02131		
11.24		-0.021349		
11.25		-0.021387		
11.26		-0.021426		
11.27		-0.021465		
11.28		-0.021504		
11.29		-0.021543		
11.3		-0.021582		
11.31		-0.021621		
11.32		-0.021659		
11.33		-0.021698		
11.34		-0.021737		
11.35		-0.021776		
11.36		-0.021815		
11.37		-0.021854		
11.38		-0.021892		
11.39		-0.021931		
11.4		-0.02197		
11.41		-0.022009		
11.42		-0.022048		
11.43		-0.022087		
11.44		-0.022126		
11.45		-0.022164		
11.46		-0.022203		
11.47		-0.022242		
11.48		-0.022281		
11.49		-0.02232		
11.5		-0.022359		
11.51		-0.022398		
11.52		-0.022436		
11.53		-0.022475		
11.54		-0.022514		
11.55		-0.022553		
11.56		-0.022592		
11.57		-0.022631		
11.58		-0.022669		
11.59		-0.022708		
11.6		-0.022747		
11.61		-0.022786		
11.62		-0.022825		
11.63		-0.022864		
11.64		-0.022903		
11.65		-0.022941		
11.66		-0.02298		
11.67		-0.023019		
11.68		-0.023058		
11.69		-0.023097		
11.7		-0.023136		
11.71		-0.023175		
11.72		-0.023213		
11.73		-0.023252		
11.74		-0.023291		
11.75		-0.02333		
11.76		-0.023369		
11.77		-0.023408		
11.78		-0.023446		
11.79		-0.023485		
11.8		-0.023524		
11.81		-0.023563		
11.82		-0.023602		
11.83		-0.023641		
11.84		-0.023679		
11.85		-0.023718		
11.86		-0.023757		
11.87		-0.023796		
11.88		-0.023835		
11.89		-0.023874		
11.9		-0.023912		
11.91		-0.023951		
11.92		-0.02399		
11.93		-0.024029		
11.94		-0.024068		
11.95		-0.024107		
11.96		-0.024145		
11.97		-0.024184		
11.98		-0.024223		
11.99		-0.024262		
12		-0.024301		
12.01		-0.02434		
12.02		-0.024378		
12.03		-0.024417		
12.04		-0.024456		
12.05		-0.024495		
12.06		-0.024534		
12.07		-0.024573		
12.08		-0.024611		
12.09		-0.02465		
12.1		-0.024689		
12.11		-0.024728		
12.12		-0.024767		
12.13		-0.024805		
12.14		-0.024844		
12.15		-0.024883		
12.16		-0.024922		
12.17		-0.024961		
12.18		-0.025		
12.19		-0.025038		
12.2		-0.025077		
12.21		-0.025116		
12.22		-0.025155		
12.23		-0.025194		
12.24		-0.025232		
12.25		-0.025271		
12.26		-0.02531		
12.27		-0.025349		
12.28		-0.025388		
12.29		-0.025426		
12.3		-0.025465		
12.31		-0.025504		
12.32		-0.025543		
12.33		-0.025582		
12.34		-0.02562		
12.35		-0.025659		
12.36		-0.025698		
12.37		-0.025737		
12.38		-0.025776		
12.39		-0.025814		
12.4		-0.025853		
12.41		-0.025892		
12.42		-0.025931		
12.43		-0.02597		
12.44		-0.026008		
12.45		-0.026047		
12.46		-0.026086		
12.47		-0.026125		
12.48		-0.026164		
12.49		-0.026202		
12.5		-0.026241		
12.51		-0.02628		
12.52		-0.026319		
12.53		-0.026357		
12.54		-0.026396		
12.55		-0.026435		
12.56		-0.026474		
12.57		-0.026513		
12.58		-0.026551		
12.59		-0.02659		
12.6		-0.026629		
12.61		-0.026668		
12.62		-0.026707		
12.63		-0.026745		
12.64		-0.026784		
12.65		-0.026823		
12.66		-0.026862		
12.67		-0.0269		
12.68		-0.026939		
12.69		-0.026978		
12.7		-0.027017		
12.71		-0.027056		
12.72		-0.027094		
12.73		-0.027133		
12.74		-0.027172		
12.75		-0.027211		
12.76		-0.027249		
12.77		-0.027288		
12.78		-0.027327		
12.79		-0.027366		
12.8		-0.027404		
12.81		-0.027443		
12.82		-0.027482		
12.83		-0.027521		
12.84		-0.02756		
12.85		-0.027598		
12.86		-0.027637		
12.87		-0.027676		
12.88		-0.027715		
12.89		-0.027753		
12.9		-0.027792		
12.91		-0.027831		
12.92		-0.02787		
12.93		-0.027908		
12.94		-0.027947		
12.95		-0.027986		
12.96		-0.028025		
12.97		-0.028063		
12.98		-0.028102		
12.99		-0.028141		
13		-0.02818		
13.01		-0.028219		
13.02		-0.028257		
13.03		-0.028296		
13.04		-0.028335		
13.05		-0.028374		
13.06		-0.028412		
13.07		-0.028451		
13.08		-0.02849		
13.09		-0.028529		
13.1		-0.028567		
13.11		-0.028606		
13.12		-0.028645		
13.13		-0.028684		
13.14		-0.028722		
13.15		-0.028761		
13.16		-0.0288		
13.17		-0.028839		
13.18		-0.028878		
13.19		-0.028916		
13.2		-0.028955		
13.21		-0.028994		
13.22		-0.029033		
13.23		-0.029071		
13.24		-0.02911		
13.25		-0.029149		
13.26		-0.029188		
13.27		-0.029226		
13.28		-0.029265		
13.29		-0.029304		
13.3		-0.029343		
13.31		-0.029382		
13.32		-0.02942		
13.33		-0.029459		
13.34		-0.029498		
13.35		-0.029537		
13.36		-0.029575		
13.37		-0.029614		
13.38		-0.029653		
13.39		-0.029692		
13.4		-0.029731		
13.41		-0.029769		
13.42		-0.029808		
13.43		-0.029847		
13.44		-0.029886		
13.45		-0.029925		
13.46		-0.029963		
13.47		-0.030002		
13.48		-0.030041		
13.49		-0.03008		
13.5		-0.030118		
13.51		-0.030157		
13.52		-0.030196		
13.53		-0.030235		
13.54		-0.030274		
13.55		-0.030312		
13.56		-0.030351		
13.57		-0.03039		
13.58		-0.030429		
13.59		-0.030468		
13.6		-0.030507		
13.61		-0.030545		
13.62		-0.030584		
13.63		-0.030623		
13.64		-0.030662		
13.65		-0.030701		
13.66		-0.030739		
13.67		-0.030778		
13.68		-0.030817		
13.69		-0.030856		
13.7		-0.030895		
13.71		-0.030934		
13.72		-0.030972		
13.73		-0.031011		
13.74		-0.03105		
13.75		-0.031089		
13.76		-0.031128		
13.77		-0.031167		
13.78		-0.031205		
13.79		-0.031244		
13.8		-0.031283		
13.81		-0.031322		
13.82		-0.031361		
13.83		-0.0314		
13.84		-0.031439		
13.85		-0.031477		
13.86		-0.031516		
13.87		-0.031555		
13.88		-0.031594		
13.89		-0.031633		
13.9		-0.031672		
13.91		-0.031711		
13.92		-0.03175		
13.93		-0.031788		
13.94		-0.031827		
13.95		-0.031866		
13.96		-0.031905		
13.97		-0.031944		
13.98		-0.031983		
13.99		-0.032022		
14		-0.032061		
14.01		-0.0321		
14.02		-0.032139		
14.03		-0.032178		
14.04		-0.032216		
14.05		-0.032255		
14.06		-0.032294		
14.07		-0.032333		
14.08		-0.032372		
14.09		-0.032411		
14.1		-0.03245		
14.11		-0.032489		
14.12		-0.032528		
14.13		-0.032567		
14.14		-0.032606		
14.15		-0.032645		
14.16		-0.032684		
14.17		-0.032723		
14.18		-0.032762		
14.19		-0.032801		
14.2		-0.03284		
14.21		-0.032879		
14.22		-0.032918		
14.23		-0.032957		
14.24		-0.032996		
14.25		-0.033035		
14.26		-0.033074		
14.27		-0.033113		
14.28		-0.033152		
14.29		-0.033191		
14.3		-0.03323		
14.31		-0.033269		
14.32		-0.033308		
14.33		-0.033347		
14.34		-0.033386		
14.35		-0.033425		
14.36		-0.033464		
14.37		-0.033503		
14.38		-0.033542		
14.39		-0.033581		
14.4		-0.03362		
14.41		-0.03366		
14.42		-0.033699		
14.43		-0.033738		
14.44		-0.033777		
14.45		-0.033816		
14.46		-0.033855		
14.47		-0.033894		
14.48		-0.033933		
14.49		-0.033972		
14.5		-0.034012		
14.51		-0.034051		
14.52		-0.03409		
14.53		-0.034129		
14.54		-0.034168		
14.55		-0.034207		
14.56		-0.034247		
14.57		-0.034286		
14.58		-0.034325		
14.59		-0.034364		
14.6		-0.034403		
14.61		-0.034443		
14.62		-0.034482		
14.63		-0.034521		
14.64		-0.03456		
14.65		-0.034599		
14.66		-0.034639		
14.67		-0.034678		
14.68		-0.034717		
14.69		-0.034756		
14.7		-0.034796		
14.71		-0.034835		
14.72		-0.034874		
14.73		-0.034914		
14.74		-0.034953		
14.75		-0.034992		
14.76		-0.035031		
14.77		-0.035071		
14.78		-0.03511		
14.79		-0.035149		
14.8		-0.035189		
14.81		-0.035228		
14.82		-0.035267		
14.83		-0.035307		
14.84		-0.035346		
14.85		-0.035386		
14.86		-0.035425		
14.87		-0.035464		
14.88		-0.035504		
14.89		-0.035543		
14.9		-0.035583		
14.91		-0.035622		
14.92		-0.035661		
14.93		-0.035701		
14.94		-0.03574		
14.95		-0.03578		
14.96		-0.035819		
14.97		-0.035859		
14.98		-0.035898		
14.99		-0.035938		
15		-0.035977		
15.01		-0.036017		
15.02		-0.036056		
15.03		-0.036096		
15.04		-0.036135		
15.05		-0.036175		
15.06		-0.036214		
15.07		-0.036254		
15.08		-0.036294		
15.09		-0.036333		
15.1		-0.036373		
15.11		-0.036412		
15.12		-0.036452		
15.13		-0.036492		
15.14		-0.036531		
15.15		-0.036571		
15.16		-0.03661		
15.17		-0.03665		
15.18		-0.03669		
15.19		-0.03673		
15.2		-0.036769		
15.21		-0.036809		
15.22		-0.036849		
15.23		-0.036888		
15.24		-0.036928		
15.25		-0.036968		
15.26		-0.037008		
15.27		-0.037047		
15.28		-0.037087		
15.29		-0.037127		
15.3		-0.037167		
15.31		-0.037206		
15.32		-0.037246		
15.33		-0.037286		
15.34		-0.037326		
15.35		-0.037366		
15.36		-0.037406		
15.37		-0.037445		
15.38		-0.037485		
15.39		-0.037525		
15.4		-0.037565		
15.41		-0.037605		
15.42		-0.037645		
15.43		-0.037685		
15.44		-0.037725		
15.45		-0.037765		
15.46		-0.037805		
15.47		-0.037845		
15.48		-0.037885		
15.49		-0.037925		
15.5		-0.037965		
15.51		-0.038005		
15.52		-0.038045		
15.53		-0.038085		
15.54		-0.038125		
15.55		-0.038165		
15.56		-0.038205		
15.57		-0.038245		
15.58		-0.038285		
15.59		-0.038325		
15.6		-0.038366		
15.61		-0.038406		
15.62		-0.038446		
15.63		-0.038486		
15.64		-0.038526		
15.65		-0.038566		
15.66		-0.038607		
15.67		-0.038647		
15.68		-0.038687		
15.69		-0.038727		
15.7		-0.038768		
15.71		-0.038808		
15.72		-0.038848		
15.73		-0.038889		
15.74		-0.038929		
15.75		-0.038969		
15.76		-0.03901		
15.77		-0.03905		
15.78		-0.03909		
15.79		-0.039131		
15.8		-0.039171		
15.81		-0.039211		
15.82		-0.039252		
15.83		-0.039292		
15.84		-0.039333		
15.85		-0.039373		
15.86		-0.039414		
15.87		-0.039454		
15.88		-0.039495		
15.89		-0.039535		
15.9		-0.039576		
15.91		-0.039616		
15.92		-0.039657		
15.93		-0.039698		
15.94		-0.039738		
15.95		-0.039779		
15.96		-0.039819		
15.97		-0.03986		
15.98		-0.039901		
15.99		-0.039941		
16		-0.039982		
16.01		-0.040023		
16.02		-0.040063		
16.03		-0.040104		
16.04		-0.040145		
16.05		-0.040186		
16.06		-0.040226		
16.07		-0.040267		
16.08		-0.040308		
16.09		-0.040349		
16.1		-0.04039		
16.11		-0.040431		
16.12		-0.040471		
16.13		-0.040512		
16.14		-0.040553		
16.15		-0.040594		
16.16		-0.040635		
16.17		-0.040676		
16.18		-0.040717		
16.19		-0.040758		
16.2		-0.040799		
16.21		-0.04084		
16.22		-0.040881		
16.23		-0.040922		
16.24		-0.040963		
16.25		-0.041004		
16.26		-0.041045		
16.27		-0.041086		
16.28		-0.041128		
16.29		-0.041169		
16.3		-0.04121		
16.31		-0.041251		
16.32		-0.041292		
16.33		-0.041333		
16.34		-0.041375		
16.35		-0.041416		
16.36		-0.041457		
16.37		-0.041498		
16.38		-0.04154		
16.39		-0.041581		
16.4		-0.041622		
16.41		-0.041664		
16.42		-0.041705		
16.43		-0.041747		
16.44		-0.041788		
16.45		-0.041829		
16.46		-0.041871		
16.47		-0.041912		
16.48		-0.041954		
16.49		-0.041995		
16.5		-0.042037		
16.51		-0.042078		
16.52		-0.04212		
16.53		-0.042161		
16.54		-0.042203		
16.55		-0.042245		
16.56		-0.042286		
16.57		-0.042328		
16.58		-0.04237		
16.59		-0.042411		
16.6		-0.042453		
16.61		-0.042495		
16.62		-0.042536		
16.63		-0.042578		
16.64		-0.04262		
16.65		-0.042662		
16.66		-0.042703		
16.67		-0.042745		
16.68		-0.042787		
16.69		-0.042829		
16.7		-0.042871		
16.71		-0.042913		
16.72		-0.042955		
16.73		-0.042997		
16.74		-0.043039		
16.75		-0.043081		
16.76		-0.043123		
16.77		-0.043165		
16.78		-0.043207		
16.79		-0.043249		
16.8		-0.043291		
16.81		-0.043333		
16.82		-0.043375		
16.83		-0.043417		
16.84		-0.043459		
16.85		-0.043501		
16.86		-0.043544		
16.87		-0.043586		
16.88		-0.043628		
16.89		-0.04367		
16.9		-0.043713		
16.91		-0.043755		
16.92		-0.043797		
16.93		-0.04384		
16.94		-0.043882		
16.95		-0.043924		
16.96		-0.043967		
16.97		-0.044009		
16.98		-0.044051		
16.99		-0.044094		
17		-0.044136		
17.01		-0.044179		
17.02		-0.044221		
17.03		-0.044264		
17.04		-0.044307		
17.05		-0.044349		
17.06		-0.044392		
17.07		-0.044434		
17.08		-0.044477		
17.09		-0.04452		
17.1		-0.044562		
17.11		-0.044605		
17.12		-0.044648		
17.13		-0.044691		
17.14		-0.044733		
17.15		-0.044776		
17.16		-0.044819		
17.17		-0.044862		
17.18		-0.044905		
17.19		-0.044947		
17.2		-0.04499		
17.21		-0.045033		
17.22		-0.045076		
17.23		-0.045119		
17.24		-0.045162		
17.25		-0.045205		
17.26		-0.045248		
17.27		-0.045291		
17.28		-0.045334		
17.29		-0.045377		
17.3		-0.045421		
17.31		-0.045464		
17.32		-0.045507		
17.33		-0.04555		
17.34		-0.045593		
17.35		-0.045636		
17.36		-0.04568		
17.37		-0.045723		
17.38		-0.045766		
17.39		-0.04581		
17.4		-0.045853		
17.41		-0.045896		
17.42		-0.04594		
17.43		-0.045983		
17.44		-0.046027		
17.45		-0.04607		
17.46		-0.046113		
17.47		-0.046157		
17.48		-0.0462		
17.49		-0.046244		
17.5		-0.046288		
17.51		-0.046331		
17.52		-0.046375		
17.53		-0.046418		
17.54		-0.046462		
17.55		-0.046506		
17.56		-0.046549		
17.57		-0.046593		
17.58		-0.046637		
17.59		-0.046681		
17.6		-0.046724		
17.61		-0.046768		
17.62		-0.046812		
17.63		-0.046856		
17.64		-0.0469		
17.65		-0.046944		
17.66		-0.046988		
17.67		-0.047032		
17.68		-0.047076		
17.69		-0.04712		
17.7		-0.047164		
17.71		-0.047208		
17.72		-0.047252		
17.73		-0.047296		
17.74		-0.04734		
17.75		-0.047384		
17.76		-0.047428		
17.77		-0.047472		
17.78		-0.047517		
17.79		-0.047561		
17.8		-0.047605		
17.81		-0.047649		
17.82		-0.047694		
17.83		-0.047738		
17.84		-0.047782		
17.85		-0.047827		
17.86		-0.047871		
17.87		-0.047916		
17.88		-0.04796		
17.89		-0.048005		
17.9		-0.048049		
17.91		-0.048094		
17.92		-0.048138		
17.93		-0.048183		
17.94		-0.048227		
17.95		-0.048272		
17.96		-0.048317		
17.97		-0.048361		
17.98		-0.048406		
17.99		-0.048451		
18		-0.048495		
18.01		-0.04854		
18.02		-0.048585		
18.03		-0.04863		
18.04		-0.048675		
18.05		-0.048719		
18.06		-0.048764		
18.07		-0.048809		
18.08		-0.048854		
18.09		-0.048899		
18.1		-0.048944		
18.11		-0.048989		
18.12		-0.049034		
18.13		-0.049079		
18.14		-0.049124		
18.15		-0.049169		
18.16		-0.049215		
18.17		-0.04926		
18.18		-0.049305		
18.19		-0.04935		
18.2		-0.049395		
18.21		-0.049441		
18.22		-0.049486		
18.23		-0.049531		
18.24		-0.049576		
18.25		-0.049622		
18.26		-0.049667		
18.27		-0.049713		
18.28		-0.049758		
18.29		-0.049803		
18.3		-0.049849		
18.31		-0.049894		
18.32		-0.04994		
18.33		-0.049986		
18.34		-0.050031		
18.35		-0.050077		
18.36		-0.050122		
18.37		-0.050168		
18.38		-0.050214		
18.39		-0.050259		
18.4		-0.050305		
18.41		-0.050351		
18.42		-0.050397		
18.43		-0.050442		
18.44		-0.050488		
18.45		-0.050534		
18.46		-0.05058		
18.47		-0.050626		
18.48		-0.050672		
18.49		-0.050718		
18.5		-0.050764		
18.51		-0.05081		
18.52		-0.050856		
18.53		-0.050902		
18.54		-0.050948		
18.55		-0.050994		
18.56		-0.05104		
18.57		-0.051086		
18.58		-0.051132		
18.59		-0.051178		
18.6		-0.051225		
18.61		-0.051271		
18.62		-0.051317		
18.63		-0.051364		
18.64		-0.05141		
18.65		-0.051456		
18.66		-0.051503		
18.67		-0.051549		
18.68		-0.051595		
18.69		-0.051642		
18.7		-0.051688		
18.71		-0.051735		
18.72		-0.051781		
18.73		-0.051828		
18.74		-0.051874		
18.75		-0.051921		
18.76		-0.051968		
18.77		-0.052014		
18.78		-0.052061		
18.79		-0.052108		
18.8		-0.052154		
18.81		-0.052201		
18.82		-0.052248		
18.83		-0.052295		
18.84		-0.052342		
18.85		-0.052388		
18.86		-0.052435		
18.87		-0.052482		
18.88		-0.052529		
18.89		-0.052576		
18.9		-0.052623		
18.91		-0.05267		
18.92		-0.052717		
18.93		-0.052764		
18.94		-0.052811		
18.95		-0.052859		
18.96		-0.052906		
18.97		-0.052953		
18.98		-0.053		
18.99		-0.053048		
19		-0.053095		
19.01		-0.053142		
19.02		-0.053189		
19.03		-0.053236		
19.04		-0.053283		
19.05		-0.05333		
19.06		-0.053377		
19.07		-0.053424		
19.08		-0.053471		
19.09		-0.053518		
19.1		-0.053565		
19.11		-0.053612		
19.12		-0.053659		
19.13		-0.053705		
19.14		-0.053752		
19.15		-0.053799		
19.16		-0.053845		
19.17		-0.053892		
19.18		-0.053939		
19.19		-0.053985		
19.2		-0.054032		
19.21		-0.054078		
19.22		-0.054125		
19.23		-0.054171		
19.24		-0.054218		
19.25		-0.054264		
19.26		-0.05431		
19.27		-0.054357		
19.28		-0.054403		
19.29		-0.054449		
19.3		-0.054495		
19.31		-0.054541		
19.32		-0.054588		
19.33		-0.054634		
19.34		-0.05468		
19.35		-0.054726		
19.36		-0.054772		
19.37		-0.054818		
19.38		-0.054864		
19.39		-0.05491		
19.4		-0.054955		
19.41		-0.055001		
19.42		-0.055047		
19.43		-0.055093		
19.44		-0.055139		
19.45		-0.055184		
19.46		-0.05523		
19.47		-0.055276		
19.48		-0.055321		
19.49		-0.055367		
19.5		-0.055412		
19.51		-0.055458		
19.52		-0.055503		
19.53		-0.055549		
19.54		-0.055594		
19.55		-0.055639		
19.56		-0.055685		
19.57		-0.05573		
19.58		-0.055775		
19.59		-0.055821		
19.6		-0.055866		
19.61		-0.055911		
19.62		-0.055956		
19.63		-0.056001		
19.64		-0.056046		
19.65		-0.056091		
19.66		-0.056136		
19.67		-0.056181		
19.68		-0.056226		
19.69		-0.056271		
19.7		-0.056316		
19.71		-0.056361		
19.72		-0.056405		
19.73		-0.05645		
19.74		-0.056495		
19.75		-0.05654		
19.76		-0.056584		
19.77		-0.056629		
19.78		-0.056673		
19.79		-0.056718		
19.8		-0.056762		
19.81		-0.056807		
19.82		-0.056851		
19.83		-0.056896		
19.84		-0.05694		
19.85		-0.056984		
19.86		-0.057029		
19.87		-0.057073		
19.88		-0.057117		
19.89		-0.057161		
19.9		-0.057205		
19.91		-0.05725		
19.92		-0.057294		
19.93		-0.057338		
19.94		-0.057382		
19.95		-0.057426		
19.96		-0.05747		
19.97		-0.057514		
19.98		-0.057557		
19.99		-0.057601		
20		-0.057645		
20.01		-0.057689		
20.02		-0.057733		
20.03		-0.057776		
20.04		-0.05782		
20.05		-0.057863		
20.06		-0.057907		
20.07		-0.057951		
20.08		-0.057994		
20.09		-0.058038		
20.1		-0.058081		
20.11		-0.058124		
20.12		-0.058168		
20.13		-0.058211		
20.14		-0.058254		
20.15		-0.058298		
20.16		-0.058341		
20.17		-0.058384		
20.18		-0.058427		
20.19		-0.05847		
20.2		-0.058513		
20.21		-0.058556		
20.22		-0.058599		
20.23		-0.058642		
20.24		-0.058685		
20.25		-0.058728		
20.26		-0.058771		
20.27		-0.058814		
20.28		-0.058857		
20.29		-0.058899		
20.3		-0.058942		
20.31		-0.058985		
20.32		-0.059027		
20.33		-0.05907		
20.34		-0.059113		
20.35		-0.059155		
20.36		-0.059198		
20.37		-0.05924		
20.38		-0.059282		
20.39		-0.059325		
20.4		-0.059367		
20.41		-0.05941		
20.42		-0.059452		
20.43		-0.059494		
20.44		-0.059536		
20.45		-0.059578		
20.46		-0.05962		
20.47		-0.059663		
20.48		-0.059705		
20.49		-0.059747		
20.5		-0.059789		
20.51		-0.059831		
20.52		-0.059872		
20.53		-0.059914		
20.54		-0.059956		
20.55		-0.059998		
20.56		-0.06004		
20.57		-0.060081		
20.58		-0.060123		
20.59		-0.060165		
20.6		-0.060206		
20.61		-0.060248		
20.62		-0.060289		
20.63		-0.060331		
20.64		-0.060372		
20.65		-0.060414		
20.66		-0.060455		
20.67		-0.060496		
20.68		-0.060538		
20.69		-0.060579		
20.7		-0.06062		
20.71		-0.060661		
20.72		-0.060703		
20.73		-0.060744		
20.74		-0.060785		
20.75		-0.060826		
20.76		-0.060867		
20.77		-0.060908		
20.78		-0.060949		
20.79		-0.06099		
20.8		-0.06103		
20.81		-0.061071		
20.82		-0.061112		
20.83		-0.061153		
20.84		-0.061193		
20.85		-0.061234		
20.86		-0.061275		
20.87		-0.061315		
20.88		-0.061356		
20.89		-0.061396		
20.9		-0.061437		
20.91		-0.061477		
20.92		-0.061518		
20.93		-0.061558		
20.94		-0.061598		
20.95		-0.061639		
20.96		-0.061679		
20.97		-0.061719		
20.98		-0.061759		
20.99		-0.061799		
21		-0.061839		
21.01		-0.061879		
21.02		-0.061919		
21.03		-0.061959		
21.04		-0.061999		
21.05		-0.062039		
21.06		-0.062079		
21.07		-0.062119		
21.08		-0.062159		
21.09		-0.062198		
21.1		-0.062238		
21.11		-0.062278		
21.12		-0.062317		
21.13		-0.062357		
21.14		-0.062397		
21.15		-0.062436		
21.16		-0.062476		
21.17		-0.062515		
21.18		-0.062554		
21.19		-0.062594		
21.2		-0.062633		
21.21		-0.062672		
21.22		-0.062712		
21.23		-0.062751		
21.24		-0.06279		
21.25		-0.062829		
21.26		-0.062868		
21.27		-0.062907		
21.28		-0.062946		
21.29		-0.062985		
21.3		-0.063024		
21.31		-0.063063		
21.32		-0.063102		
21.33		-0.063141		
21.34		-0.063179		
21.35		-0.063218		
21.36		-0.063257		
21.37		-0.063296		
21.38		-0.063334		
21.39		-0.063373		
21.4		-0.063411		
21.41		-0.06345		
21.42		-0.063488		
21.43		-0.063527		
21.44		-0.063565		
21.45		-0.063603		
21.46		-0.063642		
21.47		-0.06368		
21.48		-0.063718		
21.49		-0.063756		
21.5		-0.063794		
21.51		-0.063833		
21.52		-0.063871		
21.53		-0.063909		
21.54		-0.063947		
21.55		-0.063985		
21.56		-0.064023		
21.57		-0.06406		
21.58		-0.064098		
21.59		-0.064136		
21.6		-0.064174		
21.61		-0.064211		
21.62		-0.064249		
21.63		-0.064287		
21.64		-0.064324		
21.65		-0.064362		
21.66		-0.064399		
21.67		-0.064437		
21.68		-0.064474		
21.69		-0.064512		
21.7		-0.064549		
21.71		-0.064586		
21.72		-0.064624		
21.73		-0.064661		
21.74		-0.064698		
21.75		-0.064735		
21.76		-0.064772		
21.77		-0.06481		
21.78		-0.064847		
21.79		-0.064884		
21.8		-0.064921		
21.81		-0.064957		
21.82		-0.064994		
21.83		-0.065031		
21.84		-0.065068		
21.85		-0.065105		
21.86		-0.065141		
21.87		-0.065178		
21.88		-0.065215		
21.89		-0.065251		
21.9		-0.065288		
21.91		-0.065324		
21.92		-0.065361		
21.93		-0.065397		
21.94		-0.065434		
21.95		-0.06547		
21.96		-0.065506		
21.97		-0.065543		
21.98		-0.065579		
21.99		-0.065615		
22		-0.065651		
22.01		-0.065687		
22.02		-0.065724		
22.03		-0.06576		
22.04		-0.065796		
22.05		-0.065832		
22.06		-0.065867		
22.07		-0.065903		
22.08		-0.065939		
22.09		-0.065975		
22.1		-0.066011		
22.11		-0.066046		
22.12		-0.066082		
22.13		-0.066118		
22.14		-0.066153		
22.15		-0.066189		
22.16		-0.066224		
22.17		-0.06626		
22.18		-0.066295		
22.19		-0.066331		
22.2		-0.066366		
22.21		-0.066401		
22.22		-0.066437		
22.23		-0.066472		
22.24		-0.066507		
22.25		-0.066542		
22.26		-0.066577		
22.27		-0.066613		
22.28		-0.066648		
22.29		-0.066683		
22.3		-0.066718		
22.31		-0.066752		
22.32		-0.066787		
22.33		-0.066822		
22.34		-0.066857		
22.35		-0.066892		
22.36		-0.066926		
22.37		-0.066961		
22.38		-0.066996		
22.39		-0.06703		
22.4		-0.067065		
22.41		-0.067099		
22.42		-0.067134		
22.43		-0.067168		
22.44		-0.067203		
22.45		-0.067237		
22.46		-0.067271		
22.47		-0.067306		
22.48		-0.06734		
22.49		-0.067374		
22.5		-0.067408		
22.51		-0.067442		
22.52		-0.067476		
22.53		-0.06751		
22.54		-0.067544		
22.55		-0.067578		
22.56		-0.067612		
22.57		-0.067646		
22.58		-0.06768		
22.59		-0.067714		
22.6		-0.067747		
22.61		-0.067781		
22.62		-0.067815		
22.63		-0.067848		
22.64		-0.067882		
22.65		-0.067915		
22.66		-0.067949		
22.67		-0.067982		
22.68		-0.068016		
22.69		-0.068049		
22.7		-0.068083		
22.71		-0.068116		
22.72		-0.068149		
22.73		-0.068182		
22.74		-0.068215		
22.75		-0.068249		
22.76		-0.068282		
22.77		-0.068315		
22.78		-0.068348		
22.79		-0.068381		
22.8		-0.068414		
22.81		-0.068446		
22.82		-0.068479		
22.83		-0.068512		
22.84		-0.068545		
22.85		-0.068578		
22.86		-0.06861		
22.87		-0.068643		
22.88		-0.068676		
22.89		-0.068708		
22.9		-0.068741		
22.91		-0.068773		
22.92		-0.068806		
22.93		-0.068838		
22.94		-0.06887		
22.95		-0.068903		
22.96		-0.068935		
22.97		-0.068967		
22.98		-0.068999		
22.99		-0.069031		
23		-0.069064		
23.01		-0.069096		
23.02		-0.069128		
23.03		-0.06916		
23.04		-0.069192		
23.05		-0.069223		
23.06		-0.069255		
23.07		-0.069287		
23.08		-0.069319		
23.09		-0.069351		
23.1		-0.069382		
23.11		-0.069414		
23.12		-0.069446		
23.13		-0.069477		
23.14		-0.069509		
23.15		-0.06954		
23.16		-0.069572		
23.17		-0.069603		
23.18		-0.069634		
23.19		-0.069666		
23.2		-0.069697		
23.21		-0.069728		
23.22		-0.069759		
23.23		-0.069791		
23.24		-0.069822		
23.25		-0.069853		
23.26		-0.069884		
23.27		-0.069915		
23.28		-0.069946		
23.29		-0.069977		
23.3		-0.070008		
23.31		-0.070038		
23.32		-0.070069		
23.33		-0.0701		
23.34		-0.070131		
23.35		-0.070161		
23.36		-0.070192		
23.37		-0.070223		
23.38		-0.070253		
23.39		-0.070284		
23.4		-0.070314		
23.41		-0.070345		
23.42		-0.070375		
23.43		-0.070405		
23.44		-0.070436		
23.45		-0.070466		
23.46		-0.070496		
23.47		-0.070526		
23.48		-0.070556		
23.49		-0.070586		
23.5		-0.070617		
23.51		-0.070647		
23.52		-0.070677		
23.53		-0.070706		
23.54		-0.070736		
23.55		-0.070766		
23.56		-0.070796		
23.57		-0.070826		
23.58		-0.070855		
23.59		-0.070885		
23.6		-0.070915		
23.61		-0.070944		
23.62		-0.070974		
23.63		-0.071003		
23.64		-0.071033		
23.65		-0.071062		
23.66		-0.071092		
23.67		-0.071121		
23.68		-0.07115		
23.69		-0.07118		
23.7		-0.071209		
23.71		-0.071238		
23.72		-0.071267		
23.73		-0.071296		
23.74		-0.071325		
23.75		-0.071355		
23.76		-0.071383		
23.77		-0.071412		
23.78		-0.071441		
23.79		-0.07147		
23.8		-0.071499		
23.81		-0.071528		
23.82		-0.071557		
23.83		-0.071585		
23.84		-0.071614		
23.85		-0.071642		
23.86		-0.071671		
23.87		-0.0717		
23.88		-0.071728		
23.89		-0.071757		
23.9		-0.071785		
23.91		-0.071813		
23.92		-0.071842		
23.93		-0.07187		
23.94		-0.071898		
23.95		-0.071926		
23.96		-0.071955		
23.97		-0.071983		
23.98		-0.072011		
23.99		-0.072039		
24		-0.072067		
24.01		-0.072095		
24.02		-0.072123		
24.03		-0.07215		
24.04		-0.072178		
24.05		-0.072206		
24.06		-0.072234		
24.07		-0.072262		
24.08		-0.072289		
24.09		-0.072317		
24.1		-0.072344		
24.11		-0.072372		
24.12		-0.072399		
24.13		-0.072427		
24.14		-0.072454		
24.15		-0.072482		
24.16		-0.072509		
24.17		-0.072536		
24.18		-0.072564		
24.19		-0.072591		
24.2		-0.072618		
24.21		-0.072645		
24.22		-0.072672		
24.23		-0.072699		
24.24		-0.072726		
24.25		-0.072753		
24.26		-0.07278		
24.27		-0.072807		
24.28		-0.072834		
24.29		-0.072861		
24.3		-0.072887		
24.31		-0.072914		
24.32		-0.072941		
24.33		-0.072967		
24.34		-0.072994		
24.35		-0.073021		
24.36		-0.073047		
24.37		-0.073074		
24.38		-0.0731		
24.39		-0.073126		
24.4		-0.073153		
24.41		-0.073179		
24.42		-0.073205		
24.43		-0.073232		
24.44		-0.073258		
24.45		-0.073284		
24.46		-0.07331		
24.47		-0.073336		
24.48		-0.073362		
24.49		-0.073388		
24.5		-0.073414		
24.51		-0.07344		
24.52		-0.073466		
24.53		-0.073492		
24.54		-0.073517		
24.55		-0.073543		
24.56		-0.073569		
24.57		-0.073594		
24.58		-0.07362		
24.59		-0.073646		
24.6		-0.073671		
24.61		-0.073697		
24.62		-0.073722		
24.63		-0.073747		
24.64		-0.073773		
24.65		-0.073798		
24.66		-0.073823		
24.67		-0.073849		
24.68		-0.073874		
24.69		-0.073899		
24.7		-0.073924		
24.71		-0.073949		
24.72		-0.073974		
24.73		-0.073999		
24.74		-0.074024		
24.75		-0.074049		
24.76		-0.074074		
24.77		-0.074099		
24.78		-0.074124		
24.79		-0.074148		
24.8		-0.074173		
24.81		-0.074198		
24.82		-0.074222		
24.83		-0.074247		
24.84		-0.074271		
24.85		-0.074296		
24.86		-0.07432		
24.87		-0.074345		
24.88		-0.074369		
24.89		-0.074394		
24.9		-0.074417		
24.91		-0.074441		
24.92		-0.074463		
24.93		-0.074485		
24.94		-0.074507		
24.95		-0.074528		
24.96		-0.074548		
24.97		-0.074568		
24.98		-0.074587		
24.99		-0.074605		
25		-0.074623		
25.01		-0.07464		
25.02		-0.074657		
25.03		-0.074673		
25.04		-0.074689		
25.05		-0.074704		
25.06		-0.074718		
25.07		-0.074732		
25.08		-0.074745		
25.09		-0.074758		
25.1		-0.07477		
25.11		-0.074782		
25.12		-0.074793		
25.13		-0.074803		
25.14		-0.074813		
25.15		-0.074822		
25.16		-0.074831		
25.17		-0.074839		
25.18		-0.074847		
25.19		-0.074854		
25.2		-0.074861		
25.21		-0.074867		
25.22		-0.074872		
25.23		-0.074877		
25.24		-0.074882		
25.25		-0.074886		
25.26		-0.07489		
25.27		-0.074892		
25.28		-0.074895		
25.29		-0.074897		
25.3		-0.074898		
25.31		-0.074899		
25.32		-0.0749		
25.33		-0.0749		
25.34		-0.074899		
25.35		-0.074898		
25.36		-0.074897		
25.37		-0.074895		
25.38		-0.074893		
25.39		-0.07489		
25.4		-0.074887		
25.41		-0.074883		
25.42		-0.074879		
25.43		-0.074874		
25.44		-0.074869		
25.45		-0.074863		
25.46		-0.074857		
25.47		-0.074851		
25.48		-0.074844		
25.49		-0.074837		
25.5		-0.074829		
25.51		-0.074821		
25.52		-0.074812		
25.53		-0.074803		
25.54		-0.074794		
25.55		-0.074784		
25.56		-0.074774		
25.57		-0.074763		
25.58		-0.074752		
25.59		-0.07474		
25.6		-0.074729		
25.61		-0.074716		
25.62		-0.074704		
25.63		-0.074691		
25.64		-0.074677		
25.65		-0.074663		
25.66		-0.074649		
25.67		-0.074635		
25.68		-0.07462		
25.69		-0.074605		
25.7		-0.074589		
25.71		-0.074573		
25.72		-0.074557		
25.73		-0.07454		
25.74		-0.074523		
25.75		-0.074505		
25.76		-0.074488		
25.77		-0.074469		
25.78		-0.074451		
25.79		-0.074432		
25.8		-0.074413		
25.81		-0.074393		
25.82		-0.074374		
25.83		-0.074353		
25.84		-0.074333		
25.85		-0.074312		
25.86		-0.074291		
25.87		-0.074269		
25.88		-0.074247		
25.89		-0.074225		
25.9		-0.074203		
25.91		-0.07418		
25.92		-0.074157		
25.93		-0.074133		
25.94		-0.07411		
25.95		-0.074086		
25.96		-0.074061		
25.97		-0.074037		
25.98		-0.074012		
25.99		-0.073986		
26		-0.073961		
26.01		-0.073935		
26.02		-0.073909		
26.03		-0.073882		
26.04		-0.073855		
26.05		-0.073828		
26.06		-0.073801		
26.07		-0.073773		
26.08		-0.073745		
26.09		-0.073717		
26.1		-0.073688		
26.11		-0.07366		
26.12		-0.073631		
26.13		-0.073601		
26.14		-0.073571		
26.15		-0.073542		
26.16		-0.073511		
26.17		-0.073481		
26.18		-0.07345		
26.19		-0.073419		
26.2		-0.073388		
26.21		-0.073356		
26.22		-0.073324		
26.23		-0.073292		
26.24		-0.07326		
26.25		-0.073227		
26.26		-0.073194		
26.27		-0.073161		
26.28		-0.073127		
26.29		-0.073093		
26.3		-0.073059		
26.31		-0.073025		
26.32		-0.072991		
26.33		-0.072956		
26.34		-0.072921		
26.35		-0.072886		
26.36		-0.07285		
26.37		-0.072814		
26.38		-0.072778		
26.39		-0.072742		
26.4		-0.072705		
26.41		-0.072668		
26.42		-0.072631		
26.43		-0.072594		
26.44		-0.072556		
26.45		-0.072518		
26.46		-0.07248		
26.47		-0.072442		
26.48		-0.072404		
26.49		-0.072365		
26.5		-0.072326		
26.51		-0.072286		
26.52		-0.072247		
26.53		-0.072207		
26.54		-0.072167		
26.55		-0.072127		
26.56		-0.072086		
26.57		-0.072046		
26.58		-0.072005		
26.59		-0.071963		
26.6		-0.071922		
26.61		-0.07188		
26.62		-0.071838		
26.63		-0.071796		
26.64		-0.071754		
26.65		-0.071711		
26.66		-0.071668		
26.67		-0.071625		
26.68		-0.071582		
26.69		-0.071538		
26.7		-0.071495		
26.71		-0.071451		
26.72		-0.071406		
26.73		-0.071362		
26.74		-0.071317		
26.75		-0.071272		
26.76		-0.071227		
26.77		-0.071182		
26.78		-0.071136		
26.79		-0.07109		
26.8		-0.071044		
26.81		-0.070998		
26.82		-0.070952		
26.83		-0.070905		
26.84		-0.070858		
26.85		-0.070811		
26.86		-0.070764		
26.87		-0.070716		
26.88		-0.070668		
26.89		-0.07062		
26.9		-0.070572		
26.91		-0.070524		
26.92		-0.070475		
26.93		-0.070426		
26.94		-0.070377		
26.95		-0.070328		
26.96		-0.070279		
26.97		-0.070229		
26.98		-0.070179		
26.99		-0.070129		
27		-0.070079		
27.01		-0.070028		
27.02		-0.069977		
27.03		-0.069926		
27.04		-0.069875		
27.05		-0.069824		
27.06		-0.069772		
27.07		-0.069721		
27.08		-0.069669		
27.09		-0.069617		
27.1		-0.069564		
27.11		-0.069512		
27.12		-0.069459		
27.13		-0.069406		
27.14		-0.069353		
27.15		-0.069299		
27.16		-0.069246		
27.17		-0.069192		
27.18		-0.069138		
27.19		-0.069084		
27.2		-0.06903		
27.21		-0.068975		
27.22		-0.06892		
27.23		-0.068865		
27.24		-0.06881		
27.25		-0.068755		
27.26		-0.068699		
27.27		-0.068644		
27.28		-0.068588		
27.29		-0.068532		
27.3		-0.068475		
27.31		-0.068419		
27.32		-0.068362		
27.33		-0.068305		
27.34		-0.068248		
27.35		-0.068191		
27.36		-0.068134		
27.37		-0.068076		
27.38		-0.068018		
27.39		-0.067961		
27.4		-0.067902		
27.41		-0.067844		
27.42		-0.067786		
27.43		-0.067727		
27.44		-0.067668		
27.45		-0.067609		
27.46		-0.06755		
27.47		-0.06749		
27.48		-0.067431		
27.49		-0.067371		
27.5		-0.067311		
27.51		-0.067251		
27.52		-0.067191		
27.53		-0.06713		
27.54		-0.06707		
27.55		-0.067009		
27.56		-0.066948		
27.57		-0.066887		
27.58		-0.066825		
27.59		-0.066764		
27.6		-0.066702		
27.61		-0.06664		
27.62		-0.066578		
27.63		-0.066516		
27.64		-0.066454		
27.65		-0.066391		
27.66		-0.066328		
27.67		-0.066266		
27.68		-0.066203		
27.69		-0.066139		
27.7		-0.066076		
27.71		-0.066013		
27.72		-0.065949		
27.73		-0.065885		
27.74		-0.065821		
27.75		-0.065757		
27.76		-0.065693		
27.77		-0.065628		
27.78		-0.065564		
27.79		-0.065499		
27.8		-0.065434		
27.81		-0.065369		
27.82		-0.065304		
27.83		-0.065238		
27.84		-0.065173		
27.85		-0.065107		
27.86		-0.065041		
27.87		-0.064975		
27.88		-0.064909		
27.89		-0.064842		
27.9		-0.064776		
27.91		-0.064709		
27.92		-0.064643		
27.93		-0.064576		
27.94		-0.064509		
27.95		-0.064441		
27.96		-0.064374		
27.97		-0.064307		
27.98		-0.064239		
27.99		-0.064171		
28		-0.064103		
28.01		-0.064035		
28.02		-0.063967		
28.03		-0.063899		
28.04		-0.06383		
28.05		-0.063761		
28.06		-0.063693		
28.07		-0.063624		
28.08		-0.063555		
28.09		-0.063486		
28.1		-0.063416		
28.11		-0.063347		
28.12		-0.063277		
28.13		-0.063208		
28.14		-0.063138		
28.15		-0.063068		
28.16		-0.062998		
28.17		-0.062927		
28.18		-0.062857		
28.19		-0.062786		
28.2		-0.062716		
28.21		-0.062645		
28.22		-0.062574		
28.23		-0.062503		
28.24		-0.062432		
28.25		-0.062361		
28.26		-0.062289		
28.27		-0.062218		
28.28		-0.062146		
28.29		-0.062075		
28.3		-0.062003		
28.31		-0.061931		
28.32		-0.061859		
28.33		-0.061786		
28.34		-0.061714		
28.35		-0.061642		
28.36		-0.061569		
28.37		-0.061496		
28.38		-0.061424		
28.39		-0.061351		
28.4		-0.061278		
28.41		-0.061204		
28.42		-0.061131		
28.43		-0.061058		
28.44		-0.060984		
28.45		-0.060911		
28.46		-0.060837		
28.47		-0.060763		
28.48		-0.060689		
28.49		-0.060615		
28.5		-0.060541		
28.51		-0.060467		
28.52		-0.060393		
28.53		-0.060318		
28.54		-0.060244		
28.55		-0.060169		
28.56		-0.060094		
28.57		-0.06002		
28.58		-0.059945		
28.59		-0.05987		
28.6		-0.059794		
28.61		-0.059719		
28.62		-0.059644		
28.63		-0.059569		
28.64		-0.059493		
28.65		-0.059417		
28.66		-0.059342		
28.67		-0.059266		
28.68		-0.05919		
28.69		-0.059114		
28.7		-0.059038		
28.71		-0.058962		
28.72		-0.058886		
28.73		-0.058809		
28.74		-0.058733		
28.75		-0.058656		
28.76		-0.05858		
28.77		-0.058503		
28.78		-0.058426		
28.79		-0.05835		
28.8		-0.058273		
28.81		-0.058196		
28.82		-0.058119		
28.83		-0.058042		
28.84		-0.057964		
28.85		-0.057887		
28.86		-0.05781		
28.87		-0.057732		
28.88		-0.057655		
28.89		-0.057577		
28.9		-0.057499		
28.91		-0.057422		
28.92		-0.057344		
28.93		-0.057266		
28.94		-0.057188		
28.95		-0.05711		
28.96		-0.057032		
28.97		-0.056954		
28.98		-0.056875		
28.99		-0.056797		
29		-0.056719		
29.01		-0.05664		
29.02		-0.056562		
29.03		-0.056483		
29.04		-0.056405		
29.05		-0.056326		
29.06		-0.056247		
29.07		-0.056168		
29.08		-0.05609		
29.09		-0.056011		
29.1		-0.055932		
29.11		-0.055853		
29.12		-0.055773		
29.13		-0.055694		
29.14		-0.055615		
29.15		-0.055536		
29.16		-0.055457		
29.17		-0.055377		
29.18		-0.055298		
29.19		-0.055218		
29.2		-0.055139		
29.21		-0.055059		
29.22		-0.05498		
29.23		-0.0549		
29.24		-0.05482		
29.25		-0.05474		
29.26		-0.054661		
29.27		-0.054581		
29.28		-0.054501		
29.29		-0.054421		
29.3		-0.054341		
29.31		-0.054261		
29.32		-0.054181		
29.33		-0.054101		
29.34		-0.054021		
29.35		-0.053941		
29.36		-0.05386		
29.37		-0.05378		
29.38		-0.0537		
29.39		-0.05362		
29.4		-0.053539		
29.41		-0.053459		
29.42		-0.053378		
29.43		-0.053298		
29.44		-0.053218		
29.45		-0.053137		
29.46		-0.053057		
29.47		-0.052976		
29.48		-0.052895		
29.49		-0.052815		
29.5		-0.052734		
29.51		-0.052653		
29.52		-0.052573		
29.53		-0.052492		
29.54		-0.052411		
29.55		-0.052331		
29.56		-0.05225		
29.57		-0.052169		
29.58		-0.052088		
29.59		-0.052007		
29.6		-0.051926		
29.61		-0.051846		
29.62		-0.051765		
29.63		-0.051684		
29.64		-0.051603		
29.65		-0.051522		
29.66		-0.051441		
29.67		-0.05136		
29.68		-0.051279		
29.69		-0.051198		
29.7		-0.051117		
29.71		-0.051036		
29.72		-0.050955		
29.73		-0.050874		
29.74		-0.050793		
29.75		-0.050712		
29.76		-0.050631		
29.77		-0.05055		
29.78		-0.050469		
29.79		-0.050388		
29.8		-0.050306		
29.81		-0.050225		
29.82		-0.050144		
29.83		-0.050063		
29.84		-0.049982		
29.85		-0.049901		
29.86		-0.04982		
29.87		-0.049739		
29.88		-0.049658		
29.89		-0.049577		
29.9		-0.049496		
29.91		-0.049415		
29.92		-0.049334		
29.93		-0.049252		
29.94		-0.049171		
29.95		-0.04909		
29.96		-0.049009		
29.97		-0.048928		
29.98		-0.048847		
29.99		-0.048766		
30		-0.048685		
