tau [fm]		R_pi^-1
0.25		0
0.26		0.0529292		
0.27		0.102276		
0.28		0.148314		
0.29		0.191292		
0.3		0.231438		
0.31		0.268961		
0.32		0.304052		
0.33		0.336885		
0.34		0.367622		
0.35		0.396408		
0.36		0.423379		
0.37		0.448658		
0.38		0.47236		
0.39		0.49459		
0.4		0.515443		
0.41		0.53501		
0.42		0.553373		
0.43		0.570607		
0.44		0.586783		
0.45		0.601966		
0.46		0.616216		
0.47		0.62959		
0.48		0.64214		
0.49		0.653913		
0.5		0.664955		
0.51		0.675308		
0.52		0.685011		
0.53		0.6941		
0.54		0.702609		
0.55		0.710571		
0.56		0.718014		
0.57		0.724967		
0.58		0.731456		
0.59		0.737506		
0.6		0.743139		
0.61		0.748377		
0.62		0.75324		
0.63		0.757748		
0.64		0.761918		
0.65		0.765768		
0.66		0.769313		
0.67		0.772568		
0.68		0.775548		
0.69		0.778266		
0.7		0.780735		
0.71		0.782967		
0.72		0.784972		
0.73		0.786763		
0.74		0.788349		
0.75		0.789739		
0.76		0.790943		
0.77		0.79197		
0.78		0.792827		
0.79		0.793524		
0.8		0.794066		
0.81		0.794462		
0.82		0.794717		
0.83		0.794839		
0.84		0.794833		
0.85		0.794706		
0.86		0.794462		
0.87		0.794108		
0.88		0.793647		
0.89		0.793085		
0.9		0.792427		
0.91		0.791677		
0.92		0.790839		
0.93		0.789916		
0.94		0.788914		
0.95		0.787835		
0.96		0.786683		
0.97		0.785461		
0.98		0.784173		
0.99		0.782821		
1		0.781409		
1.01		0.779939		
1.02		0.778413		
1.03		0.776836		
1.04		0.775208		
1.05		0.773532		
1.06		0.771811		
1.07		0.770047		
1.08		0.768242		
1.09		0.766397		
1.1		0.764515		
1.11		0.762598		
1.12		0.760647		
1.13		0.758664		
1.14		0.75665		
1.15		0.754608		
1.16		0.752539		
1.17		0.750443		
1.18		0.748324		
1.19		0.746181		
1.2		0.744016		
1.21		0.74183		
1.22		0.739625		
1.23		0.737402		
1.24		0.735161		
1.25		0.732905		
1.26		0.730633		
1.27		0.728347		
1.28		0.726048		
1.29		0.723736		
1.3		0.721413		
1.31		0.719079		
1.32		0.716736		
1.33		0.714383		
1.34		0.712023		
1.35		0.709654		
1.36		0.707279		
1.37		0.704897		
1.38		0.70251		
1.39		0.700118		
1.4		0.697721		
1.41		0.695321		
1.42		0.692917		
1.43		0.690511		
1.44		0.688102		
1.45		0.685692		
1.46		0.68328		
1.47		0.680868		
1.48		0.678455		
1.49		0.676042		
1.5		0.67363		
1.51		0.671219		
1.52		0.668808		
1.53		0.6664		
1.54		0.663993		
1.55		0.661589		
1.56		0.659187		
1.57		0.656788		
1.58		0.654392		
1.59		0.652		
1.6		0.649611		
1.61		0.647227		
1.62		0.644847		
1.63		0.642471		
1.64		0.6401		
1.65		0.637734		
1.66		0.635374		
1.67		0.633018		
1.68		0.630669		
1.69		0.628325		
1.7		0.625987		
1.71		0.623655		
1.72		0.62133		
1.73		0.619011		
1.74		0.616699		
1.75		0.614393		
1.76		0.612095		
1.77		0.609804		
1.78		0.607519		
1.79		0.605242		
1.8		0.602973		
1.81		0.600711		
1.82		0.598457		
1.83		0.596211		
1.84		0.593972		
1.85		0.591742		
1.86		0.589519		
1.87		0.587305		
1.88		0.585099		
1.89		0.582901		
1.9		0.580712		
1.91		0.578531		
1.92		0.576358		
1.93		0.574194		
1.94		0.572039		
1.95		0.569892		
1.96		0.567754		
1.97		0.565625		
1.98		0.563505		
1.99		0.561393		
2		0.559291		
2.01		0.557197		
2.02		0.555112		
2.03		0.553037		
2.04		0.55097		
2.05		0.548913		
2.06		0.546864		
2.07		0.544825		
2.08		0.542794		
2.09		0.540773		
2.1		0.538761		
2.11		0.536758		
2.12		0.534764		
2.13		0.53278		
2.14		0.530804		
2.15		0.528838		
2.16		0.526881		
2.17		0.524933		
2.18		0.522994		
2.19		0.521065		
2.2		0.519145		
2.21		0.517233		
2.22		0.515332		
2.23		0.513439		
2.24		0.511555		
2.25		0.509681		
2.26		0.507815		
2.27		0.505959		
2.28		0.504112		
2.29		0.502274		
2.3		0.500445		
2.31		0.498625		
2.32		0.496814		
2.33		0.495012		
2.34		0.493219		
2.35		0.491435		
2.36		0.48966		
2.37		0.487894		
2.38		0.486137		
2.39		0.484389		
2.4		0.482649		
2.41		0.480919		
2.42		0.479197		
2.43		0.477484		
2.44		0.47578		
2.45		0.474085		
2.46		0.472398		
2.47		0.47072		
2.48		0.469051		
2.49		0.46739		
2.5		0.465738		
2.51		0.464094		
2.52		0.462459		
2.53		0.460833		
2.54		0.459215		
2.55		0.457605		
2.56		0.456004		
2.57		0.454411		
2.58		0.452826		
2.59		0.45125		
2.6		0.449682		
2.61		0.448122		
2.62		0.44657		
2.63		0.445027		
2.64		0.443492		
2.65		0.441964		
2.66		0.440445		
2.67		0.438934		
2.68		0.437431		
2.69		0.435936		
2.7		0.434448		
2.71		0.432969		
2.72		0.431497		
2.73		0.430034		
2.74		0.428578		
2.75		0.427129		
2.76		0.425689		
2.77		0.424256		
2.78		0.42283		
2.79		0.421413		
2.8		0.420002		
2.81		0.4186		
2.82		0.417204		
2.83		0.415817		
2.84		0.414436		
2.85		0.413063		
2.86		0.411697		
2.87		0.410339		
2.88		0.408987		
2.89		0.407643		
2.9		0.406307		
2.91		0.404977		
2.92		0.403654		
2.93		0.402338		
2.94		0.40103		
2.95		0.399728		
2.96		0.398433		
2.97		0.397146		
2.98		0.395865		
2.99		0.394591		
3		0.393323		
3.01		0.392063		
3.02		0.390809		
3.03		0.389562		
3.04		0.388321		
3.05		0.387087		
3.06		0.38586		
3.07		0.384639		
3.08		0.383425		
3.09		0.382217		
3.1		0.381015		
3.11		0.37982		
3.12		0.378631		
3.13		0.377449		
3.14		0.376273		
3.15		0.375103		
3.16		0.373939		
3.17		0.372782		
3.18		0.37163		
3.19		0.370485		
3.2		0.369346		
3.21		0.368212		
3.22		0.367085		
3.23		0.365964		
3.24		0.364848		
3.25		0.363739		
3.26		0.362635		
3.27		0.361538		
3.28		0.360445		
3.29		0.359359		
3.3		0.358279		
3.31		0.357204		
3.32		0.356134		
3.33		0.355071		
3.34		0.354013		
3.35		0.35296		
3.36		0.351913		
3.37		0.350872		
3.38		0.349836		
3.39		0.348805		
3.4		0.34778		
3.41		0.34676		
3.42		0.345745		
3.43		0.344736		
3.44		0.343731		
3.45		0.342733		
3.46		0.341739		
3.47		0.34075		
3.48		0.339767		
3.49		0.338789		
3.5		0.337815		
3.51		0.336847		
3.52		0.335884		
3.53		0.334926		
3.54		0.333972		
3.55		0.333024		
3.56		0.33208		
3.57		0.331142		
3.58		0.330208		
3.59		0.329279		
3.6		0.328355		
3.61		0.327435		
3.62		0.32652		
3.63		0.32561		
3.64		0.324704		
3.65		0.323803		
3.66		0.322907		
3.67		0.322015		
3.68		0.321128		
3.69		0.320245		
3.7		0.319367		
3.71		0.318493		
3.72		0.317624		
3.73		0.316759		
3.74		0.315898		
3.75		0.315042		
3.76		0.31419		
3.77		0.313342		
3.78		0.312499		
3.79		0.311659		
3.8		0.310824		
3.81		0.309994		
3.82		0.309167		
3.83		0.308344		
3.84		0.307526		
3.85		0.306711		
3.86		0.305901		
3.87		0.305095		
3.88		0.304293		
3.89		0.303494		
3.9		0.3027		
3.91		0.301909		
3.92		0.301123		
3.93		0.30034		
3.94		0.299561		
3.95		0.298786		
3.96		0.298015		
3.97		0.297248		
3.98		0.296484		
3.99		0.295724		
4		0.294968		
4.01		0.294216		
4.02		0.293467		
4.03		0.292722		
4.04		0.29198		
4.05		0.291242		
4.06		0.290508		
4.07		0.289777		
4.08		0.28905		
4.09		0.288326		
4.1		0.287605		
4.11		0.286889		
4.12		0.286175		
4.13		0.285465		
4.14		0.284759		
4.15		0.284056		
4.16		0.283356		
4.17		0.282659		
4.18		0.281966		
4.19		0.281276		
4.2		0.28059		
4.21		0.279906		
4.22		0.279226		
4.23		0.278549		
4.24		0.277876		
4.25		0.277205		
4.26		0.276538		
4.27		0.275874		
4.28		0.275213		
4.29		0.274555		
4.3		0.2739		
4.31		0.273248		
4.32		0.272599		
4.33		0.271953		
4.34		0.271311		
4.35		0.270671		
4.36		0.270034		
4.37		0.2694		
4.38		0.268769		
4.39		0.268141		
4.4		0.267516		
4.41		0.266894		
4.42		0.266275		
4.43		0.265658		
4.44		0.265044		
4.45		0.264434		
4.46		0.263825		
4.47		0.26322		
4.48		0.262618		
4.49		0.262018		
4.5		0.261421		
4.51		0.260826		
4.52		0.260235		
4.53		0.259646		
4.54		0.259059		
4.55		0.258476		
4.56		0.257895		
4.57		0.257316		
4.58		0.25674		
4.59		0.256167		
4.6		0.255596		
4.61		0.255028		
4.62		0.254462		
4.63		0.253899		
4.64		0.253339		
4.65		0.252781		
4.66		0.252225		
4.67		0.251672		
4.68		0.251121		
4.69		0.250573		
4.7		0.250027		
4.71		0.249483		
4.72		0.248942		
4.73		0.248403		
4.74		0.247867		
4.75		0.247333		
4.76		0.246801		
4.77		0.246272		
4.78		0.245745		
4.79		0.24522		
4.8		0.244697		
4.81		0.244177		
4.82		0.243659		
4.83		0.243143		
4.84		0.242629		
4.85		0.242118		
4.86		0.241609		
4.87		0.241102		
4.88		0.240597		
4.89		0.240094		
4.9		0.239594		
4.91		0.239095		
4.92		0.238599		
4.93		0.238105		
4.94		0.237613		
4.95		0.237123		
4.96		0.236635		
4.97		0.236149		
4.98		0.235665		
4.99		0.235183		
5		0.234703		
5.01		0.234226		
5.02		0.23375		
5.03		0.233276		
5.04		0.232804		
5.05		0.232334		
5.06		0.231866		
5.07		0.2314		
5.08		0.230936		
5.09		0.230474		
5.1		0.230014		
5.11		0.229556		
5.12		0.229099		
5.13		0.228645		
5.14		0.228192		
5.15		0.227741		
5.16		0.227292		
5.17		0.226845		
5.18		0.226399		
5.19		0.225956		
5.2		0.225514		
5.21		0.225074		
5.22		0.224636		
5.23		0.2242		
5.24		0.223765		
5.25		0.223332		
5.26		0.222901		
5.27		0.222471		
5.28		0.222044		
5.29		0.221618		
5.3		0.221193		
5.31		0.220771		
5.32		0.22035		
5.33		0.21993		
5.34		0.219513		
5.35		0.219097		
5.36		0.218682		
5.37		0.21827		
5.38		0.217859		
5.39		0.217449		
5.4		0.217041		
5.41		0.216635		
5.42		0.21623		
5.43		0.215827		
5.44		0.215426		
5.45		0.215026		
5.46		0.214627		
5.47		0.214231		
5.48		0.213835		
5.49		0.213441		
5.5		0.213049		
5.51		0.212658		
5.52		0.212269		
5.53		0.211881		
5.54		0.211495		
5.55		0.21111		
5.56		0.210727		
5.57		0.210345		
5.58		0.209965		
5.59		0.209586		
5.6		0.209208		
5.61		0.208832		
5.62		0.208457		
5.63		0.208084		
5.64		0.207712		
5.65		0.207342		
5.66		0.206973		
5.67		0.206605		
5.68		0.206239		
5.69		0.205874		
5.7		0.20551		
5.71		0.205148		
5.72		0.204787		
5.73		0.204428		
5.74		0.204069		
5.75		0.203713		
5.76		0.203357		
5.77		0.203003		
5.78		0.20265		
5.79		0.202298		
5.8		0.201948		
5.81		0.201599		
5.82		0.201251		
5.83		0.200904		
5.84		0.200559		
5.85		0.200215		
5.86		0.199872		
5.87		0.199531		
5.88		0.199191		
5.89		0.198852		
5.9		0.198514		
5.91		0.198177		
5.92		0.197842		
5.93		0.197508		
5.94		0.197175		
5.95		0.196843		
5.96		0.196512		
5.97		0.196183		
5.98		0.195854		
5.99		0.195527		
6		0.195201		
6.01		0.194877		
6.02		0.194553		
6.03		0.194231		
6.04		0.193909		
6.05		0.193589		
6.06		0.19327		
6.07		0.192952		
6.08		0.192635		
6.09		0.192319		
6.1		0.192005		
6.11		0.191691		
6.12		0.191379		
6.13		0.191067		
6.14		0.190757		
6.15		0.190448		
6.16		0.19014		
6.17		0.189833		
6.18		0.189527		
6.19		0.189222		
6.2		0.188918		
6.21		0.188615		
6.22		0.188313		
6.23		0.188012		
6.24		0.187712		
6.25		0.187414		
6.26		0.187116		
6.27		0.186819		
6.28		0.186523		
6.29		0.186229		
6.3		0.185935		
6.31		0.185642		
6.32		0.185351		
6.33		0.18506		
6.34		0.18477		
6.35		0.184481		
6.36		0.184193		
6.37		0.183906		
6.38		0.183621		
6.39		0.183336		
6.4		0.183052		
6.41		0.182768		
6.42		0.182486		
6.43		0.182205		
6.44		0.181925		
6.45		0.181645		
6.46		0.181367		
6.47		0.18109		
6.48		0.180813		
6.49		0.180537		
6.5		0.180262		
6.51		0.179989		
6.52		0.179716		
6.53		0.179443		
6.54		0.179172		
6.55		0.178902		
6.56		0.178632		
6.57		0.178364		
6.58		0.178096		
6.59		0.177829		
6.6		0.177563		
6.61		0.177298		
6.62		0.177034		
6.63		0.17677		
6.64		0.176508		
6.65		0.176246		
6.66		0.175985		
6.67		0.175725		
6.68		0.175466		
6.69		0.175207		
6.7		0.17495		
6.71		0.174693		
6.72		0.174437		
6.73		0.174182		
6.74		0.173927		
6.75		0.173674		
6.76		0.173421		
6.77		0.173169		
6.78		0.172918		
6.79		0.172667		
6.8		0.172418		
6.81		0.172169		
6.82		0.171921		
6.83		0.171673		
6.84		0.171427		
6.85		0.171181		
6.86		0.170936		
6.87		0.170692		
6.88		0.170448		
6.89		0.170206		
6.9		0.169964		
6.91		0.169722		
6.92		0.169482		
6.93		0.169242		
6.94		0.169003		
6.95		0.168765		
6.96		0.168527		
6.97		0.16829		
6.98		0.168054		
6.99		0.167819		
7		0.167584		
7.01		0.16735		
7.02		0.167117		
7.03		0.166884		
7.04		0.166652		
7.05		0.166421		
7.06		0.16619		
7.07		0.165961		
7.08		0.165732		
7.09		0.165503		
7.1		0.165275		
7.11		0.165048		
7.12		0.164822		
7.13		0.164596		
7.14		0.164371		
7.15		0.164147		
7.16		0.163923		
7.17		0.1637		
7.18		0.163477		
7.19		0.163256		
7.2		0.163035		
7.21		0.162814		
7.22		0.162594		
7.23		0.162375		
7.24		0.162157		
7.25		0.161939		
7.26		0.161722		
7.27		0.161505		
7.28		0.161289		
7.29		0.161074		
7.3		0.160859		
7.31		0.160645		
7.32		0.160431		
7.33		0.160218		
7.34		0.160006		
7.35		0.159794		
7.36		0.159583		
7.37		0.159373		
7.38		0.159163		
7.39		0.158954		
7.4		0.158745		
7.41		0.158537		
7.42		0.15833		
7.43		0.158123		
7.44		0.157917		
7.45		0.157711		
7.46		0.157506		
7.47		0.157301		
7.48		0.157097		
7.49		0.156894		
7.5		0.156691		
7.51		0.156489		
7.52		0.156287		
7.53		0.156086		
7.54		0.155886		
7.55		0.155686		
7.56		0.155486		
7.57		0.155287		
7.58		0.155089		
7.59		0.154891		
7.6		0.154694		
7.61		0.154497		
7.62		0.154301		
7.63		0.154106		
7.64		0.153911		
7.65		0.153716		
7.66		0.153522		
7.67		0.153329		
7.68		0.153136		
7.69		0.152943		
7.7		0.152752		
7.71		0.15256		
7.72		0.152369		
7.73		0.152179		
7.74		0.151989		
7.75		0.1518		
7.76		0.151611		
7.77		0.151423		
7.78		0.151236		
7.79		0.151048		
7.8		0.150862		
7.81		0.150675		
7.82		0.15049		
7.83		0.150305		
7.84		0.15012		
7.85		0.149936		
7.86		0.149752		
7.87		0.149569		
7.88		0.149386		
7.89		0.149204		
7.9		0.149022		
7.91		0.148841		
7.92		0.14866		
7.93		0.14848		
7.94		0.1483		
7.95		0.14812		
7.96		0.147941		
7.97		0.147763		
7.98		0.147585		
7.99		0.147408		
8		0.147231		
8.01		0.147054		
8.02		0.146878		
8.03		0.146702		
8.04		0.146527		
8.05		0.146352		
8.06		0.146178		
8.07		0.146004		
8.08		0.145831		
8.09		0.145658		
8.1		0.145486		
8.11		0.145314		
8.12		0.145142		
8.13		0.144971		
8.14		0.1448		
8.15		0.14463		
8.16		0.14446		
8.17		0.144291		
8.18		0.144122		
8.19		0.143953		
8.2		0.143785		
8.21		0.143618		
8.22		0.14345		
8.23		0.143284		
8.24		0.143117		
8.25		0.142951		
8.26		0.142786		
8.27		0.142621		
8.28		0.142456		
8.29		0.142292		
8.3		0.142128		
8.31		0.141964		
8.32		0.141801		
8.33		0.141639		
8.34		0.141476		
8.35		0.141315		
8.36		0.141153		
8.37		0.140992		
8.38		0.140832		
8.39		0.140671		
8.4		0.140512		
8.41		0.140352		
8.42		0.140193		
8.43		0.140035		
8.44		0.139876		
8.45		0.139719		
8.46		0.139561		
8.47		0.139404		
8.48		0.139247		
8.49		0.139091		
8.5		0.138935		
8.51		0.13878		
8.52		0.138625		
8.53		0.13847		
8.54		0.138315		
8.55		0.138161		
8.56		0.138008		
8.57		0.137854		
8.58		0.137702		
8.59		0.137549		
8.6		0.137397		
8.61		0.137245		
8.62		0.137094		
8.63		0.136943		
8.64		0.136792		
8.65		0.136642		
8.66		0.136492		
8.67		0.136342		
8.68		0.136193		
8.69		0.136044		
8.7		0.135896		
8.71		0.135747		
8.72		0.1356		
8.73		0.135452		
8.74		0.135305		
8.75		0.135158		
8.76		0.135012		
8.77		0.134866		
8.78		0.13472		
8.79		0.134575		
8.8		0.13443		
8.81		0.134285		
8.82		0.134141		
8.83		0.133997		
8.84		0.133853		
8.85		0.13371		
8.86		0.133567		
8.87		0.133424		
8.88		0.133282		
8.89		0.13314		
8.9		0.132998		
8.91		0.132857		
8.92		0.132716		
8.93		0.132575		
8.94		0.132435		
8.95		0.132295		
8.96		0.132155		
8.97		0.132016		
8.98		0.131877		
8.99		0.131738		
9		0.1316		
9.01		0.131461		
9.02		0.131324		
9.03		0.131186		
9.04		0.131049		
9.05		0.130912		
9.06		0.130776		
9.07		0.13064		
9.08		0.130504		
9.09		0.130368		
9.1		0.130233		
9.11		0.130098		
9.12		0.129963		
9.13		0.129829		
9.14		0.129695		
9.15		0.129561		
9.16		0.129428		
9.17		0.129295		
9.18		0.129162		
9.19		0.129029		
9.2		0.128897		
9.21		0.128765		
9.22		0.128633		
9.23		0.128502		
9.24		0.128371		
9.25		0.12824		
9.26		0.12811		
9.27		0.12798		
9.28		0.12785		
9.29		0.12772		
9.3		0.127591		
9.31		0.127462		
9.32		0.127333		
9.33		0.127205		
9.34		0.127076		
9.35		0.126948		
9.36		0.126821		
9.37		0.126694		
9.38		0.126566		
9.39		0.12644		
9.4		0.126313		
9.41		0.126187		
9.42		0.126061		
9.43		0.125935		
9.44		0.12581		
9.45		0.125685		
9.46		0.12556		
9.47		0.125436		
9.48		0.125311		
9.49		0.125187		
9.5		0.125064		
9.51		0.12494		
9.52		0.124817		
9.53		0.124694		
9.54		0.124571		
9.55		0.124449		
9.56		0.124327		
9.57		0.124205		
9.58		0.124083		
9.59		0.123962		
9.6		0.123841		
9.61		0.12372		
9.62		0.123599		
9.63		0.123479		
9.64		0.123359		
9.65		0.123239		
9.66		0.123119		
9.67		0.123		
9.68		0.122881		
9.69		0.122762		
9.7		0.122644		
9.71		0.122525		
9.72		0.122407		
9.73		0.12229		
9.74		0.122172		
9.75		0.122055		
9.76		0.121938		
9.77		0.121821		
9.78		0.121704		
9.79		0.121588		
9.8		0.121472		
9.81		0.121356		
9.82		0.12124		
9.83		0.121125		
9.84		0.12101		
9.85		0.120895		
9.86		0.12078		
9.87		0.120666		
9.88		0.120552		
9.89		0.120438		
9.9		0.120324		
9.91		0.120211		
9.92		0.120098		
9.93		0.119985		
9.94		0.119872		
9.95		0.119759		
9.96		0.119647		
9.97		0.119535		
9.98		0.119423		
9.99		0.119312		
10		0.1192		
10.01		0.119089		
10.02		0.118978		
10.03		0.118868		
10.04		0.118757		
10.05		0.118647		
10.06		0.118537		
10.07		0.118427		
10.08		0.118318		
10.09		0.118208		
10.1		0.118099		
10.11		0.11799		
10.12		0.117882		
10.13		0.117773		
10.14		0.117665		
10.15		0.117557		
10.16		0.117449		
10.17		0.117342		
10.18		0.117234		
10.19		0.117127		
10.2		0.11702		
10.21		0.116913		
10.22		0.116807		
10.23		0.116701		
10.24		0.116594		
10.25		0.116489		
10.26		0.116383		
10.27		0.116277		
10.28		0.116172		
10.29		0.116067		
10.3		0.115962		
10.31		0.115858		
10.32		0.115753		
10.33		0.115649		
10.34		0.115545		
10.35		0.115441		
10.36		0.115338		
10.37		0.115234		
10.38		0.115131		
10.39		0.115028		
10.4		0.114925		
10.41		0.114823		
10.42		0.11472		
10.43		0.114618		
10.44		0.114516		
10.45		0.114415		
10.46		0.114313		
10.47		0.114212		
10.48		0.11411		
10.49		0.114009		
10.5		0.113909		
10.51		0.113808		
10.52		0.113708		
10.53		0.113607		
10.54		0.113507		
10.55		0.113407		
10.56		0.113308		
10.57		0.113208		
10.58		0.113109		
10.59		0.11301		
10.6		0.112911		
10.61		0.112813		
10.62		0.112714		
10.63		0.112616		
10.64		0.112518		
10.65		0.11242		
10.66		0.112322		
10.67		0.112224		
10.68		0.112127		
10.69		0.11203		
10.7		0.111933		
10.71		0.111836		
10.72		0.111739		
10.73		0.111643		
10.74		0.111547		
10.75		0.111451		
10.76		0.111355		
10.77		0.111259		
10.78		0.111163		
10.79		0.111068		
10.8		0.110973		
10.81		0.110878		
10.82		0.110783		
10.83		0.110688		
10.84		0.110594		
10.85		0.1105		
10.86		0.110405		
10.87		0.110311		
10.88		0.110218		
10.89		0.110124		
10.9		0.110031		
10.91		0.109937		
10.92		0.109844		
10.93		0.109751		
10.94		0.109659		
10.95		0.109566		
10.96		0.109474		
10.97		0.109381		
10.98		0.109289		
10.99		0.109197		
11		0.109106		
11.01		0.109014		
11.02		0.108923		
11.03		0.108832		
11.04		0.108741		
11.05		0.10865		
11.06		0.108559		
11.07		0.108468		
11.08		0.108378		
11.09		0.108288		
11.1		0.108198		
11.11		0.108108		
11.12		0.108018		
11.13		0.107928		
11.14		0.107839		
11.15		0.10775		
11.16		0.107661		
11.17		0.107572		
11.18		0.107483		
11.19		0.107394		
11.2		0.107306		
11.21		0.107218		
11.22		0.10713		
11.23		0.107042		
11.24		0.106954		
11.25		0.106866		
11.26		0.106779		
11.27		0.106691		
11.28		0.106604		
11.29		0.106517		
11.3		0.10643		
11.31		0.106343		
11.32		0.106257		
11.33		0.10617		
11.34		0.106084		
11.35		0.105998		
11.36		0.105912		
11.37		0.105826		
11.38		0.105741		
11.39		0.105655		
11.4		0.10557		
11.41		0.105485		
11.42		0.105399		
11.43		0.105315		
11.44		0.10523		
11.45		0.105145		
11.46		0.105061		
11.47		0.104976		
11.48		0.104892		
11.49		0.104808		
11.5		0.104724		
11.51		0.104641		
11.52		0.104557		
11.53		0.104474		
11.54		0.10439		
11.55		0.104307		
11.56		0.104224		
11.57		0.104141		
11.58		0.104059		
11.59		0.103976		
11.6		0.103894		
11.61		0.103811		
11.62		0.103729		
11.63		0.103647		
11.64		0.103565		
11.65		0.103483		
11.66		0.103402		
11.67		0.10332		
11.68		0.103239		
11.69		0.103158		
11.7		0.103077		
11.71		0.102996		
11.72		0.102915		
11.73		0.102835		
11.74		0.102754		
11.75		0.102674		
11.76		0.102594		
11.77		0.102514		
11.78		0.102434		
11.79		0.102354		
11.8		0.102274		
11.81		0.102195		
11.82		0.102115		
11.83		0.102036		
11.84		0.101957		
11.85		0.101878		
11.86		0.101799		
11.87		0.10172		
11.88		0.101642		
11.89		0.101563		
11.9		0.101485		
11.91		0.101407		
11.92		0.101328		
11.93		0.10125		
11.94		0.101173		
11.95		0.101095		
11.96		0.101017		
11.97		0.10094		
11.98		0.100863		
11.99		0.100785		
12		0.100708		
12.01		0.100631		
12.02		0.100555		
12.03		0.100478		
12.04		0.100401		
12.05		0.100325		
12.06		0.100249		
12.07		0.100173		
12.08		0.100097		
12.09		0.100021		
12.1		0.0999448		
12.11		0.0998692		
12.12		0.0997936		
12.13		0.0997182		
12.14		0.0996429		
12.15		0.0995677		
12.16		0.0994926		
12.17		0.0994177		
12.18		0.0993429		
12.19		0.0992682		
12.2		0.0991936		
12.21		0.0991192		
12.22		0.0990448		
12.23		0.0989706		
12.24		0.0988965		
12.25		0.0988226		
12.26		0.0987487		
12.27		0.098675		
12.28		0.0986014		
12.29		0.0985279		
12.3		0.0984545		
12.31		0.0983812		
12.32		0.0983081		
12.33		0.098235		
12.34		0.0981621		
12.35		0.0980893		
12.36		0.0980167		
12.37		0.0979441		
12.38		0.0978716		
12.39		0.0977993		
12.4		0.0977271		
12.41		0.097655		
12.42		0.097583		
12.43		0.0975111		
12.44		0.0974394		
12.45		0.0973677		
12.46		0.0972962		
12.47		0.0972247		
12.48		0.0971534		
12.49		0.0970822		
12.5		0.0970111		
12.51		0.0969402		
12.52		0.0968693		
12.53		0.0967985		
12.54		0.0967279		
12.55		0.0966574		
12.56		0.0965869		
12.57		0.0965166		
12.58		0.0964464		
12.59		0.0963763		
12.6		0.0963063		
12.61		0.0962365		
12.62		0.0961667		
12.63		0.096097		
12.64		0.0960275		
12.65		0.095958		
12.66		0.0958887		
12.67		0.0958195		
12.68		0.0957503		
12.69		0.0956813		
12.7		0.0956124		
12.71		0.0955436		
12.72		0.0954749		
12.73		0.0954063		
12.74		0.0953378		
12.75		0.0952694		
12.76		0.0952011		
12.77		0.095133		
12.78		0.0950649		
12.79		0.0949969		
12.8		0.094929		
12.81		0.0948613		
12.82		0.0947936		
12.83		0.0947261		
12.84		0.0946586		
12.85		0.0945912		
12.86		0.094524		
12.87		0.0944568		
12.88		0.0943898		
12.89		0.0943228		
12.9		0.094256		
12.91		0.0941893		
12.92		0.0941226		
12.93		0.0940561		
12.94		0.0939896		
12.95		0.0939233		
12.96		0.093857		
12.97		0.0937909		
12.98		0.0937248		
12.99		0.0936589		
13		0.093593		
13.01		0.0935273		
13.02		0.0934616		
13.03		0.093396		
13.04		0.0933306		
13.05		0.0932652		
13.06		0.0931999		
13.07		0.0931348		
13.08		0.0930697		
13.09		0.0930047		
13.1		0.0929398		
13.11		0.092875		
13.12		0.0928104		
13.13		0.0927458		
13.14		0.0926813		
13.15		0.0926168		
13.16		0.0925525		
13.17		0.0924883		
13.18		0.0924242		
13.19		0.0923602		
13.2		0.0922962		
13.21		0.0922324		
13.22		0.0921686		
13.23		0.092105		
13.24		0.0920414		
13.25		0.0919779		
13.26		0.0919145		
13.27		0.0918512		
13.28		0.091788		
13.29		0.0917249		
13.3		0.0916619		
13.31		0.091599		
13.32		0.0915362		
13.33		0.0914734		
13.34		0.0914108		
13.35		0.0913482		
13.36		0.0912857		
13.37		0.0912233		
13.38		0.091161		
13.39		0.0910988		
13.4		0.0910367		
13.41		0.0909747		
13.42		0.0909127		
13.43		0.0908509		
13.44		0.0907891		
13.45		0.0907274		
13.46		0.0906659		
13.47		0.0906044		
13.48		0.0905429		
13.49		0.0904816		
13.5		0.0904204		
13.51		0.0903592		
13.52		0.0902982		
13.53		0.0902372		
13.54		0.0901763		
13.55		0.0901155		
13.56		0.0900547		
13.57		0.0899941		
13.58		0.0899335		
13.59		0.0898731		
13.6		0.0898127		
13.61		0.0897524		
13.62		0.0896922		
13.63		0.089632		
13.64		0.089572		
13.65		0.089512		
13.66		0.0894521		
13.67		0.0893923		
13.68		0.0893326		
13.69		0.089273		
13.7		0.0892134		
13.71		0.089154		
13.72		0.0890946		
13.73		0.0890353		
13.74		0.0889761		
13.75		0.0889169		
13.76		0.0888579		
13.77		0.0887989		
13.78		0.08874		
13.79		0.0886812		
13.8		0.0886224		
13.81		0.0885638		
13.82		0.0885052		
13.83		0.0884467		
13.84		0.0883883		
13.85		0.08833		
13.86		0.0882717		
13.87		0.0882135		
13.88		0.0881554		
13.89		0.0880974		
13.9		0.0880395		
13.91		0.0879816		
13.92		0.0879238		
13.93		0.0878661		
13.94		0.0878085		
13.95		0.0877509		
13.96		0.0876935		
13.97		0.0876361		
13.98		0.0875787		
13.99		0.0875215		
14		0.0874643		
14.01		0.0874073		
14.02		0.0873502		
14.03		0.0872933		
14.04		0.0872364		
14.05		0.0871797		
14.06		0.087123		
14.07		0.0870663		
14.08		0.0870098		
14.09		0.0869533		
14.1		0.0868969		
14.11		0.0868405		
14.12		0.0867843		
14.13		0.0867281		
14.14		0.086672		
14.15		0.0866159		
14.16		0.08656		
14.17		0.0865041		
14.18		0.0864483		
14.19		0.0863925		
14.2		0.0863369		
14.21		0.0862813		
14.22		0.0862257		
14.23		0.0861703		
14.24		0.0861149		
14.25		0.0860596		
14.26		0.0860044		
14.27		0.0859492		
14.28		0.0858941		
14.29		0.0858391		
14.3		0.0857842		
14.31		0.0857293		
14.32		0.0856745		
14.33		0.0856197		
14.34		0.0855651		
14.35		0.0855105		
14.36		0.085456		
14.37		0.0854015		
14.38		0.0853471		
14.39		0.0852928		
14.4		0.0852386		
14.41		0.0851844		
14.42		0.0851303		
14.43		0.0850762		
14.44		0.0850223		
14.45		0.0849684		
14.46		0.0849145		
14.47		0.0848608		
14.48		0.0848071		
14.49		0.0847535		
14.5		0.0846999		
14.51		0.0846464		
14.52		0.084593		
14.53		0.0845396		
14.54		0.0844864		
14.55		0.0844331		
14.56		0.08438		
14.57		0.0843269		
14.58		0.0842739		
14.59		0.0842209		
14.6		0.0841681		
14.61		0.0841152		
14.62		0.0840625		
14.63		0.0840098		
14.64		0.0839572		
14.65		0.0839046		
14.66		0.0838521		
14.67		0.0837997		
14.68		0.0837473		
14.69		0.083695		
14.7		0.0836428		
14.71		0.0835907		
14.72		0.0835385		
14.73		0.0834865		
14.74		0.0834345		
14.75		0.0833826		
14.76		0.0833308		
14.77		0.083279		
14.78		0.0832273		
14.79		0.0831756		
14.8		0.083124		
14.81		0.0830725		
14.82		0.0830211		
14.83		0.0829697		
14.84		0.0829183		
14.85		0.082867		
14.86		0.0828158		
14.87		0.0827647		
14.88		0.0827136		
14.89		0.0826626		
14.9		0.0826116		
14.91		0.0825607		
14.92		0.0825098		
14.93		0.0824591		
14.94		0.0824083		
14.95		0.0823577		
14.96		0.0823071		
14.97		0.0822566		
14.98		0.0822061		
14.99		0.0821557		
15		0.0821053		
15.01		0.082055		
15.02		0.0820048		
15.03		0.0819546		
15.04		0.0819045		
15.05		0.0818544		
15.06		0.0818044		
15.07		0.0817545		
15.08		0.0817046		
15.09		0.0816548		
15.1		0.081605		
15.11		0.0815553		
15.12		0.0815057		
15.13		0.0814561		
15.14		0.0814066		
15.15		0.0813571		
15.16		0.0813077		
15.17		0.0812584		
15.18		0.0812091		
15.19		0.0811598		
15.2		0.0811107		
15.21		0.0810615		
15.22		0.0810125		
15.23		0.0809635		
15.24		0.0809145		
15.25		0.0808656		
15.26		0.0808168		
15.27		0.080768		
15.28		0.0807193		
15.29		0.0806706		
15.3		0.080622		
15.31		0.0805735		
15.32		0.080525		
15.33		0.0804765		
15.34		0.0804281		
15.35		0.0803798		
15.36		0.0803315		
15.37		0.0802833		
15.38		0.0802351		
15.39		0.080187		
15.4		0.080139		
15.41		0.080091		
15.42		0.080043		
15.43		0.0799951		
15.44		0.0799473		
15.45		0.0798995		
15.46		0.0798518		
15.47		0.0798041		
15.48		0.0797565		
15.49		0.0797089		
15.5		0.0796614		
15.51		0.079614		
15.52		0.0795666		
15.53		0.0795192		
15.54		0.0794719		
15.55		0.0794247		
15.56		0.0793775		
15.57		0.0793303		
15.58		0.0792832		
15.59		0.0792362		
15.6		0.0791892		
15.61		0.0791423		
15.62		0.0790954		
15.63		0.0790486		
15.64		0.0790018		
15.65		0.0789551		
15.66		0.0789084		
15.67		0.0788618		
15.68		0.0788152		
15.69		0.0787687		
15.7		0.0787222		
15.71		0.0786758		
15.72		0.0786294		
15.73		0.0785831		
15.74		0.0785369		
15.75		0.0784906		
15.76		0.0784445		
15.77		0.0783984		
15.78		0.0783523		
15.79		0.0783063		
15.8		0.0782603		
15.81		0.0782144		
15.82		0.0781686		
15.83		0.0781227		
15.84		0.078077		
15.85		0.0780313		
15.86		0.0779856		
15.87		0.07794		
15.88		0.0778944		
15.89		0.0778489		
15.9		0.0778034		
15.91		0.077758		
15.92		0.0777126		
15.93		0.0776673		
15.94		0.077622		
15.95		0.0775768		
15.96		0.0775316		
15.97		0.0774865		
15.98		0.0774414		
15.99		0.0773964		
16		0.0773514		
16.01		0.0773065		
16.02		0.0772616		
16.03		0.0772167		
16.04		0.0771719		
16.05		0.0771272		
16.06		0.0770825		
16.07		0.0770378		
16.08		0.0769932		
16.09		0.0769486		
16.1		0.0769041		
16.11		0.0768596		
16.12		0.0768152		
16.13		0.0767708		
16.14		0.0767265		
16.15		0.0766822		
16.16		0.076638		
16.17		0.0765938		
16.18		0.0765496		
16.19		0.0765055		
16.2		0.0764615		
16.21		0.0764175		
16.22		0.0763735		
16.23		0.0763296		
16.24		0.0762857		
16.25		0.0762419		
16.26		0.0761981		
16.27		0.0761543		
16.28		0.0761106		
16.29		0.076067		
16.3		0.0760234		
16.31		0.0759798		
16.32		0.0759363		
16.33		0.0758928		
16.34		0.0758494		
16.35		0.075806		
16.36		0.0757626		
16.37		0.0757193		
16.38		0.0756761		
16.39		0.0756329		
16.4		0.0755897		
16.41		0.0755466		
16.42		0.0755035		
16.43		0.0754604		
16.44		0.0754174		
16.45		0.0753745		
16.46		0.0753316		
16.47		0.0752887		
16.48		0.0752459		
16.49		0.0752031		
16.5		0.0751603		
16.51		0.0751176		
16.52		0.075075		
16.53		0.0750324		
16.54		0.0749898		
16.55		0.0749473		
16.56		0.0749048		
16.57		0.0748623		
16.58		0.0748199		
16.59		0.0747775		
16.6		0.0747352		
16.61		0.0746929		
16.62		0.0746507		
16.63		0.0746085		
16.64		0.0745663		
16.65		0.0745242		
16.66		0.0744821		
16.67		0.0744401		
16.68		0.0743981		
16.69		0.0743561		
16.7		0.0743142		
16.71		0.0742723		
16.72		0.0742305		
16.73		0.0741887		
16.74		0.0741469		
16.75		0.0741052		
16.76		0.0740635		
16.77		0.0740219		
16.78		0.0739803		
16.79		0.0739387		
16.8		0.0738972		
16.81		0.0738558		
16.82		0.0738143		
16.83		0.0737729		
16.84		0.0737315		
16.85		0.0736902		
16.86		0.0736489		
16.87		0.0736077		
16.88		0.0735665		
16.89		0.0735253		
16.9		0.0734842		
16.91		0.0734431		
16.92		0.073402		
16.93		0.073361		
16.94		0.0733201		
16.95		0.0732791		
16.96		0.0732382		
16.97		0.0731974		
16.98		0.0731565		
16.99		0.0731157		
17		0.073075		
17.01		0.0730343		
17.02		0.0729936		
17.03		0.072953		
17.04		0.0729124		
17.05		0.0728718		
17.06		0.0728313		
17.07		0.0727908		
17.08		0.0727503		
17.09		0.0727099		
17.1		0.0726695		
17.11		0.0726292		
17.12		0.0725889		
17.13		0.0725486		
17.14		0.0725084		
17.15		0.0724682		
17.16		0.072428		
17.17		0.0723879		
17.18		0.0723478		
17.19		0.0723078		
17.2		0.0722678		
17.21		0.0722278		
17.22		0.0721878		
17.23		0.0721479		
17.24		0.0721081		
17.25		0.0720682		
17.26		0.0720284		
17.27		0.0719887		
17.28		0.0719489		
17.29		0.0719092		
17.3		0.0718696		
17.31		0.0718299		
17.32		0.0717904		
17.33		0.0717508		
17.34		0.0717113		
17.35		0.0716718		
17.36		0.0716323		
17.37		0.0715929		
17.38		0.0715535		
17.39		0.0715142		
17.4		0.0714749		
17.41		0.0714356		
17.42		0.0713963		
17.43		0.0713571		
17.44		0.071318		
17.45		0.0712788		
17.46		0.0712397		
17.47		0.0712006		
17.48		0.0711616		
17.49		0.0711226		
17.5		0.0710836		
17.51		0.0710446		
17.52		0.0710057		
17.53		0.0709669		
17.54		0.070928		
17.55		0.0708892		
17.56		0.0708504		
17.57		0.0708117		
17.58		0.070773		
17.59		0.0707343		
17.6		0.0706956		
17.61		0.070657		
17.62		0.0706184		
17.63		0.0705799		
17.64		0.0705414		
17.65		0.0705029		
17.66		0.0704644		
17.67		0.070426		
17.68		0.0703876		
17.69		0.0703493		
17.7		0.0703109		
17.71		0.0702727		
17.72		0.0702344		
17.73		0.0701962		
17.74		0.070158		
17.75		0.0701198		
17.76		0.0700817		
17.77		0.0700436		
17.78		0.0700055		
17.79		0.0699674		
17.8		0.0699294		
17.81		0.0698915		
17.82		0.0698535		
17.83		0.0698156		
17.84		0.0697777		
17.85		0.0697398		
17.86		0.069702		
17.87		0.0696642		
17.88		0.0696265		
17.89		0.0695887		
17.9		0.069551		
17.91		0.0695134		
17.92		0.0694757		
17.93		0.0694381		
17.94		0.0694005		
17.95		0.069363		
17.96		0.0693255		
17.97		0.069288		
17.98		0.0692505		
17.99		0.0692131		
18		0.0691757		
18.01		0.0691383		
18.02		0.0691009		
18.03		0.0690636		
18.04		0.0690264		
18.05		0.0689891		
18.06		0.0689519		
18.07		0.0689147		
18.08		0.0688775		
18.09		0.0688404		
18.1		0.0688033		
18.11		0.0687662		
18.12		0.0687291		
18.13		0.0686921		
18.14		0.0686551		
18.15		0.0686182		
18.16		0.0685812		
18.17		0.0685443		
18.18		0.0685074		
18.19		0.0684706		
18.2		0.0684338		
18.21		0.068397		
18.22		0.0683602		
18.23		0.0683235		
18.24		0.0682867		
18.25		0.0682501		
18.26		0.0682134		
18.27		0.0681768		
18.28		0.0681402		
18.29		0.0681036		
18.3		0.0680671		
18.31		0.0680306		
18.32		0.0679941		
18.33		0.0679576		
18.34		0.0679212		
18.35		0.0678848		
18.36		0.0678484		
18.37		0.0678121		
18.38		0.0677757		
18.39		0.0677394		
18.4		0.0677032		
18.41		0.0676669		
18.42		0.0676307		
18.43		0.0675945		
18.44		0.0675584		
18.45		0.0675222		
18.46		0.0674861		
18.47		0.06745		
18.48		0.067414		
18.49		0.067378		
18.5		0.067342		
18.51		0.067306		
18.52		0.06727		
18.53		0.0672341		
18.54		0.0671982		
18.55		0.0671623		
18.56		0.0671265		
18.57		0.0670907		
18.58		0.0670549		
18.59		0.0670191		
18.6		0.0669834		
18.61		0.0669477		
18.62		0.066912		
18.63		0.0668763		
18.64		0.0668407		
18.65		0.0668051		
18.66		0.0667695		
18.67		0.0667339		
18.68		0.0666984		
18.69		0.0666629		
18.7		0.0666274		
18.71		0.0665919		
18.72		0.0665565		
18.73		0.0665211		
18.74		0.0664857		
18.75		0.0664503		
18.76		0.066415		
18.77		0.0663797		
18.78		0.0663444		
18.79		0.0663091		
18.8		0.0662739		
18.81		0.0662387		
18.82		0.0662035		
18.83		0.0661683		
18.84		0.0661332		
18.85		0.0660981		
18.86		0.066063		
18.87		0.0660279		
18.88		0.0659929		
18.89		0.0659579		
18.9		0.0659229		
18.91		0.0658879		
18.92		0.065853		
18.93		0.065818		
18.94		0.0657831		
18.95		0.0657483		
18.96		0.0657134		
18.97		0.0656786		
18.98		0.0656438		
18.99		0.065609		
19		0.0655743		
19.01		0.0655395		
19.02		0.0655048		
19.03		0.0654701		
19.04		0.0654355		
19.05		0.0654008		
19.06		0.0653662		
19.07		0.0653316		
19.08		0.0652971		
19.09		0.0652625		
19.1		0.065228		
19.11		0.0651935		
19.12		0.065159		
19.13		0.0651246		
19.14		0.0650901		
19.15		0.0650557		
19.16		0.0650213		
19.17		0.064987		
19.18		0.0649526		
19.19		0.0649183		
19.2		0.064884		
19.21		0.0648498		
19.22		0.0648155		
19.23		0.0647813		
19.24		0.0647471		
19.25		0.0647129		
19.26		0.0646787		
19.27		0.0646445		
19.28		0.0646104		
19.29		0.0645763		
19.3		0.0645422		
19.31		0.0645082		
19.32		0.0644742		
19.33		0.0644402		
19.34		0.0644062		
19.35		0.0643722		
19.36		0.0643383		
19.37		0.0643044		
19.38		0.0642705		
19.39		0.0642367		
19.4		0.0642029		
19.41		0.0641691		
19.42		0.0641354		
19.43		0.0641016		
19.44		0.0640679		
19.45		0.0640343		
19.46		0.0640007		
19.47		0.0639671		
19.48		0.0639335		
19.49		0.0638999		
19.5		0.0638664		
19.51		0.063833		
19.52		0.0637995		
19.53		0.0637661		
19.54		0.0637328		
19.55		0.0636994		
19.56		0.0636661		
19.57		0.0636329		
19.58		0.0635996		
19.59		0.0635664		
19.6		0.0635333		
19.61		0.0635001		
19.62		0.063467		
19.63		0.063434		
19.64		0.063401		
19.65		0.063368		
19.66		0.063335		
19.67		0.0633021		
19.68		0.0632693		
19.69		0.0632364		
19.7		0.0632036		
19.71		0.0631709		
19.72		0.0631382		
19.73		0.0631055		
19.74		0.0630728		
19.75		0.0630402		
19.76		0.0630077		
19.77		0.0629751		
19.78		0.0629426		
19.79		0.0629102		
19.8		0.0628778		
19.81		0.0628454		
19.82		0.0628131		
19.83		0.0627808		
19.84		0.0627485		
19.85		0.0627163		
19.86		0.0626841		
19.87		0.062652		
19.88		0.0626199		
19.89		0.0625878		
19.9		0.0625558		
19.91		0.0625238		
19.92		0.0624919		
19.93		0.06246		
19.94		0.0624282		
19.95		0.0623963		
19.96		0.0623646		
19.97		0.0623328		
19.98		0.0623011		
19.99		0.0622695		
20		0.0622379		
20.01		0.0622063		
20.02		0.0621748		
20.03		0.0621433		
20.04		0.0621118		
20.05		0.0620804		
20.06		0.0620491		
20.07		0.0620177		
20.08		0.0619865		
20.09		0.0619552		
20.1		0.061924		
20.11		0.0618929		
20.12		0.0618617		
20.13		0.0618307		
20.14		0.0617996		
20.15		0.0617686		
20.16		0.0617377		
20.17		0.0617068		
20.18		0.0616759		
20.19		0.0616451		
20.2		0.0616143		
20.21		0.0615835		
20.22		0.0615528		
20.23		0.0615222		
20.24		0.0614915		
20.25		0.061461		
20.26		0.0614304		
20.27		0.0613999		
20.28		0.0613695		
20.29		0.061339		
20.3		0.0613087		
20.31		0.0612783		
20.32		0.061248		
20.33		0.0612178		
20.34		0.0611876		
20.35		0.0611574		
20.36		0.0611273		
20.37		0.0610972		
20.38		0.0610671		
20.39		0.0610371		
20.4		0.0610072		
20.41		0.0609772		
20.42		0.0609474		
20.43		0.0609175		
20.44		0.0608877		
20.45		0.060858		
20.46		0.0608282		
20.47		0.0607986		
20.48		0.0607689		
20.49		0.0607393		
20.5		0.0607098		
20.51		0.0606802		
20.52		0.0606508		
20.53		0.0606213		
20.54		0.0605919		
20.55		0.0605626		
20.56		0.0605333		
20.57		0.060504		
20.58		0.0604747		
20.59		0.0604455		
20.6		0.0604164		
20.61		0.0603873		
20.62		0.0603582		
20.63		0.0603292		
20.64		0.0603002		
20.65		0.0602712		
20.66		0.0602423		
20.67		0.0602134		
20.68		0.0601846		
20.69		0.0601558		
20.7		0.060127		
20.71		0.0600983		
20.72		0.0600696		
20.73		0.060041		
20.74		0.0600123		
20.75		0.0599838		
20.76		0.0599553		
20.77		0.0599268		
20.78		0.0598983		
20.79		0.0598699		
20.8		0.0598415		
20.81		0.0598132		
20.82		0.0597849		
20.83		0.0597567		
20.84		0.0597284		
20.85		0.0597003		
20.86		0.0596721		
20.87		0.059644		
20.88		0.059616		
20.89		0.0595879		
20.9		0.0595599		
20.91		0.059532		
20.92		0.0595041		
20.93		0.0594762		
20.94		0.0594484		
20.95		0.0594206		
20.96		0.0593928		
20.97		0.0593651		
20.98		0.0593374		
20.99		0.0593098		
21		0.0592821		
21.01		0.0592546		
21.02		0.059227		
21.03		0.0591995		
21.04		0.0591721		
21.05		0.0591446		
21.06		0.0591172		
21.07		0.0590899		
21.08		0.0590626		
21.09		0.0590353		
21.1		0.059008		
21.11		0.0589808		
21.12		0.0589537		
21.13		0.0589265		
21.14		0.0588994		
21.15		0.0588724		
21.16		0.0588453		
21.17		0.0588184		
21.18		0.0587914		
21.19		0.0587645		
21.2		0.0587376		
21.21		0.0587107		
21.22		0.0586839		
21.23		0.0586572		
21.24		0.0586304		
21.25		0.0586037		
21.26		0.058577		
21.27		0.0585504		
21.28		0.0585238		
21.29		0.0584972		
21.3		0.0584707		
21.31		0.0584442		
21.32		0.0584177		
21.33		0.0583913		
21.34		0.0583649		
21.35		0.0583386		
21.36		0.0583122		
21.37		0.058286		
21.38		0.0582597		
21.39		0.0582335		
21.4		0.0582073		
21.41		0.0581811		
21.42		0.058155		
21.43		0.0581289		
21.44		0.0581029		
21.45		0.0580769		
21.46		0.0580509		
21.47		0.0580249		
21.48		0.057999		
21.49		0.0579731		
21.5		0.0579473		
21.51		0.0579215		
21.52		0.0578957		
21.53		0.0578699		
21.54		0.0578442		
21.55		0.0578185		
21.56		0.0577929		
21.57		0.0577673		
21.58		0.0577417		
21.59		0.0577161		
21.6		0.0576906		
21.61		0.0576651		
21.62		0.0576397		
21.63		0.0576142		
21.64		0.0575889		
21.65		0.0575635		
21.66		0.0575382		
21.67		0.0575129		
21.68		0.0574876		
21.69		0.0574624		
21.7		0.0574372		
21.71		0.057412		
21.72		0.0573869		
21.73		0.0573618		
21.74		0.0573367		
21.75		0.0573117		
21.76		0.0572867		
21.77		0.0572617		
21.78		0.0572367		
21.79		0.0572118		
21.8		0.0571869		
21.81		0.0571621		
21.82		0.0571372		
21.83		0.0571125		
21.84		0.0570877		
21.85		0.057063		
21.86		0.0570383		
21.87		0.0570136		
21.88		0.056989		
21.89		0.0569643		
21.9		0.0569398		
21.91		0.0569152		
21.92		0.0568907		
21.93		0.0568662		
21.94		0.0568418		
21.95		0.0568173		
21.96		0.0567929		
21.97		0.0567686		
21.98		0.0567442		
21.99		0.0567199		
22		0.0566956		
22.01		0.0566714		
22.02		0.0566472		
22.03		0.056623		
22.04		0.0565988		
22.05		0.0565747		
22.06		0.0565506		
22.07		0.0565265		
22.08		0.0565025		
22.09		0.0564784		
22.1		0.0564545		
22.11		0.0564305		
22.12		0.0564066		
22.13		0.0563827		
22.14		0.0563588		
22.15		0.0563349		
22.16		0.0563111		
22.17		0.0562873		
22.18		0.0562636		
22.19		0.0562399		
22.2		0.0562162		
22.21		0.0561925		
22.22		0.0561688		
22.23		0.0561452		
22.24		0.0561216		
22.25		0.0560981		
22.26		0.0560745		
22.27		0.056051		
22.28		0.0560275		
22.29		0.0560041		
22.3		0.0559807		
22.31		0.0559573		
22.32		0.0559339		
22.33		0.0559106		
22.34		0.0558872		
22.35		0.055864		
22.36		0.0558407		
22.37		0.0558175		
22.38		0.0557943		
22.39		0.0557711		
22.4		0.0557479		
22.41		0.0557248		
22.42		0.0557017		
22.43		0.0556786		
22.44		0.0556556		
22.45		0.0556326		
22.46		0.0556096		
22.47		0.0555866		
22.48		0.0555637		
22.49		0.0555408		
22.5		0.0555179		
22.51		0.055495		
22.52		0.0554722		
22.53		0.0554494		
22.54		0.0554266		
22.55		0.0554038		
22.56		0.0553811		
22.57		0.0553584		
22.58		0.0553357		
22.59		0.0553131		
22.6		0.0552904		
22.61		0.0552678		
22.62		0.0552453		
22.63		0.0552227		
22.64		0.0552002		
22.65		0.0551777		
22.66		0.0551552		
22.67		0.0551328		
22.68		0.0551103		
22.69		0.0550879		
22.7		0.0550656		
22.71		0.0550432		
22.72		0.0550209		
22.73		0.0549986		
22.74		0.0549763		
22.75		0.0549541		
22.76		0.0549318		
22.77		0.0549096		
22.78		0.0548875		
22.79		0.0548653		
22.8		0.0548432		
22.81		0.0548211		
22.82		0.054799		
22.83		0.054777		
22.84		0.0547549		
22.85		0.0547329		
22.86		0.0547109		
22.87		0.054689		
22.88		0.054667		
22.89		0.0546451		
22.9		0.0546233		
22.91		0.0546014		
22.92		0.0545796		
22.93		0.0545577		
22.94		0.0545359		
22.95		0.0545142		
22.96		0.0544924		
22.97		0.0544707		
22.98		0.054449		
22.99		0.0544274		
23		0.0544057		
23.01		0.0543841		
23.02		0.0543625		
23.03		0.0543409		
23.04		0.0543193		
23.05		0.0542978		
23.06		0.0542763		
23.07		0.0542548		
23.08		0.0542333		
23.09		0.0542119		
23.1		0.0541905		
23.11		0.0541691		
23.12		0.0541477		
23.13		0.0541264		
23.14		0.054105		
23.15		0.0540837		
23.16		0.0540624		
23.17		0.0540412		
23.18		0.0540199		
23.19		0.0539987		
23.2		0.0539775		
23.21		0.0539564		
23.22		0.0539352		
23.23		0.0539141		
23.24		0.053893		
23.25		0.0538719		
23.26		0.0538508		
23.27		0.0538298		
23.28		0.0538088		
23.29		0.0537878		
23.3		0.0537668		
23.31		0.0537459		
23.32		0.0537249		
23.33		0.053704		
23.34		0.0536832		
23.35		0.0536623		
23.36		0.0536414		
23.37		0.0536206		
23.38		0.0535998		
23.39		0.053579		
23.4		0.0535583		
23.41		0.0535376		
23.42		0.0535168		
23.43		0.0534961		
23.44		0.0534755		
23.45		0.0534548		
23.46		0.0534342		
23.47		0.0534136		
23.48		0.053393		
23.49		0.0533724		
23.5		0.0533519		
23.51		0.0533314		
23.52		0.0533108		
23.53		0.0532904		
23.54		0.0532699		
23.55		0.0532495		
23.56		0.053229		
23.57		0.0532086		
23.58		0.0531883		
23.59		0.0531679		
23.6		0.0531476		
23.61		0.0531272		
23.62		0.0531069		
23.63		0.0530867		
23.64		0.0530664		
23.65		0.0530462		
23.66		0.0530259		
23.67		0.0530057		
23.68		0.0529856		
23.69		0.0529654		
23.7		0.0529453		
23.71		0.0529251		
23.72		0.052905		
23.73		0.052885		
23.74		0.0528649		
23.75		0.0528449		
23.76		0.0528248		
23.77		0.0528048		
23.78		0.0527849		
23.79		0.0527649		
23.8		0.052745		
23.81		0.052725		
23.82		0.0527051		
23.83		0.0526853		
23.84		0.0526654		
23.85		0.0526456		
23.86		0.0526257		
23.87		0.0526059		
23.88		0.0525861		
23.89		0.0525664		
23.9		0.0525466		
23.91		0.0525269		
23.92		0.0525072		
23.93		0.0524875		
23.94		0.0524678		
23.95		0.0524482		
23.96		0.0524285		
23.97		0.0524089		
23.98		0.0523893		
23.99		0.0523697		
24		0.0523502		
24.01		0.0523306		
24.02		0.0523111		
24.03		0.0522916		
24.04		0.0522721		
24.05		0.0522527		
24.06		0.0522332		
24.07		0.0522138		
24.08		0.0521944		
24.09		0.052175		
24.1		0.0521556		
24.11		0.0521363		
24.12		0.0521169		
24.13		0.0520976		
24.14		0.0520783		
24.15		0.052059		
24.16		0.0520398		
24.17		0.0520205		
24.18		0.0520013		
24.19		0.0519821		
24.2		0.0519629		
24.21		0.0519437		
24.22		0.0519245		
24.23		0.0519054		
24.24		0.0518863		
24.25		0.0518672		
24.26		0.0518481		
24.27		0.051829		
24.28		0.05181		
24.29		0.051791		
24.3		0.0517719		
24.31		0.0517529		
24.32		0.051734		
24.33		0.051715		
24.34		0.0516961		
24.35		0.0516771		
24.36		0.0516582		
24.37		0.0516393		
24.38		0.0516204		
24.39		0.0516016		
24.4		0.0515827		
24.41		0.0515639		
24.42		0.0515451		
24.43		0.0515263		
24.44		0.0515076		
24.45		0.0514888		
24.46		0.0514701		
24.47		0.0514513		
24.48		0.0514326		
24.49		0.0514139		
24.5		0.0513953		
24.51		0.0513766		
24.52		0.051358		
24.53		0.0513394		
24.54		0.0513208		
24.55		0.0513022		
24.56		0.0512836		
24.57		0.0512651		
24.58		0.0512465		
24.59		0.051228		
24.6		0.0512095		
24.61		0.051191		
24.62		0.0511725		
24.63		0.0511541		
24.64		0.0511356		
24.65		0.0511172		
24.66		0.0510988		
24.67		0.0510804		
24.68		0.0510621		
24.69		0.0510437		
24.7		0.0510254		
24.71		0.051007		
24.72		0.0509887		
24.73		0.0509704		
24.74		0.0509522		
24.75		0.0509339		
24.76		0.0509157		
24.77		0.0508974		
24.78		0.0508792		
24.79		0.050861		
24.8		0.0508429		
24.81		0.0508247		
24.82		0.0508065		
24.83		0.0507884		
24.84		0.0507703		
24.85		0.0507522		
24.86		0.0507341		
24.87		0.050716		
24.88		0.050698		
24.89		0.05068		
24.9		0.0506619		
24.91		0.0506439		
24.92		0.0506259		
24.93		0.050608		
24.94		0.05059		
24.95		0.0505721		
24.96		0.0505541		
24.97		0.0505362		
24.98		0.0505183		
24.99		0.0505004		
25		0.0504826		
25.01		0.0504647		
25.02		0.0504469		
25.03		0.0504291		
25.04		0.0504112		
25.05		0.0503935		
25.06		0.0503757		
25.07		0.0503579		
25.08		0.0503402		
25.09		0.0503224		
25.1		0.0503047		
25.11		0.050287		
25.12		0.0502693		
25.13		0.0502517		
25.14		0.050234		
25.15		0.0502164		
25.16		0.0501987		
25.17		0.0501811		
25.18		0.0501635		
25.19		0.050146		
25.2		0.0501284		
25.21		0.0501108		
25.22		0.0500933		
25.23		0.0500758		
25.24		0.0500583		
25.25		0.0500408		
25.26		0.0500233		
25.27		0.0500058		
25.28		0.0499884		
25.29		0.0499709		
25.3		0.0499535		
25.31		0.0499361		
25.32		0.0499187		
25.33		0.0499013		
25.34		0.049884		
25.35		0.0498667		
25.36		0.0498494		
25.37		0.0498321		
25.38		0.0498149		
25.39		0.0497977		
25.4		0.0497805		
25.41		0.0497635		
25.42		0.0497464		
25.43		0.0497294		
25.44		0.0497125		
25.45		0.0496957		
25.46		0.0496789		
25.47		0.0496622		
25.48		0.0496455		
25.49		0.049629		
25.5		0.0496125		
25.51		0.0495961		
25.52		0.0495797		
25.53		0.0495635		
25.54		0.0495473		
25.55		0.0495313		
25.56		0.0495153		
25.57		0.0494994		
25.58		0.0494836		
25.59		0.0494679		
25.6		0.0494523		
25.61		0.0494368		
25.62		0.0494214		
25.63		0.0494061		
25.64		0.0493909		
25.65		0.0493759		
25.66		0.0493609		
25.67		0.049346		
25.68		0.0493312		
25.69		0.0493166		
25.7		0.049302		
25.71		0.0492876		
25.72		0.0492733		
25.73		0.049259		
25.74		0.0492449		
25.75		0.0492309		
25.76		0.049217		
25.77		0.0492033		
25.78		0.0491896		
25.79		0.049176		
25.8		0.0491626		
25.81		0.0491492		
25.82		0.049136		
25.83		0.0491229		
25.84		0.0491099		
25.85		0.049097		
25.86		0.0490842		
25.87		0.0490715		
25.88		0.0490589		
25.89		0.0490464		
25.9		0.0490341		
25.91		0.0490218		
25.92		0.0490096		
25.93		0.0489976		
25.94		0.0489856		
25.95		0.0489738		
25.96		0.048962		
25.97		0.0489504		
25.98		0.0489388		
25.99		0.0489274		
26		0.048916		
26.01		0.0489047		
26.02		0.0488936		
26.03		0.0488825		
26.04		0.0488715		
26.05		0.0488606		
26.06		0.0488498		
26.07		0.0488391		
26.08		0.0488285		
26.09		0.0488179		
26.1		0.0488075		
26.11		0.0487971		
26.12		0.0487868		
26.13		0.0487766		
26.14		0.0487665		
26.15		0.0487564		
26.16		0.0487464		
26.17		0.0487365		
26.18		0.0487267		
26.19		0.0487169		
26.2		0.0487072		
26.21		0.0486976		
26.22		0.048688		
26.23		0.0486786		
26.24		0.0486691		
26.25		0.0486598		
26.26		0.0486505		
26.27		0.0486412		
26.28		0.048632		
26.29		0.0486229		
26.3		0.0486139		
26.31		0.0486048		
26.32		0.0485959		
26.33		0.048587		
26.34		0.0485781		
26.35		0.0485693		
26.36		0.0485605		
26.37		0.0485518		
26.38		0.0485432		
26.39		0.0485345		
26.4		0.0485259		
26.41		0.0485174		
26.42		0.0485089		
26.43		0.0485004		
26.44		0.048492		
26.45		0.0484836		
26.46		0.0484752		
26.47		0.0484669		
26.48		0.0484586		
26.49		0.0484503		
26.5		0.0484421		
26.51		0.0484339		
26.52		0.0484257		
26.53		0.0484175		
26.54		0.0484094		
26.55		0.0484013		
26.56		0.0483932		
26.57		0.0483851		
26.58		0.048377		
26.59		0.048369		
26.6		0.048361		
26.61		0.048353		
26.62		0.048345		
26.63		0.048337		
26.64		0.048329		
26.65		0.048321		
26.66		0.0483131		
26.67		0.0483052		
26.68		0.0482972		
26.69		0.0482893		
26.7		0.0482814		
26.71		0.0482735		
26.72		0.0482656		
26.73		0.0482577		
26.74		0.0482498		
26.75		0.0482419		
26.76		0.048234		
26.77		0.0482261		
26.78		0.0482181		
26.79		0.0482102		
26.8		0.0482023		
26.81		0.0481944		
26.82		0.0481865		
26.83		0.0481786		
26.84		0.0481706		
26.85		0.0481627		
26.86		0.0481548		
26.87		0.0481468		
26.88		0.0481389		
26.89		0.0481309		
26.9		0.0481229		
26.91		0.0481149		
26.92		0.0481069		
26.93		0.0480989		
26.94		0.0480909		
26.95		0.0480828		
26.96		0.0480747		
26.97		0.0480667		
26.98		0.0480586		
26.99		0.0480505		
27		0.0480424		
27.01		0.0480342		
27.02		0.0480261		
27.03		0.0480179		
27.04		0.0480097		
27.05		0.0480015		
27.06		0.0479933		
27.07		0.047985		
27.08		0.0479767		
27.09		0.0479684		
27.1		0.0479601		
27.11		0.0479518		
27.12		0.0479434		
27.13		0.0479351		
27.14		0.0479267		
27.15		0.0479182		
27.16		0.0479098		
27.17		0.0479013		
27.18		0.0478928		
27.19		0.0478843		
27.2		0.0478757		
27.21		0.0478672		
27.22		0.0478586		
27.23		0.04785		
27.24		0.0478413		
27.25		0.0478326		
27.26		0.0478239		
27.27		0.0478152		
27.28		0.0478065		
27.29		0.0477977		
27.3		0.0477889		
27.31		0.04778		
27.32		0.0477712		
27.33		0.0477623		
27.34		0.0477534		
27.35		0.0477444		
27.36		0.0477355		
27.37		0.0477265		
27.38		0.0477174		
27.39		0.0477084		
27.4		0.0476993		
27.41		0.0476902		
27.42		0.047681		
27.43		0.0476719		
27.44		0.0476627		
27.45		0.0476534		
27.46		0.0476442		
27.47		0.0476349		
27.48		0.0476256		
27.49		0.0476162		
27.5		0.0476069		
27.51		0.0475975		
27.52		0.047588		
27.53		0.0475786		
27.54		0.0475691		
27.55		0.0475596		
27.56		0.04755		
27.57		0.0475404		
27.58		0.0475308		
27.59		0.0475212		
27.6		0.0475115		
27.61		0.0475018		
27.62		0.0474921		
27.63		0.0474823		
27.64		0.0474726		
27.65		0.0474628		
27.66		0.0474529		
27.67		0.047443		
27.68		0.0474332		
27.69		0.0474232		
27.7		0.0474133		
27.71		0.0474033		
27.72		0.0473933		
27.73		0.0473832		
27.74		0.0473732		
27.75		0.0473631		
27.76		0.047353		
27.77		0.0473428		
27.78		0.0473326		
27.79		0.0473224		
27.8		0.0473122		
27.81		0.0473019		
27.82		0.0472916		
27.83		0.0472813		
27.84		0.047271		
27.85		0.0472606		
27.86		0.0472502		
27.87		0.0472398		
27.88		0.0472293		
27.89		0.0472188		
27.9		0.0472083		
27.91		0.0471978		
27.92		0.0471872		
27.93		0.0471767		
27.94		0.0471661		
27.95		0.0471554		
27.96		0.0471448		
27.97		0.0471341		
27.98		0.0471234		
27.99		0.0471126		
28		0.0471019		
28.01		0.0470911		
28.02		0.0470803		
28.03		0.0470694		
28.04		0.0470586		
28.05		0.0470477		
28.06		0.0470368		
28.07		0.0470259		
28.08		0.0470149		
28.09		0.0470039		
28.1		0.0469929		
28.11		0.0469819		
28.12		0.0469709		
28.13		0.0469598		
28.14		0.0469487		
28.15		0.0469376		
28.16		0.0469264		
28.17		0.0469153		
28.18		0.0469041		
28.19		0.0468929		
28.2		0.0468817		
28.21		0.0468704		
28.22		0.0468592		
28.23		0.0468479		
28.24		0.0468366		
28.25		0.0468252		
28.26		0.0468139		
28.27		0.0468025		
28.28		0.0467911		
28.29		0.0467797		
28.3		0.0467683		
28.31		0.0467568		
28.32		0.0467453		
28.33		0.0467339		
28.34		0.0467224		
28.35		0.0467108		
28.36		0.0466993		
28.37		0.0466877		
28.38		0.0466761		
28.39		0.0466645		
28.4		0.0466529		
28.41		0.0466413		
28.42		0.0466296		
28.43		0.0466179		
28.44		0.0466063		
28.45		0.0465946		
28.46		0.0465828		
28.47		0.0465711		
28.48		0.0465593		
28.49		0.0465476		
28.5		0.0465358		
28.51		0.046524		
28.52		0.0465121		
28.53		0.0465003		
28.54		0.0464885		
28.55		0.0464766		
28.56		0.0464647		
28.57		0.0464528		
28.58		0.0464409		
28.59		0.046429		
28.6		0.046417		
28.61		0.0464051		
28.62		0.0463931		
28.63		0.0463811		
28.64		0.0463691		
28.65		0.0463571		
28.66		0.0463451		
28.67		0.046333		
28.68		0.046321		
28.69		0.0463089		
28.7		0.0462968		
28.71		0.0462848		
28.72		0.0462726		
28.73		0.0462605		
28.74		0.0462484		
28.75		0.0462363		
28.76		0.0462241		
28.77		0.0462119		
28.78		0.0461998		
28.79		0.0461876		
28.8		0.0461754		
28.81		0.0461632		
28.82		0.046151		
28.83		0.0461387		
28.84		0.0461265		
28.85		0.0461142		
28.86		0.046102		
28.87		0.0460897		
28.88		0.0460774		
28.89		0.0460651		
28.9		0.0460528		
28.91		0.0460405		
28.92		0.0460282		
28.93		0.0460158		
28.94		0.0460035		
28.95		0.0459911		
28.96		0.0459788		
28.97		0.0459664		
28.98		0.045954		
28.99		0.0459416		
29		0.0459292		
29.01		0.0459168		
29.02		0.0459044		
29.03		0.045892		
29.04		0.0458796		
29.05		0.0458671		
29.06		0.0458547		
29.07		0.0458423		
29.08		0.0458298		
29.09		0.0458173		
29.1		0.0458049		
29.11		0.0457924		
29.12		0.0457799		
29.13		0.0457674		
29.14		0.0457549		
29.15		0.0457424		
29.16		0.0457299		
29.17		0.0457173		
29.18		0.0457048		
29.19		0.0456923		
29.2		0.0456797		
29.21		0.0456672		
29.22		0.0456546		
29.23		0.0456421		
29.24		0.0456295		
29.25		0.0456169		
29.26		0.0456044		
29.27		0.0455918		
29.28		0.0455792		
29.29		0.0455666		
29.3		0.045554		
29.31		0.0455414		
29.32		0.0455288		
29.33		0.0455162		
29.34		0.0455036		
29.35		0.045491		
29.36		0.0454784		
29.37		0.0454657		
29.38		0.0454531		
29.39		0.0454405		
29.4		0.0454278		
29.41		0.0454152		
29.42		0.0454025		
29.43		0.0453899		
29.44		0.0453772		
29.45		0.0453646		
29.46		0.0453519		
29.47		0.0453392		
29.48		0.0453266		
29.49		0.0453139		
29.5		0.0453012		
29.51		0.0452885		
29.52		0.0452759		
29.53		0.0452632		
29.54		0.0452505		
29.55		0.0452378		
29.56		0.0452251		
29.57		0.0452124		
29.58		0.0451997		
29.59		0.045187		
29.6		0.0451743		
29.61		0.0451616		
29.62		0.0451489		
29.63		0.0451362		
29.64		0.0451235		
29.65		0.0451108		
29.66		0.045098		
29.67		0.0450853		
29.68		0.0450726		
29.69		0.0450599		
29.7		0.0450472		
29.71		0.0450344		
29.72		0.0450217		
29.73		0.045009		
29.74		0.0449963		
29.75		0.0449835		
29.76		0.0449708		
29.77		0.0449581		
29.78		0.0449453		
29.79		0.0449326		
29.8		0.0449199		
29.81		0.0449071		
29.82		0.0448944		
29.83		0.0448816		
29.84		0.0448689		
29.85		0.0448562		
29.86		0.0448434		
29.87		0.0448307		
29.88		0.0448179		
29.89		0.0448052		
29.9		0.0447925		
29.91		0.0447797		
29.92		0.044767		
29.93		0.0447542		
29.94		0.0447415		
29.95		0.0447288		
29.96		0.044716		
29.97		0.0447033		
29.98		0.0446905		
29.99		0.0446778		
30		0.044665		
