tau [fm]		R_pi^-1
0.25		0
0.26		0.047496		
0.27		0.091673		
0.28		0.13279		
0.29		0.17107		
0.3		0.20674		
0.31		0.24		
0.32		0.27101		
0.33		0.29996		
0.34		0.32698		
0.35		0.35222		
0.36		0.37581		
0.37		0.39786		
0.38		0.41848		
0.39		0.43777		
0.4		0.45581		
0.41		0.4727		
0.42		0.48851		
0.43		0.5033		
0.44		0.51716		
0.45		0.53013		
0.46		0.54228		
0.47		0.55366		
0.48		0.5643		
0.49		0.57427		
0.5		0.5836		
0.51		0.59233		
0.52		0.60049		
0.53		0.60813		
0.54		0.61526		
0.55		0.62193		
0.56		0.62815		
0.57		0.63395		
0.58		0.63935		
0.59		0.64439		
0.6		0.64907		
0.61		0.65342		
0.62		0.65746		
0.63		0.6612		
0.64		0.66466		
0.65		0.66785		
0.66		0.67079		
0.67		0.67349		
0.68		0.67596		
0.69		0.67822		
0.7		0.68027		
0.71		0.68213		
0.72		0.68381		
0.73		0.68531		
0.74		0.68665		
0.75		0.68782		
0.76		0.68885		
0.77		0.68974		
0.78		0.69049		
0.79		0.69111		
0.8		0.69161		
0.81		0.69199		
0.82		0.69226		
0.83		0.69242		
0.84		0.69249		
0.85		0.69246		
0.86		0.69233		
0.87		0.69212		
0.88		0.69182		
0.89		0.69145		
0.9		0.691		
0.91		0.69048		
0.92		0.68989		
0.93		0.68923		
0.94		0.68851		
0.95		0.68773		
0.96		0.68689		
0.97		0.686		
0.98		0.68506		
0.99		0.68407		
1		0.68303		
1.01		0.68195		
1.02		0.68082		
1.03		0.67966		
1.04		0.67845		
1.05		0.67721		
1.06		0.67593		
1.07		0.67462		
1.08		0.67328		
1.09		0.6719		
1.1		0.6705		
1.11		0.66907		
1.12		0.66761		
1.13		0.66613		
1.14		0.66462		
1.15		0.6631		
1.16		0.66155		
1.17		0.65998		
1.18		0.65839		
1.19		0.65678		
1.2		0.65515		
1.21		0.65351		
1.22		0.65186		
1.23		0.65019		
1.24		0.6485		
1.25		0.6468		
1.26		0.64509		
1.27		0.64337		
1.28		0.64164		
1.29		0.63989		
1.3		0.63814		
1.31		0.63638		
1.32		0.63461		
1.33		0.63283		
1.34		0.63105		
1.35		0.62925		
1.36		0.62746		
1.37		0.62565		
1.38		0.62384		
1.39		0.62203		
1.4		0.62021		
1.41		0.61839		
1.42		0.61656		
1.43		0.61474		
1.44		0.61291		
1.45		0.61107		
1.46		0.60924		
1.47		0.6074		
1.48		0.60556		
1.49		0.60372		
1.5		0.60188		
1.51		0.60004		
1.52		0.5982		
1.53		0.59636		
1.54		0.59452		
1.55		0.59268		
1.56		0.59084		
1.57		0.589		
1.58		0.58717		
1.59		0.58533		
1.6		0.5835		
1.61		0.58167		
1.62		0.57984		
1.63		0.57801		
1.64		0.57618		
1.65		0.57436		
1.66		0.57254		
1.67		0.57073		
1.68		0.56891		
1.69		0.5671		
1.7		0.5653		
1.71		0.56349		
1.72		0.56169		
1.73		0.5599		
1.74		0.55811		
1.75		0.55632		
1.76		0.55454		
1.77		0.55276		
1.78		0.55098		
1.79		0.54921		
1.8		0.54744		
1.81		0.54568		
1.82		0.54393		
1.83		0.54217		
1.84		0.54043		
1.85		0.53868		
1.86		0.53695		
1.87		0.53521		
1.88		0.53349		
1.89		0.53176		
1.9		0.53005		
1.91		0.52834		
1.92		0.52663		
1.93		0.52493		
1.94		0.52323		
1.95		0.52155		
1.96		0.51986		
1.97		0.51818		
1.98		0.51651		
1.99		0.51484		
2		0.51318		
2.01		0.51152		
2.02		0.50987		
2.03		0.50823		
2.04		0.50659		
2.05		0.50496		
2.06		0.50333		
2.07		0.50171		
2.08		0.5001		
2.09		0.49849		
2.1		0.49689		
2.11		0.49529		
2.12		0.4937		
2.13		0.49211		
2.14		0.49054		
2.15		0.48896		
2.16		0.4874		
2.17		0.48584		
2.18		0.48428		
2.19		0.48273		
2.2		0.48119		
2.21		0.47965		
2.22		0.47812		
2.23		0.4766		
2.24		0.47508		
2.25		0.47357		
2.26		0.47207		
2.27		0.47057		
2.28		0.46907		
2.29		0.46759		
2.3		0.4661		
2.31		0.46463		
2.32		0.46316		
2.33		0.4617		
2.34		0.46024		
2.35		0.45879		
2.36		0.45735		
2.37		0.45591		
2.38		0.45447		
2.39		0.45305		
2.4		0.45163		
2.41		0.45021		
2.42		0.44881		
2.43		0.4474		
2.44		0.44601		
2.45		0.44462		
2.46		0.44323		
2.47		0.44185		
2.48		0.44048		
2.49		0.43912		
2.5		0.43775		
2.51		0.4364		
2.52		0.43505		
2.53		0.43371		
2.54		0.43237		
2.55		0.43104		
2.56		0.42972		
2.57		0.4284		
2.58		0.42708		
2.59		0.42578		
2.6		0.42447		
2.61		0.42318		
2.62		0.42189		
2.63		0.4206		
2.64		0.41932		
2.65		0.41805		
2.66		0.41678		
2.67		0.41552		
2.68		0.41426		
2.69		0.41301		
2.7		0.41177		
2.71		0.41053		
2.72		0.40929		
2.73		0.40807		
2.74		0.40684		
2.75		0.40563		
2.76		0.40441		
2.77		0.40321		
2.78		0.40201		
2.79		0.40081		
2.8		0.39962		
2.81		0.39843		
2.82		0.39725		
2.83		0.39608		
2.84		0.39491		
2.85		0.39375		
2.86		0.39259		
2.87		0.39144		
2.88		0.39029		
2.89		0.38915		
2.9		0.38801		
2.91		0.38688		
2.92		0.38575		
2.93		0.38463		
2.94		0.38351		
2.95		0.3824		
2.96		0.38129		
2.97		0.38019		
2.98		0.37909		
2.99		0.378		
3		0.37691		
3.01		0.37583		
3.02		0.37476		
3.03		0.37368		
3.04		0.37262		
3.05		0.37155		
3.06		0.3705		
3.07		0.36944		
3.08		0.3684		
3.09		0.36735		
3.1		0.36632		
3.11		0.36528		
3.12		0.36425		
3.13		0.36323		
3.14		0.36221		
3.15		0.3612		
3.16		0.36019		
3.17		0.35918		
3.18		0.35818		
3.19		0.35718		
3.2		0.35619		
3.21		0.3552		
3.22		0.35422		
3.23		0.35324		
3.24		0.35227		
3.25		0.3513		
3.26		0.35033		
3.27		0.34937		
3.28		0.34842		
3.29		0.34746		
3.3		0.34652		
3.31		0.34557		
3.32		0.34463		
3.33		0.3437		
3.34		0.34277		
3.35		0.34184		
3.36		0.34092		
3.37		0.34		
3.38		0.33909		
3.39		0.33818		
3.4		0.33727		
3.41		0.33637		
3.42		0.33548		
3.43		0.33458		
3.44		0.33369		
3.45		0.33281		
3.46		0.33193		
3.47		0.33105		
3.48		0.33018		
3.49		0.32931		
3.5		0.32844		
3.51		0.32758		
3.52		0.32672		
3.53		0.32587		
3.54		0.32502		
3.55		0.32417		
3.56		0.32333		
3.57		0.32249		
3.58		0.32166		
3.59		0.32083		
3.6		0.32		
3.61		0.31918		
3.62		0.31836		
3.63		0.31754		
3.64		0.31673		
3.65		0.31592		
3.66		0.31511		
3.67		0.31431		
3.68		0.31351		
3.69		0.31272		
3.7		0.31193		
3.71		0.31114		
3.72		0.31036		
3.73		0.30958		
3.74		0.3088		
3.75		0.30802		
3.76		0.30725		
3.77		0.30649		
3.78		0.30572		
3.79		0.30496		
3.8		0.30421		
3.81		0.30345		
3.82		0.30271		
3.83		0.30196		
3.84		0.30122		
3.85		0.30048		
3.86		0.29974		
3.87		0.299		
3.88		0.29827		
3.89		0.29755		
3.9		0.29682		
3.91		0.2961		
3.92		0.29539		
3.93		0.29467		
3.94		0.29396		
3.95		0.29325		
3.96		0.29255		
3.97		0.29184		
3.98		0.29114		
3.99		0.29045		
4		0.28976		
4.01		0.28907		
4.02		0.28838		
4.03		0.2877		
4.04		0.28701		
4.05		0.28634		
4.06		0.28566		
4.07		0.28499		
4.08		0.28432		
4.09		0.28365		
4.1		0.28299		
4.11		0.28233		
4.12		0.28167		
4.13		0.28102		
4.14		0.28036		
4.15		0.27971		
4.16		0.27907		
4.17		0.27842		
4.18		0.27778		
4.19		0.27714		
4.2		0.27651		
4.21		0.27588		
4.22		0.27525		
4.23		0.27462		
4.24		0.27399		
4.25		0.27337		
4.26		0.27275		
4.27		0.27213		
4.28		0.27152		
4.29		0.27091		
4.3		0.2703		
4.31		0.26969		
4.32		0.26909		
4.33		0.26849		
4.34		0.26789		
4.35		0.26729		
4.36		0.2667		
4.37		0.26611		
4.38		0.26552		
4.39		0.26493		
4.4		0.26435		
4.41		0.26377		
4.42		0.26319		
4.43		0.26261		
4.44		0.26204		
4.45		0.26146		
4.46		0.26089		
4.47		0.26033		
4.48		0.25976		
4.49		0.2592		
4.5		0.25864		
4.51		0.25808		
4.52		0.25752		
4.53		0.25697		
4.54		0.25642		
4.55		0.25587		
4.56		0.25532		
4.57		0.25478		
4.58		0.25424		
4.59		0.2537		
4.6		0.25316		
4.61		0.25263		
4.62		0.25209		
4.63		0.25156		
4.64		0.25103		
4.65		0.25051		
4.66		0.24998		
4.67		0.24946		
4.68		0.24894		
4.69		0.24842		
4.7		0.2479		
4.71		0.24739		
4.72		0.24688		
4.73		0.24637		
4.74		0.24586		
4.75		0.24535		
4.76		0.24485		
4.77		0.24435		
4.78		0.24385		
4.79		0.24335		
4.8		0.24285		
4.81		0.24236		
4.82		0.24187		
4.83		0.24138		
4.84		0.24089		
4.85		0.2404		
4.86		0.23992		
4.87		0.23944		
4.88		0.23896		
4.89		0.23848		
4.9		0.238		
4.91		0.23753		
4.92		0.23705		
4.93		0.23658		
4.94		0.23611		
4.95		0.23565		
4.96		0.23518		
4.97		0.23472		
4.98		0.23425		
4.99		0.23379		
5		0.23334		
5.01		0.23288		
5.02		0.23242		
5.03		0.23197		
5.04		0.23152		
5.05		0.23107		
5.06		0.23062		
5.07		0.23018		
5.08		0.22973		
5.09		0.22929		
5.1		0.22885		
5.11		0.22841		
5.12		0.22797		
5.13		0.22754		
5.14		0.2271		
5.15		0.22667		
5.16		0.22624		
5.17		0.22581		
5.18		0.22538		
5.19		0.22496		
5.2		0.22453		
5.21		0.22411		
5.22		0.22369		
5.23		0.22327		
5.24		0.22285		
5.25		0.22243		
5.26		0.22202		
5.27		0.22161		
5.28		0.22119		
5.29		0.22078		
5.3		0.22037		
5.31		0.21997		
5.32		0.21956		
5.33		0.21916		
5.34		0.21876		
5.35		0.21835		
5.36		0.21795		
5.37		0.21756		
5.38		0.21716		
5.39		0.21676		
5.4		0.21637		
5.41		0.21598		
5.42		0.21559		
5.43		0.2152		
5.44		0.21481		
5.45		0.21442		
5.46		0.21404		
5.47		0.21365		
5.48		0.21327		
5.49		0.21289		
5.5		0.21251		
5.51		0.21213		
5.52		0.21176		
5.53		0.21138		
5.54		0.21101		
5.55		0.21063		
5.56		0.21026		
5.57		0.20989		
5.58		0.20952		
5.59		0.20916		
5.6		0.20879		
5.61		0.20843		
5.62		0.20806		
5.63		0.2077		
5.64		0.20734		
5.65		0.20698		
5.66		0.20662		
5.67		0.20626		
5.68		0.20591		
5.69		0.20555		
5.7		0.2052		
5.71		0.20485		
5.72		0.2045		
5.73		0.20415		
5.74		0.2038		
5.75		0.20345		
5.76		0.20311		
5.77		0.20276		
5.78		0.20242		
5.79		0.20208		
5.8		0.20174		
5.81		0.2014		
5.82		0.20106		
5.83		0.20072		
5.84		0.20038		
5.85		0.20005		
5.86		0.19971		
5.87		0.19938		
5.88		0.19905		
5.89		0.19872		
5.9		0.19839		
5.91		0.19806		
5.92		0.19774		
5.93		0.19741		
5.94		0.19708		
5.95		0.19676		
5.96		0.19644		
5.97		0.19612		
5.98		0.1958		
5.99		0.19548		
6		0.19516		
6.01		0.19484		
6.02		0.19453		
6.03		0.19421		
6.04		0.1939		
6.05		0.19358		
6.06		0.19327		
6.07		0.19296		
6.08		0.19265		
6.09		0.19234		
6.1		0.19203		
6.11		0.19173		
6.12		0.19142		
6.13		0.19112		
6.14		0.19081		
6.15		0.19051		
6.16		0.19021		
6.17		0.18991		
6.18		0.18961		
6.19		0.18931		
6.2		0.18901		
6.21		0.18872		
6.22		0.18842		
6.23		0.18813		
6.24		0.18783		
6.25		0.18754		
6.26		0.18725		
6.27		0.18696		
6.28		0.18667		
6.29		0.18638		
6.3		0.18609		
6.31		0.1858		
6.32		0.18552		
6.33		0.18523		
6.34		0.18495		
6.35		0.18466		
6.36		0.18438		
6.37		0.1841		
6.38		0.18382		
6.39		0.18354		
6.4		0.18326		
6.41		0.18298		
6.42		0.18271		
6.43		0.18243		
6.44		0.18215		
6.45		0.18188		
6.46		0.18161		
6.47		0.18133		
6.48		0.18106		
6.49		0.18079		
6.5		0.18052		
6.51		0.18025		
6.52		0.17998		
6.53		0.17972		
6.54		0.17945		
6.55		0.17918		
6.56		0.17892		
6.57		0.17865		
6.58		0.17839		
6.59		0.17813		
6.6		0.17787		
6.61		0.17761		
6.62		0.17735		
6.63		0.17709		
6.64		0.17683		
6.65		0.17657		
6.66		0.17631		
6.67		0.17606		
6.68		0.1758		
6.69		0.17555		
6.7		0.17529		
6.71		0.17504		
6.72		0.17479		
6.73		0.17454		
6.74		0.17429		
6.75		0.17404		
6.76		0.17379		
6.77		0.17354		
6.78		0.17329		
6.79		0.17305		
6.8		0.1728		
6.81		0.17255		
6.82		0.17231		
6.83		0.17207		
6.84		0.17182		
6.85		0.17158		
6.86		0.17134		
6.87		0.1711		
6.88		0.17086		
6.89		0.17062		
6.9		0.17038		
6.91		0.17014		
6.92		0.1699		
6.93		0.16967		
6.94		0.16943		
6.95		0.1692		
6.96		0.16896		
6.97		0.16873		
6.98		0.1685		
6.99		0.16826		
7		0.16803		
7.01		0.1678		
7.02		0.16757		
7.03		0.16734		
7.04		0.16711		
7.05		0.16688		
7.06		0.16666		
7.07		0.16643		
7.08		0.1662		
7.09		0.16598		
7.1		0.16575		
7.11		0.16553		
7.12		0.1653		
7.13		0.16508		
7.14		0.16486		
7.15		0.16464		
7.16		0.16441		
7.17		0.16419		
7.18		0.16397		
7.19		0.16376		
7.2		0.16354		
7.21		0.16332		
7.22		0.1631		
7.23		0.16288		
7.24		0.16267		
7.25		0.16245		
7.26		0.16224		
7.27		0.16202		
7.28		0.16181		
7.29		0.1616		
7.3		0.16138		
7.31		0.16117		
7.32		0.16096		
7.33		0.16075		
7.34		0.16054		
7.35		0.16033		
7.36		0.16012		
7.37		0.15991		
7.38		0.15971		
7.39		0.1595		
7.4		0.15929		
7.41		0.15909		
7.42		0.15888		
7.43		0.15868		
7.44		0.15847		
7.45		0.15827		
7.46		0.15807		
7.47		0.15786		
7.48		0.15766		
7.49		0.15746		
7.5		0.15726		
7.51		0.15706		
7.52		0.15686		
7.53		0.15666		
7.54		0.15646		
7.55		0.15626		
7.56		0.15607		
7.57		0.15587		
7.58		0.15567		
7.59		0.15548		
7.6		0.15528		
7.61		0.15509		
7.62		0.15489		
7.63		0.1547		
7.64		0.1545		
7.65		0.15431		
7.66		0.15412		
7.67		0.15393		
7.68		0.15374		
7.69		0.15355		
7.7		0.15336		
7.71		0.15317		
7.72		0.15298		
7.73		0.15279		
7.74		0.1526		
7.75		0.15241		
7.76		0.15222		
7.77		0.15204		
7.78		0.15185		
7.79		0.15167		
7.8		0.15148		
7.81		0.1513		
7.82		0.15111		
7.83		0.15093		
7.84		0.15074		
7.85		0.15056		
7.86		0.15038		
7.87		0.1502		
7.88		0.15002		
7.89		0.14984		
7.9		0.14966		
7.91		0.14948		
7.92		0.1493		
7.93		0.14912		
7.94		0.14894		
7.95		0.14876		
7.96		0.14858		
7.97		0.14841		
7.98		0.14823		
7.99		0.14805		
8		0.14788		
8.01		0.1477		
8.02		0.14753		
8.03		0.14735		
8.04		0.14718		
8.05		0.147		
8.06		0.14683		
8.07		0.14666		
8.08		0.14649		
8.09		0.14631		
8.1		0.14614		
8.11		0.14597		
8.12		0.1458		
8.13		0.14563		
8.14		0.14546		
8.15		0.14529		
8.16		0.14512		
8.17		0.14496		
8.18		0.14479		
8.19		0.14462		
8.2		0.14445		
8.21		0.14429		
8.22		0.14412		
8.23		0.14396		
8.24		0.14379		
8.25		0.14363		
8.26		0.14346		
8.27		0.1433		
8.28		0.14313		
8.29		0.14297		
8.3		0.14281		
8.31		0.14264		
8.32		0.14248		
8.33		0.14232		
8.34		0.14216		
8.35		0.142		
8.36		0.14184		
8.37		0.14168		
8.38		0.14152		
8.39		0.14136		
8.4		0.1412		
8.41		0.14104		
8.42		0.14088		
8.43		0.14072		
8.44		0.14057		
8.45		0.14041		
8.46		0.14025		
8.47		0.1401		
8.48		0.13994		
8.49		0.13979		
8.5		0.13963		
8.51		0.13948		
8.52		0.13932		
8.53		0.13917		
8.54		0.13901		
8.55		0.13886		
8.56		0.13871		
8.57		0.13856		
8.58		0.1384		
8.59		0.13825		
8.6		0.1381		
8.61		0.13795		
8.62		0.1378		
8.63		0.13765		
8.64		0.1375		
8.65		0.13735		
8.66		0.1372		
8.67		0.13705		
8.68		0.1369		
8.69		0.13675		
8.7		0.1366		
8.71		0.13646		
8.72		0.13631		
8.73		0.13616		
8.74		0.13602		
8.75		0.13587		
8.76		0.13572		
8.77		0.13558		
8.78		0.13543		
8.79		0.13529		
8.8		0.13514		
8.81		0.135		
8.82		0.13486		
8.83		0.13471		
8.84		0.13457		
8.85		0.13443		
8.86		0.13428		
8.87		0.13414		
8.88		0.134		
8.89		0.13386		
8.9		0.13372		
8.91		0.13358		
8.92		0.13344		
8.93		0.1333		
8.94		0.13316		
8.95		0.13302		
8.96		0.13288		
8.97		0.13274		
8.98		0.1326		
8.99		0.13246		
9		0.13232		
9.01		0.13219		
9.02		0.13205		
9.03		0.13191		
9.04		0.13178		
9.05		0.13164		
9.06		0.1315		
9.07		0.13137		
9.08		0.13123		
9.09		0.1311		
9.1		0.13096		
9.11		0.13083		
9.12		0.13069		
9.13		0.13056		
9.14		0.13042		
9.15		0.13029		
9.16		0.13016		
9.17		0.13003		
9.18		0.12989		
9.19		0.12976		
9.2		0.12963		
9.21		0.1295		
9.22		0.12937		
9.23		0.12923		
9.24		0.1291		
9.25		0.12897		
9.26		0.12884		
9.27		0.12871		
9.28		0.12858		
9.29		0.12845		
9.3		0.12833		
9.31		0.1282		
9.32		0.12807		
9.33		0.12794		
9.34		0.12781		
9.35		0.12768		
9.36		0.12756		
9.37		0.12743		
9.38		0.1273		
9.39		0.12718		
9.4		0.12705		
9.41		0.12692		
9.42		0.1268		
9.43		0.12667		
9.44		0.12655		
9.45		0.12642		
9.46		0.1263		
9.47		0.12617		
9.48		0.12605		
9.49		0.12593		
9.5		0.1258		
9.51		0.12568		
9.52		0.12556		
9.53		0.12543		
9.54		0.12531		
9.55		0.12519		
9.56		0.12507		
9.57		0.12494		
9.58		0.12482		
9.59		0.1247		
9.6		0.12458		
9.61		0.12446		
9.62		0.12434		
9.63		0.12422		
9.64		0.1241		
9.65		0.12398		
9.66		0.12386		
9.67		0.12374		
9.68		0.12362		
9.69		0.1235		
9.7		0.12338		
9.71		0.12327		
9.72		0.12315		
9.73		0.12303		
9.74		0.12291		
9.75		0.1228		
9.76		0.12268		
9.77		0.12256		
9.78		0.12245		
9.79		0.12233		
9.8		0.12221		
9.81		0.1221		
9.82		0.12198		
9.83		0.12187		
9.84		0.12175		
9.85		0.12164		
9.86		0.12152		
9.87		0.12141		
9.88		0.12129		
9.89		0.12118		
9.9		0.12107		
9.91		0.12095		
9.92		0.12084		
9.93		0.12073		
9.94		0.12061		
9.95		0.1205		
9.96		0.12039		
9.97		0.12028		
9.98		0.12016		
9.99		0.12005		
10		0.11994		
10.01		0.11983		
10.02		0.11972		
10.03		0.11961		
10.04		0.1195		
10.05		0.11939		
10.06		0.11928		
10.07		0.11917		
10.08		0.11906		
10.09		0.11895		
10.1		0.11884		
10.11		0.11873		
10.12		0.11862		
10.13		0.11851		
10.14		0.1184		
10.15		0.1183		
10.16		0.11819		
10.17		0.11808		
10.18		0.11797		
10.19		0.11787		
10.2		0.11776		
10.21		0.11765		
10.22		0.11755		
10.23		0.11744		
10.24		0.11733		
10.25		0.11723		
10.26		0.11712		
10.27		0.11702		
10.28		0.11691		
10.29		0.1168		
10.3		0.1167		
10.31		0.11659		
10.32		0.11649		
10.33		0.11639		
10.34		0.11628		
10.35		0.11618		
10.36		0.11607		
10.37		0.11597		
10.38		0.11587		
10.39		0.11576		
10.4		0.11566		
10.41		0.11556		
10.42		0.11546		
10.43		0.11535		
10.44		0.11525		
10.45		0.11515		
10.46		0.11505		
10.47		0.11495		
10.48		0.11484		
10.49		0.11474		
10.5		0.11464		
10.51		0.11454		
10.52		0.11444		
10.53		0.11434		
10.54		0.11424		
10.55		0.11414		
10.56		0.11404		
10.57		0.11394		
10.58		0.11384		
10.59		0.11374		
10.6		0.11364		
10.61		0.11354		
10.62		0.11344		
10.63		0.11335		
10.64		0.11325		
10.65		0.11315		
10.66		0.11305		
10.67		0.11295		
10.68		0.11286		
10.69		0.11276		
10.7		0.11266		
10.71		0.11256		
10.72		0.11247		
10.73		0.11237		
10.74		0.11227		
10.75		0.11218		
10.76		0.11208		
10.77		0.11199		
10.78		0.11189		
10.79		0.11179		
10.8		0.1117		
10.81		0.1116		
10.82		0.11151		
10.83		0.11141		
10.84		0.11132		
10.85		0.11122		
10.86		0.11113		
10.87		0.11103		
10.88		0.11094		
10.89		0.11085		
10.9		0.11075		
10.91		0.11066		
10.92		0.11057		
10.93		0.11047		
10.94		0.11038		
10.95		0.11029		
10.96		0.11019		
10.97		0.1101		
10.98		0.11001		
10.99		0.10992		
11		0.10982		
11.01		0.10973		
11.02		0.10964		
11.03		0.10955		
11.04		0.10946		
11.05		0.10937		
11.06		0.10928		
11.07		0.10918		
11.08		0.10909		
11.09		0.109		
11.1		0.10891		
11.11		0.10882		
11.12		0.10873		
11.13		0.10864		
11.14		0.10855		
11.15		0.10846		
11.16		0.10837		
11.17		0.10828		
11.18		0.1082		
11.19		0.10811		
11.2		0.10802		
11.21		0.10793		
11.22		0.10784		
11.23		0.10775		
11.24		0.10766		
11.25		0.10758		
11.26		0.10749		
11.27		0.1074		
11.28		0.10731		
11.29		0.10722		
11.3		0.10714		
11.31		0.10705		
11.32		0.10696		
11.33		0.10688		
11.34		0.10679		
11.35		0.1067		
11.36		0.10662		
11.37		0.10653		
11.38		0.10644		
11.39		0.10636		
11.4		0.10627		
11.41		0.10619		
11.42		0.1061		
11.43		0.10602		
11.44		0.10593		
11.45		0.10585		
11.46		0.10576		
11.47		0.10568		
11.48		0.10559		
11.49		0.10551		
11.5		0.10542		
11.51		0.10534		
11.52		0.10525		
11.53		0.10517		
11.54		0.10509		
11.55		0.105		
11.56		0.10492		
11.57		0.10484		
11.58		0.10475		
11.59		0.10467		
11.6		0.10459		
11.61		0.1045		
11.62		0.10442		
11.63		0.10434		
11.64		0.10426		
11.65		0.10418		
11.66		0.10409		
11.67		0.10401		
11.68		0.10393		
11.69		0.10385		
11.7		0.10377		
11.71		0.10369		
11.72		0.1036		
11.73		0.10352		
11.74		0.10344		
11.75		0.10336		
11.76		0.10328		
11.77		0.1032		
11.78		0.10312		
11.79		0.10304		
11.8		0.10296		
11.81		0.10288		
11.82		0.1028		
11.83		0.10272		
11.84		0.10264		
11.85		0.10256		
11.86		0.10248		
11.87		0.1024		
11.88		0.10232		
11.89		0.10224		
11.9		0.10216		
11.91		0.10209		
11.92		0.10201		
11.93		0.10193		
11.94		0.10185		
11.95		0.10177		
11.96		0.10169		
11.97		0.10162		
11.98		0.10154		
11.99		0.10146		
12		0.10138		
12.01		0.10131		
12.02		0.10123		
12.03		0.10115		
12.04		0.10107		
12.05		0.101		
12.06		0.10092		
12.07		0.10084		
12.08		0.10077		
12.09		0.10069		
12.1		0.10061		
12.11		0.10054		
12.12		0.10046		
12.13		0.10039		
12.14		0.10031		
12.15		0.10023		
12.16		0.10016		
12.17		0.10008		
12.18		0.10001		
12.19		0.099933		
12.2		0.099858		
12.21		0.099783		
12.22		0.099708		
12.23		0.099633		
12.24		0.099558		
12.25		0.099484		
12.26		0.099409		
12.27		0.099335		
12.28		0.099261		
12.29		0.099187		
12.3		0.099113		
12.31		0.099039		
12.32		0.098966		
12.33		0.098892		
12.34		0.098819		
12.35		0.098745		
12.36		0.098672		
12.37		0.098599		
12.38		0.098526		
12.39		0.098453		
12.4		0.09838		
12.41		0.098308		
12.42		0.098235		
12.43		0.098163		
12.44		0.09809		
12.45		0.098018		
12.46		0.097946		
12.47		0.097874		
12.48		0.097802		
12.49		0.09773		
12.5		0.097659		
12.51		0.097587		
12.52		0.097516		
12.53		0.097444		
12.54		0.097373		
12.55		0.097302		
12.56		0.097231		
12.57		0.09716		
12.58		0.097089		
12.59		0.097019		
12.6		0.096948		
12.61		0.096878		
12.62		0.096807		
12.63		0.096737		
12.64		0.096667		
12.65		0.096597		
12.66		0.096527		
12.67		0.096457		
12.68		0.096388		
12.69		0.096318		
12.7		0.096249		
12.71		0.096179		
12.72		0.09611		
12.73		0.096041		
12.74		0.095972		
12.75		0.095903		
12.76		0.095834		
12.77		0.095765		
12.78		0.095697		
12.79		0.095628		
12.8		0.09556		
12.81		0.095491		
12.82		0.095423		
12.83		0.095355		
12.84		0.095287		
12.85		0.095219		
12.86		0.095151		
12.87		0.095083		
12.88		0.095016		
12.89		0.094948		
12.9		0.094881		
12.91		0.094814		
12.92		0.094746		
12.93		0.094679		
12.94		0.094612		
12.95		0.094545		
12.96		0.094479		
12.97		0.094412		
12.98		0.094345		
12.99		0.094279		
13		0.094212		
13.01		0.094146		
13.02		0.09408		
13.03		0.094014		
13.04		0.093947		
13.05		0.093882		
13.06		0.093816		
13.07		0.09375		
13.08		0.093684		
13.09		0.093619		
13.1		0.093553		
13.11		0.093488		
13.12		0.093423		
13.13		0.093358		
13.14		0.093292		
13.15		0.093227		
13.16		0.093163		
13.17		0.093098		
13.18		0.093033		
13.19		0.092969		
13.2		0.092904		
13.21		0.09284		
13.22		0.092775		
13.23		0.092711		
13.24		0.092647		
13.25		0.092583		
13.26		0.092519		
13.27		0.092455		
13.28		0.092391		
13.29		0.092328		
13.3		0.092264		
13.31		0.092201		
13.32		0.092137		
13.33		0.092074		
13.34		0.092011		
13.35		0.091947		
13.36		0.091884		
13.37		0.091821		
13.38		0.091759		
13.39		0.091696		
13.4		0.091633		
13.41		0.091571		
13.42		0.091508		
13.43		0.091446		
13.44		0.091383		
13.45		0.091321		
13.46		0.091259		
13.47		0.091197		
13.48		0.091135		
13.49		0.091073		
13.5		0.091011		
13.51		0.09095		
13.52		0.090888		
13.53		0.090826		
13.54		0.090765		
13.55		0.090704		
13.56		0.090642		
13.57		0.090581		
13.58		0.09052		
13.59		0.090459		
13.6		0.090398		
13.61		0.090337		
13.62		0.090276		
13.63		0.090216		
13.64		0.090155		
13.65		0.090095		
13.66		0.090034		
13.67		0.089974		
13.68		0.089914		
13.69		0.089853		
13.7		0.089793		
13.71		0.089733		
13.72		0.089673		
13.73		0.089614		
13.74		0.089554		
13.75		0.089494		
13.76		0.089434		
13.77		0.089375		
13.78		0.089316		
13.79		0.089256		
13.8		0.089197		
13.81		0.089138		
13.82		0.089079		
13.83		0.08902		
13.84		0.088961		
13.85		0.088902		
13.86		0.088843		
13.87		0.088784		
13.88		0.088726		
13.89		0.088667		
13.9		0.088609		
13.91		0.08855		
13.92		0.088492		
13.93		0.088434		
13.94		0.088376		
13.95		0.088317		
13.96		0.088259		
13.97		0.088202		
13.98		0.088144		
13.99		0.088086		
14		0.088028		
14.01		0.087971		
14.02		0.087913		
14.03		0.087856		
14.04		0.087798		
14.05		0.087741		
14.06		0.087684		
14.07		0.087627		
14.08		0.08757		
14.09		0.087513		
14.1		0.087456		
14.11		0.087399		
14.12		0.087342		
14.13		0.087285		
14.14		0.087229		
14.15		0.087172		
14.16		0.087116		
14.17		0.087059		
14.18		0.087003		
14.19		0.086947		
14.2		0.086891		
14.21		0.086835		
14.22		0.086779		
14.23		0.086723		
14.24		0.086667		
14.25		0.086611		
14.26		0.086555		
14.27		0.0865		
14.28		0.086444		
14.29		0.086389		
14.3		0.086333		
14.31		0.086278		
14.32		0.086223		
14.33		0.086167		
14.34		0.086112		
14.35		0.086057		
14.36		0.086002		
14.37		0.085947		
14.38		0.085892		
14.39		0.085838		
14.4		0.085783		
14.41		0.085728		
14.42		0.085674		
14.43		0.085619		
14.44		0.085565		
14.45		0.08551		
14.46		0.085456		
14.47		0.085402		
14.48		0.085348		
14.49		0.085294		
14.5		0.08524		
14.51		0.085186		
14.52		0.085132		
14.53		0.085078		
14.54		0.085024		
14.55		0.084971		
14.56		0.084917		
14.57		0.084864		
14.58		0.08481		
14.59		0.084757		
14.6		0.084703		
14.61		0.08465		
14.62		0.084597		
14.63		0.084544		
14.64		0.084491		
14.65		0.084438		
14.66		0.084385		
14.67		0.084332		
14.68		0.084279		
14.69		0.084227		
14.7		0.084174		
14.71		0.084121		
14.72		0.084069		
14.73		0.084016		
14.74		0.083964		
14.75		0.083912		
14.76		0.08386		
14.77		0.083807		
14.78		0.083755		
14.79		0.083703		
14.8		0.083651		
14.81		0.083599		
14.82		0.083547		
14.83		0.083496		
14.84		0.083444		
14.85		0.083392		
14.86		0.083341		
14.87		0.083289		
14.88		0.083238		
14.89		0.083186		
14.9		0.083135		
14.91		0.083084		
14.92		0.083032		
14.93		0.082981		
14.94		0.08293		
14.95		0.082879		
14.96		0.082828		
14.97		0.082777		
14.98		0.082727		
14.99		0.082676		
15		0.082625		
15.01		0.082574		
15.02		0.082524		
15.03		0.082473		
15.04		0.082423		
15.05		0.082372		
15.06		0.082322		
15.07		0.082272		
15.08		0.082222		
15.09		0.082172		
15.1		0.082121		
15.11		0.082071		
15.12		0.082021		
15.13		0.081972		
15.14		0.081922		
15.15		0.081872		
15.16		0.081822		
15.17		0.081773		
15.18		0.081723		
15.19		0.081673		
15.2		0.081624		
15.21		0.081575		
15.22		0.081525		
15.23		0.081476		
15.24		0.081427		
15.25		0.081377		
15.26		0.081328		
15.27		0.081279		
15.28		0.08123		
15.29		0.081181		
15.3		0.081132		
15.31		0.081084		
15.32		0.081035		
15.33		0.080986		
15.34		0.080937		
15.35		0.080889		
15.36		0.08084		
15.37		0.080792		
15.38		0.080743		
15.39		0.080695		
15.4		0.080647		
15.41		0.080599		
15.42		0.08055		
15.43		0.080502		
15.44		0.080454		
15.45		0.080406		
15.46		0.080358		
15.47		0.08031		
15.48		0.080262		
15.49		0.080215		
15.5		0.080167		
15.51		0.080119		
15.52		0.080072		
15.53		0.080024		
15.54		0.079976		
15.55		0.079929		
15.56		0.079882		
15.57		0.079834		
15.58		0.079787		
15.59		0.07974		
15.6		0.079693		
15.61		0.079645		
15.62		0.079598		
15.63		0.079551		
15.64		0.079504		
15.65		0.079458		
15.66		0.079411		
15.67		0.079364		
15.68		0.079317		
15.69		0.07927		
15.7		0.079224		
15.71		0.079177		
15.72		0.079131		
15.73		0.079084		
15.74		0.079038		
15.75		0.078991		
15.76		0.078945		
15.77		0.078899		
15.78		0.078853		
15.79		0.078807		
15.8		0.07876		
15.81		0.078714		
15.82		0.078668		
15.83		0.078623		
15.84		0.078577		
15.85		0.078531		
15.86		0.078485		
15.87		0.078439		
15.88		0.078394		
15.89		0.078348		
15.9		0.078302		
15.91		0.078257		
15.92		0.078211		
15.93		0.078166		
15.94		0.078121		
15.95		0.078075		
15.96		0.07803		
15.97		0.077985		
15.98		0.07794		
15.99		0.077895		
16		0.07785		
16.01		0.077805		
16.02		0.07776		
16.03		0.077715		
16.04		0.07767		
16.05		0.077625		
16.06		0.07758		
16.07		0.077536		
16.08		0.077491		
16.09		0.077446		
16.1		0.077402		
16.11		0.077357		
16.12		0.077313		
16.13		0.077269		
16.14		0.077224		
16.15		0.07718		
16.16		0.077136		
16.17		0.077091		
16.18		0.077047		
16.19		0.077003		
16.2		0.076959		
16.21		0.076915		
16.22		0.076871		
16.23		0.076827		
16.24		0.076783		
16.25		0.07674		
16.26		0.076696		
16.27		0.076652		
16.28		0.076608		
16.29		0.076565		
16.3		0.076521		
16.31		0.076478		
16.32		0.076434		
16.33		0.076391		
16.34		0.076347		
16.35		0.076304		
16.36		0.076261		
16.37		0.076218		
16.38		0.076174		
16.39		0.076131		
16.4		0.076088		
16.41		0.076045		
16.42		0.076002		
16.43		0.075959		
16.44		0.075916		
16.45		0.075873		
16.46		0.075831		
16.47		0.075788		
16.48		0.075745		
16.49		0.075703		
16.5		0.07566		
16.51		0.075617		
16.52		0.075575		
16.53		0.075532		
16.54		0.07549		
16.55		0.075447		
16.56		0.075405		
16.57		0.075363		
16.58		0.075321		
16.59		0.075278		
16.6		0.075236		
16.61		0.075194		
16.62		0.075152		
16.63		0.07511		
16.64		0.075068		
16.65		0.075026		
16.66		0.074984		
16.67		0.074942		
16.68		0.074901		
16.69		0.074859		
16.7		0.074817		
16.71		0.074775		
16.72		0.074734		
16.73		0.074692		
16.74		0.074651		
16.75		0.074609		
16.76		0.074568		
16.77		0.074526		
16.78		0.074485		
16.79		0.074444		
16.8		0.074402		
16.81		0.074361		
16.82		0.07432		
16.83		0.074279		
16.84		0.074238		
16.85		0.074197		
16.86		0.074156		
16.87		0.074115		
16.88		0.074074		
16.89		0.074033		
16.9		0.073992		
16.91		0.073951		
16.92		0.07391		
16.93		0.07387		
16.94		0.073829		
16.95		0.073788		
16.96		0.073748		
16.97		0.073707		
16.98		0.073667		
16.99		0.073626		
17		0.073586		
17.01		0.073546		
17.02		0.073505		
17.03		0.073465		
17.04		0.073425		
17.05		0.073385		
17.06		0.073344		
17.07		0.073304		
17.08		0.073264		
17.09		0.073224		
17.1		0.073184		
17.11		0.073144		
17.12		0.073104		
17.13		0.073064		
17.14		0.073025		
17.15		0.072985		
17.16		0.072945		
17.17		0.072905		
17.18		0.072866		
17.19		0.072826		
17.2		0.072786		
17.21		0.072747		
17.22		0.072707		
17.23		0.072668		
17.24		0.072629		
17.25		0.072589		
17.26		0.07255		
17.27		0.07251		
17.28		0.072471		
17.29		0.072432		
17.3		0.072393		
17.31		0.072354		
17.32		0.072315		
17.33		0.072275		
17.34		0.072236		
17.35		0.072197		
17.36		0.072159		
17.37		0.07212		
17.38		0.072081		
17.39		0.072042		
17.4		0.072003		
17.41		0.071964		
17.42		0.071926		
17.43		0.071887		
17.44		0.071848		
17.45		0.07181		
17.46		0.071771		
17.47		0.071733		
17.48		0.071694		
17.49		0.071656		
17.5		0.071617		
17.51		0.071579		
17.52		0.071541		
17.53		0.071502		
17.54		0.071464		
17.55		0.071426		
17.56		0.071388		
17.57		0.07135		
17.58		0.071312		
17.59		0.071274		
17.6		0.071236		
17.61		0.071198		
17.62		0.07116		
17.63		0.071122		
17.64		0.071084		
17.65		0.071046		
17.66		0.071008		
17.67		0.070971		
17.68		0.070933		
17.69		0.070895		
17.7		0.070857		
17.71		0.07082		
17.72		0.070782		
17.73		0.070745		
17.74		0.070707		
17.75		0.07067		
17.76		0.070632		
17.77		0.070595		
17.78		0.070558		
17.79		0.07052		
17.8		0.070483		
17.81		0.070446		
17.82		0.070409		
17.83		0.070371		
17.84		0.070334		
17.85		0.070297		
17.86		0.07026		
17.87		0.070223		
17.88		0.070186		
17.89		0.070149		
17.9		0.070112		
17.91		0.070075		
17.92		0.070039		
17.93		0.070002		
17.94		0.069965		
17.95		0.069928		
17.96		0.069892		
17.97		0.069855		
17.98		0.069818		
17.99		0.069782		
18		0.069745		
18.01		0.069709		
18.02		0.069672		
18.03		0.069636		
18.04		0.069599		
18.05		0.069563		
18.06		0.069527		
18.07		0.06949		
18.08		0.069454		
18.09		0.069418		
18.1		0.069382		
18.11		0.069345		
18.12		0.069309		
18.13		0.069273		
18.14		0.069237		
18.15		0.069201		
18.16		0.069165		
18.17		0.069129		
18.18		0.069093		
18.19		0.069057		
18.2		0.069022		
18.21		0.068986		
18.22		0.06895		
18.23		0.068914		
18.24		0.068878		
18.25		0.068843		
18.26		0.068807		
18.27		0.068771		
18.28		0.068736		
18.29		0.0687		
18.3		0.068665		
18.31		0.068629		
18.32		0.068594		
18.33		0.068558		
18.34		0.068523		
18.35		0.068488		
18.36		0.068452		
18.37		0.068417		
18.38		0.068382		
18.39		0.068347		
18.4		0.068311		
18.41		0.068276		
18.42		0.068241		
18.43		0.068206		
18.44		0.068171		
18.45		0.068136		
18.46		0.068101		
18.47		0.068066		
18.48		0.068031		
18.49		0.067996		
18.5		0.067961		
18.51		0.067927		
18.52		0.067892		
18.53		0.067857		
18.54		0.067822		
18.55		0.067788		
18.56		0.067753		
18.57		0.067718		
18.58		0.067684		
18.59		0.067649		
18.6		0.067615		
18.61		0.06758		
18.62		0.067546		
18.63		0.067511		
18.64		0.067477		
18.65		0.067442		
18.66		0.067408		
18.67		0.067374		
18.68		0.067339		
18.69		0.067305		
18.7		0.067271		
18.71		0.067237		
18.72		0.067203		
18.73		0.067168		
18.74		0.067134		
18.75		0.0671		
18.76		0.067066		
18.77		0.067032		
18.78		0.066998		
18.79		0.066964		
18.8		0.06693		
18.81		0.066897		
18.82		0.066863		
18.83		0.066829		
18.84		0.066795		
18.85		0.066761		
18.86		0.066728		
18.87		0.066694		
18.88		0.06666		
18.89		0.066627		
18.9		0.066593		
18.91		0.06656		
18.92		0.066526		
18.93		0.066493		
18.94		0.066459		
18.95		0.066426		
18.96		0.066392		
18.97		0.066359		
18.98		0.066326		
18.99		0.066292		
19		0.066259		
19.01		0.066226		
19.02		0.066193		
19.03		0.066159		
19.04		0.066126		
19.05		0.066093		
19.06		0.06606		
19.07		0.066027		
19.08		0.065994		
19.09		0.065961		
19.1		0.065928		
19.11		0.065895		
19.12		0.065862		
19.13		0.065829		
19.14		0.065796		
19.15		0.065764		
19.16		0.065731		
19.17		0.065698		
19.18		0.065665		
19.19		0.065633		
19.2		0.0656		
19.21		0.065567		
19.22		0.065535		
19.23		0.065502		
19.24		0.06547		
19.25		0.065437		
19.26		0.065405		
19.27		0.065372		
19.28		0.06534		
19.29		0.065307		
19.3		0.065275		
19.31		0.065243		
19.32		0.06521		
19.33		0.065178		
19.34		0.065146		
19.35		0.065114		
19.36		0.065082		
19.37		0.065049		
19.38		0.065017		
19.39		0.064985		
19.4		0.064953		
19.41		0.064921		
19.42		0.064889		
19.43		0.064857		
19.44		0.064825		
19.45		0.064793		
19.46		0.064761		
19.47		0.06473		
19.48		0.064698		
19.49		0.064666		
19.5		0.064634		
19.51		0.064603		
19.52		0.064571		
19.53		0.064539		
19.54		0.064507		
19.55		0.064476		
19.56		0.064444		
19.57		0.064413		
19.58		0.064381		
19.59		0.06435		
19.6		0.064318		
19.61		0.064287		
19.62		0.064255		
19.63		0.064224		
19.64		0.064193		
19.65		0.064161		
19.66		0.06413		
19.67		0.064099		
19.68		0.064068		
19.69		0.064036		
19.7		0.064005		
19.71		0.063974		
19.72		0.063943		
19.73		0.063912		
19.74		0.063881		
19.75		0.06385		
19.76		0.063819		
19.77		0.063788		
19.78		0.063757		
19.79		0.063726		
19.8		0.063695		
19.81		0.063664		
19.82		0.063633		
19.83		0.063602		
19.84		0.063572		
19.85		0.063541		
19.86		0.06351		
19.87		0.063479		
19.88		0.063449		
19.89		0.063418		
19.9		0.063388		
19.91		0.063357		
19.92		0.063326		
19.93		0.063296		
19.94		0.063265		
19.95		0.063235		
19.96		0.063205		
19.97		0.063174		
19.98		0.063144		
19.99		0.063113		
20		0.063083		
20.01		0.063053		
20.02		0.063022		
20.03		0.062992		
20.04		0.062962		
20.05		0.062932		
20.06		0.062902		
20.07		0.062871		
20.08		0.062841		
20.09		0.062811		
20.1		0.062781		
20.11		0.062751		
20.12		0.062721		
20.13		0.062691		
20.14		0.062661		
20.15		0.062631		
20.16		0.062601		
20.17		0.062572		
20.18		0.062542		
20.19		0.062512		
20.2		0.062482		
20.21		0.062452		
20.22		0.062423		
20.23		0.062393		
20.24		0.062363		
20.25		0.062334		
20.26		0.062304		
20.27		0.062274		
20.28		0.062245		
20.29		0.062215		
20.3		0.062186		
20.31		0.062156		
20.32		0.062127		
20.33		0.062097		
20.34		0.062068		
20.35		0.062039		
20.36		0.062009		
20.37		0.06198		
20.38		0.061951		
20.39		0.061921		
20.4		0.061892		
20.41		0.061863		
20.42		0.061834		
20.43		0.061805		
20.44		0.061775		
20.45		0.061746		
20.46		0.061717		
20.47		0.061688		
20.48		0.061659		
20.49		0.06163		
20.5		0.061601		
20.51		0.061572		
20.52		0.061543		
20.53		0.061514		
20.54		0.061485		
20.55		0.061457		
20.56		0.061428		
20.57		0.061399		
20.58		0.06137		
20.59		0.061341		
20.6		0.061313		
20.61		0.061284		
20.62		0.061255		
20.63		0.061227		
20.64		0.061198		
20.65		0.061169		
20.66		0.061141		
20.67		0.061112		
20.68		0.061084		
20.69		0.061055		
20.7		0.061027		
20.71		0.060998		
20.72		0.06097		
20.73		0.060942		
20.74		0.060913		
20.75		0.060885		
20.76		0.060857		
20.77		0.060828		
20.78		0.0608		
20.79		0.060772		
20.8		0.060744		
20.81		0.060715		
20.82		0.060687		
20.83		0.060659		
20.84		0.060631		
20.85		0.060603		
20.86		0.060575		
20.87		0.060547		
20.88		0.060519		
20.89		0.060491		
20.9		0.060463		
20.91		0.060435		
20.92		0.060407		
20.93		0.060379		
20.94		0.060351		
20.95		0.060323		
20.96		0.060295		
20.97		0.060268		
20.98		0.06024		
20.99		0.060212		
21		0.060184		
21.01		0.060157		
21.02		0.060129		
21.03		0.060101		
21.04		0.060074		
21.05		0.060046		
21.06		0.060019		
21.07		0.059991		
21.08		0.059963		
21.09		0.059936		
21.1		0.059908		
21.11		0.059881		
21.12		0.059854		
21.13		0.059826		
21.14		0.059799		
21.15		0.059771		
21.16		0.059744		
21.17		0.059717		
21.18		0.059689		
21.19		0.059662		
21.2		0.059635		
21.21		0.059608		
21.22		0.059581		
21.23		0.059553		
21.24		0.059526		
21.25		0.059499		
21.26		0.059472		
21.27		0.059445		
21.28		0.059418		
21.29		0.059391		
21.3		0.059364		
21.31		0.059337		
21.32		0.05931		
21.33		0.059283		
21.34		0.059256		
21.35		0.059229		
21.36		0.059202		
21.37		0.059175		
21.38		0.059149		
21.39		0.059122		
21.4		0.059095		
21.41		0.059068		
21.42		0.059042		
21.43		0.059015		
21.44		0.058988		
21.45		0.058962		
21.46		0.058935		
21.47		0.058908		
21.48		0.058882		
21.49		0.058855		
21.5		0.058829		
21.51		0.058802		
21.52		0.058776		
21.53		0.058749		
21.54		0.058723		
21.55		0.058696		
21.56		0.05867		
21.57		0.058644		
21.58		0.058617		
21.59		0.058591		
21.6		0.058564		
21.61		0.058538		
21.62		0.058512		
21.63		0.058486		
21.64		0.058459		
21.65		0.058433		
21.66		0.058407		
21.67		0.058381		
21.68		0.058355		
21.69		0.058329		
21.7		0.058303		
21.71		0.058277		
21.72		0.05825		
21.73		0.058224		
21.74		0.058198		
21.75		0.058172		
21.76		0.058147		
21.77		0.058121		
21.78		0.058095		
21.79		0.058069		
21.8		0.058043		
21.81		0.058017		
21.82		0.057991		
21.83		0.057965		
21.84		0.05794		
21.85		0.057914		
21.86		0.057888		
21.87		0.057862		
21.88		0.057837		
21.89		0.057811		
21.9		0.057785		
21.91		0.05776		
21.92		0.057734		
21.93		0.057709		
21.94		0.057683		
21.95		0.057658		
21.96		0.057632		
21.97		0.057607		
21.98		0.057581		
21.99		0.057556		
22		0.05753		
22.01		0.057505		
22.02		0.057479		
22.03		0.057454		
22.04		0.057429		
22.05		0.057403		
22.06		0.057378		
22.07		0.057353		
22.08		0.057328		
22.09		0.057302		
22.1		0.057277		
22.11		0.057252		
22.12		0.057227		
22.13		0.057202		
22.14		0.057176		
22.15		0.057151		
22.16		0.057126		
22.17		0.057101		
22.18		0.057076		
22.19		0.057051		
22.2		0.057026		
22.21		0.057001		
22.22		0.056976		
22.23		0.056951		
22.24		0.056926		
22.25		0.056901		
22.26		0.056876		
22.27		0.056852		
22.28		0.056827		
22.29		0.056802		
22.3		0.056777		
22.31		0.056752		
22.32		0.056728		
22.33		0.056703		
22.34		0.056678		
22.35		0.056653		
22.36		0.056629		
22.37		0.056604		
22.38		0.056579		
22.39		0.056555		
22.4		0.05653		
22.41		0.056506		
22.42		0.056481		
22.43		0.056457		
22.44		0.056432		
22.45		0.056408		
22.46		0.056383		
22.47		0.056359		
22.48		0.056334		
22.49		0.05631		
22.5		0.056285		
22.51		0.056261		
22.52		0.056237		
22.53		0.056212		
22.54		0.056188		
22.55		0.056164		
22.56		0.05614		
22.57		0.056115		
22.58		0.056091		
22.59		0.056067		
22.6		0.056043		
22.61		0.056019		
22.62		0.055994		
22.63		0.05597		
22.64		0.055946		
22.65		0.055922		
22.66		0.055898		
22.67		0.055874		
22.68		0.05585		
22.69		0.055826		
22.7		0.055802		
22.71		0.055778		
22.72		0.055754		
22.73		0.05573		
22.74		0.055706		
22.75		0.055682		
22.76		0.055658		
22.77		0.055635		
22.78		0.055611		
22.79		0.055587		
22.8		0.055563		
22.81		0.055539		
22.82		0.055516		
22.83		0.055492		
22.84		0.055468		
22.85		0.055444		
22.86		0.055421		
22.87		0.055397		
22.88		0.055373		
22.89		0.05535		
22.9		0.055326		
22.91		0.055303		
22.92		0.055279		
22.93		0.055256		
22.94		0.055232		
22.95		0.055209		
22.96		0.055185		
22.97		0.055162		
22.98		0.055138		
22.99		0.055115		
23		0.055091		
23.01		0.055068		
23.02		0.055045		
23.03		0.055021		
23.04		0.054998		
23.05		0.054975		
23.06		0.054951		
23.07		0.054928		
23.08		0.054905		
23.09		0.054881		
23.1		0.054858		
23.11		0.054835		
23.12		0.054812		
23.13		0.054789		
23.14		0.054766		
23.15		0.054742		
23.16		0.054719		
23.17		0.054696		
23.18		0.054673		
23.19		0.05465		
23.2		0.054627		
23.21		0.054604		
23.22		0.054581		
23.23		0.054558		
23.24		0.054535		
23.25		0.054512		
23.26		0.054489		
23.27		0.054466		
23.28		0.054444		
23.29		0.054421		
23.3		0.054398		
23.31		0.054375		
23.32		0.054352		
23.33		0.054329		
23.34		0.054307		
23.35		0.054284		
23.36		0.054261		
23.37		0.054238		
23.38		0.054216		
23.39		0.054193		
23.4		0.05417		
23.41		0.054148		
23.42		0.054125		
23.43		0.054102		
23.44		0.05408		
23.45		0.054057		
23.46		0.054035		
23.47		0.054012		
23.48		0.05399		
23.49		0.053967		
23.5		0.053945		
23.51		0.053922		
23.52		0.0539		
23.53		0.053877		
23.54		0.053855		
23.55		0.053833		
23.56		0.05381		
23.57		0.053788		
23.58		0.053765		
23.59		0.053743		
23.6		0.053721		
23.61		0.053699		
23.62		0.053676		
23.63		0.053654		
23.64		0.053632		
23.65		0.05361		
23.66		0.053587		
23.67		0.053565		
23.68		0.053543		
23.69		0.053521		
23.7		0.053499		
23.71		0.053477		
23.72		0.053455		
23.73		0.053432		
23.74		0.05341		
23.75		0.053388		
23.76		0.053366		
23.77		0.053344		
23.78		0.053322		
23.79		0.0533		
23.8		0.053278		
23.81		0.053256		
23.82		0.053235		
23.83		0.053213		
23.84		0.053191		
23.85		0.053169		
23.86		0.053147		
23.87		0.053125		
23.88		0.053103		
23.89		0.053082		
23.9		0.05306		
23.91		0.053038		
23.92		0.053016		
23.93		0.052994		
23.94		0.052973		
23.95		0.052951		
23.96		0.052929		
23.97		0.052908		
23.98		0.052886		
23.99		0.052864		
24		0.052843		
24.01		0.052821		
24.02		0.0528		
24.03		0.052778		
24.04		0.052757		
24.05		0.052735		
24.06		0.052714		
24.07		0.052692		
24.08		0.052671		
24.09		0.052649		
24.1		0.052628		
24.11		0.052606		
24.12		0.052585		
24.13		0.052563		
24.14		0.052542		
24.15		0.052521		
24.16		0.052499		
24.17		0.052478		
24.18		0.052457		
24.19		0.052435		
24.2		0.052414		
24.21		0.052393		
24.22		0.052372		
24.23		0.05235		
24.24		0.052329		
24.25		0.052308		
24.26		0.052287		
24.27		0.052266		
24.28		0.052244		
24.29		0.052223		
24.3		0.052202		
24.31		0.052181		
24.32		0.05216		
24.33		0.052139		
24.34		0.052118		
24.35		0.052097		
24.36		0.052076		
24.37		0.052055		
24.38		0.052034		
24.39		0.052013		
24.4		0.051992		
24.41		0.051971		
24.42		0.05195		
24.43		0.051929		
24.44		0.051908		
24.45		0.051887		
24.46		0.051867		
24.47		0.051846		
24.48		0.051825		
24.49		0.051804		
24.5		0.051783		
24.51		0.051763		
24.52		0.051742		
24.53		0.051721		
24.54		0.0517		
24.55		0.05168		
24.56		0.051659		
24.57		0.051638		
24.58		0.051618		
24.59		0.051597		
24.6		0.051577		
24.61		0.051556		
24.62		0.051536		
24.63		0.051515		
24.64		0.051495		
24.65		0.051474		
24.66		0.051454		
24.67		0.051433		
24.68		0.051413		
24.69		0.051392		
24.7		0.051372		
24.71		0.051352		
24.72		0.051331		
24.73		0.051311		
24.74		0.051291		
24.75		0.051271		
24.76		0.05125		
24.77		0.05123		
24.78		0.05121		
24.79		0.05119		
24.8		0.05117		
24.81		0.05115		
24.82		0.051129		
24.83		0.051109		
24.84		0.051089		
24.85		0.051069		
24.86		0.051049		
24.87		0.051029		
24.88		0.051009		
24.89		0.050989		
24.9		0.05097		
24.91		0.05095		
24.92		0.05093		
24.93		0.05091		
24.94		0.05089		
24.95		0.05087		
24.96		0.050851		
24.97		0.050831		
24.98		0.050811		
24.99		0.050791		
25		0.050772		
25.01		0.050752		
25.02		0.050732		
25.03		0.050713		
25.04		0.050693		
25.05		0.050674		
25.06		0.050654		
25.07		0.050635		
25.08		0.050615		
25.09		0.050596		
25.1		0.050576		
25.11		0.050557		
25.12		0.050537		
25.13		0.050518		
25.14		0.050499		
25.15		0.050479		
25.16		0.05046		
25.17		0.050441		
25.18		0.050422		
25.19		0.050402		
25.2		0.050383		
25.21		0.050364		
25.22		0.050345		
25.23		0.050326		
25.24		0.050307		
25.25		0.050287		
25.26		0.050268		
25.27		0.050249		
25.28		0.05023		
25.29		0.050211		
25.3		0.050192		
25.31		0.050173		
25.32		0.050155		
25.33		0.050136		
25.34		0.050117		
25.35		0.050098		
25.36		0.050079		
25.37		0.05006		
25.38		0.050042		
25.39		0.050023		
25.4		0.050004		
25.41		0.049985		
25.42		0.049967		
25.43		0.049948		
25.44		0.049929		
25.45		0.049911		
25.46		0.049892		
25.47		0.049874		
25.48		0.049855		
25.49		0.049837		
25.5		0.049818		
25.51		0.0498		
25.52		0.049781		
25.53		0.049763		
25.54		0.049744		
25.55		0.049726		
25.56		0.049708		
25.57		0.049689		
25.58		0.049671		
25.59		0.049653		
25.6		0.049634		
25.61		0.049616		
25.62		0.049598		
25.63		0.04958		
25.64		0.049562		
25.65		0.049543		
25.66		0.049525		
25.67		0.049507		
25.68		0.049489		
25.69		0.049471		
25.7		0.049453		
25.71		0.049435		
25.72		0.049417		
25.73		0.049399		
25.74		0.049381		
25.75		0.049363		
25.76		0.049345		
25.77		0.049327		
25.78		0.04931		
25.79		0.049292		
25.8		0.049274		
25.81		0.049256		
25.82		0.049238		
25.83		0.049221		
25.84		0.049203		
25.85		0.049185		
25.86		0.049168		
25.87		0.04915		
25.88		0.049132		
25.89		0.049115		
25.9		0.049097		
25.91		0.04908		
25.92		0.049062		
25.93		0.049044		
25.94		0.049027		
25.95		0.049009		
25.96		0.048992		
25.97		0.048975		
25.98		0.048957		
25.99		0.04894		
26		0.048922		
26.01		0.048905		
26.02		0.048888		
26.03		0.04887		
26.04		0.048853		
26.05		0.048836		
26.06		0.048819		
26.07		0.048801		
26.08		0.048784		
26.09		0.048767		
26.1		0.04875		
26.11		0.048733		
26.12		0.048716		
26.13		0.048698		
26.14		0.048681		
26.15		0.048664		
26.16		0.048647		
26.17		0.04863		
26.18		0.048613		
26.19		0.048596		
26.2		0.048579		
26.21		0.048562		
26.22		0.048545		
26.23		0.048529		
26.24		0.048512		
26.25		0.048495		
26.26		0.048478		
26.27		0.048461		
26.28		0.048444		
26.29		0.048428		
26.3		0.048411		
26.31		0.048394		
26.32		0.048377		
26.33		0.048361		
26.34		0.048344		
26.35		0.048327		
26.36		0.048311		
26.37		0.048294		
26.38		0.048278		
26.39		0.048261		
26.4		0.048244		
26.41		0.048228		
26.42		0.048211		
26.43		0.048195		
26.44		0.048178		
26.45		0.048162		
26.46		0.048146		
26.47		0.048129		
26.48		0.048113		
26.49		0.048096		
26.5		0.04808		
26.51		0.048064		
26.52		0.048047		
26.53		0.048031		
26.54		0.048015		
26.55		0.047999		
26.56		0.047982		
26.57		0.047966		
26.58		0.04795		
26.59		0.047934		
26.6		0.047918		
26.61		0.047901		
26.62		0.047885		
26.63		0.047869		
26.64		0.047853		
26.65		0.047837		
26.66		0.047821		
26.67		0.047805		
26.68		0.047789		
26.69		0.047773		
26.7		0.047757		
26.71		0.047741		
26.72		0.047725		
26.73		0.047709		
26.74		0.047693		
26.75		0.047678		
26.76		0.047662		
26.77		0.047646		
26.78		0.04763		
26.79		0.047614		
26.8		0.047598		
26.81		0.047583		
26.82		0.047567		
26.83		0.047551		
26.84		0.047535		
26.85		0.04752		
26.86		0.047504		
26.87		0.047488		
26.88		0.047473		
26.89		0.047457		
26.9		0.047442		
26.91		0.047426		
26.92		0.04741		
26.93		0.047395		
26.94		0.047379		
26.95		0.047364		
26.96		0.047348		
26.97		0.047333		
26.98		0.047317		
26.99		0.047302		
27		0.047287		
27.01		0.047271		
27.02		0.047256		
27.03		0.04724		
27.04		0.047225		
27.05		0.04721		
27.06		0.047195		
27.07		0.047179		
27.08		0.047164		
27.09		0.047149		
27.1		0.047133		
27.11		0.047118		
27.12		0.047103		
27.13		0.047088		
27.14		0.047073		
27.15		0.047057		
27.16		0.047042		
27.17		0.047027		
27.18		0.047012		
27.19		0.046997		
27.2		0.046982		
27.21		0.046967		
27.22		0.046952		
27.23		0.046937		
27.24		0.046922		
27.25		0.046907		
27.26		0.046892		
27.27		0.046877		
27.28		0.046862		
27.29		0.046847		
27.3		0.046832		
27.31		0.046817		
27.32		0.046802		
27.33		0.046788		
27.34		0.046773		
27.35		0.046758		
27.36		0.046743		
27.37		0.046728		
27.38		0.046714		
27.39		0.046699		
27.4		0.046684		
27.41		0.046669		
27.42		0.046655		
27.43		0.04664		
27.44		0.046625		
27.45		0.046611		
27.46		0.046596		
27.47		0.046582		
27.48		0.046567		
27.49		0.046552		
27.5		0.046538		
27.51		0.046523		
27.52		0.046509		
27.53		0.046494		
27.54		0.04648		
27.55		0.046465		
27.56		0.046451		
27.57		0.046436		
27.58		0.046422		
27.59		0.046407		
27.6		0.046393		
27.61		0.046379		
27.62		0.046364		
27.63		0.04635		
27.64		0.046336		
27.65		0.046321		
27.66		0.046307		
27.67		0.046293		
27.68		0.046278		
27.69		0.046264		
27.7		0.04625		
27.71		0.046236		
27.72		0.046221		
27.73		0.046207		
27.74		0.046193		
27.75		0.046179		
27.76		0.046165		
27.77		0.04615		
27.78		0.046136		
27.79		0.046122		
27.8		0.046108		
27.81		0.046094		
27.82		0.04608		
27.83		0.046066		
27.84		0.046052		
27.85		0.046038		
27.86		0.046024		
27.87		0.04601		
27.88		0.045996		
27.89		0.045982		
27.9		0.045968		
27.91		0.045954		
27.92		0.04594		
27.93		0.045926		
27.94		0.045912		
27.95		0.045899		
27.96		0.045885		
27.97		0.045871		
27.98		0.045857		
27.99		0.045843		
28		0.045829		
28.01		0.045816		
28.02		0.045802		
28.03		0.045788		
28.04		0.045774		
28.05		0.045761		
28.06		0.045747		
28.07		0.045733		
28.08		0.04572		
28.09		0.045706		
28.1		0.045692		
28.11		0.045679		
28.12		0.045665		
28.13		0.045651		
28.14		0.045638		
28.15		0.045624		
28.16		0.045611		
28.17		0.045597		
28.18		0.045584		
28.19		0.04557		
28.2		0.045557		
28.21		0.045543		
28.22		0.04553		
28.23		0.045516		
28.24		0.045503		
28.25		0.045489		
28.26		0.045476		
28.27		0.045462		
28.28		0.045449		
28.29		0.045436		
28.3		0.045422		
28.31		0.045409		
28.32		0.045396		
28.33		0.045382		
28.34		0.045369		
28.35		0.045356		
28.36		0.045342		
28.37		0.045329		
28.38		0.045316		
28.39		0.045303		
28.4		0.045289		
28.41		0.045276		
28.42		0.045263		
28.43		0.04525		
28.44		0.045237		
28.45		0.045223		
28.46		0.04521		
28.47		0.045197		
28.48		0.045184		
28.49		0.045171		
28.5		0.045158		
28.51		0.045145		
28.52		0.045132		
28.53		0.045119		
28.54		0.045105		
28.55		0.045092		
28.56		0.045079		
28.57		0.045066		
28.58		0.045053		
28.59		0.04504		
28.6		0.045027		
28.61		0.045014		
28.62		0.045002		
28.63		0.044989		
28.64		0.044976		
28.65		0.044963		
28.66		0.04495		
28.67		0.044937		
28.68		0.044924		
28.69		0.044911		
28.7		0.044898		
28.71		0.044886		
28.72		0.044873		
28.73		0.04486		
28.74		0.044847		
28.75		0.044834		
28.76		0.044822		
28.77		0.044809		
28.78		0.044796		
28.79		0.044783		
28.8		0.044771		
28.81		0.044758		
28.82		0.044745		
28.83		0.044733		
28.84		0.04472		
28.85		0.044707		
28.86		0.044695		
28.87		0.044682		
28.88		0.044669		
28.89		0.044657		
28.9		0.044644		
28.91		0.044632		
28.92		0.044619		
28.93		0.044606		
28.94		0.044594		
28.95		0.044581		
28.96		0.044569		
28.97		0.044556		
28.98		0.044544		
28.99		0.044531		
29		0.044519		
29.01		0.044506		
29.02		0.044494		
29.03		0.044481		
29.04		0.044469		
29.05		0.044456		
29.06		0.044444		
29.07		0.044432		
29.08		0.044419		
29.09		0.044407		
29.1		0.044394		
29.11		0.044382		
29.12		0.04437		
29.13		0.044357		
29.14		0.044345		
29.15		0.044333		
29.16		0.044321		
29.17		0.044308		
29.18		0.044296		
29.19		0.044284		
29.2		0.044271		
29.21		0.044259		
29.22		0.044247		
29.23		0.044235		
29.24		0.044222		
29.25		0.04421		
29.26		0.044198		
29.27		0.044186		
29.28		0.044174		
29.29		0.044162		
29.3		0.044149		
29.31		0.044137		
29.32		0.044125		
29.33		0.044113		
29.34		0.044101		
29.35		0.044089		
29.36		0.044077		
29.37		0.044065		
29.38		0.044053		
29.39		0.04404		
29.4		0.044028		
29.41		0.044016		
29.42		0.044004		
29.43		0.043992		
29.44		0.04398		
29.45		0.043968		
29.46		0.043956		
29.47		0.043944		
29.48		0.043932		
29.49		0.04392		
29.5		0.043908		
29.51		0.043897		
29.52		0.043885		
29.53		0.043873		
29.54		0.043861		
29.55		0.043849		
29.56		0.043837		
29.57		0.043825		
29.58		0.043813		
29.59		0.043801		
29.6		0.04379		
29.61		0.043778		
29.62		0.043766		
29.63		0.043754		
29.64		0.043742		
29.65		0.04373		
29.66		0.043719		
29.67		0.043707		
29.68		0.043695		
29.69		0.043683		
29.7		0.043672		
29.71		0.04366		
29.72		0.043648		
29.73		0.043636		
29.74		0.043625		
29.75		0.043613		
29.76		0.043601		
29.77		0.04359		
29.78		0.043578		
29.79		0.043566		
29.8		0.043555		
29.81		0.043543		
29.82		0.043531		
29.83		0.04352		
29.84		0.043508		
29.85		0.043496		
29.86		0.043485		
29.87		0.043473		
29.88		0.043462		
29.89		0.04345		
29.9		0.043438		
29.91		0.043427		
29.92		0.043415		
29.93		0.043404		
29.94		0.043392		
29.95		0.043381		
29.96		0.043369		
29.97		0.043358		
29.98		0.043346		
29.99		0.043335		
30		0.043323		
