t [fm]		tau_Pi
0.25		0.264312
0.26		0.26193		
0.27		0.259629		
0.28		0.257411		
0.29		0.255268		
0.3		0.253193		
0.31		0.251179		
0.32		0.249223		
0.33		0.247321		
0.34		0.245469		
0.35		0.243665		
0.36		0.241906		
0.37		0.24019		
0.38		0.238516		
0.39		0.236881		
0.4		0.235284		
0.41		0.233723		
0.42		0.232199		
0.43		0.230708		
0.44		0.229251		
0.45		0.227826		
0.46		0.226433		
0.47		0.22507		
0.48		0.223736		
0.49		0.222431		
0.5		0.221155		
0.51		0.219905		
0.52		0.218682		
0.53		0.217485		
0.54		0.216313		
0.55		0.215166		
0.56		0.214043		
0.57		0.212943		
0.58		0.211867		
0.59		0.210812		
0.6		0.20978		
0.61		0.208768		
0.62		0.207778		
0.63		0.206808		
0.64		0.205857		
0.65		0.204927		
0.66		0.204015		
0.67		0.203122		
0.68		0.202247		
0.69		0.201391		
0.7		0.200551		
0.71		0.199729		
0.72		0.198924		
0.73		0.198136		
0.74		0.197363		
0.75		0.196607		
0.76		0.195866		
0.77		0.195141		
0.78		0.19443		
0.79		0.193735		
0.8		0.193054		
0.81		0.192387		
0.82		0.191735		
0.83		0.191097		
0.84		0.190472		
0.85		0.18986		
0.86		0.189262		
0.87		0.188677		
0.88		0.188105		
0.89		0.187546		
0.9		0.186999		
0.91		0.186465		
0.92		0.185943		
0.93		0.185433		
0.94		0.184935		
0.95		0.184449		
0.96		0.183975		
0.97		0.183512		
0.98		0.183061		
0.99		0.182621		
1		0.182192		
1.01		0.181775		
1.02		0.181368		
1.03		0.180973		
1.04		0.180588		
1.05		0.180214		
1.06		0.179851		
1.07		0.179499		
1.08		0.179157		
1.09		0.178825		
1.1		0.178504		
1.11		0.178193		
1.12		0.177893		
1.13		0.177603		
1.14		0.177323		
1.15		0.177053		
1.16		0.176794		
1.17		0.176544		
1.18		0.176304		
1.19		0.176075		
1.2		0.175855		
1.21		0.175645		
1.22		0.175445		
1.23		0.175255		
1.24		0.175075		
1.25		0.174905		
1.26		0.174744		
1.27		0.174593		
1.28		0.174452		
1.29		0.17432		
1.3		0.174199		
1.31		0.174087		
1.32		0.173985		
1.33		0.173892		
1.34		0.173809		
1.35		0.173736		
1.36		0.173672		
1.37		0.173618		
1.38		0.173574		
1.39		0.173539		
1.4		0.173514		
1.41		0.173499		
1.42		0.173493		
1.43		0.173497		
1.44		0.173511		
1.45		0.173534		
1.46		0.173567		
1.47		0.17361		
1.48		0.173662		
1.49		0.173725		
1.5		0.173796		
1.51		0.173878		
1.52		0.173969		
1.53		0.17407		
1.54		0.174181		
1.55		0.174302		
1.56		0.174432		
1.57		0.174572		
1.58		0.174722		
1.59		0.174882		
1.6		0.175051		
1.61		0.175231		
1.62		0.17542		
1.63		0.17562		
1.64		0.175829		
1.65		0.176048		
1.66		0.176277		
1.67		0.176516		
1.68		0.176765		
1.69		0.177024		
1.7		0.177293		
1.71		0.177572		
1.72		0.177862		
1.73		0.178161		
1.74		0.17847		
1.75		0.17879		
1.76		0.179119		
1.77		0.179459		
1.78		0.179809		
1.79		0.180169		
1.8		0.180539		
1.81		0.18092		
1.82		0.181311		
1.83		0.181712		
1.84		0.182124		
1.85		0.182545		
1.86		0.182978		
1.87		0.18342		
1.88		0.183873		
1.89		0.184336		
1.9		0.18481		
1.91		0.185294		
1.92		0.185789		
1.93		0.186294		
1.94		0.18681		
1.95		0.187336		
1.96		0.187873		
1.97		0.18842		
1.98		0.188978		
1.99		0.189547		
2		0.190126		
2.01		0.190716		
2.02		0.191317		
2.03		0.191928		
2.04		0.19255		
2.05		0.193183		
2.06		0.193826		
2.07		0.194481		
2.08		0.195146		
2.09		0.195822		
2.1		0.196509		
2.11		0.197206		
2.12		0.197915		
2.13		0.198634		
2.14		0.199365		
2.15		0.200106		
2.16		0.200858		
2.17		0.201621		
2.18		0.202395		
2.19		0.203181		
2.2		0.203977		
2.21		0.204784		
2.22		0.205603		
2.23		0.206432		
2.24		0.207273		
2.25		0.208124		
2.26		0.208987		
2.27		0.209861		
2.28		0.210746		
2.29		0.211642		
2.3		0.21255		
2.31		0.213469		
2.32		0.214399		
2.33		0.21534		
2.34		0.216292		
2.35		0.217256		
2.36		0.218231		
2.37		0.219217		
2.38		0.220215		
2.39		0.221224		
2.4		0.222245		
2.41		0.223276		
2.42		0.22432		
2.43		0.225374		
2.44		0.22644		
2.45		0.227517		
2.46		0.228606		
2.47		0.229707		
2.48		0.230818		
2.49		0.231942		
2.5		0.233076		
2.51		0.234223		
2.52		0.235381		
2.53		0.23655		
2.54		0.237731		
2.55		0.238923		
2.56		0.240127		
2.57		0.241343		
2.58		0.24257		
2.59		0.243809		
2.6		0.245059		
2.61		0.246321		
2.62		0.247595		
2.63		0.24888		
2.64		0.250177		
2.65		0.251486		
2.66		0.252806		
2.67		0.254139		
2.68		0.255482		
2.69		0.256838		
2.7		0.258205		
2.71		0.259584		
2.72		0.260975		
2.73		0.262377		
2.74		0.263792		
2.75		0.265218		
2.76		0.266655		
2.77		0.268105		
2.78		0.269566		
2.79		0.27104		
2.8		0.272525		
2.81		0.274021		
2.82		0.27553		
2.83		0.277051		
2.84		0.278583		
2.85		0.280127		
2.86		0.281683		
2.87		0.283251		
2.88		0.284831		
2.89		0.286423		
2.9		0.288027		
2.91		0.289642		
2.92		0.29127		
2.93		0.292909		
2.94		0.29456		
2.95		0.296224		
2.96		0.297899		
2.97		0.299586		
2.98		0.301285		
2.99		0.302996		
3		0.304719		
3.01		0.306454		
3.02		0.308201		
3.03		0.30996		
3.04		0.31173		
3.05		0.313513		
3.06		0.315308		
3.07		0.317115		
3.08		0.318934		
3.09		0.320765		
3.1		0.322607		
3.11		0.324462		
3.12		0.326329		
3.13		0.328208		
3.14		0.330099		
3.15		0.332002		
3.16		0.333917		
3.17		0.335844		
3.18		0.337783		
3.19		0.339734		
3.2		0.341697		
3.21		0.343672		
3.22		0.34566		
3.23		0.347659		
3.24		0.34967		
3.25		0.351694		
3.26		0.353729		
3.27		0.355777		
3.28		0.357836		
3.29		0.359908		
3.3		0.361992		
3.31		0.364088		
3.32		0.366196		
3.33		0.368316		
3.34		0.370448		
3.35		0.372592		
3.36		0.374748		
3.37		0.376917		
3.38		0.379097		
3.39		0.38129		
3.4		0.383494		
3.41		0.385711		
3.42		0.38794		
3.43		0.390181		
3.44		0.392434		
3.45		0.394699		
3.46		0.396976		
3.47		0.399265		
3.48		0.401567		
3.49		0.40388		
3.5		0.406206		
3.51		0.408544		
3.52		0.410893		
3.53		0.413255		
3.54		0.415629		
3.55		0.418015		
3.56		0.420414		
3.57		0.422824		
3.58		0.425246		
3.59		0.427681		
3.6		0.430127		
3.61		0.432586		
3.62		0.435057		
3.63		0.43754		
3.64		0.440035		
3.65		0.442542		
3.66		0.445061		
3.67		0.447592		
3.68		0.450135		
3.69		0.452691		
3.7		0.455258		
3.71		0.457838		
3.72		0.460429		
3.73		0.463033		
3.74		0.465649		
3.75		0.468277		
3.76		0.470917		
3.77		0.473569		
3.78		0.476233		
3.79		0.478909		
3.8		0.481597		
3.81		0.484297		
3.82		0.48701		
3.83		0.489734		
3.84		0.492471		
3.85		0.495219		
3.86		0.49798		
3.87		0.500752		
3.88		0.503537		
3.89		0.506334		
3.9		0.509142		
3.91		0.511963		
3.92		0.514796		
3.93		0.517641		
3.94		0.520497		
3.95		0.523366		
3.96		0.526247		
3.97		0.52914		
3.98		0.532045		
3.99		0.534962		
4		0.53789		
4.01		0.540831		
4.02		0.543784		
4.03		0.546749		
4.04		0.549726		
4.05		0.552715		
4.06		0.555715		
4.07		0.558728		
4.08		0.561753		
4.09		0.564789		
4.1		0.567838		
4.11		0.570899		
4.12		0.573971		
4.13		0.577056		
4.14		0.580152		
4.15		0.58326		
4.16		0.58638		
4.17		0.589513		
4.18		0.592657		
4.19		0.595813		
4.2		0.59898		
4.21		0.60216		
4.22		0.605352		
4.23		0.608555		
4.24		0.611771		
4.25		0.614998		
4.26		0.618237		
4.27		0.621488		
4.28		0.624751		
4.29		0.628026		
4.3		0.631312		
4.31		0.634611		
4.32		0.637921		
4.33		0.641243		
4.34		0.644577		
4.35		0.647922		
4.36		0.65128		
4.37		0.654649		
4.38		0.65803		
4.39		0.661423		
4.4		0.664828		
4.41		0.668244		
4.42		0.671672		
4.43		0.675112		
4.44		0.678564		
4.45		0.682027		
4.46		0.685502		
4.47		0.688989		
4.48		0.692487		
4.49		0.695997		
4.5		0.699519		
4.51		0.703053		
4.52		0.706598		
4.53		0.710155		
4.54		0.713724		
4.55		0.717304		
4.56		0.720896		
4.57		0.7245		
4.58		0.728115		
4.59		0.731742		
4.6		0.73538		
4.61		0.73903		
4.62		0.742692		
4.63		0.746365		
4.64		0.75005		
4.65		0.753746		
4.66		0.757454		
4.67		0.761174		
4.68		0.764905		
4.69		0.768647		
4.7		0.772401		
4.71		0.776167		
4.72		0.779944		
4.73		0.783733		
4.74		0.787533		
4.75		0.791344		
4.76		0.795167		
4.77		0.799002		
4.78		0.802848		
4.79		0.806705		
4.8		0.810574		
4.81		0.814454		
4.82		0.818346		
4.83		0.822249		
4.84		0.826163		
4.85		0.830089		
4.86		0.834026		
4.87		0.837975		
4.88		0.841935		
4.89		0.845906		
4.9		0.849888		
4.91		0.853882		
4.92		0.857887		
4.93		0.861904		
4.94		0.865931		
4.95		0.86997		
4.96		0.874021		
4.97		0.878082		
4.98		0.882155		
4.99		0.886239		
5		0.890334		
5.01		0.89444		
5.02		0.898558		
5.03		0.902686		
5.04		0.906826		
5.05		0.910977		
5.06		0.915139		
5.07		0.919313		
5.08		0.923497		
5.09		0.927693		
5.1		0.931899		
5.11		0.936117		
5.12		0.940346		
5.13		0.944586		
5.14		0.948836		
5.15		0.953098		
5.16		0.957371		
5.17		0.961655		
5.18		0.96595		
5.19		0.970256		
5.2		0.974573		
5.21		0.9789		
5.22		0.983239		
5.23		0.987589		
5.24		0.991949		
5.25		0.996321		
5.26		1.0007		
5.27		1.0051		
5.28		1.0095		
5.29		1.01392		
5.3		1.01834		
5.31		1.02278		
5.32		1.02723		
5.33		1.03168		
5.34		1.03615		
5.35		1.04063		
5.36		1.04512		
5.37		1.04962		
5.38		1.05414		
5.39		1.05866		
5.4		1.06319		
5.41		1.06774		
5.42		1.07229		
5.43		1.07686		
5.44		1.08143		
5.45		1.08602		
5.46		1.09062		
5.47		1.09522		
5.48		1.09984		
5.49		1.10447		
5.5		1.10911		
5.51		1.11376		
5.52		1.11842		
5.53		1.12309		
5.54		1.12777		
5.55		1.13247		
5.56		1.13717		
5.57		1.14188		
5.58		1.1466		
5.59		1.15134		
5.6		1.15608		
5.61		1.16084		
5.62		1.1656		
5.63		1.17038		
5.64		1.17516		
5.65		1.17996		
5.66		1.18477		
5.67		1.18958		
5.68		1.19441		
5.69		1.19925		
5.7		1.20409		
5.71		1.20895		
5.72		1.21382		
5.73		1.2187		
5.74		1.22358		
5.75		1.22848		
5.76		1.23339		
5.77		1.23831		
5.78		1.24324		
5.79		1.24818		
5.8		1.25313		
5.81		1.25808		
5.82		1.26305		
5.83		1.26803		
5.84		1.27302		
5.85		1.27802		
5.86		1.28303		
5.87		1.28805		
5.88		1.29308		
5.89		1.29812		
5.9		1.30316		
5.91		1.30822		
5.92		1.31329		
5.93		1.31837		
5.94		1.32346		
5.95		1.32856		
5.96		1.33366		
5.97		1.33878		
5.98		1.34391		
5.99		1.34905		
6		1.35419		
6.01		1.35935		
6.02		1.36452		
6.03		1.36969		
6.04		1.37488		
6.05		1.38007		
6.06		1.38528		
6.07		1.39049		
6.08		1.39572		
6.09		1.40095		
6.1		1.40619		
6.11		1.41144		
6.12		1.41671		
6.13		1.42198		
6.14		1.42726		
6.15		1.43255		
6.16		1.43785		
6.17		1.44316		
6.18		1.44848		
6.19		1.45381		
6.2		1.45914		
6.21		1.46449		
6.22		1.46985		
6.23		1.47521		
6.24		1.48059		
6.25		1.48597		
6.26		1.49137		
6.27		1.49677		
6.28		1.50218		
6.29		1.5076		
6.3		1.51303		
6.31		1.51847		
6.32		1.52392		
6.33		1.52938		
6.34		1.53485		
6.35		1.54032		
6.36		1.54581		
6.37		1.5513		
6.38		1.5568		
6.39		1.56232		
6.4		1.56784		
6.41		1.57337		
6.42		1.57891		
6.43		1.58445		
6.44		1.59001		
6.45		1.59558		
6.46		1.60115		
6.47		1.60674		
6.48		1.61233		
6.49		1.61793		
6.5		1.62354		
6.51		1.62916		
6.52		1.63479		
6.53		1.64042		
6.54		1.64607		
6.55		1.65172		
6.56		1.65738		
6.57		1.66305		
6.58		1.66873		
6.59		1.67442		
6.6		1.68012		
6.61		1.68582		
6.62		1.69154		
6.63		1.69726		
6.64		1.70299		
6.65		1.70873		
6.66		1.71448		
6.67		1.72024		
6.68		1.726		
6.69		1.73177		
6.7		1.73756		
6.71		1.74335		
6.72		1.74914		
6.73		1.75495		
6.74		1.76077		
6.75		1.76659		
6.76		1.77242		
6.77		1.77826		
6.78		1.78411		
6.79		1.78996		
6.8		1.79583		
6.81		1.8017		
6.82		1.80758		
6.83		1.81347		
6.84		1.81937		
6.85		1.82527		
6.86		1.83119		
6.87		1.83711		
6.88		1.84304		
6.89		1.84898		
6.9		1.85492		
6.91		1.86087		
6.92		1.86684		
6.93		1.8728		
6.94		1.87878		
6.95		1.88477		
6.96		1.89076		
6.97		1.89676		
6.98		1.90277		
6.99		1.90878		
7		1.91481		
7.01		1.92084		
7.02		1.92688		
7.03		1.93293		
7.04		1.93898		
7.05		1.94505		
7.06		1.95112		
7.07		1.95719		
7.08		1.96328		
7.09		1.96937		
7.1		1.97547		
7.11		1.98158		
7.12		1.9877		
7.13		1.99382		
7.14		1.99995		
7.15		2.00609		
7.16		2.01223		
7.17		2.01839		
7.18		2.02455		
7.19		2.03072		
7.2		2.03689		
7.21		2.04307		
7.22		2.04926		
7.23		2.05546		
7.24		2.06167		
7.25		2.06788		
7.26		2.0741		
7.27		2.08032		
7.28		2.08656		
7.29		2.0928		
7.3		2.09904		
7.31		2.1053		
7.32		2.11156		
7.33		2.11783		
7.34		2.12411		
7.35		2.13039		
7.36		2.13668		
7.37		2.14298		
7.38		2.14928		
7.39		2.15559		
7.4		2.16191		
7.41		2.16824		
7.42		2.17457		
7.43		2.18091		
7.44		2.18725		
7.45		2.1936		
7.46		2.19996		
7.47		2.20633		
7.48		2.2127		
7.49		2.21908		
7.5		2.22547		
7.51		2.23186		
7.52		2.23826		
7.53		2.24467		
7.54		2.25108		
7.55		2.2575		
7.56		2.26393		
7.57		2.27036		
7.58		2.2768		
7.59		2.28325		
7.6		2.2897		
7.61		2.29616		
7.62		2.30262		
7.63		2.3091		
7.64		2.31557		
7.65		2.32206		
7.66		2.32855		
7.67		2.33505		
7.68		2.34155		
7.69		2.34806		
7.7		2.35458		
7.71		2.3611		
7.72		2.36763		
7.73		2.37417		
7.74		2.38071		
7.75		2.38726		
7.76		2.39381		
7.77		2.40037		
7.78		2.40694		
7.79		2.41351		
7.8		2.42009		
7.81		2.42668		
7.82		2.43327		
7.83		2.43986		
7.84		2.44647		
7.85		2.45308		
7.86		2.45969		
7.87		2.46631		
7.88		2.47294		
7.89		2.47957		
7.9		2.48621		
7.91		2.49286		
7.92		2.49951		
7.93		2.50617		
7.94		2.51283		
7.95		2.5195		
7.96		2.52617		
7.97		2.53285		
7.98		2.53954		
7.99		2.54623		
8		2.55293		
8.01		2.55963		
8.02		2.56634		
8.03		2.57305		
8.04		2.57977		
8.05		2.5865		
8.06		2.59323		
8.07		2.59997		
8.08		2.60671		
8.09		2.61346		
8.1		2.62021		
8.11		2.62697		
8.12		2.63373		
8.13		2.6405		
8.14		2.64728		
8.15		2.65406		
8.16		2.66085		
8.17		2.66764		
8.18		2.67443		
8.19		2.68124		
8.2		2.68804		
8.21		2.69486		
8.22		2.70168		
8.23		2.7085		
8.24		2.71533		
8.25		2.72216		
8.26		2.729		
8.27		2.73585		
8.28		2.7427		
8.29		2.74955		
8.3		2.75641		
8.31		2.76328		
8.32		2.77015		
8.33		2.77702		
8.34		2.7839		
8.35		2.79079		
8.36		2.79768		
8.37		2.80458		
8.38		2.81148		
8.39		2.81838		
8.4		2.82529		
8.41		2.83221		
8.42		2.83913		
8.43		2.84606		
8.44		2.85299		
8.45		2.85992		
8.46		2.86686		
8.47		2.87381		
8.48		2.88076		
8.49		2.88771		
8.5		2.89467		
8.51		2.90164		
8.52		2.90861		
8.53		2.91558		
8.54		2.92256		
8.55		2.92954		
8.56		2.93653		
8.57		2.94352		
8.58		2.95052		
8.59		2.95752		
8.6		2.96453		
8.61		2.97154		
8.62		2.97856		
8.63		2.98558		
8.64		2.99261		
8.65		2.99964		
8.66		3.00667		
8.67		3.01371		
8.68		3.02075		
8.69		3.0278		
8.7		3.03485		
8.71		3.04191		
8.72		3.04897		
8.73		3.05604		
8.74		3.06311		
8.75		3.07018		
8.76		3.07726		
8.77		3.08435		
8.78		3.09143		
8.79		3.09853		
8.8		3.10562		
8.81		3.11272		
8.82		3.11983		
8.83		3.12694		
8.84		3.13405		
8.85		3.14117		
8.86		3.14829		
8.87		3.15542		
8.88		3.16255		
8.89		3.16968		
8.9		3.17682		
8.91		3.18397		
8.92		3.19111		
8.93		3.19826		
8.94		3.20542		
8.95		3.21258		
8.96		3.21974		
8.97		3.22691		
8.98		3.23408		
8.99		3.24126		
9		3.24844		
9.01		3.25562		
9.02		3.26281		
9.03		3.27		
9.04		3.2772		
9.05		3.2844		
9.06		3.29161		
9.07		3.29881		
9.08		3.30603		
9.09		3.31324		
9.1		3.32046		
9.11		3.32769		
9.12		3.33491		
9.13		3.34215		
9.14		3.34938		
9.15		3.35662		
9.16		3.36386		
9.17		3.37111		
9.18		3.37836		
9.19		3.38562		
9.2		3.39287		
9.21		3.40014		
9.22		3.4074		
9.23		3.41467		
9.24		3.42195		
9.25		3.42922		
9.26		3.43651		
9.27		3.44379		
9.28		3.45108		
9.29		3.45837		
9.3		3.46567		
9.31		3.47297		
9.32		3.48027		
9.33		3.48758		
9.34		3.49489		
9.35		3.5022		
9.36		3.50952		
9.37		3.51684		
9.38		3.52417		
9.39		3.53149		
9.4		3.53883		
9.41		3.54616		
9.42		3.5535		
9.43		3.56085		
9.44		3.56819		
9.45		3.57554		
9.46		3.5829		
9.47		3.59025		
9.48		3.59761		
9.49		3.60498		
9.5		3.61235		
9.51		3.61972		
9.52		3.62709		
9.53		3.63447		
9.54		3.64185		
9.55		3.64924		
9.56		3.65663		
9.57		3.66402		
9.58		3.67141		
9.59		3.67881		
9.6		3.68622		
9.61		3.69362		
9.62		3.70103		
9.63		3.70844		
9.64		3.71586		
9.65		3.72328		
9.66		3.7307		
9.67		3.73813		
9.68		3.74556		
9.69		3.75299		
9.7		3.76043		
9.71		3.76787		
9.72		3.77531		
9.73		3.78276		
9.74		3.79021		
9.75		3.79766		
9.76		3.80512		
9.77		3.81257		
9.78		3.82004		
9.79		3.8275		
9.8		3.83497		
9.81		3.84245		
9.82		3.84992		
9.83		3.8574		
9.84		3.86489		
9.85		3.87237		
9.86		3.87986		
9.87		3.88735		
9.88		3.89485		
9.89		3.90235		
9.9		3.90985		
9.91		3.91736		
9.92		3.92487		
9.93		3.93238		
9.94		3.93989		
9.95		3.94741		
9.96		3.95493		
9.97		3.96246		
9.98		3.96999		
9.99		3.97752		
10		3.98506		
10.01		3.99259		
10.02		4.00013		
10.03		4.00768		
10.04		4.01523		
10.05		4.02278		
10.06		4.03033		
10.07		4.03789		
10.08		4.04545		
10.09		4.05302		
10.1		4.06058		
10.11		4.06815		
10.12		4.07573		
10.13		4.0833		
10.14		4.09088		
10.15		4.09847		
10.16		4.10605		
10.17		4.11364		
10.18		4.12124		
10.19		4.12883		
10.2		4.13643		
10.21		4.14404		
10.22		4.15164		
10.23		4.15925		
10.24		4.16686		
10.25		4.17448		
10.26		4.1821		
10.27		4.18972		
10.28		4.19735		
10.29		4.20497		
10.3		4.21261		
10.31		4.22024		
10.32		4.22788		
10.33		4.23552		
10.34		4.24317		
10.35		4.25081		
10.36		4.25846		
10.37		4.26612		
10.38		4.27378		
10.39		4.28144		
10.4		4.2891		
10.41		4.29677		
10.42		4.30444		
10.43		4.31211		
10.44		4.31979		
10.45		4.32747		
10.46		4.33516		
10.47		4.34284		
10.48		4.35053		
10.49		4.35823		
10.5		4.36593		
10.51		4.37363		
10.52		4.38133		
10.53		4.38904		
10.54		4.39675		
10.55		4.40446		
10.56		4.41218		
10.57		4.4199		
10.58		4.42762		
10.59		4.43535		
10.6		4.44308		
10.61		4.45082		
10.62		4.45855		
10.63		4.46629		
10.64		4.47404		
10.65		4.48179		
10.66		4.48954		
10.67		4.49729		
10.68		4.50505		
10.69		4.51281		
10.7		4.52057		
10.71		4.52834		
10.72		4.53611		
10.73		4.54389		
10.74		4.55167		
10.75		4.55945		
10.76		4.56724		
10.77		4.57502		
10.78		4.58282		
10.79		4.59061		
10.8		4.59841		
10.81		4.60622		
10.82		4.61402		
10.83		4.62183		
10.84		4.62965		
10.85		4.63746		
10.86		4.64529		
10.87		4.65311		
10.88		4.66094		
10.89		4.66877		
10.9		4.67661		
10.91		4.68445		
10.92		4.69229		
10.93		4.70014		
10.94		4.70799		
10.95		4.71584		
10.96		4.7237		
10.97		4.73156		
10.98		4.73943		
10.99		4.74729		
11		4.75517		
11.01		4.76304		
11.02		4.77092		
11.03		4.77881		
11.04		4.7867		
11.05		4.79459		
11.06		4.80248		
11.07		4.81038		
11.08		4.81829		
11.09		4.8262		
11.1		4.83411		
11.11		4.84202		
11.12		4.84994		
11.13		4.85787		
11.14		4.86579		
11.15		4.87372		
11.16		4.88166		
11.17		4.8896		
11.18		4.89754		
11.19		4.90549		
11.2		4.91344		
11.21		4.9214		
11.22		4.92936		
11.23		4.93732		
11.24		4.94529		
11.25		4.95326		
11.26		4.96124		
11.27		4.96922		
11.28		4.9772		
11.29		4.98519		
11.3		4.99319		
11.31		5.00118		
11.32		5.00919		
11.33		5.01719		
11.34		5.0252		
11.35		5.03322		
11.36		5.04124		
11.37		5.04926		
11.38		5.05729		
11.39		5.06532		
11.4		5.07336		
11.41		5.0814		
11.42		5.08945		
11.43		5.0975		
11.44		5.10556		
11.45		5.11362		
11.46		5.12168		
11.47		5.12975		
11.48		5.13783		
11.49		5.14591		
11.5		5.15399		
11.51		5.16208		
11.52		5.17017		
11.53		5.17827		
11.54		5.18637		
11.55		5.19448		
11.56		5.20259		
11.57		5.21071		
11.58		5.21883		
11.59		5.22696		
11.6		5.23509		
11.61		5.24323		
11.62		5.25137		
11.63		5.25952		
11.64		5.26767		
11.65		5.27582		
11.66		5.28399		
11.67		5.29215		
11.68		5.30033		
11.69		5.3085		
11.7		5.31669		
11.71		5.32488		
11.72		5.33307		
11.73		5.34127		
11.74		5.34947		
11.75		5.35768		
11.76		5.3659		
11.77		5.37412		
11.78		5.38234		
11.79		5.39058		
11.8		5.39881		
11.81		5.40705		
11.82		5.4153		
11.83		5.42356		
11.84		5.43182		
11.85		5.44008		
11.86		5.44835		
11.87		5.45663		
11.88		5.46491		
11.89		5.4732		
11.9		5.48149		
11.91		5.48979		
11.92		5.4981		
11.93		5.50641		
11.94		5.51473		
11.95		5.52305		
11.96		5.53138		
11.97		5.53971		
11.98		5.54806		
11.99		5.5564		
12		5.56476		
12.01		5.57312		
12.02		5.58148		
12.03		5.58986		
12.04		5.59824		
12.05		5.60662		
12.06		5.61501		
12.07		5.62341		
12.08		5.63181		
12.09		5.64023		
12.1		5.64864		
12.11		5.65707		
12.12		5.6655		
12.13		5.67393		
12.14		5.68238		
12.15		5.69083		
12.16		5.69929		
12.17		5.70775		
12.18		5.71622		
12.19		5.7247		
12.2		5.73319		
12.21		5.74168		
12.22		5.75018		
12.23		5.75868		
12.24		5.76719		
12.25		5.77571		
12.26		5.78424		
12.27		5.79278		
12.28		5.80132		
12.29		5.80987		
12.3		5.81842		
12.31		5.82699		
12.32		5.83556		
12.33		5.84413		
12.34		5.85272		
12.35		5.86131		
12.36		5.86991		
12.37		5.87852		
12.38		5.88714		
12.39		5.89576		
12.4		5.90439		
12.41		5.91303		
12.42		5.92168		
12.43		5.93034		
12.44		5.939		
12.45		5.94767		
12.46		5.95635		
12.47		5.96504		
12.48		5.97373		
12.49		5.98244		
12.5		5.99115		
12.51		5.99987		
12.52		6.00859		
12.53		6.01733		
12.54		6.02608		
12.55		6.03483		
12.56		6.04359		
12.57		6.05236		
12.58		6.06114		
12.59		6.06993		
12.6		6.07872		
12.61		6.08753		
12.62		6.09634		
12.63		6.10517		
12.64		6.114		
12.65		6.12284		
12.66		6.13169		
12.67		6.14055		
12.68		6.14941		
12.69		6.15829		
12.7		6.16718		
12.71		6.17607		
12.72		6.18498		
12.73		6.19389		
12.74		6.20281		
12.75		6.21174		
12.76		6.22069		
12.77		6.22964		
12.78		6.2386		
12.79		6.24757		
12.8		6.25655		
12.81		6.26554		
12.82		6.27454		
12.83		6.28355		
12.84		6.29257		
12.85		6.3016		
12.86		6.31064		
12.87		6.31969		
12.88		6.32875		
12.89		6.33783		
12.9		6.34691		
12.91		6.356		
12.92		6.3651		
12.93		6.37421		
12.94		6.38334		
12.95		6.39247		
12.96		6.40161		
12.97		6.41077		
12.98		6.41993		
12.99		6.42911		
13		6.4383		
13.01		6.4475		
13.02		6.4567		
13.03		6.46592		
13.04		6.47516		
13.05		6.4844		
13.06		6.49365		
13.07		6.50292		
13.08		6.51219		
13.09		6.52148		
13.1		6.53078		
13.11		6.54009		
13.12		6.54942		
13.13		6.55875		
13.14		6.5681		
13.15		6.57746		
13.16		6.58682		
13.17		6.59621		
13.18		6.6056		
13.19		6.61501		
13.2		6.62442		
13.21		6.63386		
13.22		6.6433		
13.23		6.65275		
13.24		6.66222		
13.25		6.6717		
13.26		6.68119		
13.27		6.6907		
13.28		6.70022		
13.29		6.70975		
13.3		6.71929		
13.31		6.72885		
13.32		6.73842		
13.33		6.748		
13.34		6.75759		
13.35		6.7672		
13.36		6.77682		
13.37		6.78646		
13.38		6.79611		
13.39		6.80577		
13.4		6.81544		
13.41		6.82513		
13.42		6.83484		
13.43		6.84455		
13.44		6.85428		
13.45		6.86403		
13.46		6.87379		
13.47		6.88356		
13.48		6.89334		
13.49		6.90315		
13.5		6.91296		
13.51		6.92279		
13.52		6.93263		
13.53		6.94249		
13.54		6.95236		
13.55		6.96225		
13.56		6.97215		
13.57		6.98207		
13.58		6.992		
13.59		7.00195		
13.6		7.01191		
13.61		7.02189		
13.62		7.03188		
13.63		7.04189		
13.64		7.05191		
13.65		7.06195		
13.66		7.072		
13.67		7.08207		
13.68		7.09216		
13.69		7.10226		
13.7		7.11237		
13.71		7.12251		
13.72		7.13266		
13.73		7.14282		
13.74		7.153		
13.75		7.1632		
13.76		7.17341		
13.77		7.18364		
13.78		7.19389		
13.79		7.20415		
13.8		7.21443		
13.81		7.22473		
13.82		7.23504		
13.83		7.24537		
13.84		7.25572		
13.85		7.26608		
13.86		7.27646		
13.87		7.28686		
13.88		7.29728		
13.89		7.30771		
13.9		7.31816		
13.91		7.32863		
13.92		7.33911		
13.93		7.34962		
13.94		7.36014		
13.95		7.37068		
13.96		7.38124		
13.97		7.39181		
13.98		7.40241		
13.99		7.41302		
14		7.42365		
14.01		7.4343		
14.02		7.44497		
14.03		7.45566		
14.04		7.46636		
14.05		7.47709		
14.06		7.48783		
14.07		7.49859		
14.08		7.50938		
14.09		7.52018		
14.1		7.531		
14.11		7.54184		
14.12		7.5527		
14.13		7.56357		
14.14		7.57447		
14.15		7.58539		
14.16		7.59633		
14.17		7.60729		
14.18		7.61827		
14.19		7.62927		
14.2		7.64029		
14.21		7.65132		
14.22		7.66238		
14.23		7.67347		
14.24		7.68457		
14.25		7.69569		
14.26		7.70683		
14.27		7.718		
14.28		7.72918		
14.29		7.74039		
14.3		7.75161		
14.31		7.76286		
14.32		7.77413		
14.33		7.78543		
14.34		7.79674		
14.35		7.80808		
14.36		7.81943		
14.37		7.83081		
14.38		7.84221		
14.39		7.85364		
14.4		7.86508		
14.41		7.87655		
14.42		7.88804		
14.43		7.89956		
14.44		7.91109		
14.45		7.92265		
14.46		7.93424		
14.47		7.94584		
14.48		7.95747		
14.49		7.96912		
14.5		7.9808		
14.51		7.9925		
14.52		8.00422		
14.53		8.01597		
14.54		8.02773		
14.55		8.03953		
14.56		8.05135		
14.57		8.06319		
14.58		8.07506		
14.59		8.08695		
14.6		8.09886		
14.61		8.1108		
14.62		8.12277		
14.63		8.13475		
14.64		8.14677		
14.65		8.15881		
14.66		8.17087		
14.67		8.18296		
14.68		8.19508		
14.69		8.20722		
14.7		8.21938		
14.71		8.23158		
14.72		8.24379		
14.73		8.25604		
14.74		8.26831		
14.75		8.2806		
14.76		8.29293		
14.77		8.30527		
14.78		8.31765		
14.79		8.33005		
14.8		8.34248		
14.81		8.35494		
14.82		8.36742		
14.83		8.37993		
14.84		8.39247		
14.85		8.40503		
14.86		8.41762		
14.87		8.43024		
14.88		8.44289		
14.89		8.45556		
14.9		8.46827		
14.91		8.481		
14.92		8.49376		
14.93		8.50655		
14.94		8.51936		
14.95		8.53221		
14.96		8.54508		
14.97		8.55798		
14.98		8.57092		
14.99		8.58388		
15		8.59687		
15.01		8.60988		
15.02		8.62293		
15.03		8.63601		
15.04		8.64912		
15.05		8.66226		
15.06		8.67543		
15.07		8.68862		
15.08		8.70185		
15.09		8.71511		
15.1		8.7284		
15.11		8.74172		
15.12		8.75507		
15.13		8.76845		
15.14		8.78186		
15.15		8.79531		
15.16		8.80878		
15.17		8.82229		
15.18		8.83582		
15.19		8.84939		
15.2		8.863		
15.21		8.87663		
15.22		8.89029		
15.23		8.90399		
15.24		8.91772		
15.25		8.93148		
15.26		8.94528		
15.27		8.95911		
15.28		8.97297		
15.29		8.98686		
15.3		9.00079		
15.31		9.01475		
15.32		9.02874		
15.33		9.04277		
15.34		9.05683		
15.35		9.07092		
15.36		9.08505		
15.37		9.09921		
15.38		9.11341		
15.39		9.12764		
15.4		9.14191		
15.41		9.15621		
15.42		9.17055		
15.43		9.18492		
15.44		9.19932		
15.45		9.21376		
15.46		9.22824		
15.47		9.24275		
15.48		9.2573		
15.49		9.27188		
15.5		9.2865		
15.51		9.30116		
15.52		9.31585		
15.53		9.33058		
15.54		9.34534		
15.55		9.36014		
15.56		9.37498		
15.57		9.38986		
15.58		9.40477		
15.59		9.41972		
15.6		9.43471		
15.61		9.44973		
15.62		9.46479		
15.63		9.47989		
15.64		9.49503		
15.65		9.51021		
15.66		9.52542		
15.67		9.54068		
15.68		9.55597		
15.69		9.5713		
15.7		9.58667		
15.71		9.60208		
15.72		9.61753		
15.73		9.63301		
15.74		9.64854		
15.75		9.66411		
15.76		9.67971		
15.77		9.69536		
15.78		9.71105		
15.79		9.72678		
15.8		9.74254		
15.81		9.75835		
15.82		9.7742		
15.83		9.79009		
15.84		9.80602		
15.85		9.822		
15.86		9.83801		
15.87		9.85407		
15.88		9.87016		
15.89		9.8863		
15.9		9.90248		
15.91		9.91871		
15.92		9.93497		
15.93		9.95128		
15.94		9.96763		
15.95		9.98403		
15.96		10.0005		
15.97		10.0169		
15.98		10.0335		
15.99		10.05		
16		10.0666		
16.01		10.0833		
16.02		10.1		
16.03		10.1167		
16.04		10.1335		
16.05		10.1504		
16.06		10.1672		
16.07		10.1842		
16.08		10.2011		
16.09		10.2181		
16.1		10.2352		
16.11		10.2523		
16.12		10.2694		
16.13		10.2866		
16.14		10.3039		
16.15		10.3212		
16.16		10.3385		
16.17		10.3559		
16.18		10.3733		
16.19		10.3908		
16.2		10.4083		
16.21		10.4259		
16.22		10.4435		
16.23		10.4611		
16.24		10.4789		
16.25		10.4966		
16.26		10.5144		
16.27		10.5323		
16.28		10.5502		
16.29		10.5681		
16.3		10.5861		
16.31		10.6042		
16.32		10.6223		
16.33		10.6404		
16.34		10.6586		
16.35		10.6769		
16.36		10.6952		
16.37		10.7135		
16.38		10.7319		
16.39		10.7504		
16.4		10.7689		
16.41		10.7874		
16.42		10.806		
16.43		10.8247		
16.44		10.8434		
16.45		10.8621		
16.46		10.8809		
16.47		10.8998		
16.48		10.9187		
16.49		10.9376		
16.5		10.9567		
16.51		10.9757		
16.52		10.9948		
16.53		11.014		
16.54		11.0332		
16.55		11.0525		
16.56		11.0718		
16.57		11.0912		
16.58		11.1107		
16.59		11.1302		
16.6		11.1497		
16.61		11.1693		
16.62		11.189		
16.63		11.2087		
16.64		11.2285		
16.65		11.2483		
16.66		11.2682		
16.67		11.2881		
16.68		11.3081		
16.69		11.3281		
16.7		11.3482		
16.71		11.3684		
16.72		11.3886		
16.73		11.4089		
16.74		11.4292		
16.75		11.4496		
16.76		11.47		
16.77		11.4905		
16.78		11.5111		
16.79		11.5317		
16.8		11.5524		
16.81		11.5731		
16.82		11.5939		
16.83		11.6148		
16.84		11.6357		
16.85		11.6566		
16.86		11.6777		
16.87		11.6987		
16.88		11.7199		
16.89		11.7411		
16.9		11.7624		
16.91		11.7837		
16.92		11.8051		
16.93		11.8265		
16.94		11.848		
16.95		11.8696		
16.96		11.8912		
16.97		11.9129		
16.98		11.9347		
16.99		11.9565		
17		11.9784		
17.01		12.0003		
17.02		12.0223		
17.03		12.0444		
17.04		12.0665		
17.05		12.0887		
17.06		12.111		
17.07		12.1333		
17.08		12.1557		
17.09		12.1781		
17.1		12.2006		
17.11		12.2232		
17.12		12.2459		
17.13		12.2686		
17.14		12.2913		
17.15		12.3142		
17.16		12.3371		
17.17		12.36		
17.18		12.3831		
17.19		12.4062		
17.2		12.4293		
17.21		12.4526		
17.22		12.4759		
17.23		12.4992		
17.24		12.5227		
17.25		12.5462		
17.26		12.5698		
17.27		12.5934		
17.28		12.6171		
17.29		12.6409		
17.3		12.6647		
17.31		12.6886		
17.32		12.7126		
17.33		12.7367		
17.34		12.7608		
17.35		12.785		
17.36		12.8092		
17.37		12.8335		
17.38		12.8579		
17.39		12.8824		
17.4		12.907		
17.41		12.9316		
17.42		12.9562		
17.43		12.981		
17.44		13.0058		
17.45		13.0307		
17.46		13.0557		
17.47		13.0807		
17.48		13.1058		
17.49		13.131		
17.5		13.1563		
17.51		13.1816		
17.52		13.207		
17.53		13.2325		
17.54		13.2581		
17.55		13.2837		
17.56		13.3094		
17.57		13.3352		
17.58		13.361		
17.59		13.387		
17.6		13.413		
17.61		13.439		
17.62		13.4652		
17.63		13.4914		
17.64		13.5177		
17.65		13.5441		
17.66		13.5706		
17.67		13.5971		
17.68		13.6237		
17.69		13.6504		
17.7		13.6772		
17.71		13.704		
17.72		13.7309		
17.73		13.7579		
17.74		13.785		
17.75		13.8122		
17.76		13.8394		
17.77		13.8667		
17.78		13.8941		
17.79		13.9216		
17.8		13.9492		
17.81		13.9768		
17.82		14.0045		
17.83		14.0323		
17.84		14.0602		
17.85		14.0882		
17.86		14.1162		
17.87		14.1443		
17.88		14.1725		
17.89		14.2008		
17.9		14.2292		
17.91		14.2577		
17.92		14.2862		
17.93		14.3148		
17.94		14.3435		
17.95		14.3723		
17.96		14.4012		
17.97		14.4301		
17.98		14.4592		
17.99		14.4883		
18		14.5175		
18.01		14.5468		
18.02		14.5762		
18.03		14.6057		
18.04		14.6352		
18.05		14.6648		
18.06		14.6946		
18.07		14.7244		
18.08		14.7543		
18.09		14.7843		
18.1		14.8143		
18.11		14.8445		
18.12		14.8747		
18.13		14.9051		
18.14		14.9355		
18.15		14.966		
18.16		14.9966		
18.17		15.0273		
18.18		15.0581		
18.19		15.089		
18.2		15.1199		
18.21		15.151		
18.22		15.1821		
18.23		15.2134		
18.24		15.2447		
18.25		15.2761		
18.26		15.3076		
18.27		15.3392		
18.28		15.3709		
18.29		15.4027		
18.3		15.4345		
18.31		15.4665		
18.32		15.4986		
18.33		15.5307		
18.34		15.563		
18.35		15.5953		
18.36		15.6278		
18.37		15.6603		
18.38		15.6929		
18.39		15.7256		
18.4		15.7585		
18.41		15.7914		
18.42		15.8244		
18.43		15.8575		
18.44		15.8907		
18.45		15.924		
18.46		15.9574		
18.47		15.9909		
18.48		16.0244		
18.49		16.0581		
18.5		16.0919		
18.51		16.1258		
18.52		16.1598		
18.53		16.1939		
18.54		16.228		
18.55		16.2623		
18.56		16.2967		
18.57		16.3312		
18.58		16.3657		
18.59		16.4004		
18.6		16.4352		
18.61		16.4701		
18.62		16.5051		
18.63		16.5401		
18.64		16.5753		
18.65		16.6106		
18.66		16.646		
18.67		16.6815		
18.68		16.7171		
18.69		16.7528		
18.7		16.7886		
18.71		16.8245		
18.72		16.8605		
18.73		16.8966		
18.74		16.9328		
18.75		16.9692		
18.76		17.0056		
18.77		17.0421		
18.78		17.0788		
18.79		17.1155		
18.8		17.1524		
18.81		17.1893		
18.82		17.2264		
18.83		17.2635		
18.84		17.3008		
18.85		17.3382		
18.86		17.3757		
18.87		17.4133		
18.88		17.451		
18.89		17.4889		
18.9		17.5268		
18.91		17.5648		
18.92		17.603		
18.93		17.6412		
18.94		17.8409		
18.95		17.8459		
18.96		17.8508		
18.97		17.8557		
18.98		17.8606		
18.99		17.8655		
19		17.8703		
19.01		17.8751		
19.02		17.8799		
19.03		17.8846		
19.04		17.8893		
19.05		17.894		
19.06		17.8987		
19.07		17.9033		
19.08		17.9079		
19.09		17.9124		
19.1		17.917		
19.11		17.9215		
19.12		17.926		
19.13		17.9304		
19.14		17.9349		
19.15		17.9393		
19.16		17.9436		
19.17		17.948		
19.18		17.9523		
19.19		17.9566		
19.2		17.9608		
19.21		17.9651		
19.22		17.9693		
19.23		17.9734		
19.24		17.9776		
19.25		17.9817		
19.26		17.9858		
19.27		17.9899		
19.28		17.9939		
19.29		17.9979		
19.3		18.0019		
19.31		18.0059		
19.32		18.0098		
19.33		18.0137		
19.34		18.0176		
19.35		18.0215		
19.36		18.0253		
19.37		18.0291		
19.38		18.0329		
19.39		18.0366		
19.4		18.0404		
19.41		18.0441		
19.42		18.0477		
19.43		18.0514		
19.44		18.055		
19.45		18.0586		
19.46		18.0622		
19.47		18.0657		
19.48		18.0693		
19.49		18.0728		
19.5		18.0762		
19.51		18.0797		
19.52		18.0831		
19.53		18.0865		
19.54		18.0899		
19.55		18.0932		
19.56		18.0965		
19.57		18.0998		
19.58		18.1031		
19.59		18.1064		
19.6		18.1096		
19.61		18.1128		
19.62		18.116		
19.63		18.1191		
19.64		18.1222		
19.65		18.1253		
19.66		18.1284		
19.67		18.1315		
19.68		18.1345		
19.69		18.1375		
19.7		18.1405		
19.71		18.1435		
19.72		18.1464		
19.73		18.1493		
19.74		18.1522		
19.75		18.1551		
19.76		18.1579		
19.77		18.1607		
19.78		18.1635		
19.79		18.1663		
19.8		18.1691		
19.81		18.1718		
19.82		18.1745		
19.83		18.1772		
19.84		18.1799		
19.85		18.1825		
19.86		18.1851		
19.87		18.1877		
19.88		18.1903		
19.89		18.1928		
19.9		18.1953		
19.91		18.1978		
19.92		18.2003		
19.93		18.2028		
19.94		18.2052		
19.95		18.2076		
19.96		18.21		
19.97		18.2124		
19.98		18.2148		
19.99		18.2171		
20		18.2194		
20.01		18.2217		
20.02		18.2239		
20.03		18.2262		
20.04		18.2284		
20.05		18.2306		
20.06		18.2328		
20.07		18.2349		
20.08		18.2371		
20.09		18.2392		
20.1		18.2413		
20.11		18.2434		
20.12		18.2454		
20.13		18.2474		
20.14		18.2494		
20.15		18.2514		
20.16		18.2534		
20.17		18.2554		
20.18		18.2573		
20.19		18.2592		
20.2		18.2611		
20.21		18.2629		
20.22		18.2648		
20.23		18.2666		
20.24		18.2684		
20.25		18.2702		
20.26		18.272		
20.27		18.2737		
20.28		18.2755		
20.29		18.2772		
20.3		18.2788		
20.31		18.2805		
20.32		18.2822		
20.33		18.2838		
20.34		18.2854		
20.35		18.287		
20.36		18.2886		
20.37		18.2901		
20.38		18.2916		
20.39		18.2931		
20.4		18.2946		
20.41		18.2961		
20.42		18.2976		
20.43		18.299		
20.44		18.3004		
20.45		18.3018		
20.46		18.3032		
20.47		18.3045		
20.48		18.3059		
20.49		18.3072		
20.5		18.3085		
20.51		18.3098		
20.52		18.3111		
20.53		18.3123		
20.54		18.3135		
20.55		18.3148		
20.56		18.3159		
20.57		18.3171		
20.58		18.3183		
20.59		18.3194		
20.6		18.3205		
20.61		18.3216		
20.62		18.3227		
20.63		18.3238		
20.64		18.3248		
20.65		18.3259		
20.66		18.3269		
20.67		18.3279		
20.68		18.3289		
20.69		18.3298		
20.7		18.3308		
20.71		18.3317		
20.72		18.3326		
20.73		18.3335		
20.74		18.3343		
20.75		18.3352		
20.76		18.336		
20.77		18.3369		
20.78		18.3377		
20.79		18.3385		
20.8		18.3392		
20.81		18.34		
20.82		18.3407		
20.83		18.3414		
20.84		18.3421		
20.85		18.3428		
20.86		18.3435		
20.87		18.3441		
20.88		18.3448		
20.89		18.3454		
20.9		18.346		
20.91		18.3466		
20.92		18.3471		
20.93		18.3477		
20.94		18.3482		
20.95		18.3488		
20.96		18.3493		
20.97		18.3497		
20.98		18.3502		
20.99		18.3507		
21		18.3511		
21.01		18.3515		
21.02		18.3519		
21.03		18.3523		
21.04		18.3527		
21.05		18.3531		
21.06		18.3534		
21.07		18.3537		
21.08		18.3541		
21.09		18.3544		
21.1		18.3546		
21.11		18.3549		
21.12		18.3552		
21.13		18.3554		
21.14		18.3556		
21.15		18.3558		
21.16		18.356		
21.17		18.3562		
21.18		18.3563		
21.19		18.3565		
21.2		18.3566		
21.21		18.3567		
21.22		18.3568		
21.23		18.3569		
21.24		18.357		
21.25		18.357		
21.26		18.3571		
21.27		18.3571		
21.28		18.3571		
21.29		18.3571		
21.3		18.3571		
21.31		18.357		
21.32		18.357		
21.33		18.3569		
21.34		18.3568		
21.35		18.3567		
21.36		18.3566		
21.37		18.3565		
21.38		18.3564		
21.39		18.3562		
21.4		18.3561		
21.41		18.3559		
21.42		18.3557		
21.43		18.3555		
21.44		18.3553		
21.45		18.355		
21.46		18.3548		
21.47		18.3545		
21.48		18.3542		
21.49		18.3539		
21.5		18.3536		
21.51		18.3533		
21.52		18.353		
21.53		18.3526		
21.54		18.3523		
21.55		18.3519		
21.56		18.3515		
21.57		18.3511		
21.58		18.3507		
21.59		18.3503		
21.6		18.3498		
21.61		18.3494		
21.62		18.3489		
21.63		18.3484		
21.64		18.3479		
21.65		18.3474		
21.66		18.3469		
21.67		18.3464		
21.68		18.3458		
21.69		18.3453		
21.7		18.3447		
21.71		18.3441		
21.72		18.3435		
21.73		18.3429		
21.74		18.3423		
21.75		18.3416		
21.76		18.341		
21.77		18.3403		
21.78		18.3397		
21.79		18.339		
21.8		18.3383		
21.81		18.3375		
21.82		18.3368		
21.83		18.3361		
21.84		18.3353		
21.85		18.3346		
21.86		18.3338		
21.87		18.333		
21.88		18.3322		
21.89		18.3314		
21.9		18.3306		
21.91		18.3297		
21.92		18.3289		
21.93		18.328		
21.94		18.3271		
21.95		18.3263		
21.96		18.3254		
21.97		18.3245		
21.98		18.3235		
21.99		18.3226		
22		18.3216		
22.01		18.3207		
22.02		18.3197		
22.03		18.3187		
22.04		18.3177		
22.05		18.3167		
22.06		18.3157		
22.07		18.3147		
22.08		18.3137		
22.09		18.3126		
22.1		18.3115		
22.11		18.3105		
22.12		18.3094		
22.13		18.3083		
22.14		18.3072		
22.15		18.3061		
22.16		18.3049		
22.17		18.3038		
22.18		18.3026		
22.19		18.3015		
22.2		18.3003		
22.21		18.2991		
22.22		18.2979		
22.23		18.2967		
22.24		18.2955		
22.25		18.2942		
22.26		18.293		
22.27		18.2917		
22.28		18.2905		
22.29		18.2892		
22.3		18.2879		
22.31		18.2866		
22.32		18.2853		
22.33		18.284		
22.34		18.2827		
22.35		18.2813		
22.36		18.28		
22.37		18.2786		
22.38		18.2772		
22.39		18.2759		
22.4		18.2745		
22.41		18.2731		
22.42		18.2716		
22.43		18.2702		
22.44		18.2688		
22.45		18.2673		
22.46		18.2659		
22.47		18.2644		
22.48		18.2629		
22.49		18.2614		
22.5		18.2599		
22.51		18.2584		
22.52		18.2569		
22.53		18.2554		
22.54		18.2539		
22.55		18.2523		
22.56		18.2507		
22.57		18.2492		
22.58		18.2476		
22.59		18.246		
22.6		18.2444		
22.61		18.2428		
22.62		18.2412		
22.63		18.2396		
22.64		18.2379		
22.65		18.2363		
22.66		18.2346		
22.67		18.233		
22.68		18.2313		
22.69		18.2296		
22.7		18.2279		
22.71		18.2262		
22.72		18.2245		
22.73		18.2227		
22.74		18.221		
22.75		18.2193		
22.76		18.2175		
22.77		18.2158		
22.78		18.214		
22.79		18.2122		
22.8		18.2104		
22.81		18.2086		
22.82		18.2068		
22.83		18.205		
22.84		18.2032		
22.85		18.2013		
22.86		18.1995		
22.87		18.1976		
22.88		18.1958		
22.89		18.1939		
22.9		18.192		
22.91		18.1901		
22.92		18.1882		
22.93		18.1863		
22.94		18.1844		
22.95		18.1824		
22.96		18.1805		
22.97		18.1786		
22.98		18.1766		
22.99		18.1746		
23		18.1727		
23.01		18.1707		
23.02		18.1687		
23.03		18.1667		
23.04		18.1647		
23.05		18.1627		
23.06		18.1607		
23.07		18.1586		
23.08		18.1566		
23.09		18.1545		
23.1		18.1525		
23.11		18.1504		
23.12		18.1483		
23.13		18.1463		
23.14		18.1442		
23.15		18.1421		
23.16		18.1399		
23.17		18.1378		
23.18		18.1357		
23.19		18.1336		
23.2		18.1314		
23.21		18.1293		
23.22		18.1271		
23.23		18.125		
23.24		18.1228		
23.25		18.1206		
23.26		18.1184		
23.27		18.1162		
23.28		18.114		
23.29		18.1118		
23.3		18.1096		
23.31		18.1073		
23.32		18.1051		
23.33		18.1028		
23.34		18.1006		
23.35		18.0983		
23.36		18.096		
23.37		18.0938		
23.38		18.0915		
23.39		18.0892		
23.4		18.0869		
23.41		18.0846		
23.42		18.0822		
23.43		18.0799		
23.44		18.0776		
23.45		18.0752		
23.46		18.0729		
23.47		18.0705		
23.48		18.0682		
23.49		18.0658		
23.5		18.0634		
23.51		18.061		
23.52		18.0586		
23.53		18.0562		
23.54		18.0538		
23.55		18.0514		
23.56		18.049		
23.57		18.0466		
23.58		18.0441		
23.59		18.0417		
23.6		18.0392		
23.61		18.0368		
23.62		18.0343		
23.63		18.0318		
23.64		18.0293		
23.65		18.0268		
23.66		18.0243		
23.67		18.0218		
23.68		18.0193		
23.69		18.0168		
23.7		18.0143		
23.71		18.0117		
23.72		18.0092		
23.73		18.0067		
23.74		18.0041		
23.75		18.0015		
23.76		17.999		
23.77		17.9964		
23.78		17.9938		
23.79		17.9912		
23.8		17.9886		
23.81		17.986		
23.82		17.9834		
23.83		17.9808		
23.84		17.9782		
23.85		17.9755		
23.86		17.9729		
23.87		17.9703		
23.88		17.9676		
23.89		17.965		
23.9		17.9623		
23.91		17.9596		
23.92		17.9569		
23.93		17.9543		
23.94		17.9516		
23.95		17.9489		
23.96		17.9462		
23.97		17.9435		
23.98		17.9407		
23.99		17.938		
24		17.9353		
24.01		17.9326		
24.02		17.9298		
24.03		17.9271		
24.04		17.9243		
24.05		17.9216		
24.06		17.9188		
24.07		17.916		
24.08		17.9132		
24.09		17.9104		
24.1		17.9076		
24.11		17.9048		
24.12		17.902		
24.13		17.8992		
24.14		17.8964		
24.15		17.8936		
24.16		17.8908		
24.17		17.8879		
24.18		17.8851		
24.19		17.8822		
24.2		17.8794		
24.21		17.8765		
24.22		17.8736		
24.23		17.8708		
24.24		17.8679		
24.25		17.865		
24.26		17.8621		
24.27		17.8592		
24.28		17.8563		
24.29		17.8534		
24.3		17.8505		
24.31		17.8476		
24.32		17.8446		
24.33		17.8417		
24.34		17.8388		
24.35		17.8358		
24.36		17.8329		
24.37		17.8299		
24.38		17.827		
24.39		17.824		
24.4		17.821		
24.41		17.818		
24.42		17.8151		
24.43		17.8121		
24.44		17.8091		
24.45		17.8061		
24.46		17.8031		
24.47		17.8001		
24.48		17.797		
24.49		17.794		
24.5		17.791		
24.51		17.7879		
24.52		17.7849		
24.53		17.7819		
24.54		17.7788		
24.55		17.7758		
24.56		17.7727		
24.57		17.7696		
24.58		17.7665		
24.59		17.7635		
24.6		17.7604		
24.61		17.7573		
24.62		17.7542		
24.63		17.7511		
24.64		17.748		
24.65		17.7449		
24.66		17.7418		
24.67		17.7386		
24.68		17.7355		
24.69		17.7324		
24.7		17.7293		
24.71		17.7261		
24.72		17.723		
24.73		17.7198		
24.74		17.7167		
24.75		17.7135		
24.76		17.7103		
24.77		17.7072		
24.78		17.704		
24.79		17.7008		
24.8		17.6976		
24.81		17.6944		
24.82		17.6912		
24.83		17.688		
24.84		17.6848		
24.85		17.6816		
24.86		17.6784		
24.87		17.6752		
24.88		17.6719		
24.89		17.6687		
24.9		17.3628		
24.91		17.1413		
24.92		16.9255		
24.93		16.7154		
24.94		16.5108		
24.95		16.3114		
24.96		16.1172		
24.97		15.928		
24.98		15.7436		
24.99		15.5639		
25		15.3887		
25.01		15.218		
25.02		15.0515		
25.03		14.8892		
25.04		14.7309		
25.05		14.5766		
25.06		14.426		
25.07		14.2791		
25.08		14.1358		
25.09		13.996		
25.1		13.8595		
25.11		13.7263		
25.12		13.5963		
25.13		13.4693		
25.14		13.3453		
25.15		13.2243		
25.16		13.1061		
25.17		12.9905		
25.18		12.8777		
25.19		12.7674		
25.2		12.6597		
25.21		12.5543		
25.22		12.4514		
25.23		12.3507		
25.24		12.2523		
25.25		12.156		
25.26		12.0618		
25.27		11.9697		
25.28		11.8795		
25.29		11.7913		
25.3		11.7049		
25.31		11.6204		
25.32		11.5376		
25.33		11.4565		
25.34		11.3771		
25.35		11.2994		
25.36		11.2232		
25.37		11.1485		
25.38		11.0753		
25.39		11.0036		
25.4		10.9333		
25.41		10.8643		
25.42		10.7967		
25.43		10.7304		
25.44		10.6653		
25.45		10.6014		
25.46		10.5388		
25.47		10.4773		
25.48		10.4169		
25.49		10.3576		
25.5		10.2994		
25.51		10.2422		
25.52		10.186		
25.53		10.1308		
25.54		10.0765		
25.55		10.0232		
25.56		9.97078		
25.57		9.91923		
25.58		9.86854		
25.59		9.81869		
25.6		9.76964		
25.61		9.72138		
25.62		9.6739		
25.63		9.62716		
25.64		9.58114		
25.65		9.53584		
25.66		9.49123		
25.67		9.4473		
25.68		9.40402		
25.69		9.36137		
25.7		9.31936		
25.71		9.27795		
25.72		9.23713		
25.73		9.19688		
25.74		9.1572		
25.75		9.11807		
25.76		9.07947		
25.77		9.0414		
25.78		9.00383		
25.79		8.96676		
25.8		8.93017		
25.81		8.89405		
25.82		8.85839		
25.83		8.82318		
25.84		8.78841		
25.85		8.75407		
25.86		8.72015		
25.87		8.68663		
25.88		8.65351		
25.89		8.62078		
25.9		8.58843		
25.91		8.55645		
25.92		8.52483		
25.93		8.49357		
25.94		8.46265		
25.95		8.43207		
25.96		8.40181		
25.97		8.37189		
25.98		8.34227		
25.99		8.31297		
26		8.28396		
26.01		8.25526		
26.02		8.22684		
26.03		8.1987		
26.04		8.17084		
26.05		8.14324		
26.06		8.11592		
26.07		8.08885		
26.08		8.06203		
26.09		8.03546		
26.1		8.00914		
26.11		7.98305		
26.12		7.9572		
26.13		7.93157		
26.14		7.90617		
26.15		7.88099		
26.16		7.85602		
26.17		7.83126		
26.18		7.80671		
26.19		7.78236		
26.2		7.75821		
26.21		7.73426		
26.22		7.71049		
26.23		7.68691		
26.24		7.66352		
26.25		7.64031		
26.26		7.61727		
26.27		7.59441		
26.28		7.57172		
26.29		7.54919		
26.3		7.52683		
26.31		7.50463		
26.32		7.4826		
26.33		7.46071		
26.34		7.43898		
26.35		7.41741		
26.36		7.39598		
26.37		7.37469		
26.38		7.35355		
26.39		7.33255		
26.4		7.31169		
26.41		7.29097		
26.42		7.27038		
26.43		7.24992		
26.44		7.22959		
26.45		7.20939		
26.46		7.18932		
26.47		7.16937		
26.48		7.14954		
26.49		7.12983		
26.5		7.11025		
26.51		7.09078		
26.52		7.07142		
26.53		7.05218		
26.54		7.03305		
26.55		7.01403		
26.56		6.99512		
26.57		6.97632		
26.58		6.95762		
26.59		6.93903		
26.6		6.92054		
26.61		6.90215		
26.62		6.88387		
26.63		6.86568		
26.64		6.84759		
26.65		6.8296		
26.66		6.8117		
26.67		6.7939		
26.68		6.77618		
26.69		6.75857		
26.7		6.74104		
26.71		6.7236		
26.72		6.70625		
26.73		6.68899		
26.74		6.67182		
26.75		6.65473		
26.76		6.63773		
26.77		6.62081		
26.78		6.60397		
26.79		6.58722		
26.8		6.57054		
26.81		6.55395		
26.82		6.53743		
26.83		6.521		
26.84		6.50464		
26.85		6.48836		
26.86		6.47216		
26.87		6.45603		
26.88		6.43997		
26.89		6.42399		
26.9		6.40809		
26.91		6.39225		
26.92		6.37649		
26.93		6.3608		
26.94		6.34518		
26.95		6.32963		
26.96		6.31415		
26.97		6.29873		
26.98		6.28339		
26.99		6.26811		
27		6.2529		
27.01		6.23776		
27.02		6.22268		
27.03		6.20766		
27.04		6.19272		
27.05		6.17783		
27.06		6.16301		
27.07		6.14825		
27.08		6.13356		
27.09		6.11892		
27.1		6.10435		
27.11		6.08984		
27.12		6.07539		
27.13		6.061		
27.14		6.04667		
27.15		6.0324		
27.16		6.01819		
27.17		6.00403		
27.18		5.98994		
27.19		5.9759		
27.2		5.96191		
27.21		5.94799		
27.22		5.93412		
27.23		5.92031		
27.24		5.90655		
27.25		5.89285		
27.26		5.8792		
27.27		5.86561		
27.28		5.85207		
27.29		5.83858		
27.3		5.82515		
27.31		5.81177		
27.32		5.79845		
27.33		5.78517		
27.34		5.77195		
27.35		5.75878		
27.36		5.74566		
27.37		5.73259		
27.38		5.71957		
27.39		5.7066		
27.4		5.69369		
27.41		5.68082		
27.42		5.668		
27.43		5.65523		
27.44		5.64251		
27.45		5.62984		
27.46		5.61721		
27.47		5.60464		
27.48		5.59211		
27.49		5.57963		
27.5		5.5672		
27.51		5.55481		
27.52		5.54247		
27.53		5.53018		
27.54		5.51793		
27.55		5.50573		
27.56		5.49357		
27.57		5.48146		
27.58		5.46939		
27.59		5.45737		
27.6		5.4454		
27.61		5.43346		
27.62		5.42158		
27.63		5.40973		
27.64		5.39793		
27.65		5.38618		
27.66		5.37446		
27.67		5.36279		
27.68		5.35116		
27.69		5.33958		
27.7		5.32803		
27.71		5.31653		
27.72		5.30507		
27.73		5.29366		
27.74		5.28228		
27.75		5.27095		
27.76		5.25965		
27.77		5.2484		
27.78		5.23719		
27.79		5.22602		
27.8		5.21489		
27.81		5.2038		
27.82		5.19274		
27.83		5.18173		
27.84		5.17076		
27.85		5.15983		
27.86		5.14893		
27.87		5.13808		
27.88		5.12726		
27.89		5.11649		
27.9		5.10575		
27.91		5.09505		
27.92		5.08438		
27.93		5.07376		
27.94		5.06317		
27.95		5.05262		
27.96		5.04211		
27.97		5.03164		
27.98		5.0212		
27.99		5.0108		
28		5.00043		
28.01		4.9901		
28.02		4.97981		
28.03		4.96955		
28.04		4.95934		
28.05		4.94915		
28.06		4.939		
28.07		4.92889		
28.08		4.91881		
28.09		4.90877		
28.1		4.89876		
28.11		4.88879		
28.12		4.87885		
28.13		4.86895		
28.14		4.85908		
28.15		4.84925		
28.16		4.83945		
28.17		4.82968		
28.18		4.81995		
28.19		4.81025		
28.2		4.80059		
28.21		4.79096		
28.22		4.78136		
28.23		4.77179		
28.24		4.76226		
28.25		4.75276		
28.26		4.74329		
28.27		4.73386		
28.28		4.72446		
28.29		4.71509		
28.3		4.70575		
28.31		4.69645		
28.32		4.68717		
28.33		4.67793		
28.34		4.66872		
28.35		4.65954		
28.36		4.6504		
28.37		4.64128		
28.38		4.63219		
28.39		4.62314		
28.4		4.61412		
28.41		4.60513		
28.42		4.59616		
28.43		4.58723		
28.44		4.57833		
28.45		4.56946		
28.46		4.56062		
28.47		4.55181		
28.48		4.54303		
28.49		4.53428		
28.5		4.52555		
28.51		4.51686		
28.52		4.5082		
28.53		4.49957		
28.54		4.49096		
28.55		4.48239		
28.56		4.47384		
28.57		4.46532		
28.58		4.45683		
28.59		4.44837		
28.6		4.43994		
28.61		4.43153		
28.62		4.42316		
28.63		4.41481		
28.64		4.40649		
28.65		4.3982		
28.66		4.38993		
28.67		4.3817		
28.68		4.37349		
28.69		4.36531		
28.7		4.35715		
28.71		4.34902		
28.72		4.34092		
28.73		4.33285		
28.74		4.3248		
28.75		4.31678		
28.76		4.30879		
28.77		4.30083		
28.78		4.29288		
28.79		4.28497		
28.8		4.27708		
28.81		4.26922		
28.82		4.26139		
28.83		4.25358		
28.84		4.24579		
28.85		4.23804		
28.86		4.2303		
28.87		4.2226		
28.88		4.21492		
28.89		4.20726		
28.9		4.19963		
28.91		4.19202		
28.92		4.18444		
28.93		4.17689		
28.94		4.16936		
28.95		4.16185		
28.96		4.15437		
28.97		4.14691		
28.98		4.13948		
28.99		4.13207		
29		4.12469		
29.01		4.11733		
29.02		4.10999		
29.03		4.10268		
29.04		4.09539		
29.05		4.08813		
29.06		4.08089		
29.07		4.07367		
29.08		4.06648		
29.09		4.05931		
29.1		4.05216		
29.11		4.04504		
29.12		4.03794		
29.13		4.03086		
29.14		4.0238		
29.15		4.01677		
29.16		4.00977		
29.17		4.00278		
29.18		3.99582		
29.19		3.98888		
29.2		3.98196		
29.21		3.97506		
29.22		3.96819		
29.23		3.96134		
29.24		3.95451		
29.25		3.9477		
29.26		3.94092		
29.27		3.93415		
29.28		3.92741		
29.29		3.92069		
29.3		3.91399		
29.31		3.90732		
29.32		3.90066		
29.33		3.89403		
29.34		3.88742		
29.35		3.88083		
29.36		3.87426		
29.37		3.86771		
29.38		3.86118		
29.39		3.85467		
29.4		3.84819		
29.41		3.84172		
29.42		3.83528		
29.43		3.82885		
29.44		3.82245		
29.45		3.81606		
29.46		3.8097		
29.47		3.80336		
29.48		3.79704		
29.49		3.79073		
29.5		3.78445		
29.51		3.77819		
29.52		3.77195		
29.53		3.76572		
29.54		3.75952		
29.55		3.75334		
29.56		3.74717		
29.57		3.74103		
29.58		3.73491		
29.59		3.7288		
29.6		3.72272		
29.61		3.71665		
29.62		3.7106		
29.63		3.70457		
29.64		3.69856		
29.65		3.69257		
29.66		3.6866		
29.67		3.68065		
29.68		3.67472		
29.69		3.6688		
29.7		3.6629		
29.71		3.65703		
29.72		3.65117		
29.73		3.64533		
29.74		3.6395		
29.75		3.6337		
29.76		3.62791		
29.77		3.62215		
29.78		3.6164		
29.79		3.61066		
29.8		3.60495		
29.81		3.59925		
29.82		3.59357		
29.83		3.58791		
29.84		3.58227		
29.85		3.57665		
29.86		3.57104		
29.87		3.56545		
29.88		3.55988		
29.89		3.55432		
29.9		3.54878		
29.91		3.54326		
29.92		3.53776		
29.93		3.53227		
29.94		3.5268		
29.95		3.52135		
29.96		3.51591		
29.97		3.51049		
29.98		3.50509		
29.99		3.49971		
30		3.49434		
