tau [fm]		tau_pi
0.25		0.84032
0.26		0.839739		
0.27		0.839136		
0.28		0.838551		
0.29		0.837983		
0.3		0.837429		
0.31		0.836887		
0.32		0.836356		
0.33		0.835835		
0.34		0.835324		
0.35		0.834821		
0.36		0.834326		
0.37		0.833839		
0.38		0.83336		
0.39		0.832889		
0.4		0.832425		
0.41		0.831967		
0.42		0.831518		
0.43		0.831075		
0.44		0.830639		
0.45		0.83021		
0.46		0.829788		
0.47		0.829373		
0.48		0.828965		
0.49		0.828563		
0.5		0.828168		
0.51		0.82778		
0.52		0.827398		
0.53		0.827023		
0.54		0.826655		
0.55		0.826293		
0.56		0.825937		
0.57		0.825587		
0.58		0.825243		
0.59		0.824906		
0.6		0.824574		
0.61		0.824248		
0.62		0.823928		
0.63		0.823614		
0.64		0.823305		
0.65		0.823002		
0.66		0.822704		
0.67		0.822411		
0.68		0.822123		
0.69		0.821841		
0.7		0.821563		
0.71		0.82129		
0.72		0.821022		
0.73		0.820758		
0.74		0.820499		
0.75		0.820244		
0.76		0.819994		
0.77		0.819748		
0.78		0.819505		
0.79		0.819267		
0.8		0.819033		
0.81		0.818802		
0.82		0.818576		
0.83		0.818352		
0.84		0.818133		
0.85		0.817916		
0.86		0.817703		
0.87		0.817494		
0.88		0.817287		
0.89		0.817083		
0.9		0.816883		
0.91		0.816685		
0.92		0.816491		
0.93		0.816299		
0.94		0.816109		
0.95		0.815923		
0.96		0.815738		
0.97		0.815557		
0.98		0.815377		
0.99		0.815201		
1		0.815026		
1.01		0.814853		
1.02		0.814683		
1.03		0.814515		
1.04		0.814349		
1.05		0.814184		
1.06		0.814022		
1.07		0.813861		
1.08		0.813703		
1.09		0.813546		
1.1		0.813391		
1.11		0.813237		
1.12		0.813085		
1.13		0.812935		
1.14		0.812786		
1.15		0.812638		
1.16		0.812492		
1.17		0.812347		
1.18		0.812204		
1.19		0.812062		
1.2		0.811922		
1.21		0.811782		
1.22		0.811644		
1.23		0.811507		
1.24		0.811371		
1.25		0.811236		
1.26		0.811102		
1.27		0.810969		
1.28		0.810837		
1.29		0.810706		
1.3		0.810576		
1.31		0.810447		
1.32		0.810319		
1.33		0.810192		
1.34		0.810066		
1.35		0.80994		
1.36		0.809815		
1.37		0.809691		
1.38		0.809568		
1.39		0.809445		
1.4		0.809323		
1.41		0.809202		
1.42		0.809082		
1.43		0.808962		
1.44		0.808843		
1.45		0.808724		
1.46		0.808606		
1.47		0.808488		
1.48		0.808372		
1.49		0.808255		
1.5		0.808139		
1.51		0.808024		
1.52		0.807909		
1.53		0.807795		
1.54		0.807681		
1.55		0.807567		
1.56		0.807454		
1.57		0.807342		
1.58		0.80723		
1.59		0.807118		
1.6		0.807007		
1.61		0.806896		
1.62		0.806785		
1.63		0.806675		
1.64		0.806565		
1.65		0.806456		
1.66		0.806347		
1.67		0.806238		
1.68		0.80613		
1.69		0.806021		
1.7		0.805914		
1.71		0.805806		
1.72		0.805699		
1.73		0.805592		
1.74		0.805486		
1.75		0.805379		
1.76		0.805273		
1.77		0.805167		
1.78		0.805062		
1.79		0.804957		
1.8		0.804852		
1.81		0.804747		
1.82		0.804642		
1.83		0.804538		
1.84		0.804434		
1.85		0.80433		
1.86		0.804227		
1.87		0.804124		
1.88		0.804021		
1.89		0.803918		
1.9		0.803815		
1.91		0.803713		
1.92		0.80361		
1.93		0.803508		
1.94		0.803407		
1.95		0.803305		
1.96		0.803204		
1.97		0.803102		
1.98		0.803001		
1.99		0.802901		
2		0.8028		
2.01		0.8027		
2.02		0.802599		
2.03		0.802499		
2.04		0.8024		
2.05		0.8023		
2.06		0.802201		
2.07		0.802101		
2.08		0.802002		
2.09		0.801903		
2.1		0.801805		
2.11		0.801706		
2.12		0.801608		
2.13		0.801509		
2.14		0.801411		
2.15		0.801314		
2.16		0.801216		
2.17		0.801119		
2.18		0.801021		
2.19		0.800924		
2.2		0.800827		
2.21		0.80073		
2.22		0.800634		
2.23		0.800538		
2.24		0.800441		
2.25		0.800345		
2.26		0.800249		
2.27		0.800154		
2.28		0.800058		
2.29		0.799963		
2.3		0.799868		
2.31		0.799773		
2.32		0.799678		
2.33		0.799583		
2.34		0.799489		
2.35		0.799395		
2.36		0.799301		
2.37		0.799207		
2.38		0.799113		
2.39		0.799019		
2.4		0.798926		
2.41		0.798833		
2.42		0.79874		
2.43		0.798647		
2.44		0.798554		
2.45		0.798462		
2.46		0.79837		
2.47		0.798278		
2.48		0.798186		
2.49		0.798094		
2.5		0.798003		
2.51		0.797911		
2.52		0.79782		
2.53		0.797729		
2.54		0.797638		
2.55		0.797548		
2.56		0.797457		
2.57		0.797367		
2.58		0.797277		
2.59		0.797187		
2.6		0.797098		
2.61		0.797008		
2.62		0.796919		
2.63		0.79683		
2.64		0.796741		
2.65		0.796652		
2.66		0.796564		
2.67		0.796476		
2.68		0.796388		
2.69		0.7963		
2.7		0.796212		
2.71		0.796125		
2.72		0.796037		
2.73		0.79595		
2.74		0.795863		
2.75		0.795777		
2.76		0.79569		
2.77		0.795604		
2.78		0.795518		
2.79		0.795432		
2.8		0.795346		
2.81		0.795261		
2.82		0.795176		
2.83		0.795091		
2.84		0.795006		
2.85		0.794921		
2.86		0.794837		
2.87		0.794753		
2.88		0.794669		
2.89		0.794585		
2.9		0.794501		
2.91		0.794418		
2.92		0.794335		
2.93		0.794252		
2.94		0.794169		
2.95		0.794087		
2.96		0.794004		
2.97		0.793922		
2.98		0.79384		
2.99		0.793759		
3		0.793677		
3.01		0.793596		
3.02		0.793515		
3.03		0.793434		
3.04		0.793353		
3.05		0.793273		
3.06		0.793193		
3.07		0.793113		
3.08		0.793033		
3.09		0.792954		
3.1		0.792874		
3.11		0.792795		
3.12		0.792716		
3.13		0.792638		
3.14		0.792559		
3.15		0.792481		
3.16		0.792403		
3.17		0.792325		
3.18		0.792248		
3.19		0.792171		
3.2		0.792093		
3.21		0.792017		
3.22		0.79194		
3.23		0.791863		
3.24		0.791787		
3.25		0.791711		
3.26		0.791635		
3.27		0.79156		
3.28		0.791484		
3.29		0.791409		
3.3		0.791334		
3.31		0.79126		
3.32		0.791185		
3.33		0.791111		
3.34		0.791037		
3.35		0.790963		
3.36		0.79089		
3.37		0.790816		
3.38		0.790743		
3.39		0.79067		
3.4		0.790598		
3.41		0.790525		
3.42		0.790453		
3.43		0.790381		
3.44		0.790309		
3.45		0.790238		
3.46		0.790166		
3.47		0.790095		
3.48		0.790024		
3.49		0.789953		
3.5		0.789883		
3.51		0.789813		
3.52		0.789743		
3.53		0.789673		
3.54		0.789603		
3.55		0.789534		
3.56		0.789465		
3.57		0.789396		
3.58		0.789327		
3.59		0.789259		
3.6		0.78919		
3.61		0.789122		
3.62		0.789055		
3.63		0.788987		
3.64		0.78892		
3.65		0.788852		
3.66		0.788786		
3.67		0.788719		
3.68		0.788652		
3.69		0.788586		
3.7		0.78852		
3.71		0.788454		
3.72		0.788388		
3.73		0.788323		
3.74		0.788258		
3.75		0.788193		
3.76		0.788128		
3.77		0.788064		
3.78		0.787999		
3.79		0.787935		
3.8		0.787871		
3.81		0.787808		
3.82		0.787744		
3.83		0.787681		
3.84		0.787618		
3.85		0.787555		
3.86		0.787492		
3.87		0.78743		
3.88		0.787368		
3.89		0.787306		
3.9		0.787244		
3.91		0.787182		
3.92		0.787121		
3.93		0.78706		
3.94		0.786999		
3.95		0.786938		
3.96		0.786878		
3.97		0.786818		
3.98		0.786757		
3.99		0.786698		
4		0.786638		
4.01		0.786578		
4.02		0.786519		
4.03		0.78646		
4.04		0.786401		
4.05		0.786343		
4.06		0.786284		
4.07		0.786226		
4.08		0.786168		
4.09		0.78611		
4.1		0.786053		
4.11		0.785995		
4.12		0.785938		
4.13		0.785881		
4.14		0.785824		
4.15		0.785768		
4.16		0.785711		
4.17		0.785655		
4.18		0.785599		
4.19		0.785543		
4.2		0.785488		
4.21		0.785432		
4.22		0.785377		
4.23		0.785322		
4.24		0.785267		
4.25		0.785212		
4.26		0.785158		
4.27		0.785104		
4.28		0.78505		
4.29		0.784996		
4.3		0.784942		
4.31		0.784889		
4.32		0.784836		
4.33		0.784783		
4.34		0.78473		
4.35		0.784677		
4.36		0.784625		
4.37		0.784572		
4.38		0.78452		
4.39		0.784468		
4.4		0.784416		
4.41		0.784365		
4.42		0.784314		
4.43		0.784262		
4.44		0.784211		
4.45		0.784161		
4.46		0.78411		
4.47		0.78406		
4.48		0.784009		
4.49		0.783959		
4.5		0.783909		
4.51		0.78386		
4.52		0.78381		
4.53		0.783761		
4.54		0.783712		
4.55		0.783663		
4.56		0.783614		
4.57		0.783565		
4.58		0.783517		
4.59		0.783468		
4.6		0.78342		
4.61		0.783372		
4.62		0.783325		
4.63		0.783277		
4.64		0.78323		
4.65		0.783183		
4.66		0.783136		
4.67		0.783089		
4.68		0.783042		
4.69		0.782995		
4.7		0.782949		
4.71		0.782903		
4.72		0.782857		
4.73		0.782811		
4.74		0.782765		
4.75		0.78272		
4.76		0.782675		
4.77		0.782629		
4.78		0.782584		
4.79		0.782539		
4.8		0.782495		
4.81		0.78245		
4.82		0.782406		
4.83		0.782362		
4.84		0.782318		
4.85		0.782274		
4.86		0.78223		
4.87		0.782187		
4.88		0.782143		
4.89		0.7821		
4.9		0.782057		
4.91		0.782014		
4.92		0.781971		
4.93		0.781929		
4.94		0.781886		
4.95		0.781844		
4.96		0.781802		
4.97		0.78176		
4.98		0.781718		
4.99		0.781676		
5		0.781635		
5.01		0.781594		
5.02		0.781552		
5.03		0.781511		
5.04		0.78147		
5.05		0.78143		
5.06		0.781389		
5.07		0.781349		
5.08		0.781308		
5.09		0.781268		
5.1		0.781228		
5.11		0.781188		
5.12		0.781149		
5.13		0.781109		
5.14		0.78107		
5.15		0.78103		
5.16		0.780991		
5.17		0.780952		
5.18		0.780913		
5.19		0.780875		
5.2		0.780836		
5.21		0.780798		
5.22		0.780759		
5.23		0.780721		
5.24		0.780683		
5.25		0.780645		
5.26		0.780608		
5.27		0.78057		
5.28		0.780533		
5.29		0.780495		
5.3		0.780458		
5.31		0.780421		
5.32		0.780384		
5.33		0.780347		
5.34		0.780311		
5.35		0.780274		
5.36		0.780238		
5.37		0.780201		
5.38		0.780165		
5.39		0.780129		
5.4		0.780093		
5.41		0.780058		
5.42		0.780022		
5.43		0.779987		
5.44		0.779951		
5.45		0.779916		
5.46		0.779881		
5.47		0.779846		
5.48		0.779811		
5.49		0.779776		
5.5		0.779742		
5.51		0.779707		
5.52		0.779673		
5.53		0.779639		
5.54		0.779604		
5.55		0.77957		
5.56		0.779537		
5.57		0.779503		
5.58		0.779469		
5.59		0.779436		
5.6		0.779402		
5.61		0.779369		
5.62		0.779336		
5.63		0.779303		
5.64		0.77927		
5.65		0.779237		
5.66		0.779204		
5.67		0.779172		
5.68		0.779139		
5.69		0.779107		
5.7		0.779075		
5.71		0.779043		
5.72		0.779011		
5.73		0.778979		
5.74		0.778947		
5.75		0.778915		
5.76		0.778884		
5.77		0.778852		
5.78		0.778821		
5.79		0.778789		
5.8		0.778758		
5.81		0.778727		
5.82		0.778696		
5.83		0.778666		
5.84		0.778635		
5.85		0.778604		
5.86		0.778574		
5.87		0.778543		
5.88		0.778513		
5.89		0.778483		
5.9		0.778453		
5.91		0.778423		
5.92		0.778393		
5.93		0.778363		
5.94		0.778333		
5.95		0.778304		
5.96		0.778274		
5.97		0.778245		
5.98		0.778216		
5.99		0.778186		
6		0.778157		
6.01		0.778128		
6.02		0.778099		
6.03		0.778071		
6.04		0.778042		
6.05		0.778013		
6.06		0.777985		
6.07		0.777956		
6.08		0.777928		
6.09		0.7779		
6.1		0.777872		
6.11		0.777844		
6.12		0.777816		
6.13		0.777788		
6.14		0.77776		
6.15		0.777732		
6.16		0.777705		
6.17		0.777677		
6.18		0.77765		
6.19		0.777623		
6.2		0.777595		
6.21		0.777568		
6.22		0.777541		
6.23		0.777514		
6.24		0.777487		
6.25		0.77746		
6.26		0.777434		
6.27		0.777407		
6.28		0.777381		
6.29		0.777354		
6.3		0.777328		
6.31		0.777301		
6.32		0.777275		
6.33		0.777249		
6.34		0.777223		
6.35		0.777197		
6.36		0.777171		
6.37		0.777145		
6.38		0.77712		
6.39		0.777094		
6.4		0.777068		
6.41		0.777043		
6.42		0.777018		
6.43		0.776992		
6.44		0.776967		
6.45		0.776942		
6.46		0.776917		
6.47		0.776892		
6.48		0.776867		
6.49		0.776842		
6.5		0.776817		
6.51		0.776792		
6.52		0.776768		
6.53		0.776743		
6.54		0.776719		
6.55		0.776694		
6.56		0.77667		
6.57		0.776646		
6.58		0.776622		
6.59		0.776597		
6.6		0.776573		
6.61		0.776549		
6.62		0.776526		
6.63		0.776502		
6.64		0.776478		
6.65		0.776454		
6.66		0.776431		
6.67		0.776407		
6.68		0.776384		
6.69		0.77636		
6.7		0.776337		
6.71		0.776314		
6.72		0.77629		
6.73		0.776267		
6.74		0.776244		
6.75		0.776221		
6.76		0.776198		
6.77		0.776175		
6.78		0.776152		
6.79		0.77613		
6.8		0.776107		
6.81		0.776084		
6.82		0.776062		
6.83		0.776039		
6.84		0.776017		
6.85		0.775994		
6.86		0.775972		
6.87		0.77595		
6.88		0.775928		
6.89		0.775906		
6.9		0.775884		
6.91		0.775862		
6.92		0.77584		
6.93		0.775818		
6.94		0.775796		
6.95		0.775774		
6.96		0.775752		
6.97		0.775731		
6.98		0.775709		
6.99		0.775688		
7		0.775666		
7.01		0.775645		
7.02		0.775623		
7.03		0.775602		
7.04		0.775581		
7.05		0.77556		
7.06		0.775539		
7.07		0.775518		
7.08		0.775496		
7.09		0.775476		
7.1		0.775455		
7.11		0.775434		
7.12		0.775413		
7.13		0.775392		
7.14		0.775372		
7.15		0.775351		
7.16		0.77533		
7.17		0.77531		
7.18		0.775289		
7.19		0.775269		
7.2		0.775248		
7.21		0.775228		
7.22		0.775208		
7.23		0.775188		
7.24		0.775167		
7.25		0.775147		
7.26		0.775127		
7.27		0.775107		
7.28		0.775087		
7.29		0.775067		
7.3		0.775047		
7.31		0.775028		
7.32		0.775008		
7.33		0.774988		
7.34		0.774968		
7.35		0.774949		
7.36		0.774929		
7.37		0.77491		
7.38		0.77489		
7.39		0.774871		
7.4		0.774851		
7.41		0.774832		
7.42		0.774813		
7.43		0.774793		
7.44		0.774774		
7.45		0.774755		
7.46		0.774736		
7.47		0.774717		
7.48		0.774698		
7.49		0.774679		
7.5		0.77466		
7.51		0.774641		
7.52		0.774622		
7.53		0.774603		
7.54		0.774584		
7.55		0.774566		
7.56		0.774547		
7.57		0.774528		
7.58		0.77451		
7.59		0.774491		
7.6		0.774472		
7.61		0.774454		
7.62		0.774436		
7.63		0.774417		
7.64		0.774399		
7.65		0.77438		
7.66		0.774362		
7.67		0.774344		
7.68		0.774326		
7.69		0.774307		
7.7		0.774289		
7.71		0.774271		
7.72		0.774253		
7.73		0.774235		
7.74		0.774217		
7.75		0.774199		
7.76		0.774181		
7.77		0.774164		
7.78		0.774146		
7.79		0.774128		
7.8		0.77411		
7.81		0.774092		
7.82		0.774075		
7.83		0.774057		
7.84		0.774039		
7.85		0.774022		
7.86		0.774004		
7.87		0.773987		
7.88		0.773969		
7.89		0.773952		
7.9		0.773935		
7.91		0.773917		
7.92		0.7739		
7.93		0.773883		
7.94		0.773865		
7.95		0.773848		
7.96		0.773831		
7.97		0.773814		
7.98		0.773797		
7.99		0.77378		
8		0.773762		
8.01		0.773745		
8.02		0.773728		
8.03		0.773711		
8.04		0.773695		
8.05		0.773678		
8.06		0.773661		
8.07		0.773644		
8.08		0.773627		
8.09		0.77361		
8.1		0.773594		
8.11		0.773577		
8.12		0.77356		
8.13		0.773544		
8.14		0.773527		
8.15		0.77351		
8.16		0.773494		
8.17		0.773477		
8.18		0.773461		
8.19		0.773444		
8.2		0.773428		
8.21		0.773411		
8.22		0.773395		
8.23		0.773379		
8.24		0.773362		
8.25		0.773346		
8.26		0.77333		
8.27		0.773314		
8.28		0.773297		
8.29		0.773281		
8.3		0.773265		
8.31		0.773249		
8.32		0.773233		
8.33		0.773217		
8.34		0.773201		
8.35		0.773185		
8.36		0.773169		
8.37		0.773153		
8.38		0.773137		
8.39		0.773121		
8.4		0.773105		
8.41		0.773089		
8.42		0.773073		
8.43		0.773058		
8.44		0.773042		
8.45		0.773026		
8.46		0.77301		
8.47		0.772995		
8.48		0.772979		
8.49		0.772963		
8.5		0.772948		
8.51		0.772932		
8.52		0.772916		
8.53		0.772901		
8.54		0.772885		
8.55		0.77287		
8.56		0.772854		
8.57		0.772839		
8.58		0.772824		
8.59		0.772808		
8.6		0.772793		
8.61		0.772777		
8.62		0.772762		
8.63		0.772747		
8.64		0.772731		
8.65		0.772716		
8.66		0.772701		
8.67		0.772686		
8.68		0.77267		
8.69		0.772655		
8.7		0.77264		
8.71		0.772625		
8.72		0.77261		
8.73		0.772595		
8.74		0.77258		
8.75		0.772565		
8.76		0.77255		
8.77		0.772535		
8.78		0.77252		
8.79		0.772505		
8.8		0.77249		
8.81		0.772475		
8.82		0.77246		
8.83		0.772445		
8.84		0.77243		
8.85		0.772415		
8.86		0.772401		
8.87		0.772386		
8.88		0.772371		
8.89		0.772356		
8.9		0.772342		
8.91		0.772327		
8.92		0.772312		
8.93		0.772298		
8.94		0.772283		
8.95		0.772268		
8.96		0.772254		
8.97		0.772239		
8.98		0.772225		
8.99		0.77221		
9		0.772195		
9.01		0.772181		
9.02		0.772166		
9.03		0.772152		
9.04		0.772138		
9.05		0.772123		
9.06		0.772109		
9.07		0.772094		
9.08		0.77208		
9.09		0.772066		
9.1		0.772051		
9.11		0.772037		
9.12		0.772023		
9.13		0.772008		
9.14		0.771994		
9.15		0.77198		
9.16		0.771966		
9.17		0.771951		
9.18		0.771937		
9.19		0.771923		
9.2		0.771909		
9.21		0.771895		
9.22		0.77188		
9.23		0.771866		
9.24		0.771852		
9.25		0.771838		
9.26		0.771824		
9.27		0.77181		
9.28		0.771796		
9.29		0.771782		
9.3		0.771768		
9.31		0.771754		
9.32		0.77174		
9.33		0.771726		
9.34		0.771712		
9.35		0.771698		
9.36		0.771685		
9.37		0.771671		
9.38		0.771657		
9.39		0.771643		
9.4		0.771629		
9.41		0.771615		
9.42		0.771602		
9.43		0.771588		
9.44		0.771574		
9.45		0.77156		
9.46		0.771546		
9.47		0.771533		
9.48		0.771519		
9.49		0.771505		
9.5		0.771492		
9.51		0.771478		
9.52		0.771464		
9.53		0.771451		
9.54		0.771437		
9.55		0.771424		
9.56		0.77141		
9.57		0.771396		
9.58		0.771383		
9.59		0.771369		
9.6		0.771356		
9.61		0.771342		
9.62		0.771329		
9.63		0.771315		
9.64		0.771302		
9.65		0.771289		
9.66		0.771275		
9.67		0.771262		
9.68		0.771248		
9.69		0.771235		
9.7		0.771222		
9.71		0.771208		
9.72		0.771195		
9.73		0.771181		
9.74		0.771168		
9.75		0.771155		
9.76		0.771142		
9.77		0.771128		
9.78		0.771115		
9.79		0.771102		
9.8		0.771089		
9.81		0.771075		
9.82		0.771062		
9.83		0.771049		
9.84		0.771036		
9.85		0.771023		
9.86		0.771009		
9.87		0.770996		
9.88		0.770983		
9.89		0.77097		
9.9		0.770957		
9.91		0.770944		
9.92		0.770931		
9.93		0.770918		
9.94		0.770905		
9.95		0.770892		
9.96		0.770879		
9.97		0.770866		
9.98		0.770853		
9.99		0.77084		
10		0.770827		
10.01		0.770814		
10.02		0.770801		
10.03		0.770788		
10.04		0.770775		
10.05		0.770762		
10.06		0.770749		
10.07		0.770736		
10.08		0.770724		
10.09		0.770711		
10.1		0.770698		
10.11		0.770685		
10.12		0.770672		
10.13		0.770659		
10.14		0.770647		
10.15		0.770634		
10.16		0.770621		
10.17		0.770608		
10.18		0.770596		
10.19		0.770583		
10.2		0.77057		
10.21		0.770558		
10.22		0.770545		
10.23		0.770532		
10.24		0.77052		
10.25		0.770507		
10.26		0.770494		
10.27		0.770482		
10.28		0.770469		
10.29		0.770456		
10.3		0.770444		
10.31		0.770431		
10.32		0.770419		
10.33		0.770406		
10.34		0.770394		
10.35		0.770381		
10.36		0.770369		
10.37		0.770356		
10.38		0.770344		
10.39		0.770331		
10.4		0.770319		
10.41		0.770306		
10.42		0.770294		
10.43		0.770281		
10.44		0.770269		
10.45		0.770256		
10.46		0.770244		
10.47		0.770232		
10.48		0.770219		
10.49		0.770207		
10.5		0.770195		
10.51		0.770182		
10.52		0.77017		
10.53		0.770158		
10.54		0.770145		
10.55		0.770133		
10.56		0.770121		
10.57		0.770108		
10.58		0.770096		
10.59		0.770084		
10.6		0.770072		
10.61		0.770059		
10.62		0.770047		
10.63		0.770035		
10.64		0.770023		
10.65		0.770011		
10.66		0.769998		
10.67		0.769986		
10.68		0.769974		
10.69		0.769962		
10.7		0.76995		
10.71		0.769938		
10.72		0.769926		
10.73		0.769914		
10.74		0.769902		
10.75		0.769889		
10.76		0.769877		
10.77		0.769865		
10.78		0.769853		
10.79		0.769841		
10.8		0.769829		
10.81		0.769817		
10.82		0.769805		
10.83		0.769793		
10.84		0.769781		
10.85		0.769769		
10.86		0.769757		
10.87		0.769746		
10.88		0.769734		
10.89		0.769722		
10.9		0.76971		
10.91		0.769698		
10.92		0.769686		
10.93		0.769674		
10.94		0.769662		
10.95		0.76965		
10.96		0.769639		
10.97		0.769627		
10.98		0.769615		
10.99		0.769603		
11		0.769591		
11.01		0.76958		
11.02		0.769568		
11.03		0.769556		
11.04		0.769544		
11.05		0.769533		
11.06		0.769521		
11.07		0.769509		
11.08		0.769497		
11.09		0.769486		
11.1		0.769474		
11.11		0.769462		
11.12		0.769451		
11.13		0.769439		
11.14		0.769427		
11.15		0.769416		
11.16		0.769404		
11.17		0.769393		
11.18		0.769381		
11.19		0.769369		
11.2		0.769358		
11.21		0.769346		
11.22		0.769335		
11.23		0.769323		
11.24		0.769312		
11.25		0.7693		
11.26		0.769289		
11.27		0.769277		
11.28		0.769266		
11.29		0.769254		
11.3		0.769243		
11.31		0.769231		
11.32		0.76922		
11.33		0.769208		
11.34		0.769197		
11.35		0.769185		
11.36		0.769174		
11.37		0.769163		
11.38		0.769151		
11.39		0.76914		
11.4		0.769129		
11.41		0.769117		
11.42		0.769106		
11.43		0.769095		
11.44		0.769083		
11.45		0.769072		
11.46		0.769061		
11.47		0.769049		
11.48		0.769038		
11.49		0.769027		
11.5		0.769016		
11.51		0.769004		
11.52		0.768993		
11.53		0.768982		
11.54		0.768971		
11.55		0.768959		
11.56		0.768948		
11.57		0.768937		
11.58		0.768926		
11.59		0.768915		
11.6		0.768904		
11.61		0.768892		
11.62		0.768881		
11.63		0.76887		
11.64		0.768859		
11.65		0.768848		
11.66		0.768837		
11.67		0.768826		
11.68		0.768815		
11.69		0.768804		
11.7		0.768793		
11.71		0.768782		
11.72		0.768771		
11.73		0.76876		
11.74		0.768749		
11.75		0.768738		
11.76		0.768727		
11.77		0.768716		
11.78		0.768705		
11.79		0.768694		
11.8		0.768683		
11.81		0.768672		
11.82		0.768661		
11.83		0.76865		
11.84		0.768639		
11.85		0.768628		
11.86		0.768618		
11.87		0.768607		
11.88		0.768596		
11.89		0.768585		
11.9		0.768574		
11.91		0.768563		
11.92		0.768553		
11.93		0.768542		
11.94		0.768531		
11.95		0.76852		
11.96		0.76851		
11.97		0.768499		
11.98		0.768488		
11.99		0.768477		
12		0.768467		
12.01		0.768456		
12.02		0.768445		
12.03		0.768435		
12.04		0.768424		
12.05		0.768413		
12.06		0.768403		
12.07		0.768392		
12.08		0.768381		
12.09		0.768371		
12.1		0.76836		
12.11		0.76835		
12.12		0.768339		
12.13		0.768328		
12.14		0.768318		
12.15		0.768307		
12.16		0.768297		
12.17		0.768286		
12.18		0.768276		
12.19		0.768265		
12.2		0.768255		
12.21		0.768244		
12.22		0.768234		
12.23		0.768223		
12.24		0.768213		
12.25		0.768202		
12.26		0.768192		
12.27		0.768182		
12.28		0.768171		
12.29		0.768161		
12.3		0.76815		
12.31		0.76814		
12.32		0.76813		
12.33		0.768119		
12.34		0.768109		
12.35		0.768099		
12.36		0.768088		
12.37		0.768078		
12.38		0.768068		
12.39		0.768058		
12.4		0.768047		
12.41		0.768037		
12.42		0.768027		
12.43		0.768017		
12.44		0.768006		
12.45		0.767996		
12.46		0.767986		
12.47		0.767976		
12.48		0.767966		
12.49		0.767955		
12.5		0.767945		
12.51		0.767935		
12.52		0.767925		
12.53		0.767915		
12.54		0.767905		
12.55		0.767895		
12.56		0.767885		
12.57		0.767875		
12.58		0.767864		
12.59		0.767854		
12.6		0.767844		
12.61		0.767834		
12.62		0.767824		
12.63		0.767814		
12.64		0.767804		
12.65		0.767794		
12.66		0.767784		
12.67		0.767774		
12.68		0.767765		
12.69		0.767755		
12.7		0.767745		
12.71		0.767735		
12.72		0.767725		
12.73		0.767715		
12.74		0.767705		
12.75		0.767695		
12.76		0.767685		
12.77		0.767676		
12.78		0.767666		
12.79		0.767656		
12.8		0.767646		
12.81		0.767636		
12.82		0.767626		
12.83		0.767617		
12.84		0.767607		
12.85		0.767597		
12.86		0.767587		
12.87		0.767578		
12.88		0.767568		
12.89		0.767558		
12.9		0.767549		
12.91		0.767539		
12.92		0.767529		
12.93		0.76752		
12.94		0.76751		
12.95		0.7675		
12.96		0.767491		
12.97		0.767481		
12.98		0.767472		
12.99		0.767462		
13		0.767452		
13.01		0.767443		
13.02		0.767433		
13.03		0.767424		
13.04		0.767414		
13.05		0.767405		
13.06		0.767395		
13.07		0.767386		
13.08		0.767376		
13.09		0.767367		
13.1		0.767357		
13.11		0.767348		
13.12		0.767338		
13.13		0.767329		
13.14		0.76732		
13.15		0.76731		
13.16		0.767301		
13.17		0.767291		
13.18		0.767282		
13.19		0.767273		
13.2		0.767263		
13.21		0.767254		
13.22		0.767245		
13.23		0.767236		
13.24		0.767226		
13.25		0.767217		
13.26		0.767208		
13.27		0.767198		
13.28		0.767189		
13.29		0.76718		
13.3		0.767171		
13.31		0.767162		
13.32		0.767152		
13.33		0.767143		
13.34		0.767134		
13.35		0.767125		
13.36		0.767116		
13.37		0.767107		
13.38		0.767098		
13.39		0.767088		
13.4		0.767079		
13.41		0.76707		
13.42		0.767061		
13.43		0.767052		
13.44		0.767043		
13.45		0.767034		
13.46		0.767025		
13.47		0.767016		
13.48		0.767007		
13.49		0.766998		
13.5		0.766989		
13.51		0.76698		
13.52		0.766971		
13.53		0.766962		
13.54		0.766953		
13.55		0.766945		
13.56		0.766936		
13.57		0.766927		
13.58		0.766918		
13.59		0.766909		
13.6		0.7669		
13.61		0.766891		
13.62		0.766883		
13.63		0.766874		
13.64		0.766865		
13.65		0.766856		
13.66		0.766847		
13.67		0.766839		
13.68		0.76683		
13.69		0.766821		
13.7		0.766812		
13.71		0.766804		
13.72		0.766795		
13.73		0.766786		
13.74		0.766778		
13.75		0.766769		
13.76		0.76676		
13.77		0.766752		
13.78		0.766743		
13.79		0.766735		
13.8		0.766726		
13.81		0.766717		
13.82		0.766709		
13.83		0.7667		
13.84		0.766692		
13.85		0.766683		
13.86		0.766675		
13.87		0.766666		
13.88		0.766658		
13.89		0.766649		
13.9		0.766641		
13.91		0.766632		
13.92		0.766624		
13.93		0.766616		
13.94		0.766607		
13.95		0.766599		
13.96		0.76659		
13.97		0.766582		
13.98		0.766574		
13.99		0.766565		
14		0.766557		
14.01		0.766549		
14.02		0.76654		
14.03		0.766532		
14.04		0.766524		
14.05		0.766515		
14.06		0.766507		
14.07		0.766499		
14.08		0.766491		
14.09		0.766483		
14.1		0.766474		
14.11		0.766466		
14.12		0.766458		
14.13		0.76645		
14.14		0.766442		
14.15		0.766434		
14.16		0.766425		
14.17		0.766417		
14.18		0.766409		
14.19		0.766401		
14.2		0.766393		
14.21		0.766385		
14.22		0.766377		
14.23		0.766369		
14.24		0.766361		
14.25		0.766353		
14.26		0.766345		
14.27		0.766337		
14.28		0.766329		
14.29		0.766321		
14.3		0.766313		
14.31		0.766305		
14.32		0.766297		
14.33		0.766289		
14.34		0.766281		
14.35		0.766274		
14.36		0.766266		
14.37		0.766258		
14.38		0.76625		
14.39		0.766242		
14.4		0.766234		
14.41		0.766227		
14.42		0.766219		
14.43		0.766211		
14.44		0.766203		
14.45		0.766196		
14.46		0.766188		
14.47		0.76618		
14.48		0.766172		
14.49		0.766165		
14.5		0.766157		
14.51		0.766149		
14.52		0.766142		
14.53		0.766134		
14.54		0.766126		
14.55		0.766119		
14.56		0.766111		
14.57		0.766104		
14.58		0.766096		
14.59		0.766089		
14.6		0.766081		
14.61		0.766073		
14.62		0.766066		
14.63		0.766058		
14.64		0.766051		
14.65		0.766043		
14.66		0.766036		
14.67		0.766029		
14.68		0.766021		
14.69		0.766014		
14.7		0.766006		
14.71		0.765999		
14.72		0.765992		
14.73		0.765984		
14.74		0.765977		
14.75		0.765969		
14.76		0.765962		
14.77		0.765955		
14.78		0.765948		
14.79		0.76594		
14.8		0.765933		
14.81		0.765926		
14.82		0.765918		
14.83		0.765911		
14.84		0.765904		
14.85		0.765897		
14.86		0.76589		
14.87		0.765882		
14.88		0.765875		
14.89		0.765868		
14.9		0.765861		
14.91		0.765854		
14.92		0.765847		
14.93		0.76584		
14.94		0.765833		
14.95		0.765826		
14.96		0.765818		
14.97		0.765811		
14.98		0.765804		
14.99		0.765797		
15		0.76579		
15.01		0.765783		
15.02		0.765776		
15.03		0.765769		
15.04		0.765763		
15.05		0.765756		
15.06		0.765749		
15.07		0.765742		
15.08		0.765735		
15.09		0.765728		
15.1		0.765721		
15.11		0.765714		
15.12		0.765707		
15.13		0.765701		
15.14		0.765694		
15.15		0.765687		
15.16		0.76568		
15.17		0.765674		
15.18		0.765667		
15.19		0.76566		
15.2		0.765653		
15.21		0.765647		
15.22		0.76564		
15.23		0.765633		
15.24		0.765627		
15.25		0.76562		
15.26		0.765613		
15.27		0.765607		
15.28		0.7656		
15.29		0.765593		
15.3		0.765587		
15.31		0.76558		
15.32		0.765574		
15.33		0.765567		
15.34		0.765561		
15.35		0.765554		
15.36		0.765548		
15.37		0.765541		
15.38		0.765535		
15.39		0.765528		
15.4		0.765522		
15.41		0.765515		
15.42		0.765509		
15.43		0.765502		
15.44		0.765496		
15.45		0.76549		
15.46		0.765483		
15.47		0.765477		
15.48		0.765471		
15.49		0.765464		
15.5		0.765458		
15.51		0.765452		
15.52		0.765445		
15.53		0.765439		
15.54		0.765433		
15.55		0.765427		
15.56		0.76542		
15.57		0.765414		
15.58		0.765408		
15.59		0.765402		
15.6		0.765396		
15.61		0.765389		
15.62		0.765383		
15.63		0.765377		
15.64		0.765371		
15.65		0.765365		
15.66		0.765359		
15.67		0.765353		
15.68		0.765347		
15.69		0.765341		
15.7		0.765335		
15.71		0.765329		
15.72		0.765323		
15.73		0.765317		
15.74		0.765311		
15.75		0.765305		
15.76		0.765299		
15.77		0.765293		
15.78		0.765287		
15.79		0.765281		
15.8		0.765275		
15.81		0.765269		
15.82		0.765263		
15.83		0.765258		
15.84		0.765252		
15.85		0.765246		
15.86		0.76524		
15.87		0.765234		
15.88		0.765229		
15.89		0.765223		
15.9		0.765217		
15.91		0.765211		
15.92		0.765206		
15.93		0.7652		
15.94		0.765194		
15.95		0.765189		
15.96		0.765183		
15.97		0.765177		
15.98		0.765172		
15.99		0.765166		
16		0.76516		
16.01		0.765155		
16.02		0.765149		
16.03		0.765144		
16.04		0.765138		
16.05		0.765132		
16.06		0.765127		
16.07		0.765121		
16.08		0.765116		
16.09		0.76511		
16.1		0.765105		
16.11		0.7651		
16.12		0.765094		
16.13		0.765089		
16.14		0.765083		
16.15		0.765078		
16.16		0.765072		
16.17		0.765067		
16.18		0.765062		
16.19		0.765056		
16.2		0.765051		
16.21		0.765046		
16.22		0.76504		
16.23		0.765035		
16.24		0.76503		
16.25		0.765025		
16.26		0.765019		
16.27		0.765014		
16.28		0.765009		
16.29		0.765004		
16.3		0.764999		
16.31		0.764993		
16.32		0.764988		
16.33		0.764983		
16.34		0.764978		
16.35		0.764973		
16.36		0.764968		
16.37		0.764963		
16.38		0.764958		
16.39		0.764952		
16.4		0.764947		
16.41		0.764942		
16.42		0.764937		
16.43		0.764932		
16.44		0.764927		
16.45		0.764922		
16.46		0.764917		
16.47		0.764913		
16.48		0.764908		
16.49		0.764903		
16.5		0.764898		
16.51		0.764893		
16.52		0.764888		
16.53		0.764883		
16.54		0.764878		
16.55		0.764873		
16.56		0.764869		
16.57		0.764864		
16.58		0.764859		
16.59		0.764854		
16.6		0.764849		
16.61		0.764845		
16.62		0.76484		
16.63		0.764835		
16.64		0.764831		
16.65		0.764826		
16.66		0.764821		
16.67		0.764816		
16.68		0.764812		
16.69		0.764807		
16.7		0.764803		
16.71		0.764798		
16.72		0.764793		
16.73		0.764789		
16.74		0.764784		
16.75		0.76478		
16.76		0.764775		
16.77		0.764771		
16.78		0.764766		
16.79		0.764762		
16.8		0.764757		
16.81		0.764753		
16.82		0.764748		
16.83		0.764744		
16.84		0.764739		
16.85		0.764735		
16.86		0.76473		
16.87		0.764726		
16.88		0.764722		
16.89		0.764717		
16.9		0.764713		
16.91		0.764709		
16.92		0.764704		
16.93		0.7647		
16.94		0.764696		
16.95		0.764692		
16.96		0.764687		
16.97		0.764683		
16.98		0.764679		
16.99		0.764675		
17		0.76467		
17.01		0.764666		
17.02		0.764662		
17.03		0.764658		
17.04		0.764654		
17.05		0.76465		
17.06		0.764645		
17.07		0.764641		
17.08		0.764637		
17.09		0.764633		
17.1		0.764629		
17.11		0.764625		
17.12		0.764621		
17.13		0.764617		
17.14		0.764613		
17.15		0.764609		
17.16		0.764605		
17.17		0.764601		
17.18		0.764597		
17.19		0.764593		
17.2		0.764589		
17.21		0.764585		
17.22		0.764581		
17.23		0.764578		
17.24		0.764574		
17.25		0.76457		
17.26		0.764566		
17.27		0.764562		
17.28		0.764558		
17.29		0.764555		
17.3		0.764551		
17.31		0.764547		
17.32		0.764543		
17.33		0.764539		
17.34		0.764536		
17.35		0.764532		
17.36		0.764528		
17.37		0.764525		
17.38		0.764521		
17.39		0.764517		
17.4		0.764514		
17.41		0.76451		
17.42		0.764506		
17.43		0.764503		
17.44		0.764499		
17.45		0.764496		
17.46		0.764492		
17.47		0.764488		
17.48		0.764485		
17.49		0.764481		
17.5		0.764478		
17.51		0.764474		
17.52		0.764471		
17.53		0.764467		
17.54		0.764464		
17.55		0.764461		
17.56		0.764457		
17.57		0.764454		
17.58		0.76445		
17.59		0.764447		
17.6		0.764444		
17.61		0.76444		
17.62		0.764437		
17.63		0.764434		
17.64		0.76443		
17.65		0.764427		
17.66		0.764424		
17.67		0.76442		
17.68		0.764417		
17.69		0.764414		
17.7		0.764411		
17.71		0.764407		
17.72		0.764404		
17.73		0.764401		
17.74		0.764398		
17.75		0.764395		
17.76		0.764392		
17.77		0.764388		
17.78		0.764385		
17.79		0.764382		
17.8		0.764379		
17.81		0.764376		
17.82		0.764373		
17.83		0.76437		
17.84		0.764367		
17.85		0.764364		
17.86		0.764361		
17.87		0.764358		
17.88		0.764355		
17.89		0.764352		
17.9		0.764349		
17.91		0.764346		
17.92		0.764343		
17.93		0.76434		
17.94		0.764337		
17.95		0.764334		
17.96		0.764331		
17.97		0.764329		
17.98		0.764326		
17.99		0.764323		
18		0.76432		
18.01		0.764317		
18.02		0.764314		
18.03		0.764312		
18.04		0.764309		
18.05		0.764306		
18.06		0.764303		
18.07		0.764301		
18.08		0.764298		
18.09		0.764295		
18.1		0.764293		
18.11		0.76429		
18.12		0.764287		
18.13		0.764285		
18.14		0.764282		
18.15		0.764279		
18.16		0.764277		
18.17		0.764274		
18.18		0.764272		
18.19		0.764269		
18.2		0.764266		
18.21		0.764264		
18.22		0.764261		
18.23		0.764259		
18.24		0.764256		
18.25		0.764254		
18.26		0.764251		
18.27		0.764249		
18.28		0.764247		
18.29		0.764244		
18.3		0.764242		
18.31		0.764239		
18.32		0.764237		
18.33		0.764234		
18.34		0.764232		
18.35		0.76423		
18.36		0.764227		
18.37		0.764225		
18.38		0.764223		
18.39		0.764221		
18.4		0.764218		
18.41		0.764216		
18.42		0.764214		
18.43		0.764211		
18.44		0.764209		
18.45		0.764207		
18.46		0.764205		
18.47		0.764203		
18.48		0.7642		
18.49		0.764198		
18.5		0.764196		
18.51		0.764194		
18.52		0.764192		
18.53		0.76419		
18.54		0.764188		
18.55		0.764186		
18.56		0.764183		
18.57		0.764181		
18.58		0.764179		
18.59		0.764177		
18.6		0.764175		
18.61		0.764173		
18.62		0.764171		
18.63		0.764169		
18.64		0.764167		
18.65		0.764165		
18.66		0.764163		
18.67		0.764162		
18.68		0.76416		
18.69		0.764158		
18.7		0.764156		
18.71		0.764154		
18.72		0.764152		
18.73		0.76415		
18.74		0.764148		
18.75		0.764147		
18.76		0.764145		
18.77		0.764143		
18.78		0.764141		
18.79		0.764139		
18.8		0.764138		
18.81		0.764136		
18.82		0.764134		
18.83		0.764132		
18.84		0.764131		
18.85		0.764129		
18.86		0.764127		
18.87		0.764126		
18.88		0.764124		
18.89		0.764122		
18.9		0.764121		
18.91		0.764119		
18.92		0.764118		
18.93		0.764116		
18.94		0.764114		
18.95		0.764113		
18.96		0.764111		
18.97		0.76411		
18.98		0.764108		
18.99		0.764107		
19		0.764105		
19.01		0.764104		
19.02		0.764102		
19.03		0.764101		
19.04		0.764099		
19.05		0.764098		
19.06		0.764097		
19.07		0.764095		
19.08		0.764094		
19.09		0.764092		
19.1		0.764091		
19.11		0.76409		
19.12		0.764088		
19.13		0.764087		
19.14		0.764086		
19.15		0.764084		
19.16		0.764083		
19.17		0.764082		
19.18		0.76408		
19.19		0.764079		
19.2		0.764078		
19.21		0.764077		
19.22		0.764076		
19.23		0.764074		
19.24		0.764073		
19.25		0.764072		
19.26		0.764071		
19.27		0.76407		
19.28		0.764068		
19.29		0.764067		
19.3		0.764066		
19.31		0.764065		
19.32		0.764064		
19.33		0.764063		
19.34		0.764062		
19.35		0.764061		
19.36		0.76406		
19.37		0.764059		
19.38		0.764058		
19.39		0.764057		
19.4		0.764056		
19.41		0.764055		
19.42		0.764054		
19.43		0.764053		
19.44		0.764052		
19.45		0.764051		
19.46		0.76405		
19.47		0.764049		
19.48		0.764048		
19.49		0.764047		
19.5		0.764047		
19.51		0.764046		
19.52		0.764045		
19.53		0.764044		
19.54		0.764043		
19.55		0.764042		
19.56		0.764042		
19.57		0.764041		
19.58		0.76404		
19.59		0.764039		
19.6		0.764039		
19.61		0.764038		
19.62		0.764037		
19.63		0.764036		
19.64		0.764036		
19.65		0.764035		
19.66		0.764034		
19.67		0.764034		
19.68		0.764033		
19.69		0.764032		
19.7		0.764032		
19.71		0.764031		
19.72		0.764031		
19.73		0.76403		
19.74		0.764029		
19.75		0.764029		
19.76		0.764028		
19.77		0.764028		
19.78		0.764027		
19.79		0.764027		
19.8		0.764026		
19.81		0.764026		
19.82		0.764025		
19.83		0.764025		
19.84		0.764024		
19.85		0.764024		
19.86		0.764024		
19.87		0.764023		
19.88		0.764023		
19.89		0.764022		
19.9		0.764022		
19.91		0.764022		
19.92		0.764021		
19.93		0.764021		
19.94		0.764021		
19.95		0.76402		
19.96		0.76402		
19.97		0.76402		
19.98		0.764019		
19.99		0.764019		
20		0.764019		
20.01		0.764019		
20.02		0.764018		
20.03		0.764018		
20.04		0.764018		
20.05		0.764018		
20.06		0.764018		
20.07		0.764017		
20.08		0.764017		
20.09		0.764017		
20.1		0.764017		
20.11		0.764017		
20.12		0.764017		
20.13		0.764017		
20.14		0.764016		
20.15		0.764016		
20.16		0.764016		
20.17		0.764016		
20.18		0.764016		
20.19		0.764016		
20.2		0.764016		
20.21		0.764016		
20.22		0.764016		
20.23		0.764016		
20.24		0.764016		
20.25		0.764016		
20.26		0.764016		
20.27		0.764016		
20.28		0.764016		
20.29		0.764017		
20.3		0.764017		
20.31		0.764017		
20.32		0.764017		
20.33		0.764017		
20.34		0.764017		
20.35		0.764017		
20.36		0.764017		
20.37		0.764018		
20.38		0.764018		
20.39		0.764018		
20.4		0.764018		
20.41		0.764018		
20.42		0.764019		
20.43		0.764019		
20.44		0.764019		
20.45		0.764019		
20.46		0.76402		
20.47		0.76402		
20.48		0.76402		
20.49		0.764021		
20.5		0.764021		
20.51		0.764021		
20.52		0.764022		
20.53		0.764022		
20.54		0.764022		
20.55		0.764023		
20.56		0.764023		
20.57		0.764024		
20.58		0.764024		
20.59		0.764024		
20.6		0.764025		
20.61		0.764025		
20.62		0.764026		
20.63		0.764026		
20.64		0.764027		
20.65		0.764027		
20.66		0.764028		
20.67		0.764028		
20.68		0.764029		
20.69		0.764029		
20.7		0.76403		
20.71		0.76403		
20.72		0.764031		
20.73		0.764032		
20.74		0.764032		
20.75		0.764033		
20.76		0.764033		
20.77		0.764034		
20.78		0.764035		
20.79		0.764035		
20.8		0.764036		
20.81		0.764037		
20.82		0.764037		
20.83		0.764038		
20.84		0.764039		
20.85		0.76404		
20.86		0.76404		
20.87		0.764041		
20.88		0.764042		
20.89		0.764042		
20.9		0.764043		
20.91		0.764044		
20.92		0.764045		
20.93		0.764046		
20.94		0.764046		
20.95		0.764047		
20.96		0.764048		
20.97		0.764049		
20.98		0.76405		
20.99		0.764051		
21		0.764052		
21.01		0.764052		
21.02		0.764053		
21.03		0.764054		
21.04		0.764055		
21.05		0.764056		
21.06		0.764057		
21.07		0.764058		
21.08		0.764059		
21.09		0.76406		
21.1		0.764061		
21.11		0.764062		
21.12		0.764063		
21.13		0.764064		
21.14		0.764065		
21.15		0.764066		
21.16		0.764067		
21.17		0.764068		
21.18		0.764069		
21.19		0.76407		
21.2		0.764072		
21.21		0.764073		
21.22		0.764074		
21.23		0.764075		
21.24		0.764076		
21.25		0.764077		
21.26		0.764078		
21.27		0.76408		
21.28		0.764081		
21.29		0.764082		
21.3		0.764083		
21.31		0.764084		
21.32		0.764086		
21.33		0.764087		
21.34		0.764088		
21.35		0.764089		
21.36		0.764091		
21.37		0.764092		
21.38		0.764093		
21.39		0.764094		
21.4		0.764096		
21.41		0.764097		
21.42		0.764098		
21.43		0.7641		
21.44		0.764101		
21.45		0.764102		
21.46		0.764104		
21.47		0.764105		
21.48		0.764107		
21.49		0.764108		
21.5		0.764109		
21.51		0.764111		
21.52		0.764112		
21.53		0.764114		
21.54		0.764115		
21.55		0.764117		
21.56		0.764118		
21.57		0.76412		
21.58		0.764121		
21.59		0.764123		
21.6		0.764124		
21.61		0.764126		
21.62		0.764127		
21.63		0.764129		
21.64		0.76413		
21.65		0.764132		
21.66		0.764133		
21.67		0.764135		
21.68		0.764137		
21.69		0.764138		
21.7		0.76414		
21.71		0.764141		
21.72		0.764143		
21.73		0.764145		
21.74		0.764146		
21.75		0.764148		
21.76		0.76415		
21.77		0.764151		
21.78		0.764153		
21.79		0.764155		
21.8		0.764157		
21.81		0.764158		
21.82		0.76416		
21.83		0.764162		
21.84		0.764164		
21.85		0.764165		
21.86		0.764167		
21.87		0.764169		
21.88		0.764171		
21.89		0.764172		
21.9		0.764174		
21.91		0.764176		
21.92		0.764178		
21.93		0.76418		
21.94		0.764182		
21.95		0.764183		
21.96		0.764185		
21.97		0.764187		
21.98		0.764189		
21.99		0.764191		
22		0.764193		
22.01		0.764195		
22.02		0.764197		
22.03		0.764199		
22.04		0.764201		
22.05		0.764203		
22.06		0.764205		
22.07		0.764207		
22.08		0.764209		
22.09		0.764211		
22.1		0.764213		
22.11		0.764215		
22.12		0.764217		
22.13		0.764219		
22.14		0.764221		
22.15		0.764223		
22.16		0.764225		
22.17		0.764227		
22.18		0.764229		
22.19		0.764231		
22.2		0.764233		
22.21		0.764235		
22.22		0.764238		
22.23		0.76424		
22.24		0.764242		
22.25		0.764244		
22.26		0.764246		
22.27		0.764248		
22.28		0.76425		
22.29		0.764253		
22.3		0.764255		
22.31		0.764257		
22.32		0.764259		
22.33		0.764262		
22.34		0.764264		
22.35		0.764266		
22.36		0.764268		
22.37		0.764271		
22.38		0.764273		
22.39		0.764275		
22.4		0.764277		
22.41		0.76428		
22.42		0.764282		
22.43		0.764284		
22.44		0.764287		
22.45		0.764289		
22.46		0.764291		
22.47		0.764294		
22.48		0.764296		
22.49		0.764298		
22.5		0.764301		
22.51		0.764303		
22.52		0.764306		
22.53		0.764308		
22.54		0.764311		
22.55		0.764313		
22.56		0.764315		
22.57		0.764318		
22.58		0.76432		
22.59		0.764323		
22.6		0.764325		
22.61		0.764328		
22.62		0.76433		
22.63		0.764333		
22.64		0.764335		
22.65		0.764338		
22.66		0.76434		
22.67		0.764343		
22.68		0.764345		
22.69		0.764348		
22.7		0.764351		
22.71		0.764353		
22.72		0.764356		
22.73		0.764358		
22.74		0.764361		
22.75		0.764363		
22.76		0.764366		
22.77		0.764369		
22.78		0.764371		
22.79		0.764374		
22.8		0.764377		
22.81		0.764379		
22.82		0.764382		
22.83		0.764385		
22.84		0.764387		
22.85		0.76439		
22.86		0.764393		
22.87		0.764396		
22.88		0.764398		
22.89		0.764401		
22.9		0.764404		
22.91		0.764407		
22.92		0.764409		
22.93		0.764412		
22.94		0.764415		
22.95		0.764418		
22.96		0.76442		
22.97		0.764423		
22.98		0.764426		
22.99		0.764429		
23		0.764432		
23.01		0.764435		
23.02		0.764437		
23.03		0.76444		
23.04		0.764443		
23.05		0.764446		
23.06		0.764449		
23.07		0.764452		
23.08		0.764455		
23.09		0.764458		
23.1		0.76446		
23.11		0.764463		
23.12		0.764466		
23.13		0.764469		
23.14		0.764472		
23.15		0.764475		
23.16		0.764478		
23.17		0.764481		
23.18		0.764484		
23.19		0.764487		
23.2		0.76449		
23.21		0.764493		
23.22		0.764496		
23.23		0.764499		
23.24		0.764502		
23.25		0.764505		
23.26		0.764508		
23.27		0.764511		
23.28		0.764514		
23.29		0.764517		
23.3		0.764521		
23.31		0.764524		
23.32		0.764527		
23.33		0.76453		
23.34		0.764533		
23.35		0.764536		
23.36		0.764539		
23.37		0.764542		
23.38		0.764546		
23.39		0.764549		
23.4		0.764552		
23.41		0.764555		
23.42		0.764558		
23.43		0.764561		
23.44		0.764565		
23.45		0.764568		
23.46		0.764571		
23.47		0.764574		
23.48		0.764577		
23.49		0.764581		
23.5		0.764584		
23.51		0.764587		
23.52		0.764591		
23.53		0.764594		
23.54		0.764597		
23.55		0.7646		
23.56		0.764604		
23.57		0.764607		
23.58		0.76461		
23.59		0.764614		
23.6		0.764617		
23.61		0.76462		
23.62		0.764624		
23.63		0.764627		
23.64		0.76463		
23.65		0.764634		
23.66		0.764637		
23.67		0.76464		
23.68		0.764644		
23.69		0.764647		
23.7		0.764651		
23.71		0.764654		
23.72		0.764657		
23.73		0.764661		
23.74		0.764664		
23.75		0.764668		
23.76		0.764671		
23.77		0.764675		
23.78		0.764678		
23.79		0.764682		
23.8		0.764685		
23.81		0.764689		
23.82		0.764692		
23.83		0.764696		
23.84		0.764699		
23.85		0.764703		
23.86		0.764706		
23.87		0.76471		
23.88		0.764713		
23.89		0.764717		
23.9		0.76472		
23.91		0.764724		
23.92		0.764727		
23.93		0.764731		
23.94		0.764735		
23.95		0.764738		
23.96		0.764742		
23.97		0.764745		
23.98		0.764749		
23.99		0.764753		
24		0.764756		
24.01		0.76476		
24.02		0.764764		
24.03		0.764767		
24.04		0.764771		
24.05		0.764775		
24.06		0.764778		
24.07		0.764782		
24.08		0.764786		
24.09		0.764789		
24.1		0.764793		
24.11		0.764797		
24.12		0.764801		
24.13		0.764804		
24.14		0.764808		
24.15		0.764812		
24.16		0.764816		
24.17		0.764819		
24.18		0.764823		
24.19		0.764827		
24.2		0.764831		
24.21		0.764834		
24.22		0.764838		
24.23		0.764842		
24.24		0.764846		
24.25		0.76485		
24.26		0.764853		
24.27		0.764857		
24.28		0.764861		
24.29		0.764865		
24.3		0.764869		
24.31		0.764873		
24.32		0.764877		
24.33		0.76488		
24.34		0.764884		
24.35		0.764888		
24.36		0.764892		
24.37		0.764896		
24.38		0.7649		
24.39		0.764904		
24.4		0.764908		
24.41		0.764912		
24.42		0.764916		
24.43		0.76492		
24.44		0.764924		
24.45		0.764927		
24.46		0.764931		
24.47		0.764935		
24.48		0.764939		
24.49		0.764943		
24.5		0.764947		
24.51		0.764951		
24.52		0.764955		
24.53		0.764959		
24.54		0.764963		
24.55		0.764967		
24.56		0.764972		
24.57		0.764976		
24.58		0.76498		
24.59		0.764984		
24.6		0.764988		
24.61		0.764992		
24.62		0.764996		
24.63		0.765		
24.64		0.765004		
24.65		0.765008		
24.66		0.765012		
24.67		0.765016		
24.68		0.76502		
24.69		0.765025		
24.7		0.765029		
24.71		0.765033		
24.72		0.765037		
24.73		0.765041		
24.74		0.765045		
24.75		0.76505		
24.76		0.765054		
24.77		0.765058		
24.78		0.765062		
24.79		0.765066		
24.8		0.76507		
24.81		0.765075		
24.82		0.765079		
24.83		0.765083		
24.84		0.765087		
24.85		0.765092		
24.86		0.765096		
24.87		0.7651		
24.88		0.765104		
24.89		0.765109		
24.9		0.765113		
24.91		0.765117		
24.92		0.765121		
24.93		0.765126		
24.94		0.76513		
24.95		0.765134		
24.96		0.765138		
24.97		0.765143		
24.98		0.765147		
24.99		0.765151		
25		0.765156		
25.01		0.76516		
25.02		0.765164		
25.03		0.765169		
25.04		0.765173		
25.05		0.765178		
25.06		0.765182		
25.07		0.765186		
25.08		0.765191		
25.09		0.765195		
25.1		0.765199		
25.11		0.765204		
25.12		0.765208		
25.13		0.765213		
25.14		0.765217		
25.15		0.765221		
25.16		0.765226		
25.17		0.76523		
25.18		0.765235		
25.19		0.765239		
25.2		0.765244		
25.21		0.765248		
25.22		0.765253		
25.23		0.765257		
25.24		0.765262		
25.25		0.765266		
25.26		0.765271		
25.27		0.765275		
25.28		0.76528		
25.29		0.765284		
25.3		0.765289		
25.31		0.765293		
25.32		0.765298		
25.33		0.765302		
25.34		0.765307		
25.35		0.765311		
25.36		0.765316		
25.37		0.76532		
25.38		0.765325		
25.39		0.765329		
25.4		0.765334		
25.41		0.765339		
25.42		0.765343		
25.43		0.765348		
25.44		0.765352		
25.45		0.765357		
25.46		0.765362		
25.47		0.765366		
25.48		0.765371		
25.49		0.765376		
25.5		0.76538		
25.51		0.765385		
25.52		0.765389		
25.53		0.765394		
25.54		0.765399		
25.55		0.765403		
25.56		0.765408		
25.57		0.765413		
25.58		0.765417		
25.59		0.765422		
25.6		0.765427		
25.61		0.765432		
25.62		0.765436		
25.63		0.765441		
25.64		0.765446		
25.65		0.76545		
25.66		0.765455		
25.67		0.76546		
25.68		0.765465		
25.69		0.765469		
25.7		0.765474		
25.71		0.765479		
25.72		0.765484		
25.73		0.765488		
25.74		0.765493		
25.75		0.765498		
25.76		0.765503		
25.77		0.765508		
25.78		0.765512		
25.79		0.765517		
25.8		0.765522		
25.81		0.765527		
25.82		0.765532		
25.83		0.765536		
25.84		0.765541		
25.85		0.765546		
25.86		0.765551		
25.87		0.765556		
25.88		0.765561		
25.89		0.765566		
25.9		0.76557		
25.91		0.765575		
25.92		0.76558		
25.93		0.765585		
25.94		0.76559		
25.95		0.765595		
25.96		0.7656		
25.97		0.765605		
25.98		0.76561		
25.99		0.765614		
26		0.765619		
26.01		0.765624		
26.02		0.765629		
26.03		0.765634		
26.04		0.765639		
26.05		0.765644		
26.06		0.765649		
26.07		0.765654		
26.08		0.765659		
26.09		0.765664		
26.1		0.765669		
26.11		0.765674		
26.12		0.765679		
26.13		0.765684		
26.14		0.765689		
26.15		0.765694		
26.16		0.765699		
26.17		0.765704		
26.18		0.765709		
26.19		0.765714		
26.2		0.765719		
26.21		0.765724		
26.22		0.765729		
26.23		0.765734		
26.24		0.765739		
26.25		0.765744		
26.26		0.765749		
26.27		0.765754		
26.28		0.765759		
26.29		0.765764		
26.3		0.765769		
26.31		0.765775		
26.32		0.76578		
26.33		0.765785		
26.34		0.76579		
26.35		0.765795		
26.36		0.7658		
26.37		0.765805		
26.38		0.76581		
26.39		0.765815		
26.4		0.765821		
26.41		0.765826		
26.42		0.765831		
26.43		0.765836		
26.44		0.765841		
26.45		0.765846		
26.46		0.765851		
26.47		0.765857		
26.48		0.765862		
26.49		0.765867		
26.5		0.765872		
26.51		0.765877		
26.52		0.765883		
26.53		0.765888		
26.54		0.765893		
26.55		0.765898		
26.56		0.765903		
26.57		0.765909		
26.58		0.765914		
26.59		0.765919		
26.6		0.765924		
26.61		0.765929		
26.62		0.765935		
26.63		0.76594		
26.64		0.765945		
26.65		0.76595		
26.66		0.765956		
26.67		0.765961		
26.68		0.765966		
26.69		0.765972		
26.7		0.765977		
26.71		0.765982		
26.72		0.765987		
26.73		0.765993		
26.74		0.765998		
26.75		0.766003		
26.76		0.766009		
26.77		0.766014		
26.78		0.766019		
26.79		0.766025		
26.8		0.76603		
26.81		0.766035		
26.82		0.766041		
26.83		0.766046		
26.84		0.766051		
26.85		0.766057		
26.86		0.766062		
26.87		0.766067		
26.88		0.766073		
26.89		0.766078		
26.9		0.766083		
26.91		0.766089		
26.92		0.766094		
26.93		0.7661		
26.94		0.766105		
26.95		0.76611		
26.96		0.766116		
26.97		0.766121		
26.98		0.766127		
26.99		0.766132		
27		0.766137		
27.01		0.766143		
27.02		0.766148		
27.03		0.766154		
27.04		0.766159		
27.05		0.766165		
27.06		0.76617		
27.07		0.766175		
27.08		0.766181		
27.09		0.766186		
27.1		0.766192		
27.11		0.766197		
27.12		0.766203		
27.13		0.766208		
27.14		0.766214		
27.15		0.766219		
27.16		0.766225		
27.17		0.76623		
27.18		0.766236		
27.19		0.766241		
27.2		0.766247		
27.21		0.766252		
27.22		0.766258		
27.23		0.766263		
27.24		0.766269		
27.25		0.766274		
27.26		0.76628		
27.27		0.766285		
27.28		0.766291		
27.29		0.766297		
27.3		0.766302		
27.31		0.766308		
27.32		0.766313		
27.33		0.766319		
27.34		0.766324		
27.35		0.76633		
27.36		0.766335		
27.37		0.766341		
27.38		0.766347		
27.39		0.766352		
27.4		0.766358		
27.41		0.766363		
27.42		0.766369		
27.43		0.766375		
27.44		0.76638		
27.45		0.766386		
27.46		0.766391		
27.47		0.766397		
27.48		0.766403		
27.49		0.766408		
27.5		0.766414		
27.51		0.76642		
27.52		0.766425		
27.53		0.766431		
27.54		0.766437		
27.55		0.766442		
27.56		0.766448		
27.57		0.766454		
27.58		0.766459		
27.59		0.766465		
27.6		0.766471		
27.61		0.766476		
27.62		0.766482		
27.63		0.766488		
27.64		0.766493		
27.65		0.766499		
27.66		0.766505		
27.67		0.76651		
27.68		0.766516		
27.69		0.766522		
27.7		0.766528		
27.71		0.766533		
27.72		0.766539		
27.73		0.766545		
27.74		0.766551		
27.75		0.766556		
27.76		0.766562		
27.77		0.766568		
27.78		0.766573		
27.79		0.766579		
27.8		0.766585		
27.81		0.766591		
27.82		0.766597		
27.83		0.766602		
27.84		0.766608		
27.85		0.766614		
27.86		0.76662		
27.87		0.766625		
27.88		0.766631		
27.89		0.766637		
27.9		0.766643		
27.91		0.766649		
27.92		0.766654		
27.93		0.76666		
27.94		0.766666		
27.95		0.766672		
27.96		0.766678		
27.97		0.766683		
27.98		0.766689		
27.99		0.766695		
28		0.766701		
28.01		0.766707		
28.02		0.766713		
28.03		0.766718		
28.04		0.766724		
28.05		0.76673		
28.06		0.766736		
28.07		0.766742		
28.08		0.766748		
28.09		0.766754		
28.1		0.766759		
28.11		0.766765		
28.12		0.766771		
28.13		0.766777		
28.14		0.766783		
28.15		0.766789		
28.16		0.766795		
28.17		0.766801		
28.18		0.766807		
28.19		0.766812		
28.2		0.766818		
28.21		0.766824		
28.22		0.76683		
28.23		0.766836		
28.24		0.766842		
28.25		0.766848		
28.26		0.766854		
28.27		0.76686		
28.28		0.766866		
28.29		0.766872		
28.3		0.766878		
28.31		0.766884		
28.32		0.766889		
28.33		0.766895		
28.34		0.766901		
28.35		0.766907		
28.36		0.766913		
28.37		0.766919		
28.38		0.766925		
28.39		0.766931		
28.4		0.766937		
28.41		0.766943		
28.42		0.766949		
28.43		0.766955		
28.44		0.766961		
28.45		0.766967		
28.46		0.766973		
28.47		0.766979		
28.48		0.766985		
28.49		0.766991		
28.5		0.766997		
28.51		0.767003		
28.52		0.767009		
28.53		0.767015		
28.54		0.767021		
28.55		0.767027		
28.56		0.767033		
28.57		0.767039		
28.58		0.767045		
28.59		0.767051		
28.6		0.767057		
28.61		0.767063		
28.62		0.76707		
28.63		0.767076		
28.64		0.767082		
28.65		0.767088		
28.66		0.767094		
28.67		0.7671		
28.68		0.767106		
28.69		0.767112		
28.7		0.767118		
28.71		0.767124		
28.72		0.76713		
28.73		0.767136		
28.74		0.767142		
28.75		0.767148		
28.76		0.767155		
28.77		0.767161		
28.78		0.767167		
28.79		0.767173		
28.8		0.767179		
28.81		0.767185		
28.82		0.767191		
28.83		0.767197		
28.84		0.767203		
28.85		0.76721		
28.86		0.767216		
28.87		0.767222		
28.88		0.767228		
28.89		0.767234		
28.9		0.76724		
28.91		0.767246		
28.92		0.767252		
28.93		0.767259		
28.94		0.767265		
28.95		0.767271		
28.96		0.767277		
28.97		0.767283		
28.98		0.767289		
28.99		0.767296		
29		0.767302		
29.01		0.767308		
29.02		0.767314		
29.03		0.76732		
29.04		0.767326		
29.05		0.767333		
29.06		0.767339		
29.07		0.767345		
29.08		0.767351		
29.09		0.767357		
29.1		0.767364		
29.11		0.76737		
29.12		0.767376		
29.13		0.767382		
29.14		0.767388		
29.15		0.767395		
29.16		0.767401		
29.17		0.767407		
29.18		0.767413		
29.19		0.767419		
29.2		0.767426		
29.21		0.767432		
29.22		0.767438		
29.23		0.767444		
29.24		0.767451		
29.25		0.767457		
29.26		0.767463		
29.27		0.767469		
29.28		0.767476		
29.29		0.767482		
29.3		0.767488		
29.31		0.767494		
29.32		0.767501		
29.33		0.767507		
29.34		0.767513		
29.35		0.767519		
29.36		0.767526		
29.37		0.767532		
29.38		0.767538		
29.39		0.767544		
29.4		0.767551		
29.41		0.767557		
29.42		0.767563		
29.43		0.76757		
29.44		0.767576		
29.45		0.767582		
29.46		0.767588		
29.47		0.767595		
29.48		0.767601		
29.49		0.767607		
29.5		0.767614		
29.51		0.76762		
29.52		0.767626		
29.53		0.767633		
29.54		0.767639		
29.55		0.767645		
29.56		0.767652		
29.57		0.767658		
29.58		0.767664		
29.59		0.767671		
29.6		0.767677		
29.61		0.767683		
29.62		0.76769		
29.63		0.767696		
29.64		0.767702		
29.65		0.767709		
29.66		0.767715		
29.67		0.767721		
29.68		0.767728		
29.69		0.767734		
29.7		0.76774		
29.71		0.767747		
29.72		0.767753		
29.73		0.767759		
29.74		0.767766		
29.75		0.767772		
29.76		0.767779		
29.77		0.767785		
29.78		0.767791		
29.79		0.767798		
29.8		0.767804		
29.81		0.767811		
29.82		0.767817		
29.83		0.767823		
29.84		0.76783		
29.85		0.767836		
29.86		0.767842		
29.87		0.767849		
29.88		0.767855		
29.89		0.767862		
29.9		0.767868		
29.91		0.767875		
29.92		0.767881		
29.93		0.767887		
29.94		0.767894		
29.95		0.7679		
29.96		0.767907		
29.97		0.767913		
29.98		0.767919		
29.99		0.767926		
30		0.767932		
