t [fm]		tau_pi
0.25		0.840321
0.26		0.83976		
0.27		0.839172		
0.28		0.838602		
0.29		0.838048		
0.3		0.837508		
0.31		0.836981		
0.32		0.836464		
0.33		0.835958		
0.34		0.83546		
0.35		0.834971		
0.36		0.834491		
0.37		0.834017		
0.38		0.833552		
0.39		0.833093		
0.4		0.832642		
0.41		0.832197		
0.42		0.831759		
0.43		0.831328		
0.44		0.830903		
0.45		0.830485		
0.46		0.830073		
0.47		0.829667		
0.48		0.829268		
0.49		0.828875		
0.5		0.828488		
0.51		0.828108		
0.52		0.827733		
0.53		0.827365		
0.54		0.827002		
0.55		0.826646		
0.56		0.826295		
0.57		0.82595		
0.58		0.825611		
0.59		0.825277		
0.6		0.824949		
0.61		0.824626		
0.62		0.824309		
0.63		0.823997		
0.64		0.82369		
0.65		0.823389		
0.66		0.823092		
0.67		0.822801		
0.68		0.822514		
0.69		0.822232		
0.7		0.821954		
0.71		0.821682		
0.72		0.821413		
0.73		0.82115		
0.74		0.82089		
0.75		0.820635		
0.76		0.820384		
0.77		0.820136		
0.78		0.819893		
0.79		0.819654		
0.8		0.819418		
0.81		0.819187		
0.82		0.818958		
0.83		0.818734		
0.84		0.818512		
0.85		0.818295		
0.86		0.81808		
0.87		0.817869		
0.88		0.81766		
0.89		0.817455		
0.9		0.817253		
0.91		0.817053		
0.92		0.816857		
0.93		0.816663		
0.94		0.816472		
0.95		0.816283		
0.96		0.816097		
0.97		0.815914		
0.98		0.815733		
0.99		0.815554		
1		0.815377		
1.01		0.815203		
1.02		0.815031		
1.03		0.814861		
1.04		0.814693		
1.05		0.814527		
1.06		0.814363		
1.07		0.814201		
1.08		0.814041		
1.09		0.813882		
1.1		0.813725		
1.11		0.81357		
1.12		0.813417		
1.13		0.813265		
1.14		0.813115		
1.15		0.812966		
1.16		0.812818		
1.17		0.812672		
1.18		0.812528		
1.19		0.812385		
1.2		0.812243		
1.21		0.812102		
1.22		0.811962		
1.23		0.811824		
1.24		0.811687		
1.25		0.811551		
1.26		0.811416		
1.27		0.811282		
1.28		0.81115		
1.29		0.811018		
1.3		0.810887		
1.31		0.810757		
1.32		0.810628		
1.33		0.8105		
1.34		0.810373		
1.35		0.810247		
1.36		0.810121		
1.37		0.809996		
1.38		0.809872		
1.39		0.809749		
1.4		0.809627		
1.41		0.809505		
1.42		0.809384		
1.43		0.809263		
1.44		0.809143		
1.45		0.809024		
1.46		0.808906		
1.47		0.808788		
1.48		0.80867		
1.49		0.808554		
1.5		0.808437		
1.51		0.808322		
1.52		0.808206		
1.53		0.808092		
1.54		0.807978		
1.55		0.807864		
1.56		0.807751		
1.57		0.807638		
1.58		0.807525		
1.59		0.807413		
1.6		0.807302		
1.61		0.807191		
1.62		0.80708		
1.63		0.80697		
1.64		0.80686		
1.65		0.80675		
1.66		0.806641		
1.67		0.806532		
1.68		0.806424		
1.69		0.806315		
1.7		0.806207		
1.71		0.8061		
1.72		0.805993		
1.73		0.805886		
1.74		0.805779		
1.75		0.805673		
1.76		0.805567		
1.77		0.805461		
1.78		0.805355		
1.79		0.80525		
1.8		0.805145		
1.81		0.80504		
1.82		0.804936		
1.83		0.804832		
1.84		0.804728		
1.85		0.804624		
1.86		0.804521		
1.87		0.804417		
1.88		0.804314		
1.89		0.804212		
1.9		0.804109		
1.91		0.804007		
1.92		0.803905		
1.93		0.803803		
1.94		0.803701		
1.95		0.803599		
1.96		0.803498		
1.97		0.803397		
1.98		0.803296		
1.99		0.803195		
2		0.803095		
2.01		0.802995		
2.02		0.802895		
2.03		0.802795		
2.04		0.802695		
2.05		0.802595		
2.06		0.802496		
2.07		0.802397		
2.08		0.802298		
2.09		0.802199		
2.1		0.802101		
2.11		0.802002		
2.12		0.801904		
2.13		0.801806		
2.14		0.801708		
2.15		0.80161		
2.16		0.801513		
2.17		0.801416		
2.18		0.801318		
2.19		0.801221		
2.2		0.801125		
2.21		0.801028		
2.22		0.800932		
2.23		0.800835		
2.24		0.800739		
2.25		0.800643		
2.26		0.800547		
2.27		0.800452		
2.28		0.800357		
2.29		0.800261		
2.3		0.800166		
2.31		0.800071		
2.32		0.799977		
2.33		0.799882		
2.34		0.799788		
2.35		0.799694		
2.36		0.7996		
2.37		0.799506		
2.38		0.799412		
2.39		0.799319		
2.4		0.799226		
2.41		0.799133		
2.42		0.79904		
2.43		0.798947		
2.44		0.798854		
2.45		0.798762		
2.46		0.79867		
2.47		0.798578		
2.48		0.798486		
2.49		0.798394		
2.5		0.798303		
2.51		0.798212		
2.52		0.798121		
2.53		0.79803		
2.54		0.797939		
2.55		0.797849		
2.56		0.797758		
2.57		0.797668		
2.58		0.797578		
2.59		0.797488		
2.6		0.797399		
2.61		0.797309		
2.62		0.79722		
2.63		0.797131		
2.64		0.797042		
2.65		0.796954		
2.66		0.796865		
2.67		0.796777		
2.68		0.796689		
2.69		0.796601		
2.7		0.796513		
2.71		0.796426		
2.72		0.796339		
2.73		0.796252		
2.74		0.796165		
2.75		0.796078		
2.76		0.795992		
2.77		0.795905		
2.78		0.795819		
2.79		0.795733		
2.8		0.795648		
2.81		0.795562		
2.82		0.795477		
2.83		0.795392		
2.84		0.795307		
2.85		0.795222		
2.86		0.795138		
2.87		0.795054		
2.88		0.79497		
2.89		0.794886		
2.9		0.794802		
2.91		0.794719		
2.92		0.794635		
2.93		0.794552		
2.94		0.79447		
2.95		0.794387		
2.96		0.794305		
2.97		0.794222		
2.98		0.794141		
2.99		0.794059		
3		0.793977		
3.01		0.793896		
3.02		0.793815		
3.03		0.793734		
3.04		0.793653		
3.05		0.793573		
3.06		0.793492		
3.07		0.793412		
3.08		0.793332		
3.09		0.793253		
3.1		0.793173		
3.11		0.793094		
3.12		0.793015		
3.13		0.792936		
3.14		0.792858		
3.15		0.79278		
3.16		0.792701		
3.17		0.792623		
3.18		0.792546		
3.19		0.792468		
3.2		0.792391		
3.21		0.792314		
3.22		0.792237		
3.23		0.792161		
3.24		0.792084		
3.25		0.792008		
3.26		0.791932		
3.27		0.791856		
3.28		0.791781		
3.29		0.791705		
3.3		0.79163		
3.31		0.791556		
3.32		0.791481		
3.33		0.791406		
3.34		0.791332		
3.35		0.791258		
3.36		0.791185		
3.37		0.791111		
3.38		0.791038		
3.39		0.790965		
3.4		0.790892		
3.41		0.790819		
3.42		0.790746		
3.43		0.790674		
3.44		0.790602		
3.45		0.79053		
3.46		0.790459		
3.47		0.790388		
3.48		0.790316		
3.49		0.790245		
3.5		0.790175		
3.51		0.790104		
3.52		0.790034		
3.53		0.789964		
3.54		0.789894		
3.55		0.789825		
3.56		0.789755		
3.57		0.789686		
3.58		0.789617		
3.59		0.789548		
3.6		0.78948		
3.61		0.789412		
3.62		0.789343		
3.63		0.789276		
3.64		0.789208		
3.65		0.789141		
3.66		0.789073		
3.67		0.789006		
3.68		0.78894		
3.69		0.788873		
3.7		0.788807		
3.71		0.788741		
3.72		0.788675		
3.73		0.788609		
3.74		0.788543		
3.75		0.788478		
3.76		0.788413		
3.77		0.788348		
3.78		0.788284		
3.79		0.788219		
3.8		0.788155		
3.81		0.788091		
3.82		0.788027		
3.83		0.787964		
3.84		0.7879		
3.85		0.787837		
3.86		0.787774		
3.87		0.787712		
3.88		0.787649		
3.89		0.787587		
3.9		0.787525		
3.91		0.787463		
3.92		0.787401		
3.93		0.78734		
3.94		0.787279		
3.95		0.787218		
3.96		0.787157		
3.97		0.787096		
3.98		0.787036		
3.99		0.786976		
4		0.786916		
4.01		0.786856		
4.02		0.786796		
4.03		0.786737		
4.04		0.786678		
4.05		0.786619		
4.06		0.78656		
4.07		0.786502		
4.08		0.786443		
4.09		0.786385		
4.1		0.786327		
4.11		0.786269		
4.12		0.786212		
4.13		0.786155		
4.14		0.786097		
4.15		0.78604		
4.16		0.785984		
4.17		0.785927		
4.18		0.785871		
4.19		0.785815		
4.2		0.785759		
4.21		0.785703		
4.22		0.785648		
4.23		0.785592		
4.24		0.785537		
4.25		0.785482		
4.26		0.785427		
4.27		0.785373		
4.28		0.785318		
4.29		0.785264		
4.3		0.78521		
4.31		0.785156		
4.32		0.785103		
4.33		0.785049		
4.34		0.784996		
4.35		0.784943		
4.36		0.78489		
4.37		0.784838		
4.38		0.784785		
4.39		0.784733		
4.4		0.784681		
4.41		0.784629		
4.42		0.784577		
4.43		0.784526		
4.44		0.784474		
4.45		0.784423		
4.46		0.784372		
4.47		0.784322		
4.48		0.784271		
4.49		0.784221		
4.5		0.78417		
4.51		0.78412		
4.52		0.78407		
4.53		0.784021		
4.54		0.783971		
4.55		0.783922		
4.56		0.783873		
4.57		0.783824		
4.58		0.783775		
4.59		0.783726		
4.6		0.783678		
4.61		0.78363		
4.62		0.783582		
4.63		0.783534		
4.64		0.783486		
4.65		0.783438		
4.66		0.783391		
4.67		0.783344		
4.68		0.783297		
4.69		0.78325		
4.7		0.783203		
4.71		0.783157		
4.72		0.78311		
4.73		0.783064		
4.74		0.783018		
4.75		0.782972		
4.76		0.782927		
4.77		0.782881		
4.78		0.782836		
4.79		0.78279		
4.8		0.782745		
4.81		0.782701		
4.82		0.782656		
4.83		0.782611		
4.84		0.782567		
4.85		0.782523		
4.86		0.782479		
4.87		0.782435		
4.88		0.782391		
4.89		0.782348		
4.9		0.782304		
4.91		0.782261		
4.92		0.782218		
4.93		0.782175		
4.94		0.782132		
4.95		0.78209		
4.96		0.782047		
4.97		0.782005		
4.98		0.781963		
4.99		0.781921		
5		0.781879		
5.01		0.781837		
5.02		0.781796		
5.03		0.781754		
5.04		0.781713		
5.05		0.781672		
5.06		0.781631		
5.07		0.78159		
5.08		0.78155		
5.09		0.781509		
5.1		0.781469		
5.11		0.781429		
5.12		0.781389		
5.13		0.781349		
5.14		0.781309		
5.15		0.781269		
5.16		0.78123		
5.17		0.781191		
5.18		0.781151		
5.19		0.781112		
5.2		0.781073		
5.21		0.781035		
5.22		0.780996		
5.23		0.780958		
5.24		0.780919		
5.25		0.780881		
5.26		0.780843		
5.27		0.780805		
5.28		0.780767		
5.29		0.78073		
5.3		0.780692		
5.31		0.780655		
5.32		0.780618		
5.33		0.78058		
5.34		0.780544		
5.35		0.780507		
5.36		0.78047		
5.37		0.780433		
5.38		0.780397		
5.39		0.780361		
5.4		0.780324		
5.41		0.780288		
5.42		0.780253		
5.43		0.780217		
5.44		0.780181		
5.45		0.780146		
5.46		0.78011		
5.47		0.780075		
5.48		0.78004		
5.49		0.780005		
5.5		0.77997		
5.51		0.779935		
5.52		0.7799		
5.53		0.779866		
5.54		0.779831		
5.55		0.779797		
5.56		0.779763		
5.57		0.779729		
5.58		0.779695		
5.59		0.779661		
5.6		0.779628		
5.61		0.779594		
5.62		0.779561		
5.63		0.779527		
5.64		0.779494		
5.65		0.779461		
5.66		0.779428		
5.67		0.779395		
5.68		0.779362		
5.69		0.77933		
5.7		0.779297		
5.71		0.779265		
5.72		0.779232		
5.73		0.7792		
5.74		0.779168		
5.75		0.779136		
5.76		0.779104		
5.77		0.779073		
5.78		0.779041		
5.79		0.77901		
5.8		0.778978		
5.81		0.778947		
5.82		0.778916		
5.83		0.778885		
5.84		0.778854		
5.85		0.778823		
5.86		0.778792		
5.87		0.778761		
5.88		0.778731		
5.89		0.7787		
5.9		0.77867		
5.91		0.77864		
5.92		0.77861		
5.93		0.778579		
5.94		0.77855		
5.95		0.77852		
5.96		0.77849		
5.97		0.77846		
5.98		0.778431		
5.99		0.778401		
6		0.778372		
6.01		0.778343		
6.02		0.778314		
6.03		0.778285		
6.04		0.778256		
6.05		0.778227		
6.06		0.778198		
6.07		0.778169		
6.08		0.778141		
6.09		0.778112		
6.1		0.778084		
6.11		0.778056		
6.12		0.778028		
6.13		0.777999		
6.14		0.777971		
6.15		0.777944		
6.16		0.777916		
6.17		0.777888		
6.18		0.77786		
6.19		0.777833		
6.2		0.777805		
6.21		0.777778		
6.22		0.777751		
6.23		0.777724		
6.24		0.777696		
6.25		0.777669		
6.26		0.777643		
6.27		0.777616		
6.28		0.777589		
6.29		0.777562		
6.3		0.777536		
6.31		0.777509		
6.32		0.777483		
6.33		0.777456		
6.34		0.77743		
6.35		0.777404		
6.36		0.777378		
6.37		0.777352		
6.38		0.777326		
6.39		0.7773		
6.4		0.777274		
6.41		0.777249		
6.42		0.777223		
6.43		0.777198		
6.44		0.777172		
6.45		0.777147		
6.46		0.777122		
6.47		0.777096		
6.48		0.777071		
6.49		0.777046		
6.5		0.777021		
6.51		0.776996		
6.52		0.776971		
6.53		0.776947		
6.54		0.776922		
6.55		0.776897		
6.56		0.776873		
6.57		0.776849		
6.58		0.776824		
6.59		0.7768		
6.6		0.776776		
6.61		0.776751		
6.62		0.776727		
6.63		0.776703		
6.64		0.776679		
6.65		0.776656		
6.66		0.776632		
6.67		0.776608		
6.68		0.776584		
6.69		0.776561		
6.7		0.776537		
6.71		0.776514		
6.72		0.776491		
6.73		0.776467		
6.74		0.776444		
6.75		0.776421		
6.76		0.776398		
6.77		0.776375		
6.78		0.776352		
6.79		0.776329		
6.8		0.776306		
6.81		0.776283		
6.82		0.77626		
6.83		0.776238		
6.84		0.776215		
6.85		0.776193		
6.86		0.77617		
6.87		0.776148		
6.88		0.776125		
6.89		0.776103		
6.9		0.776081		
6.91		0.776059		
6.92		0.776037		
6.93		0.776015		
6.94		0.775993		
6.95		0.775971		
6.96		0.775949		
6.97		0.775927		
6.98		0.775906		
6.99		0.775884		
7		0.775862		
7.01		0.775841		
7.02		0.775819		
7.03		0.775798		
7.04		0.775776		
7.05		0.775755		
7.06		0.775734		
7.07		0.775713		
7.08		0.775691		
7.09		0.77567		
7.1		0.775649		
7.11		0.775628		
7.12		0.775607		
7.13		0.775587		
7.14		0.775566		
7.15		0.775545		
7.16		0.775524		
7.17		0.775504		
7.18		0.775483		
7.19		0.775462		
7.2		0.775442		
7.21		0.775422		
7.22		0.775401		
7.23		0.775381		
7.24		0.775361		
7.25		0.77534		
7.26		0.77532		
7.27		0.7753		
7.28		0.77528		
7.29		0.77526		
7.3		0.77524		
7.31		0.77522		
7.32		0.7752		
7.33		0.77518		
7.34		0.77516		
7.35		0.775141		
7.36		0.775121		
7.37		0.775101		
7.38		0.775082		
7.39		0.775062		
7.4		0.775043		
7.41		0.775023		
7.42		0.775004		
7.43		0.774984		
7.44		0.774965		
7.45		0.774946		
7.46		0.774927		
7.47		0.774907		
7.48		0.774888		
7.49		0.774869		
7.5		0.77485		
7.51		0.774831		
7.52		0.774812		
7.53		0.774793		
7.54		0.774774		
7.55		0.774756		
7.56		0.774737		
7.57		0.774718		
7.58		0.774699		
7.59		0.774681		
7.6		0.774662		
7.61		0.774644		
7.62		0.774625		
7.63		0.774606		
7.64		0.774588		
7.65		0.77457		
7.66		0.774551		
7.67		0.774533		
7.68		0.774515		
7.69		0.774496		
7.7		0.774478		
7.71		0.77446		
7.72		0.774442		
7.73		0.774424		
7.74		0.774406		
7.75		0.774388		
7.76		0.77437		
7.77		0.774352		
7.78		0.774334		
7.79		0.774316		
7.8		0.774298		
7.81		0.77428		
7.82		0.774263		
7.83		0.774245		
7.84		0.774227		
7.85		0.77421		
7.86		0.774192		
7.87		0.774175		
7.88		0.774157		
7.89		0.774139		
7.9		0.774122		
7.91		0.774105		
7.92		0.774087		
7.93		0.77407		
7.94		0.774053		
7.95		0.774035		
7.96		0.774018		
7.97		0.774001		
7.98		0.773984		
7.99		0.773966		
8		0.773949		
8.01		0.773932		
8.02		0.773915		
8.03		0.773898		
8.04		0.773881		
8.05		0.773864		
8.06		0.773847		
8.07		0.77383		
8.08		0.773814		
8.09		0.773797		
8.1		0.77378		
8.11		0.773763		
8.12		0.773746		
8.13		0.77373		
8.14		0.773713		
8.15		0.773696		
8.16		0.77368		
8.17		0.773663		
8.18		0.773647		
8.19		0.77363		
8.2		0.773614		
8.21		0.773597		
8.22		0.773581		
8.23		0.773565		
8.24		0.773548		
8.25		0.773532		
8.26		0.773515		
8.27		0.773499		
8.28		0.773483		
8.29		0.773467		
8.3		0.773451		
8.31		0.773434		
8.32		0.773418		
8.33		0.773402		
8.34		0.773386		
8.35		0.77337		
8.36		0.773354		
8.37		0.773338		
8.38		0.773322		
8.39		0.773306		
8.4		0.77329		
8.41		0.773274		
8.42		0.773258		
8.43		0.773243		
8.44		0.773227		
8.45		0.773211		
8.46		0.773195		
8.47		0.773179		
8.48		0.773164		
8.49		0.773148		
8.5		0.773132		
8.51		0.773117		
8.52		0.773101		
8.53		0.773086		
8.54		0.77307		
8.55		0.773054		
8.56		0.773039		
8.57		0.773024		
8.58		0.773008		
8.59		0.772993		
8.6		0.772977		
8.61		0.772962		
8.62		0.772946		
8.63		0.772931		
8.64		0.772916		
8.65		0.7729		
8.66		0.772885		
8.67		0.77287		
8.68		0.772855		
8.69		0.77284		
8.7		0.772824		
8.71		0.772809		
8.72		0.772794		
8.73		0.772779		
8.74		0.772764		
8.75		0.772749		
8.76		0.772734		
8.77		0.772719		
8.78		0.772704		
8.79		0.772689		
8.8		0.772674		
8.81		0.772659		
8.82		0.772644		
8.83		0.772629		
8.84		0.772614		
8.85		0.772599		
8.86		0.772585		
8.87		0.77257		
8.88		0.772555		
8.89		0.77254		
8.9		0.772525		
8.91		0.772511		
8.92		0.772496		
8.93		0.772481		
8.94		0.772467		
8.95		0.772452		
8.96		0.772437		
8.97		0.772423		
8.98		0.772408		
8.99		0.772394		
9		0.772379		
9.01		0.772365		
9.02		0.77235		
9.03		0.772336		
9.04		0.772321		
9.05		0.772307		
9.06		0.772292		
9.07		0.772278		
9.08		0.772263		
9.09		0.772249		
9.1		0.772235		
9.11		0.77222		
9.12		0.772206		
9.13		0.772192		
9.14		0.772177		
9.15		0.772163		
9.16		0.772149		
9.17		0.772135		
9.18		0.77212		
9.19		0.772106		
9.2		0.772092		
9.21		0.772078		
9.22		0.772064		
9.23		0.77205		
9.24		0.772036		
9.25		0.772021		
9.26		0.772007		
9.27		0.771993		
9.28		0.771979		
9.29		0.771965		
9.3		0.771951		
9.31		0.771937		
9.32		0.771923		
9.33		0.771909		
9.34		0.771895		
9.35		0.771881		
9.36		0.771868		
9.37		0.771854		
9.38		0.77184		
9.39		0.771826		
9.4		0.771812		
9.41		0.771798		
9.42		0.771785		
9.43		0.771771		
9.44		0.771757		
9.45		0.771743		
9.46		0.771729		
9.47		0.771716		
9.48		0.771702		
9.49		0.771688		
9.5		0.771675		
9.51		0.771661		
9.52		0.771647		
9.53		0.771634		
9.54		0.77162		
9.55		0.771606		
9.56		0.771593		
9.57		0.771579		
9.58		0.771566		
9.59		0.771552		
9.6		0.771539		
9.61		0.771525		
9.62		0.771512		
9.63		0.771498		
9.64		0.771485		
9.65		0.771471		
9.66		0.771458		
9.67		0.771444		
9.68		0.771431		
9.69		0.771418		
9.7		0.771404		
9.71		0.771391		
9.72		0.771377		
9.73		0.771364		
9.74		0.771351		
9.75		0.771337		
9.76		0.771324		
9.77		0.771311		
9.78		0.771298		
9.79		0.771284		
9.8		0.771271		
9.81		0.771258		
9.82		0.771245		
9.83		0.771231		
9.84		0.771218		
9.85		0.771205		
9.86		0.771192		
9.87		0.771179		
9.88		0.771166		
9.89		0.771153		
9.9		0.771139		
9.91		0.771126		
9.92		0.771113		
9.93		0.7711		
9.94		0.771087		
9.95		0.771074		
9.96		0.771061		
9.97		0.771048		
9.98		0.771035		
9.99		0.771022		
10		0.771009		
10.01		0.770996		
10.02		0.770983		
10.03		0.77097		
10.04		0.770957		
10.05		0.770944		
10.06		0.770931		
10.07		0.770919		
10.08		0.770906		
10.09		0.770893		
10.1		0.77088		
10.11		0.770867		
10.12		0.770854		
10.13		0.770841		
10.14		0.770829		
10.15		0.770816		
10.16		0.770803		
10.17		0.77079		
10.18		0.770778		
10.19		0.770765		
10.2		0.770752		
10.21		0.770739		
10.22		0.770727		
10.23		0.770714		
10.24		0.770701		
10.25		0.770689		
10.26		0.770676		
10.27		0.770663		
10.28		0.770651		
10.29		0.770638		
10.3		0.770625		
10.31		0.770613		
10.32		0.7706		
10.33		0.770588		
10.34		0.770575		
10.35		0.770563		
10.36		0.77055		
10.37		0.770538		
10.38		0.770525		
10.39		0.770513		
10.4		0.7705		
10.41		0.770488		
10.42		0.770475		
10.43		0.770463		
10.44		0.77045		
10.45		0.770438		
10.46		0.770425		
10.47		0.770413		
10.48		0.7704		
10.49		0.770388		
10.5		0.770376		
10.51		0.770363		
10.52		0.770351		
10.53		0.770339		
10.54		0.770326		
10.55		0.770314		
10.56		0.770302		
10.57		0.770289		
10.58		0.770277		
10.59		0.770265		
10.6		0.770253		
10.61		0.77024		
10.62		0.770228		
10.63		0.770216		
10.64		0.770204		
10.65		0.770191		
10.66		0.770179		
10.67		0.770167		
10.68		0.770155		
10.69		0.770143		
10.7		0.77013		
10.71		0.770118		
10.72		0.770106		
10.73		0.770094		
10.74		0.770082		
10.75		0.77007		
10.76		0.770058		
10.77		0.770046		
10.78		0.770034		
10.79		0.770022		
10.8		0.77001		
10.81		0.769997		
10.82		0.769985		
10.83		0.769973		
10.84		0.769961		
10.85		0.769949		
10.86		0.769937		
10.87		0.769925		
10.88		0.769914		
10.89		0.769902		
10.9		0.76989		
10.91		0.769878		
10.92		0.769866		
10.93		0.769854		
10.94		0.769842		
10.95		0.76983		
10.96		0.769818		
10.97		0.769806		
10.98		0.769794		
10.99		0.769783		
11		0.769771		
11.01		0.769759		
11.02		0.769747		
11.03		0.769735		
11.04		0.769724		
11.05		0.769712		
11.06		0.7697		
11.07		0.769688		
11.08		0.769676		
11.09		0.769665		
11.1		0.769653		
11.11		0.769641		
11.12		0.76963		
11.13		0.769618		
11.14		0.769606		
11.15		0.769595		
11.16		0.769583		
11.17		0.769571		
11.18		0.76956		
11.19		0.769548		
11.2		0.769536		
11.21		0.769525		
11.22		0.769513		
11.23		0.769501		
11.24		0.76949		
11.25		0.769478		
11.26		0.769467		
11.27		0.769455		
11.28		0.769444		
11.29		0.769432		
11.3		0.769421		
11.31		0.769409		
11.32		0.769398		
11.33		0.769386		
11.34		0.769375		
11.35		0.769363		
11.36		0.769352		
11.37		0.76934		
11.38		0.769329		
11.39		0.769317		
11.4		0.769306		
11.41		0.769295		
11.42		0.769283		
11.43		0.769272		
11.44		0.76926		
11.45		0.769249		
11.46		0.769238		
11.47		0.769226		
11.48		0.769215		
11.49		0.769204		
11.5		0.769192		
11.51		0.769181		
11.52		0.76917		
11.53		0.769158		
11.54		0.769147		
11.55		0.769136		
11.56		0.769125		
11.57		0.769113		
11.58		0.769102		
11.59		0.769091		
11.6		0.76908		
11.61		0.769068		
11.62		0.769057		
11.63		0.769046		
11.64		0.769035		
11.65		0.769024		
11.66		0.769013		
11.67		0.769001		
11.68		0.76899		
11.69		0.768979		
11.7		0.768968		
11.71		0.768957		
11.72		0.768946		
11.73		0.768935		
11.74		0.768924		
11.75		0.768913		
11.76		0.768902		
11.77		0.768891		
11.78		0.76888		
11.79		0.768869		
11.8		0.768858		
11.81		0.768847		
11.82		0.768836		
11.83		0.768825		
11.84		0.768814		
11.85		0.768803		
11.86		0.768792		
11.87		0.768781		
11.88		0.76877		
11.89		0.768759		
11.9		0.768748		
11.91		0.768737		
11.92		0.768726		
11.93		0.768715		
11.94		0.768705		
11.95		0.768694		
11.96		0.768683		
11.97		0.768672		
11.98		0.768661		
11.99		0.76865		
12		0.76864		
12.01		0.768629		
12.02		0.768618		
12.03		0.768607		
12.04		0.768597		
12.05		0.768586		
12.06		0.768575		
12.07		0.768564		
12.08		0.768554		
12.09		0.768543		
12.1		0.768532		
12.11		0.768522		
12.12		0.768511		
12.13		0.7685		
12.14		0.76849		
12.15		0.768479		
12.16		0.768468		
12.17		0.768458		
12.18		0.768447		
12.19		0.768436		
12.2		0.768426		
12.21		0.768415		
12.22		0.768405		
12.23		0.768394		
12.24		0.768384		
12.25		0.768373		
12.26		0.768363		
12.27		0.768352		
12.28		0.768342		
12.29		0.768331		
12.3		0.768321		
12.31		0.76831		
12.32		0.7683		
12.33		0.768289		
12.34		0.768279		
12.35		0.768268		
12.36		0.768258		
12.37		0.768248		
12.38		0.768237		
12.39		0.768227		
12.4		0.768216		
12.41		0.768206		
12.42		0.768196		
12.43		0.768185		
12.44		0.768175		
12.45		0.768165		
12.46		0.768154		
12.47		0.768144		
12.48		0.768134		
12.49		0.768123		
12.5		0.768113		
12.51		0.768103		
12.52		0.768093		
12.53		0.768082		
12.54		0.768072		
12.55		0.768062		
12.56		0.768052		
12.57		0.768042		
12.58		0.768031		
12.59		0.768021		
12.6		0.768011		
12.61		0.768001		
12.62		0.767991		
12.63		0.767981		
12.64		0.767971		
12.65		0.767961		
12.66		0.76795		
12.67		0.76794		
12.68		0.76793		
12.69		0.76792		
12.7		0.76791		
12.71		0.7679		
12.72		0.76789		
12.73		0.76788		
12.74		0.76787		
12.75		0.76786		
12.76		0.76785		
12.77		0.76784		
12.78		0.76783		
12.79		0.76782		
12.8		0.76781		
12.81		0.7678		
12.82		0.76779		
12.83		0.767781		
12.84		0.767771		
12.85		0.767761		
12.86		0.767751		
12.87		0.767741		
12.88		0.767731		
12.89		0.767721		
12.9		0.767712		
12.91		0.767702		
12.92		0.767692		
12.93		0.767682		
12.94		0.767672		
12.95		0.767663		
12.96		0.767653		
12.97		0.767643		
12.98		0.767633		
12.99		0.767624		
13		0.767614		
13.01		0.767604		
13.02		0.767594		
13.03		0.767585		
13.04		0.767575		
13.05		0.767565		
13.06		0.767556		
13.07		0.767546		
13.08		0.767537		
13.09		0.767527		
13.1		0.767517		
13.11		0.767508		
13.12		0.767498		
13.13		0.767489		
13.14		0.767479		
13.15		0.76747		
13.16		0.76746		
13.17		0.767451		
13.18		0.767441		
13.19		0.767432		
13.2		0.767422		
13.21		0.767413		
13.22		0.767403		
13.23		0.767394		
13.24		0.767384		
13.25		0.767375		
13.26		0.767365		
13.27		0.767356		
13.28		0.767347		
13.29		0.767337		
13.3		0.767328		
13.31		0.767318		
13.32		0.767309		
13.33		0.7673		
13.34		0.76729		
13.35		0.767281		
13.36		0.767272		
13.37		0.767263		
13.38		0.767253		
13.39		0.767244		
13.4		0.767235		
13.41		0.767226		
13.42		0.767216		
13.43		0.767207		
13.44		0.767198		
13.45		0.767189		
13.46		0.76718		
13.47		0.76717		
13.48		0.767161		
13.49		0.767152		
13.5		0.767143		
13.51		0.767134		
13.52		0.767125		
13.53		0.767116		
13.54		0.767106		
13.55		0.767097		
13.56		0.767088		
13.57		0.767079		
13.58		0.76707		
13.59		0.767061		
13.6		0.767052		
13.61		0.767043		
13.62		0.767034		
13.63		0.767025		
13.64		0.767016		
13.65		0.767007		
13.66		0.766998		
13.67		0.766989		
13.68		0.766981		
13.69		0.766972		
13.7		0.766963		
13.71		0.766954		
13.72		0.766945		
13.73		0.766936		
13.74		0.766927		
13.75		0.766918		
13.76		0.76691		
13.77		0.766901		
13.78		0.766892		
13.79		0.766883		
13.8		0.766874		
13.81		0.766866		
13.82		0.766857		
13.83		0.766848		
13.84		0.76684		
13.85		0.766831		
13.86		0.766822		
13.87		0.766813		
13.88		0.766805		
13.89		0.766796		
13.9		0.766787		
13.91		0.766779		
13.92		0.76677		
13.93		0.766762		
13.94		0.766753		
13.95		0.766744		
13.96		0.766736		
13.97		0.766727		
13.98		0.766719		
13.99		0.76671		
14		0.766702		
14.01		0.766693		
14.02		0.766685		
14.03		0.766676		
14.04		0.766668		
14.05		0.766659		
14.06		0.766651		
14.07		0.766642		
14.08		0.766634		
14.09		0.766625		
14.1		0.766617		
14.11		0.766609		
14.12		0.7666		
14.13		0.766592		
14.14		0.766584		
14.15		0.766575		
14.16		0.766567		
14.17		0.766559		
14.18		0.76655		
14.19		0.766542		
14.2		0.766534		
14.21		0.766525		
14.22		0.766517		
14.23		0.766509		
14.24		0.766501		
14.25		0.766492		
14.26		0.766484		
14.27		0.766476		
14.28		0.766468		
14.29		0.76646		
14.3		0.766452		
14.31		0.766443		
14.32		0.766435		
14.33		0.766427		
14.34		0.766419		
14.35		0.766411		
14.36		0.766403		
14.37		0.766395		
14.38		0.766387		
14.39		0.766379		
14.4		0.766371		
14.41		0.766363		
14.42		0.766355		
14.43		0.766347		
14.44		0.766339		
14.45		0.766331		
14.46		0.766323		
14.47		0.766315		
14.48		0.766307		
14.49		0.766299		
14.5		0.766291		
14.51		0.766283		
14.52		0.766275		
14.53		0.766268		
14.54		0.76626		
14.55		0.766252		
14.56		0.766244		
14.57		0.766236		
14.58		0.766229		
14.59		0.766221		
14.6		0.766213		
14.61		0.766205		
14.62		0.766197		
14.63		0.76619		
14.64		0.766182		
14.65		0.766174		
14.66		0.766167		
14.67		0.766159		
14.68		0.766151		
14.69		0.766144		
14.7		0.766136		
14.71		0.766128		
14.72		0.766121		
14.73		0.766113		
14.74		0.766106		
14.75		0.766098		
14.76		0.76609		
14.77		0.766083		
14.78		0.766075		
14.79		0.766068		
14.8		0.76606		
14.81		0.766053		
14.82		0.766045		
14.83		0.766038		
14.84		0.76603		
14.85		0.766023		
14.86		0.766016		
14.87		0.766008		
14.88		0.766001		
14.89		0.765993		
14.9		0.765986		
14.91		0.765979		
14.92		0.765971		
14.93		0.765964		
14.94		0.765957		
14.95		0.765949		
14.96		0.765942		
14.97		0.765935		
14.98		0.765927		
14.99		0.76592		
15		0.765913		
15.01		0.765906		
15.02		0.765899		
15.03		0.765891		
15.04		0.765884		
15.05		0.765877		
15.06		0.76587		
15.07		0.765863		
15.08		0.765855		
15.09		0.765848		
15.1		0.765841		
15.11		0.765834		
15.12		0.765827		
15.13		0.76582		
15.14		0.765813		
15.15		0.765806		
15.16		0.765799		
15.17		0.765792		
15.18		0.765785		
15.19		0.765778		
15.2		0.765771		
15.21		0.765764		
15.22		0.765757		
15.23		0.76575		
15.24		0.765743		
15.25		0.765736		
15.26		0.765729		
15.27		0.765722		
15.28		0.765716		
15.29		0.765709		
15.3		0.765702		
15.31		0.765695		
15.32		0.765688		
15.33		0.765681		
15.34		0.765675		
15.35		0.765668		
15.36		0.765661		
15.37		0.765654		
15.38		0.765648		
15.39		0.765641		
15.4		0.765634		
15.41		0.765627		
15.42		0.765621		
15.43		0.765614		
15.44		0.765607		
15.45		0.765601		
15.46		0.765594		
15.47		0.765588		
15.48		0.765581		
15.49		0.765574		
15.5		0.765568		
15.51		0.765561		
15.52		0.765555		
15.53		0.765548		
15.54		0.765542		
15.55		0.765535		
15.56		0.765529		
15.57		0.765522		
15.58		0.765516		
15.59		0.765509		
15.6		0.765503		
15.61		0.765496		
15.62		0.76549		
15.63		0.765483		
15.64		0.765477		
15.65		0.765471		
15.66		0.765464		
15.67		0.765458		
15.68		0.765452		
15.69		0.765445		
15.7		0.765439		
15.71		0.765433		
15.72		0.765426		
15.73		0.76542		
15.74		0.765414		
15.75		0.765408		
15.76		0.765402		
15.77		0.765395		
15.78		0.765389		
15.79		0.765383		
15.8		0.765377		
15.81		0.765371		
15.82		0.765364		
15.83		0.765358		
15.84		0.765352		
15.85		0.765346		
15.86		0.76534		
15.87		0.765334		
15.88		0.765328		
15.89		0.765322		
15.9		0.765316		
15.91		0.76531		
15.92		0.765304		
15.93		0.765298		
15.94		0.765292		
15.95		0.765286		
15.96		0.76528		
15.97		0.765274		
15.98		0.765268		
15.99		0.765262		
16		0.765256		
16.01		0.76525		
16.02		0.765244		
16.03		0.765239		
16.04		0.765233		
16.05		0.765227		
16.06		0.765221		
16.07		0.765215		
16.08		0.76521		
16.09		0.765204		
16.1		0.765198		
16.11		0.765192		
16.12		0.765187		
16.13		0.765181		
16.14		0.765175		
16.15		0.765169		
16.16		0.765164		
16.17		0.765158		
16.18		0.765152		
16.19		0.765147		
16.2		0.765141		
16.21		0.765136		
16.22		0.76513		
16.23		0.765124		
16.24		0.765119		
16.25		0.765113		
16.26		0.765108		
16.27		0.765102		
16.28		0.765097		
16.29		0.765091		
16.3		0.765086		
16.31		0.76508		
16.32		0.765075		
16.33		0.765069		
16.34		0.765064		
16.35		0.765059		
16.36		0.765053		
16.37		0.765048		
16.38		0.765042		
16.39		0.765037		
16.4		0.765032		
16.41		0.765026		
16.42		0.765021		
16.43		0.765016		
16.44		0.76501		
16.45		0.765005		
16.46		0.765		
16.47		0.764995		
16.48		0.764989		
16.49		0.764984		
16.5		0.764979		
16.51		0.764974		
16.52		0.764969		
16.53		0.764963		
16.54		0.764958		
16.55		0.764953		
16.56		0.764948		
16.57		0.764943		
16.58		0.764938		
16.59		0.764933		
16.6		0.764928		
16.61		0.764923		
16.62		0.764917		
16.63		0.764912		
16.64		0.764907		
16.65		0.764902		
16.66		0.764897		
16.67		0.764892		
16.68		0.764887		
16.69		0.764883		
16.7		0.764878		
16.71		0.764873		
16.72		0.764868		
16.73		0.764863		
16.74		0.764858		
16.75		0.764853		
16.76		0.764848		
16.77		0.764843		
16.78		0.764839		
16.79		0.764834		
16.8		0.764829		
16.81		0.764824		
16.82		0.764819		
16.83		0.764815		
16.84		0.76481		
16.85		0.764805		
16.86		0.764801		
16.87		0.764796		
16.88		0.764791		
16.89		0.764786		
16.9		0.764782		
16.91		0.764777		
16.92		0.764773		
16.93		0.764768		
16.94		0.764763		
16.95		0.764759		
16.96		0.764754		
16.97		0.76475		
16.98		0.764745		
16.99		0.76474		
17		0.764736		
17.01		0.764731		
17.02		0.764727		
17.03		0.764722		
17.04		0.764718		
17.05		0.764714		
17.06		0.764709		
17.07		0.764705		
17.08		0.7647		
17.09		0.764696		
17.1		0.764692		
17.11		0.764687		
17.12		0.764683		
17.13		0.764678		
17.14		0.764674		
17.15		0.76467		
17.16		0.764665		
17.17		0.764661		
17.18		0.764657		
17.19		0.764653		
17.2		0.764648		
17.21		0.764644		
17.22		0.76464		
17.23		0.764636		
17.24		0.764632		
17.25		0.764627		
17.26		0.764623		
17.27		0.764619		
17.28		0.764615		
17.29		0.764611		
17.3		0.764607		
17.31		0.764603		
17.32		0.764598		
17.33		0.764594		
17.34		0.76459		
17.35		0.764586		
17.36		0.764582		
17.37		0.764578		
17.38		0.764574		
17.39		0.76457		
17.4		0.764566		
17.41		0.764562		
17.42		0.764558		
17.43		0.764554		
17.44		0.764551		
17.45		0.764547		
17.46		0.764543		
17.47		0.764539		
17.48		0.764535		
17.49		0.764531		
17.5		0.764527		
17.51		0.764524		
17.52		0.76452		
17.53		0.764516		
17.54		0.764512		
17.55		0.764508		
17.56		0.764505		
17.57		0.764501		
17.58		0.764497		
17.59		0.764493		
17.6		0.76449		
17.61		0.764486		
17.62		0.764482		
17.63		0.764479		
17.64		0.764475		
17.65		0.764471		
17.66		0.764468		
17.67		0.764464		
17.68		0.764461		
17.69		0.764457		
17.7		0.764453		
17.71		0.76445		
17.72		0.764446		
17.73		0.764443		
17.74		0.764439		
17.75		0.764436		
17.76		0.764432		
17.77		0.764429		
17.78		0.764425		
17.79		0.764422		
17.8		0.764418		
17.81		0.764415		
17.82		0.764412		
17.83		0.764408		
17.84		0.764405		
17.85		0.764402		
17.86		0.764398		
17.87		0.764395		
17.88		0.764392		
17.89		0.764388		
17.9		0.764385		
17.91		0.764382		
17.92		0.764378		
17.93		0.764375		
17.94		0.764372		
17.95		0.764369		
17.96		0.764365		
17.97		0.764362		
17.98		0.764359		
17.99		0.764356		
18		0.764353		
18.01		0.76435		
18.02		0.764346		
18.03		0.764343		
18.04		0.76434		
18.05		0.764337		
18.06		0.764334		
18.07		0.764331		
18.08		0.764328		
18.09		0.764325		
18.1		0.764322		
18.11		0.764319		
18.12		0.764316		
18.13		0.764313		
18.14		0.76431		
18.15		0.764307		
18.16		0.764304		
18.17		0.764301		
18.18		0.764298		
18.19		0.764295		
18.2		0.764292		
18.21		0.764289		
18.22		0.764287		
18.23		0.764284		
18.24		0.764281		
18.25		0.764278		
18.26		0.764275		
18.27		0.764272		
18.28		0.76427		
18.29		0.764267		
18.3		0.764264		
18.31		0.764261		
18.32		0.764259		
18.33		0.764256		
18.34		0.764253		
18.35		0.76425		
18.36		0.764248		
18.37		0.764245		
18.38		0.764242		
18.39		0.76424		
18.4		0.764237		
18.41		0.764235		
18.42		0.764232		
18.43		0.764229		
18.44		0.764227		
18.45		0.764224		
18.46		0.764222		
18.47		0.764219		
18.48		0.764217		
18.49		0.764214		
18.5		0.764212		
18.51		0.764209		
18.52		0.764207		
18.53		0.764204		
18.54		0.764202		
18.55		0.764199		
18.56		0.764197		
18.57		0.764194		
18.58		0.764192		
18.59		0.76419		
18.6		0.764187		
18.61		0.764185		
18.62		0.764183		
18.63		0.76418		
18.64		0.764178		
18.65		0.764176		
18.66		0.764173		
18.67		0.764171		
18.68		0.764169		
18.69		0.764167		
18.7		0.764164		
18.71		0.764162		
18.72		0.76416		
18.73		0.764158		
18.74		0.764156		
18.75		0.764153		
18.76		0.764151		
18.77		0.764149		
18.78		0.764147		
18.79		0.764145		
18.8		0.764143		
18.81		0.764141		
18.82		0.764139		
18.83		0.764136		
18.84		0.764134		
18.85		0.764132		
18.86		0.76413		
18.87		0.764128		
18.88		0.764126		
18.89		0.764124		
18.9		0.764122		
18.91		0.76412		
18.92		0.764118		
18.93		0.764117		
18.94		0.764115		
18.95		0.764113		
18.96		0.764111		
18.97		0.764109		
18.98		0.764107		
18.99		0.764105		
19		0.764103		
19.01		0.764101		
19.02		0.7641		
19.03		0.764098		
19.04		0.764096		
19.05		0.764094		
19.06		0.764092		
19.07		0.764091		
19.08		0.764089		
19.09		0.764087		
19.1		0.764085		
19.11		0.764084		
19.12		0.764082		
19.13		0.76408		
19.14		0.764079		
19.15		0.764077		
19.16		0.764075		
19.17		0.764074		
19.18		0.764072		
19.19		0.764071		
19.2		0.764069		
19.21		0.764067		
19.22		0.764066		
19.23		0.764064		
19.24		0.764063		
19.25		0.764061		
19.26		0.76406		
19.27		0.764058		
19.28		0.764057		
19.29		0.764055		
19.3		0.764054		
19.31		0.764052		
19.32		0.764051		
19.33		0.764049		
19.34		0.764048		
19.35		0.764047		
19.36		0.764045		
19.37		0.764044		
19.38		0.764042		
19.39		0.764041		
19.4		0.76404		
19.41		0.764038		
19.42		0.764037		
19.43		0.764036		
19.44		0.764034		
19.45		0.764033		
19.46		0.764032		
19.47		0.764031		
19.48		0.764029		
19.49		0.764028		
19.5		0.764027		
19.51		0.764026		
19.52		0.764025		
19.53		0.764023		
19.54		0.764022		
19.55		0.764021		
19.56		0.76402		
19.57		0.764019		
19.58		0.764018		
19.59		0.764017		
19.6		0.764015		
19.61		0.764014		
19.62		0.764013		
19.63		0.764012		
19.64		0.764011		
19.65		0.76401		
19.66		0.764009		
19.67		0.764008		
19.68		0.764007		
19.69		0.764006		
19.7		0.764005		
19.71		0.764004		
19.72		0.764003		
19.73		0.764002		
19.74		0.764001		
19.75		0.764		
19.76		0.764		
19.77		0.763999		
19.78		0.763998		
19.79		0.763997		
19.8		0.763996		
19.81		0.763995		
19.82		0.763994		
19.83		0.763994		
19.84		0.763993		
19.85		0.763992		
19.86		0.763991		
19.87		0.76399		
19.88		0.76399		
19.89		0.763989		
19.9		0.763988		
19.91		0.763987		
19.92		0.763987		
19.93		0.763986		
19.94		0.763985		
19.95		0.763985		
19.96		0.763984		
19.97		0.763983		
19.98		0.763983		
19.99		0.763982		
20		0.763982		
20.01		0.763981		
20.02		0.76398		
20.03		0.76398		
20.04		0.763979		
20.05		0.763979		
20.06		0.763978		
20.07		0.763978		
20.08		0.763977		
20.09		0.763977		
20.1		0.763976		
20.11		0.763976		
20.12		0.763975		
20.13		0.763975		
20.14		0.763974		
20.15		0.763974		
20.16		0.763973		
20.17		0.763973		
20.18		0.763973		
20.19		0.763972		
20.2		0.763972		
20.21		0.763971		
20.22		0.763971		
20.23		0.763971		
20.24		0.76397		
20.25		0.76397		
20.26		0.76397		
20.27		0.76397		
20.28		0.763969		
20.29		0.763969		
20.3		0.763969		
20.31		0.763968		
20.32		0.763968		
20.33		0.763968		
20.34		0.763968		
20.35		0.763968		
20.36		0.763967		
20.37		0.763967		
20.38		0.763967		
20.39		0.763967		
20.4		0.763967		
20.41		0.763967		
20.42		0.763967		
20.43		0.763966		
20.44		0.763966		
20.45		0.763966		
20.46		0.763966		
20.47		0.763966		
20.48		0.763966		
20.49		0.763966		
20.5		0.763966		
20.51		0.763966		
20.52		0.763966		
20.53		0.763966		
20.54		0.763966		
20.55		0.763966		
20.56		0.763966		
20.57		0.763966		
20.58		0.763966		
20.59		0.763966		
20.6		0.763966		
20.61		0.763966		
20.62		0.763967		
20.63		0.763967		
20.64		0.763967		
20.65		0.763967		
20.66		0.763967		
20.67		0.763967		
20.68		0.763968		
20.69		0.763968		
20.7		0.763968		
20.71		0.763968		
20.72		0.763968		
20.73		0.763969		
20.74		0.763969		
20.75		0.763969		
20.76		0.763969		
20.77		0.76397		
20.78		0.76397		
20.79		0.76397		
20.8		0.763971		
20.81		0.763971		
20.82		0.763971		
20.83		0.763972		
20.84		0.763972		
20.85		0.763972		
20.86		0.763973		
20.87		0.763973		
20.88		0.763973		
20.89		0.763974		
20.9		0.763974		
20.91		0.763975		
20.92		0.763975		
20.93		0.763976		
20.94		0.763976		
20.95		0.763977		
20.96		0.763977		
20.97		0.763978		
20.98		0.763978		
20.99		0.763979		
21		0.763979		
21.01		0.76398		
21.02		0.76398		
21.03		0.763981		
21.04		0.763981		
21.05		0.763982		
21.06		0.763983		
21.07		0.763983		
21.08		0.763984		
21.09		0.763984		
21.1		0.763985		
21.11		0.763986		
21.12		0.763986		
21.13		0.763987		
21.14		0.763988		
21.15		0.763988		
21.16		0.763989		
21.17		0.76399		
21.18		0.763991		
21.19		0.763991		
21.2		0.763992		
21.21		0.763993		
21.22		0.763994		
21.23		0.763994		
21.24		0.763995		
21.25		0.763996		
21.26		0.763997		
21.27		0.763998		
21.28		0.763999		
21.29		0.763999		
21.3		0.764		
21.31		0.764001		
21.32		0.764002		
21.33		0.764003		
21.34		0.764004		
21.35		0.764005		
21.36		0.764006		
21.37		0.764007		
21.38		0.764007		
21.39		0.764008		
21.4		0.764009		
21.41		0.76401		
21.42		0.764011		
21.43		0.764012		
21.44		0.764013		
21.45		0.764014		
21.46		0.764015		
21.47		0.764016		
21.48		0.764018		
21.49		0.764019		
21.5		0.76402		
21.51		0.764021		
21.52		0.764022		
21.53		0.764023		
21.54		0.764024		
21.55		0.764025		
21.56		0.764026		
21.57		0.764027		
21.58		0.764029		
21.59		0.76403		
21.6		0.764031		
21.61		0.764032		
21.62		0.764033		
21.63		0.764034		
21.64		0.764036		
21.65		0.764037		
21.66		0.764038		
21.67		0.764039		
21.68		0.764041		
21.69		0.764042		
21.7		0.764043		
21.71		0.764044		
21.72		0.764046		
21.73		0.764047		
21.74		0.764048		
21.75		0.76405		
21.76		0.764051		
21.77		0.764052		
21.78		0.764054		
21.79		0.764055		
21.8		0.764057		
21.81		0.764058		
21.82		0.764059		
21.83		0.764061		
21.84		0.764062		
21.85		0.764064		
21.86		0.764065		
21.87		0.764066		
21.88		0.764068		
21.89		0.764069		
21.9		0.764071		
21.91		0.764072		
21.92		0.764074		
21.93		0.764075		
21.94		0.764077		
21.95		0.764078		
21.96		0.76408		
21.97		0.764081		
21.98		0.764083		
21.99		0.764085		
22		0.764086		
22.01		0.764088		
22.02		0.764089		
22.03		0.764091		
22.04		0.764093		
22.05		0.764094		
22.06		0.764096		
22.07		0.764098		
22.08		0.764099		
22.09		0.764101		
22.1		0.764102		
22.11		0.764104		
22.12		0.764106		
22.13		0.764108		
22.14		0.764109		
22.15		0.764111		
22.16		0.764113		
22.17		0.764115		
22.18		0.764116		
22.19		0.764118		
22.2		0.76412		
22.21		0.764122		
22.22		0.764123		
22.23		0.764125		
22.24		0.764127		
22.25		0.764129		
22.26		0.764131		
22.27		0.764132		
22.28		0.764134		
22.29		0.764136		
22.3		0.764138		
22.31		0.76414		
22.32		0.764142		
22.33		0.764144		
22.34		0.764146		
22.35		0.764148		
22.36		0.764149		
22.37		0.764151		
22.38		0.764153		
22.39		0.764155		
22.4		0.764157		
22.41		0.764159		
22.42		0.764161		
22.43		0.764163		
22.44		0.764165		
22.45		0.764167		
22.46		0.764169		
22.47		0.764171		
22.48		0.764173		
22.49		0.764175		
22.5		0.764177		
22.51		0.76418		
22.52		0.764182		
22.53		0.764184		
22.54		0.764186		
22.55		0.764188		
22.56		0.76419		
22.57		0.764192		
22.58		0.764194		
22.59		0.764196		
22.6		0.764199		
22.61		0.764201		
22.62		0.764203		
22.63		0.764205		
22.64		0.764207		
22.65		0.764209		
22.66		0.764212		
22.67		0.764214		
22.68		0.764216		
22.69		0.764218		
22.7		0.764221		
22.71		0.764223		
22.72		0.764225		
22.73		0.764227		
22.74		0.76423		
22.75		0.764232		
22.76		0.764234		
22.77		0.764237		
22.78		0.764239		
22.79		0.764241		
22.8		0.764243		
22.81		0.764246		
22.82		0.764248		
22.83		0.764251		
22.84		0.764253		
22.85		0.764255		
22.86		0.764258		
22.87		0.76426		
22.88		0.764262		
22.89		0.764265		
22.9		0.764267		
22.91		0.76427		
22.92		0.764272		
22.93		0.764275		
22.94		0.764277		
22.95		0.76428		
22.96		0.764282		
22.97		0.764285		
22.98		0.764287		
22.99		0.76429		
23		0.764292		
23.01		0.764295		
23.02		0.764297		
23.03		0.7643		
23.04		0.764302		
23.05		0.764305		
23.06		0.764307		
23.07		0.76431		
23.08		0.764312		
23.09		0.764315		
23.1		0.764318		
23.11		0.76432		
23.12		0.764323		
23.13		0.764325		
23.14		0.764328		
23.15		0.764331		
23.16		0.764333		
23.17		0.764336		
23.18		0.764339		
23.19		0.764341		
23.2		0.764344		
23.21		0.764347		
23.22		0.764349		
23.23		0.764352		
23.24		0.764355		
23.25		0.764358		
23.26		0.76436		
23.27		0.764363		
23.28		0.764366		
23.29		0.764369		
23.3		0.764371		
23.31		0.764374		
23.32		0.764377		
23.33		0.76438		
23.34		0.764383		
23.35		0.764385		
23.36		0.764388		
23.37		0.764391		
23.38		0.764394		
23.39		0.764397		
23.4		0.7644		
23.41		0.764402		
23.42		0.764405		
23.43		0.764408		
23.44		0.764411		
23.45		0.764414		
23.46		0.764417		
23.47		0.76442		
23.48		0.764423		
23.49		0.764426		
23.5		0.764429		
23.51		0.764432		
23.52		0.764434		
23.53		0.764437		
23.54		0.76444		
23.55		0.764443		
23.56		0.764446		
23.57		0.764449		
23.58		0.764452		
23.59		0.764455		
23.6		0.764458		
23.61		0.764461		
23.62		0.764464		
23.63		0.764468		
23.64		0.764471		
23.65		0.764474		
23.66		0.764477		
23.67		0.76448		
23.68		0.764483		
23.69		0.764486		
23.7		0.764489		
23.71		0.764492		
23.72		0.764495		
23.73		0.764498		
23.74		0.764502		
23.75		0.764505		
23.76		0.764508		
23.77		0.764511		
23.78		0.764514		
23.79		0.764517		
23.8		0.76452		
23.81		0.764524		
23.82		0.764527		
23.83		0.76453		
23.84		0.764533		
23.85		0.764537		
23.86		0.76454		
23.87		0.764543		
23.88		0.764546		
23.89		0.764549		
23.9		0.764553		
23.91		0.764556		
23.92		0.764559		
23.93		0.764563		
23.94		0.764566		
23.95		0.764569		
23.96		0.764572		
23.97		0.764576		
23.98		0.764579		
23.99		0.764582		
24		0.764586		
24.01		0.764589		
24.02		0.764592		
24.03		0.764596		
24.04		0.764599		
24.05		0.764603		
24.06		0.764606		
24.07		0.764609		
24.08		0.764613		
24.09		0.764616		
24.1		0.76462		
24.11		0.764623		
24.12		0.764626		
24.13		0.76463		
24.14		0.764633		
24.15		0.764637		
24.16		0.76464		
24.17		0.764644		
24.18		0.764647		
24.19		0.764651		
24.2		0.764654		
24.21		0.764658		
24.22		0.764661		
24.23		0.764665		
24.24		0.764668		
24.25		0.764672		
24.26		0.764675		
24.27		0.764679		
24.28		0.764682		
24.29		0.764686		
24.3		0.764689		
24.31		0.764693		
24.32		0.764696		
24.33		0.7647		
24.34		0.764704		
24.35		0.764707		
24.36		0.764711		
24.37		0.764714		
24.38		0.764718		
24.39		0.764722		
24.4		0.764725		
24.41		0.764729		
24.42		0.764733		
24.43		0.764736		
24.44		0.76474		
24.45		0.764744		
24.46		0.764747		
24.47		0.764751		
24.48		0.764755		
24.49		0.764758		
24.5		0.764762		
24.51		0.764766		
24.52		0.76477		
24.53		0.764773		
24.54		0.764777		
24.55		0.764781		
24.56		0.764785		
24.57		0.764788		
24.58		0.764792		
24.59		0.764796		
24.6		0.7648		
24.61		0.764803		
24.62		0.764807		
24.63		0.764811		
24.64		0.764815		
24.65		0.764819		
24.66		0.764822		
24.67		0.764826		
24.68		0.76483		
24.69		0.764834		
24.7		0.764838		
24.71		0.764842		
24.72		0.764845		
24.73		0.764849		
24.74		0.764853		
24.75		0.764857		
24.76		0.764861		
24.77		0.764865		
24.78		0.764869		
24.79		0.764873		
24.8		0.764877		
24.81		0.764881		
24.82		0.764884		
24.83		0.764888		
24.84		0.764892		
24.85		0.764896		
24.86		0.7649		
24.87		0.764904		
24.88		0.764908		
24.89		0.764912		
24.9		0.764916		
24.91		0.76492		
24.92		0.764924		
24.93		0.764928		
24.94		0.764932		
24.95		0.764936		
24.96		0.76494		
24.97		0.764944		
24.98		0.764948		
24.99		0.764952		
25		0.764956		
25.01		0.76496		
25.02		0.764965		
25.03		0.764969		
25.04		0.764973		
25.05		0.764977		
25.06		0.764981		
25.07		0.764985		
25.08		0.764989		
25.09		0.764993		
25.1		0.764997		
25.11		0.765001		
25.12		0.765006		
25.13		0.76501		
25.14		0.765014		
25.15		0.765018		
25.16		0.765022		
25.17		0.765026		
25.18		0.76503		
25.19		0.765035		
25.2		0.765039		
25.21		0.765043		
25.22		0.765047		
25.23		0.765051		
25.24		0.765056		
25.25		0.76506		
25.26		0.765064		
25.27		0.765068		
25.28		0.765073		
25.29		0.765077		
25.3		0.765081		
25.31		0.765085		
25.32		0.76509		
25.33		0.765094		
25.34		0.765098		
25.35		0.765102		
25.36		0.765107		
25.37		0.765111		
25.38		0.765115		
25.39		0.76512		
25.4		0.765124		
25.41		0.765128		
25.42		0.765133		
25.43		0.765137		
25.44		0.765141		
25.45		0.765146		
25.46		0.76515		
25.47		0.765154		
25.48		0.765159		
25.49		0.765163		
25.5		0.765167		
25.51		0.765172		
25.52		0.765176		
25.53		0.76518		
25.54		0.765185		
25.55		0.765189		
25.56		0.765194		
25.57		0.765198		
25.58		0.765203		
25.59		0.765207		
25.6		0.765211		
25.61		0.765216		
25.62		0.76522		
25.63		0.765225		
25.64		0.765229		
25.65		0.765234		
25.66		0.765238		
25.67		0.765243		
25.68		0.765247		
25.69		0.765252		
25.7		0.765256		
25.71		0.765261		
25.72		0.765265		
25.73		0.76527		
25.74		0.765274		
25.75		0.765279		
25.76		0.765283		
25.77		0.765288		
25.78		0.765292		
25.79		0.765297		
25.8		0.765301		
25.81		0.765306		
25.82		0.76531		
25.83		0.765315		
25.84		0.76532		
25.85		0.765324		
25.86		0.765329		
25.87		0.765333		
25.88		0.765338		
25.89		0.765343		
25.9		0.765347		
25.91		0.765352		
25.92		0.765356		
25.93		0.765361		
25.94		0.765366		
25.95		0.76537		
25.96		0.765375		
25.97		0.76538		
25.98		0.765384		
25.99		0.765389		
26		0.765394		
26.01		0.765398		
26.02		0.765403		
26.03		0.765408		
26.04		0.765412		
26.05		0.765417		
26.06		0.765422		
26.07		0.765427		
26.08		0.765431		
26.09		0.765436		
26.1		0.765441		
26.11		0.765445		
26.12		0.76545		
26.13		0.765455		
26.14		0.76546		
26.15		0.765464		
26.16		0.765469		
26.17		0.765474		
26.18		0.765479		
26.19		0.765483		
26.2		0.765488		
26.21		0.765493		
26.22		0.765498		
26.23		0.765503		
26.24		0.765507		
26.25		0.765512		
26.26		0.765517		
26.27		0.765522		
26.28		0.765527		
26.29		0.765532		
26.3		0.765536		
26.31		0.765541		
26.32		0.765546		
26.33		0.765551		
26.34		0.765556		
26.35		0.765561		
26.36		0.765565		
26.37		0.76557		
26.38		0.765575		
26.39		0.76558		
26.4		0.765585		
26.41		0.76559		
26.42		0.765595		
26.43		0.7656		
26.44		0.765605		
26.45		0.76561		
26.46		0.765614		
26.47		0.765619		
26.48		0.765624		
26.49		0.765629		
26.5		0.765634		
26.51		0.765639		
26.52		0.765644		
26.53		0.765649		
26.54		0.765654		
26.55		0.765659		
26.56		0.765664		
26.57		0.765669		
26.58		0.765674		
26.59		0.765679		
26.6		0.765684		
26.61		0.765689		
26.62		0.765694		
26.63		0.765699		
26.64		0.765704		
26.65		0.765709		
26.66		0.765714		
26.67		0.765719		
26.68		0.765724		
26.69		0.765729		
26.7		0.765734		
26.71		0.765739		
26.72		0.765744		
26.73		0.765749		
26.74		0.765754		
26.75		0.765759		
26.76		0.765765		
26.77		0.76577		
26.78		0.765775		
26.79		0.76578		
26.8		0.765785		
26.81		0.76579		
26.82		0.765795		
26.83		0.7658		
26.84		0.765805		
26.85		0.76581		
26.86		0.765816		
26.87		0.765821		
26.88		0.765826		
26.89		0.765831		
26.9		0.765836		
26.91		0.765841		
26.92		0.765846		
26.93		0.765852		
26.94		0.765857		
26.95		0.765862		
26.96		0.765867		
26.97		0.765872		
26.98		0.765877		
26.99		0.765883		
27		0.765888		
27.01		0.765893		
27.02		0.765898		
27.03		0.765903		
27.04		0.765909		
27.05		0.765914		
27.06		0.765919		
27.07		0.765924		
27.08		0.76593		
27.09		0.765935		
27.1		0.76594		
27.11		0.765945		
27.12		0.765951		
27.13		0.765956		
27.14		0.765961		
27.15		0.765966		
27.16		0.765972		
27.17		0.765977		
27.18		0.765982		
27.19		0.765987		
27.2		0.765993		
27.21		0.765998		
27.22		0.766003		
27.23		0.766009		
27.24		0.766014		
27.25		0.766019		
27.26		0.766025		
27.27		0.76603		
27.28		0.766035		
27.29		0.76604		
27.3		0.766046		
27.31		0.766051		
27.32		0.766057		
27.33		0.766062		
27.34		0.766067		
27.35		0.766073		
27.36		0.766078		
27.37		0.766083		
27.38		0.766089		
27.39		0.766094		
27.4		0.766099		
27.41		0.766105		
27.42		0.76611		
27.43		0.766116		
27.44		0.766121		
27.45		0.766126		
27.46		0.766132		
27.47		0.766137		
27.48		0.766143		
27.49		0.766148		
27.5		0.766153		
27.51		0.766159		
27.52		0.766164		
27.53		0.76617		
27.54		0.766175		
27.55		0.766181		
27.56		0.766186		
27.57		0.766192		
27.58		0.766197		
27.59		0.766202		
27.6		0.766208		
27.61		0.766213		
27.62		0.766219		
27.63		0.766224		
27.64		0.76623		
27.65		0.766235		
27.66		0.766241		
27.67		0.766246		
27.68		0.766252		
27.69		0.766257		
27.7		0.766263		
27.71		0.766268		
27.72		0.766274		
27.73		0.766279		
27.74		0.766285		
27.75		0.76629		
27.76		0.766296		
27.77		0.766301		
27.78		0.766307		
27.79		0.766313		
27.8		0.766318		
27.81		0.766324		
27.82		0.766329		
27.83		0.766335		
27.84		0.76634		
27.85		0.766346		
27.86		0.766352		
27.87		0.766357		
27.88		0.766363		
27.89		0.766368		
27.9		0.766374		
27.91		0.766379		
27.92		0.766385		
27.93		0.766391		
27.94		0.766396		
27.95		0.766402		
27.96		0.766407		
27.97		0.766413		
27.98		0.766419		
27.99		0.766424		
28		0.76643		
28.01		0.766436		
28.02		0.766441		
28.03		0.766447		
28.04		0.766453		
28.05		0.766458		
28.06		0.766464		
28.07		0.76647		
28.08		0.766475		
28.09		0.766481		
28.1		0.766487		
28.11		0.766492		
28.12		0.766498		
28.13		0.766504		
28.14		0.766509		
28.15		0.766515		
28.16		0.766521		
28.17		0.766526		
28.18		0.766532		
28.19		0.766538		
28.2		0.766543		
28.21		0.766549		
28.22		0.766555		
28.23		0.766561		
28.24		0.766566		
28.25		0.766572		
28.26		0.766578		
28.27		0.766583		
28.28		0.766589		
28.29		0.766595		
28.3		0.766601		
28.31		0.766606		
28.32		0.766612		
28.33		0.766618		
28.34		0.766624		
28.35		0.76663		
28.36		0.766635		
28.37		0.766641		
28.38		0.766647		
28.39		0.766653		
28.4		0.766658		
28.41		0.766664		
28.42		0.76667		
28.43		0.766676		
28.44		0.766682		
28.45		0.766687		
28.46		0.766693		
28.47		0.766699		
28.48		0.766705		
28.49		0.766711		
28.5		0.766716		
28.51		0.766722		
28.52		0.766728		
28.53		0.766734		
28.54		0.76674		
28.55		0.766746		
28.56		0.766751		
28.57		0.766757		
28.58		0.766763		
28.59		0.766769		
28.6		0.766775		
28.61		0.766781		
28.62		0.766787		
28.63		0.766792		
28.64		0.766798		
28.65		0.766804		
28.66		0.76681		
28.67		0.766816		
28.68		0.766822		
28.69		0.766828		
28.7		0.766834		
28.71		0.766839		
28.72		0.766845		
28.73		0.766851		
28.74		0.766857		
28.75		0.766863		
28.76		0.766869		
28.77		0.766875		
28.78		0.766881		
28.79		0.766887		
28.8		0.766893		
28.81		0.766899		
28.82		0.766905		
28.83		0.76691		
28.84		0.766916		
28.85		0.766922		
28.86		0.766928		
28.87		0.766934		
28.88		0.76694		
28.89		0.766946		
28.9		0.766952		
28.91		0.766958		
28.92		0.766964		
28.93		0.76697		
28.94		0.766976		
28.95		0.766982		
28.96		0.766988		
28.97		0.766994		
28.98		0.767		
28.99		0.767006		
29		0.767012		
29.01		0.767018		
29.02		0.767024		
29.03		0.76703		
29.04		0.767036		
29.05		0.767042		
29.06		0.767048		
29.07		0.767054		
29.08		0.76706		
29.09		0.767066		
29.1		0.767072		
29.11		0.767078		
29.12		0.767084		
29.13		0.76709		
29.14		0.767096		
29.15		0.767102		
29.16		0.767108		
29.17		0.767114		
29.18		0.76712		
29.19		0.767126		
29.2		0.767132		
29.21		0.767138		
29.22		0.767144		
29.23		0.767151		
29.24		0.767157		
29.25		0.767163		
29.26		0.767169		
29.27		0.767175		
29.28		0.767181		
29.29		0.767187		
29.3		0.767193		
29.31		0.767199		
29.32		0.767205		
29.33		0.767211		
29.34		0.767217		
29.35		0.767223		
29.36		0.76723		
29.37		0.767236		
29.38		0.767242		
29.39		0.767248		
29.4		0.767254		
29.41		0.76726		
29.42		0.767266		
29.43		0.767272		
29.44		0.767279		
29.45		0.767285		
29.46		0.767291		
29.47		0.767297		
29.48		0.767303		
29.49		0.767309		
29.5		0.767315		
29.51		0.767321		
29.52		0.767328		
29.53		0.767334		
29.54		0.76734		
29.55		0.767346		
29.56		0.767352		
29.57		0.767358		
29.58		0.767365		
29.59		0.767371		
29.6		0.767377		
29.61		0.767383		
29.62		0.767389		
29.63		0.767395		
29.64		0.767402		
29.65		0.767408		
29.66		0.767414		
29.67		0.76742		
29.68		0.767426		
29.69		0.767433		
29.7		0.767439		
29.71		0.767445		
29.72		0.767451		
29.73		0.767457		
29.74		0.767464		
29.75		0.76747		
29.76		0.767476		
29.77		0.767482		
29.78		0.767488		
29.79		0.767495		
29.8		0.767501		
29.81		0.767507		
29.82		0.767513		
29.83		0.76752		
29.84		0.767526		
29.85		0.767532		
29.86		0.767538		
29.87		0.767545		
29.88		0.767551		
29.89		0.767557		
29.9		0.767563		
29.91		0.76757		
29.92		0.767576		
29.93		0.767582		
29.94		0.767588		
29.95		0.767595		
29.96		0.767601		
29.97		0.767607		
29.98		0.767613		
29.99		0.76762		
30		0.767626		
