tau [fm]		T [fm^-1]
0.25		3.0406
0.26		3.0026		
0.27		2.9669		
0.28		2.9331		
0.29		2.9012		
0.3		2.871		
0.31		2.8423		
0.32		2.8149		
0.33		2.7889		
0.34		2.764		
0.35		2.7401		
0.36		2.7173		
0.37		2.6954		
0.38		2.6744		
0.39		2.6542		
0.4		2.6347		
0.41		2.6159		
0.42		2.5978		
0.43		2.5803		
0.44		2.5634		
0.45		2.547		
0.46		2.5311		
0.47		2.5157		
0.48		2.5008		
0.49		2.4863		
0.5		2.4722		
0.51		2.4585		
0.52		2.4451		
0.53		2.4322		
0.54		2.4195		
0.55		2.4072		
0.56		2.3952		
0.57		2.3834		
0.58		2.372		
0.59		2.3608		
0.6		2.3499		
0.61		2.3392		
0.62		2.3287		
0.63		2.3185		
0.64		2.3085		
0.65		2.2987		
0.66		2.289		
0.67		2.2796		
0.68		2.2704		
0.69		2.2613		
0.7		2.2525		
0.71		2.2437		
0.72		2.2352		
0.73		2.2268		
0.74		2.2185		
0.75		2.2104		
0.76		2.2025		
0.77		2.1946		
0.78		2.1869		
0.79		2.1794		
0.8		2.1719		
0.81		2.1646		
0.82		2.1574		
0.83		2.1503		
0.84		2.1433		
0.85		2.1364		
0.86		2.1296		
0.87		2.123		
0.88		2.1164		
0.89		2.1099		
0.9		2.1035		
0.91		2.0972		
0.92		2.091		
0.93		2.0849		
0.94		2.0788		
0.95		2.0729		
0.96		2.067		
0.97		2.0612		
0.98		2.0554		
0.99		2.0498		
1		2.0442		
1.01		2.0387		
1.02		2.0332		
1.03		2.0279		
1.04		2.0226		
1.05		2.0173		
1.06		2.0121		
1.07		2.007		
1.08		2.0019		
1.09		1.9969		
1.1		1.992		
1.11		1.9871		
1.12		1.9823		
1.13		1.9775		
1.14		1.9728		
1.15		1.9681		
1.16		1.9635		
1.17		1.9589		
1.18		1.9544		
1.19		1.9499		
1.2		1.9455		
1.21		1.9411		
1.22		1.9368		
1.23		1.9325		
1.24		1.9282		
1.25		1.924		
1.26		1.9199		
1.27		1.9158		
1.28		1.9117		
1.29		1.9076		
1.3		1.9036		
1.31		1.8997		
1.32		1.8958		
1.33		1.8919		
1.34		1.888		
1.35		1.8842		
1.36		1.8804		
1.37		1.8767		
1.38		1.873		
1.39		1.8693		
1.4		1.8657		
1.41		1.8621		
1.42		1.8585		
1.43		1.8549		
1.44		1.8514		
1.45		1.8479		
1.46		1.8445		
1.47		1.8411		
1.48		1.8377		
1.49		1.8343		
1.5		1.831		
1.51		1.8277		
1.52		1.8244		
1.53		1.8211		
1.54		1.8179		
1.55		1.8147		
1.56		1.8115		
1.57		1.8084		
1.58		1.8053		
1.59		1.8022		
1.6		1.7991		
1.61		1.796		
1.62		1.793		
1.63		1.79		
1.64		1.787		
1.65		1.7841		
1.66		1.7811		
1.67		1.7782		
1.68		1.7753		
1.69		1.7725		
1.7		1.7696		
1.71		1.7668		
1.72		1.764		
1.73		1.7612		
1.74		1.7584		
1.75		1.7557		
1.76		1.753		
1.77		1.7503		
1.78		1.7476		
1.79		1.7449		
1.8		1.7423		
1.81		1.7396		
1.82		1.737		
1.83		1.7344		
1.84		1.7319		
1.85		1.7293		
1.86		1.7268		
1.87		1.7242		
1.88		1.7217		
1.89		1.7192		
1.9		1.7168		
1.91		1.7143		
1.92		1.7119		
1.93		1.7095		
1.94		1.7071		
1.95		1.7047		
1.96		1.7023		
1.97		1.6999		
1.98		1.6976		
1.99		1.6952		
2		1.6929		
2.01		1.6906		
2.02		1.6883		
2.03		1.6861		
2.04		1.6838		
2.05		1.6816		
2.06		1.6793		
2.07		1.6771		
2.08		1.6749		
2.09		1.6727		
2.1		1.6706		
2.11		1.6684		
2.12		1.6663		
2.13		1.6641		
2.14		1.662		
2.15		1.6599		
2.16		1.6578		
2.17		1.6557		
2.18		1.6536		
2.19		1.6516		
2.2		1.6495		
2.21		1.6475		
2.22		1.6454		
2.23		1.6434		
2.24		1.6414		
2.25		1.6394		
2.26		1.6375		
2.27		1.6355		
2.28		1.6335		
2.29		1.6316		
2.3		1.6296		
2.31		1.6277		
2.32		1.6258		
2.33		1.6239		
2.34		1.622		
2.35		1.6201		
2.36		1.6182		
2.37		1.6164		
2.38		1.6145		
2.39		1.6127		
2.4		1.6109		
2.41		1.609		
2.42		1.6072		
2.43		1.6054		
2.44		1.6036		
2.45		1.6018		
2.46		1.6001		
2.47		1.5983		
2.48		1.5965		
2.49		1.5948		
2.5		1.593		
2.51		1.5913		
2.52		1.5896		
2.53		1.5879		
2.54		1.5862		
2.55		1.5845		
2.56		1.5828		
2.57		1.5811		
2.58		1.5794		
2.59		1.5778		
2.6		1.5761		
2.61		1.5745		
2.62		1.5728		
2.63		1.5712		
2.64		1.5696		
2.65		1.568		
2.66		1.5664		
2.67		1.5648		
2.68		1.5632		
2.69		1.5616		
2.7		1.56		
2.71		1.5584		
2.72		1.5569		
2.73		1.5553		
2.74		1.5538		
2.75		1.5522		
2.76		1.5507		
2.77		1.5492		
2.78		1.5477		
2.79		1.5461		
2.8		1.5446		
2.81		1.5431		
2.82		1.5417		
2.83		1.5402		
2.84		1.5387		
2.85		1.5372		
2.86		1.5358		
2.87		1.5343		
2.88		1.5328		
2.89		1.5314		
2.9		1.53		
2.91		1.5285		
2.92		1.5271		
2.93		1.5257		
2.94		1.5243		
2.95		1.5229		
2.96		1.5215		
2.97		1.5201		
2.98		1.5187		
2.99		1.5173		
3		1.5159		
3.01		1.5146		
3.02		1.5132		
3.03		1.5118		
3.04		1.5105		
3.05		1.5091		
3.06		1.5078		
3.07		1.5065		
3.08		1.5051		
3.09		1.5038		
3.1		1.5025		
3.11		1.5012		
3.12		1.4999		
3.13		1.4986		
3.14		1.4973		
3.15		1.496		
3.16		1.4947		
3.17		1.4934		
3.18		1.4921		
3.19		1.4909		
3.2		1.4896		
3.21		1.4883		
3.22		1.4871		
3.23		1.4858		
3.24		1.4846		
3.25		1.4833		
3.26		1.4821		
3.27		1.4809		
3.28		1.4796		
3.29		1.4784		
3.3		1.4772		
3.31		1.476		
3.32		1.4748		
3.33		1.4736		
3.34		1.4724		
3.35		1.4712		
3.36		1.47		
3.37		1.4688		
3.38		1.4676		
3.39		1.4665		
3.4		1.4653		
3.41		1.4641		
3.42		1.463		
3.43		1.4618		
3.44		1.4606		
3.45		1.4595		
3.46		1.4584		
3.47		1.4572		
3.48		1.4561		
3.49		1.4549		
3.5		1.4538		
3.51		1.4527		
3.52		1.4516		
3.53		1.4505		
3.54		1.4493		
3.55		1.4482		
3.56		1.4471		
3.57		1.446		
3.58		1.4449		
3.59		1.4439		
3.6		1.4428		
3.61		1.4417		
3.62		1.4406		
3.63		1.4395		
3.64		1.4385		
3.65		1.4374		
3.66		1.4363		
3.67		1.4353		
3.68		1.4342		
3.69		1.4332		
3.7		1.4321		
3.71		1.4311		
3.72		1.43		
3.73		1.429		
3.74		1.4279		
3.75		1.4269		
3.76		1.4259		
3.77		1.4249		
3.78		1.4238		
3.79		1.4228		
3.8		1.4218		
3.81		1.4208		
3.82		1.4198		
3.83		1.4188		
3.84		1.4178		
3.85		1.4168		
3.86		1.4158		
3.87		1.4148		
3.88		1.4138		
3.89		1.4128		
3.9		1.4119		
3.91		1.4109		
3.92		1.4099		
3.93		1.4089		
3.94		1.408		
3.95		1.407		
3.96		1.406		
3.97		1.4051		
3.98		1.4041		
3.99		1.4032		
4		1.4022		
4.01		1.4013		
4.02		1.4003		
4.03		1.3994		
4.04		1.3985		
4.05		1.3975		
4.06		1.3966		
4.07		1.3957		
4.08		1.3948		
4.09		1.3938		
4.1		1.3929		
4.11		1.392		
4.12		1.3911		
4.13		1.3902		
4.14		1.3893		
4.15		1.3884		
4.16		1.3875		
4.17		1.3866		
4.18		1.3857		
4.19		1.3848		
4.2		1.3839		
4.21		1.383		
4.22		1.3821		
4.23		1.3812		
4.24		1.3804		
4.25		1.3795		
4.26		1.3786		
4.27		1.3777		
4.28		1.3769		
4.29		1.376		
4.3		1.3751		
4.31		1.3743		
4.32		1.3734		
4.33		1.3726		
4.34		1.3717		
4.35		1.3709		
4.36		1.37		
4.37		1.3692		
4.38		1.3683		
4.39		1.3675		
4.4		1.3667		
4.41		1.3658		
4.42		1.365		
4.43		1.3642		
4.44		1.3633		
4.45		1.3625		
4.46		1.3617		
4.47		1.3609		
4.48		1.36		
4.49		1.3592		
4.5		1.3584		
4.51		1.3576		
4.52		1.3568		
4.53		1.356		
4.54		1.3552		
4.55		1.3544		
4.56		1.3536		
4.57		1.3528		
4.58		1.352		
4.59		1.3512		
4.6		1.3504		
4.61		1.3496		
4.62		1.3488		
4.63		1.3481		
4.64		1.3473		
4.65		1.3465		
4.66		1.3457		
4.67		1.3449		
4.68		1.3442		
4.69		1.3434		
4.7		1.3426		
4.71		1.3419		
4.72		1.3411		
4.73		1.3403		
4.74		1.3396		
4.75		1.3388		
4.76		1.3381		
4.77		1.3373		
4.78		1.3366		
4.79		1.3358		
4.8		1.3351		
4.81		1.3343		
4.82		1.3336		
4.83		1.3328		
4.84		1.3321		
4.85		1.3314		
4.86		1.3306		
4.87		1.3299		
4.88		1.3292		
4.89		1.3284		
4.9		1.3277		
4.91		1.327		
4.92		1.3263		
4.93		1.3255		
4.94		1.3248		
4.95		1.3241		
4.96		1.3234		
4.97		1.3227		
4.98		1.322		
4.99		1.3213		
5		1.3205		
5.01		1.3198		
5.02		1.3191		
5.03		1.3184		
5.04		1.3177		
5.05		1.317		
5.06		1.3163		
5.07		1.3156		
5.08		1.3149		
5.09		1.3143		
5.1		1.3136		
5.11		1.3129		
5.12		1.3122		
5.13		1.3115		
5.14		1.3108		
5.15		1.3101		
5.16		1.3095		
5.17		1.3088		
5.18		1.3081		
5.19		1.3074		
5.2		1.3068		
5.21		1.3061		
5.22		1.3054		
5.23		1.3048		
5.24		1.3041		
5.25		1.3034		
5.26		1.3028		
5.27		1.3021		
5.28		1.3014		
5.29		1.3008		
5.3		1.3001		
5.31		1.2995		
5.32		1.2988		
5.33		1.2982		
5.34		1.2975		
5.35		1.2969		
5.36		1.2962		
5.37		1.2956		
5.38		1.2949		
5.39		1.2943		
5.4		1.2937		
5.41		1.293		
5.42		1.2924		
5.43		1.2918		
5.44		1.2911		
5.45		1.2905		
5.46		1.2899		
5.47		1.2892		
5.48		1.2886		
5.49		1.288		
5.5		1.2874		
5.51		1.2867		
5.52		1.2861		
5.53		1.2855		
5.54		1.2849		
5.55		1.2843		
5.56		1.2836		
5.57		1.283		
5.58		1.2824		
5.59		1.2818		
5.6		1.2812		
5.61		1.2806		
5.62		1.28		
5.63		1.2794		
5.64		1.2788		
5.65		1.2782		
5.66		1.2776		
5.67		1.277		
5.68		1.2764		
5.69		1.2758		
5.7		1.2752		
5.71		1.2746		
5.72		1.274		
5.73		1.2734		
5.74		1.2728		
5.75		1.2722		
5.76		1.2716		
5.77		1.2711		
5.78		1.2705		
5.79		1.2699		
5.8		1.2693		
5.81		1.2687		
5.82		1.2681		
5.83		1.2676		
5.84		1.267		
5.85		1.2664		
5.86		1.2658		
5.87		1.2653		
5.88		1.2647		
5.89		1.2641		
5.9		1.2636		
5.91		1.263		
5.92		1.2624		
5.93		1.2619		
5.94		1.2613		
5.95		1.2607		
5.96		1.2602		
5.97		1.2596		
5.98		1.2591		
5.99		1.2585		
6		1.2579		
6.01		1.2574		
6.02		1.2568		
6.03		1.2563		
6.04		1.2557		
6.05		1.2552		
6.06		1.2546		
6.07		1.2541		
6.08		1.2535		
6.09		1.253		
6.1		1.2525		
6.11		1.2519		
6.12		1.2514		
6.13		1.2508		
6.14		1.2503		
6.15		1.2498		
6.16		1.2492		
6.17		1.2487		
6.18		1.2481		
6.19		1.2476		
6.2		1.2471		
6.21		1.2466		
6.22		1.246		
6.23		1.2455		
6.24		1.245		
6.25		1.2444		
6.26		1.2439		
6.27		1.2434		
6.28		1.2429		
6.29		1.2423		
6.3		1.2418		
6.31		1.2413		
6.32		1.2408		
6.33		1.2403		
6.34		1.2398		
6.35		1.2392		
6.36		1.2387		
6.37		1.2382		
6.38		1.2377		
6.39		1.2372		
6.4		1.2367		
6.41		1.2362		
6.42		1.2357		
6.43		1.2352		
6.44		1.2347		
6.45		1.2342		
6.46		1.2336		
6.47		1.2331		
6.48		1.2326		
6.49		1.2321		
6.5		1.2316		
6.51		1.2311		
6.52		1.2307		
6.53		1.2302		
6.54		1.2297		
6.55		1.2292		
6.56		1.2287		
6.57		1.2282		
6.58		1.2277		
6.59		1.2272		
6.6		1.2267		
6.61		1.2262		
6.62		1.2257		
6.63		1.2253		
6.64		1.2248		
6.65		1.2243		
6.66		1.2238		
6.67		1.2233		
6.68		1.2228		
6.69		1.2224		
6.7		1.2219		
6.71		1.2214		
6.72		1.2209		
6.73		1.2204		
6.74		1.22		
6.75		1.2195		
6.76		1.219		
6.77		1.2186		
6.78		1.2181		
6.79		1.2176		
6.8		1.2171		
6.81		1.2167		
6.82		1.2162		
6.83		1.2157		
6.84		1.2153		
6.85		1.2148		
6.86		1.2143		
6.87		1.2139		
6.88		1.2134		
6.89		1.213		
6.9		1.2125		
6.91		1.212		
6.92		1.2116		
6.93		1.2111		
6.94		1.2107		
6.95		1.2102		
6.96		1.2098		
6.97		1.2093		
6.98		1.2089		
6.99		1.2084		
7		1.208		
7.01		1.2075		
7.02		1.2071		
7.03		1.2066		
7.04		1.2062		
7.05		1.2057		
7.06		1.2053		
7.07		1.2048		
7.08		1.2044		
7.09		1.2039		
7.1		1.2035		
7.11		1.203		
7.12		1.2026		
7.13		1.2022		
7.14		1.2017		
7.15		1.2013		
7.16		1.2008		
7.17		1.2004		
7.18		1.2		
7.19		1.1995		
7.2		1.1991		
7.21		1.1987		
7.22		1.1982		
7.23		1.1978		
7.24		1.1974		
7.25		1.197		
7.26		1.1965		
7.27		1.1961		
7.28		1.1957		
7.29		1.1952		
7.3		1.1948		
7.31		1.1944		
7.32		1.194		
7.33		1.1935		
7.34		1.1931		
7.35		1.1927		
7.36		1.1923		
7.37		1.1919		
7.38		1.1914		
7.39		1.191		
7.4		1.1906		
7.41		1.1902		
7.42		1.1898		
7.43		1.1893		
7.44		1.1889		
7.45		1.1885		
7.46		1.1881		
7.47		1.1877		
7.48		1.1873		
7.49		1.1869		
7.5		1.1865		
7.51		1.186		
7.52		1.1856		
7.53		1.1852		
7.54		1.1848		
7.55		1.1844		
7.56		1.184		
7.57		1.1836		
7.58		1.1832		
7.59		1.1828		
7.6		1.1824		
7.61		1.182		
7.62		1.1816		
7.63		1.1812		
7.64		1.1808		
7.65		1.1804		
7.66		1.18		
7.67		1.1796		
7.68		1.1792		
7.69		1.1788		
7.7		1.1784		
7.71		1.178		
7.72		1.1776		
7.73		1.1772		
7.74		1.1768		
7.75		1.1764		
7.76		1.176		
7.77		1.1757		
7.78		1.1753		
7.79		1.1749		
7.8		1.1745		
7.81		1.1741		
7.82		1.1737		
7.83		1.1733		
7.84		1.1729		
7.85		1.1726		
7.86		1.1722		
7.87		1.1718		
7.88		1.1714		
7.89		1.171		
7.9		1.1706		
7.91		1.1703		
7.92		1.1699		
7.93		1.1695		
7.94		1.1691		
7.95		1.1687		
7.96		1.1684		
7.97		1.168		
7.98		1.1676		
7.99		1.1672		
8		1.1669		
8.01		1.1665		
8.02		1.1661		
8.03		1.1657		
8.04		1.1654		
8.05		1.165		
8.06		1.1646		
8.07		1.1642		
8.08		1.1639		
8.09		1.1635		
8.1		1.1631		
8.11		1.1628		
8.12		1.1624		
8.13		1.162		
8.14		1.1617		
8.15		1.1613		
8.16		1.1609		
8.17		1.1606		
8.18		1.1602		
8.19		1.1599		
8.2		1.1595		
8.21		1.1591		
8.22		1.1588		
8.23		1.1584		
8.24		1.158		
8.25		1.1577		
8.26		1.1573		
8.27		1.157		
8.28		1.1566		
8.29		1.1563		
8.3		1.1559		
8.31		1.1555		
8.32		1.1552		
8.33		1.1548		
8.34		1.1545		
8.35		1.1541		
8.36		1.1538		
8.37		1.1534		
8.38		1.1531		
8.39		1.1527		
8.4		1.1524		
8.41		1.152		
8.42		1.1517		
8.43		1.1513		
8.44		1.151		
8.45		1.1506		
8.46		1.1503		
8.47		1.1499		
8.48		1.1496		
8.49		1.1492		
8.5		1.1489		
8.51		1.1485		
8.52		1.1482		
8.53		1.1479		
8.54		1.1475		
8.55		1.1472		
8.56		1.1468		
8.57		1.1465		
8.58		1.1462		
8.59		1.1458		
8.6		1.1455		
8.61		1.1451		
8.62		1.1448		
8.63		1.1445		
8.64		1.1441		
8.65		1.1438		
8.66		1.1435		
8.67		1.1431		
8.68		1.1428		
8.69		1.1425		
8.7		1.1421		
8.71		1.1418		
8.72		1.1415		
8.73		1.1411		
8.74		1.1408		
8.75		1.1405		
8.76		1.1401		
8.77		1.1398		
8.78		1.1395		
8.79		1.1391		
8.8		1.1388		
8.81		1.1385		
8.82		1.1382		
8.83		1.1378		
8.84		1.1375		
8.85		1.1372		
8.86		1.1369		
8.87		1.1365		
8.88		1.1362		
8.89		1.1359		
8.9		1.1356		
8.91		1.1352		
8.92		1.1349		
8.93		1.1346		
8.94		1.1343		
8.95		1.134		
8.96		1.1336		
8.97		1.1333		
8.98		1.133		
8.99		1.1327		
9		1.1324		
9.01		1.132		
9.02		1.1317		
9.03		1.1314		
9.04		1.1311		
9.05		1.1308		
9.06		1.1305		
9.07		1.1301		
9.08		1.1298		
9.09		1.1295		
9.1		1.1292		
9.11		1.1289		
9.12		1.1286		
9.13		1.1283		
9.14		1.128		
9.15		1.1277		
9.16		1.1273		
9.17		1.127		
9.18		1.1267		
9.19		1.1264		
9.2		1.1261		
9.21		1.1258		
9.22		1.1255		
9.23		1.1252		
9.24		1.1249		
9.25		1.1246		
9.26		1.1243		
9.27		1.124		
9.28		1.1237		
9.29		1.1234		
9.3		1.1231		
9.31		1.1227		
9.32		1.1224		
9.33		1.1221		
9.34		1.1218		
9.35		1.1215		
9.36		1.1212		
9.37		1.1209		
9.38		1.1206		
9.39		1.1203		
9.4		1.12		
9.41		1.1197		
9.42		1.1194		
9.43		1.1191		
9.44		1.1189		
9.45		1.1186		
9.46		1.1183		
9.47		1.118		
9.48		1.1177		
9.49		1.1174		
9.5		1.1171		
9.51		1.1168		
9.52		1.1165		
9.53		1.1162		
9.54		1.1159		
9.55		1.1156		
9.56		1.1153		
9.57		1.115		
9.58		1.1147		
9.59		1.1145		
9.6		1.1142		
9.61		1.1139		
9.62		1.1136		
9.63		1.1133		
9.64		1.113		
9.65		1.1127		
9.66		1.1124		
9.67		1.1121		
9.68		1.1119		
9.69		1.1116		
9.7		1.1113		
9.71		1.111		
9.72		1.1107		
9.73		1.1104		
9.74		1.1102		
9.75		1.1099		
9.76		1.1096		
9.77		1.1093		
9.78		1.109		
9.79		1.1087		
9.8		1.1085		
9.81		1.1082		
9.82		1.1079		
9.83		1.1076		
9.84		1.1073		
9.85		1.1071		
9.86		1.1068		
9.87		1.1065		
9.88		1.1062		
9.89		1.1059		
9.9		1.1057		
9.91		1.1054		
9.92		1.1051		
9.93		1.1048		
9.94		1.1046		
9.95		1.1043		
9.96		1.104		
9.97		1.1037		
9.98		1.1035		
9.99		1.1032		
10		1.1029		
10.01		1.1026		
10.02		1.1024		
10.03		1.1021		
10.04		1.1018		
10.05		1.1016		
10.06		1.1013		
10.07		1.101		
10.08		1.1007		
10.09		1.1005		
10.1		1.1002		
10.11		1.0999		
10.12		1.0997		
10.13		1.0994		
10.14		1.0991		
10.15		1.0989		
10.16		1.0986		
10.17		1.0983		
10.18		1.0981		
10.19		1.0978		
10.2		1.0975		
10.21		1.0973		
10.22		1.097		
10.23		1.0967		
10.24		1.0965		
10.25		1.0962		
10.26		1.0959		
10.27		1.0957		
10.28		1.0954		
10.29		1.0952		
10.3		1.0949		
10.31		1.0946		
10.32		1.0944		
10.33		1.0941		
10.34		1.0939		
10.35		1.0936		
10.36		1.0933		
10.37		1.0931		
10.38		1.0928		
10.39		1.0926		
10.4		1.0923		
10.41		1.092		
10.42		1.0918		
10.43		1.0915		
10.44		1.0913		
10.45		1.091		
10.46		1.0908		
10.47		1.0905		
10.48		1.0902		
10.49		1.09		
10.5		1.0897		
10.51		1.0895		
10.52		1.0892		
10.53		1.089		
10.54		1.0887		
10.55		1.0885		
10.56		1.0882		
10.57		1.088		
10.58		1.0877		
10.59		1.0875		
10.6		1.0872		
10.61		1.087		
10.62		1.0867		
10.63		1.0865		
10.64		1.0862		
10.65		1.086		
10.66		1.0857		
10.67		1.0855		
10.68		1.0852		
10.69		1.085		
10.7		1.0847		
10.71		1.0845		
10.72		1.0842		
10.73		1.084		
10.74		1.0837		
10.75		1.0835		
10.76		1.0832		
10.77		1.083		
10.78		1.0828		
10.79		1.0825		
10.8		1.0823		
10.81		1.082		
10.82		1.0818		
10.83		1.0815		
10.84		1.0813		
10.85		1.081		
10.86		1.0808		
10.87		1.0806		
10.88		1.0803		
10.89		1.0801		
10.9		1.0798		
10.91		1.0796		
10.92		1.0794		
10.93		1.0791		
10.94		1.0789		
10.95		1.0786		
10.96		1.0784		
10.97		1.0782		
10.98		1.0779		
10.99		1.0777		
11		1.0774		
11.01		1.0772		
11.02		1.077		
11.03		1.0767		
11.04		1.0765		
11.05		1.0763		
11.06		1.076		
11.07		1.0758		
11.08		1.0756		
11.09		1.0753		
11.1		1.0751		
11.11		1.0749		
11.12		1.0746		
11.13		1.0744		
11.14		1.0742		
11.15		1.0739		
11.16		1.0737		
11.17		1.0735		
11.18		1.0732		
11.19		1.073		
11.2		1.0728		
11.21		1.0725		
11.22		1.0723		
11.23		1.0721		
11.24		1.0718		
11.25		1.0716		
11.26		1.0714		
11.27		1.0711		
11.28		1.0709		
11.29		1.0707		
11.3		1.0705		
11.31		1.0702		
11.32		1.07		
11.33		1.0698		
11.34		1.0696		
11.35		1.0693		
11.36		1.0691		
11.37		1.0689		
11.38		1.0686		
11.39		1.0684		
11.4		1.0682		
11.41		1.068		
11.42		1.0677		
11.43		1.0675		
11.44		1.0673		
11.45		1.0671		
11.46		1.0668		
11.47		1.0666		
11.48		1.0664		
11.49		1.0662		
11.5		1.066		
11.51		1.0657		
11.52		1.0655		
11.53		1.0653		
11.54		1.0651		
11.55		1.0648		
11.56		1.0646		
11.57		1.0644		
11.58		1.0642		
11.59		1.064		
11.6		1.0637		
11.61		1.0635		
11.62		1.0633		
11.63		1.0631		
11.64		1.0629		
11.65		1.0626		
11.66		1.0624		
11.67		1.0622		
11.68		1.062		
11.69		1.0618		
11.7		1.0616		
11.71		1.0613		
11.72		1.0611		
11.73		1.0609		
11.74		1.0607		
11.75		1.0605		
11.76		1.0603		
11.77		1.0601		
11.78		1.0598		
11.79		1.0596		
11.8		1.0594		
11.81		1.0592		
11.82		1.059		
11.83		1.0588		
11.84		1.0586		
11.85		1.0583		
11.86		1.0581		
11.87		1.0579		
11.88		1.0577		
11.89		1.0575		
11.9		1.0573		
11.91		1.0571		
11.92		1.0569		
11.93		1.0566		
11.94		1.0564		
11.95		1.0562		
11.96		1.056		
11.97		1.0558		
11.98		1.0556		
11.99		1.0554		
12		1.0552		
12.01		1.055		
12.02		1.0548		
12.03		1.0546		
12.04		1.0543		
12.05		1.0541		
12.06		1.0539		
12.07		1.0537		
12.08		1.0535		
12.09		1.0533		
12.1		1.0531		
12.11		1.0529		
12.12		1.0527		
12.13		1.0525		
12.14		1.0523		
12.15		1.0521		
12.16		1.0519		
12.17		1.0517		
12.18		1.0515		
12.19		1.0513		
12.2		1.0511		
12.21		1.0509		
12.22		1.0506		
12.23		1.0504		
12.24		1.0502		
12.25		1.05		
12.26		1.0498		
12.27		1.0496		
12.28		1.0494		
12.29		1.0492		
12.3		1.049		
12.31		1.0488		
12.32		1.0486		
12.33		1.0484		
12.34		1.0482		
12.35		1.048		
12.36		1.0478		
12.37		1.0476		
12.38		1.0474		
12.39		1.0472		
12.4		1.047		
12.41		1.0468		
12.42		1.0466		
12.43		1.0464		
12.44		1.0462		
12.45		1.046		
12.46		1.0458		
12.47		1.0456		
12.48		1.0454		
12.49		1.0452		
12.5		1.0451		
12.51		1.0449		
12.52		1.0447		
12.53		1.0445		
12.54		1.0443		
12.55		1.0441		
12.56		1.0439		
12.57		1.0437		
12.58		1.0435		
12.59		1.0433		
12.6		1.0431		
12.61		1.0429		
12.62		1.0427		
12.63		1.0425		
12.64		1.0423		
12.65		1.0421		
12.66		1.0419		
12.67		1.0417		
12.68		1.0416		
12.69		1.0414		
12.7		1.0412		
12.71		1.041		
12.72		1.0408		
12.73		1.0406		
12.74		1.0404		
12.75		1.0402		
12.76		1.04		
12.77		1.0398		
12.78		1.0396		
12.79		1.0395		
12.8		1.0393		
12.81		1.0391		
12.82		1.0389		
12.83		1.0387		
12.84		1.0385		
12.85		1.0383		
12.86		1.0381		
12.87		1.0379		
12.88		1.0378		
12.89		1.0376		
12.9		1.0374		
12.91		1.0372		
12.92		1.037		
12.93		1.0368		
12.94		1.0366		
12.95		1.0364		
12.96		1.0363		
12.97		1.0361		
12.98		1.0359		
12.99		1.0357		
13		1.0355		
13.01		1.0353		
13.02		1.0351		
13.03		1.035		
13.04		1.0348		
13.05		1.0346		
13.06		1.0344		
13.07		1.0342		
13.08		1.034		
13.09		1.0339		
13.1		1.0337		
13.11		1.0335		
13.12		1.0333		
13.13		1.0331		
13.14		1.0329		
13.15		1.0328		
13.16		1.0326		
13.17		1.0324		
13.18		1.0322		
13.19		1.032		
13.2		1.0319		
13.21		1.0317		
13.22		1.0315		
13.23		1.0313		
13.24		1.0311		
13.25		1.031		
13.26		1.0308		
13.27		1.0306		
13.28		1.0304		
13.29		1.0302		
13.3		1.0301		
13.31		1.0299		
13.32		1.0297		
13.33		1.0295		
13.34		1.0293		
13.35		1.0292		
13.36		1.029		
13.37		1.0288		
13.38		1.0286		
13.39		1.0285		
13.4		1.0283		
13.41		1.0281		
13.42		1.0279		
13.43		1.0278		
13.44		1.0276		
13.45		1.0274		
13.46		1.0272		
13.47		1.027		
13.48		1.0269		
13.49		1.0267		
13.5		1.0265		
13.51		1.0263		
13.52		1.0262		
13.53		1.026		
13.54		1.0258		
13.55		1.0257		
13.56		1.0255		
13.57		1.0253		
13.58		1.0251		
13.59		1.025		
13.6		1.0248		
13.61		1.0246		
13.62		1.0244		
13.63		1.0243		
13.64		1.0241		
13.65		1.0239		
13.66		1.0238		
13.67		1.0236		
13.68		1.0234		
13.69		1.0232		
13.7		1.0231		
13.71		1.0229		
13.72		1.0227		
13.73		1.0226		
13.74		1.0224		
13.75		1.0222		
13.76		1.022		
13.77		1.0219		
13.78		1.0217		
13.79		1.0215		
13.8		1.0214		
13.81		1.0212		
13.82		1.021		
13.83		1.0209		
13.84		1.0207		
13.85		1.0205		
13.86		1.0204		
13.87		1.0202		
13.88		1.02		
13.89		1.0199		
13.9		1.0197		
13.91		1.0195		
13.92		1.0194		
13.93		1.0192		
13.94		1.019		
13.95		1.0189		
13.96		1.0187		
13.97		1.0185		
13.98		1.0184		
13.99		1.0182		
14		1.018		
14.01		1.0179		
14.02		1.0177		
14.03		1.0175		
14.04		1.0174		
14.05		1.0172		
14.06		1.017		
14.07		1.0169		
14.08		1.0167		
14.09		1.0165		
14.1		1.0164		
14.11		1.0162		
14.12		1.016		
14.13		1.0159		
14.14		1.0157		
14.15		1.0156		
14.16		1.0154		
14.17		1.0152		
14.18		1.0151		
14.19		1.0149		
14.2		1.0147		
14.21		1.0146		
14.22		1.0144		
14.23		1.0143		
14.24		1.0141		
14.25		1.0139		
14.26		1.0138		
14.27		1.0136		
14.28		1.0135		
14.29		1.0133		
14.3		1.0131		
14.31		1.013		
14.32		1.0128		
14.33		1.0127		
14.34		1.0125		
14.35		1.0123		
14.36		1.0122		
14.37		1.012		
14.38		1.0119		
14.39		1.0117		
14.4		1.0115		
14.41		1.0114		
14.42		1.0112		
14.43		1.0111		
14.44		1.0109		
14.45		1.0108		
14.46		1.0106		
14.47		1.0104		
14.48		1.0103		
14.49		1.0101		
14.5		1.01		
14.51		1.0098		
14.52		1.0097		
14.53		1.0095		
14.54		1.0093		
14.55		1.0092		
14.56		1.009		
14.57		1.0089		
14.58		1.0087		
14.59		1.0086		
14.6		1.0084		
14.61		1.0083		
14.62		1.0081		
14.63		1.0079		
14.64		1.0078		
14.65		1.0076		
14.66		1.0075		
14.67		1.0073		
14.68		1.0072		
14.69		1.007		
14.7		1.0069		
14.71		1.0067		
14.72		1.0066		
14.73		1.0064		
14.74		1.0063		
14.75		1.0061		
14.76		1.006		
14.77		1.0058		
14.78		1.0056		
14.79		1.0055		
14.8		1.0053		
14.81		1.0052		
14.82		1.005		
14.83		1.0049		
14.84		1.0047		
14.85		1.0046		
14.86		1.0044		
14.87		1.0043		
14.88		1.0041		
14.89		1.004		
14.9		1.0038		
14.91		1.0037		
14.92		1.0035		
14.93		1.0034		
14.94		1.0032		
14.95		1.0031		
14.96		1.0029		
14.97		1.0028		
14.98		1.0026		
14.99		1.0025		
15		1.0023		
15.01		1.0022		
15.02		1.002		
15.03		1.0019		
15.04		1.0017		
15.05		1.0016		
15.06		1.0014		
15.07		1.0013		
15.08		1.0012		
15.09		1.001		
15.1		1.0009		
15.11		1.0007		
15.12		1.0006		
15.13		1.0004		
15.14		1.0003		
15.15		1.0001		
15.16		0.99998		
15.17		0.99983		
15.18		0.99968		
15.19		0.99954		
15.2		0.99939		
15.21		0.99925		
15.22		0.9991		
15.23		0.99895		
15.24		0.99881		
15.25		0.99866		
15.26		0.99852		
15.27		0.99837		
15.28		0.99823		
15.29		0.99809		
15.3		0.99794		
15.31		0.9978		
15.32		0.99765		
15.33		0.99751		
15.34		0.99737		
15.35		0.99722		
15.36		0.99708		
15.37		0.99693		
15.38		0.99679		
15.39		0.99665		
15.4		0.99651		
15.41		0.99636		
15.42		0.99622		
15.43		0.99608		
15.44		0.99594		
15.45		0.99579		
15.46		0.99565		
15.47		0.99551		
15.48		0.99537		
15.49		0.99523		
15.5		0.99508		
15.51		0.99494		
15.52		0.9948		
15.53		0.99466		
15.54		0.99452		
15.55		0.99438		
15.56		0.99424		
15.57		0.9941		
15.58		0.99396		
15.59		0.99382		
15.6		0.99368		
15.61		0.99354		
15.62		0.9934		
15.63		0.99326		
15.64		0.99312		
15.65		0.99298		
15.66		0.99284		
15.67		0.9927		
15.68		0.99256		
15.69		0.99242		
15.7		0.99228		
15.71		0.99215		
15.72		0.99201		
15.73		0.99187		
15.74		0.99173		
15.75		0.99159		
15.76		0.99145		
15.77		0.99132		
15.78		0.99118		
15.79		0.99104		
15.8		0.9909		
15.81		0.99077		
15.82		0.99063		
15.83		0.99049		
15.84		0.99036		
15.85		0.99022		
15.86		0.99008		
15.87		0.98995		
15.88		0.98981		
15.89		0.98967		
15.9		0.98954		
15.91		0.9894		
15.92		0.98927		
15.93		0.98913		
15.94		0.989		
15.95		0.98886		
15.96		0.98873		
15.97		0.98859		
15.98		0.98846		
15.99		0.98832		
16		0.98819		
16.01		0.98805		
16.02		0.98792		
16.03		0.98778		
16.04		0.98765		
16.05		0.98751		
16.06		0.98738		
16.07		0.98725		
16.08		0.98711		
16.09		0.98698		
16.1		0.98685		
16.11		0.98671		
16.12		0.98658		
16.13		0.98645		
16.14		0.98631		
16.15		0.98618		
16.16		0.98605		
16.17		0.98592		
16.18		0.98578		
16.19		0.98565		
16.2		0.98552		
16.21		0.98539		
16.22		0.98526		
16.23		0.98512		
16.24		0.98499		
16.25		0.98486		
16.26		0.98473		
16.27		0.9846		
16.28		0.98447		
16.29		0.98434		
16.3		0.98421		
16.31		0.98407		
16.32		0.98394		
16.33		0.98381		
16.34		0.98368		
16.35		0.98355		
16.36		0.98342		
16.37		0.98329		
16.38		0.98316		
16.39		0.98303		
16.4		0.9829		
16.41		0.98277		
16.42		0.98265		
16.43		0.98252		
16.44		0.98239		
16.45		0.98226		
16.46		0.98213		
16.47		0.982		
16.48		0.98187		
16.49		0.98174		
16.5		0.98161		
16.51		0.98149		
16.52		0.98136		
16.53		0.98123		
16.54		0.9811		
16.55		0.98097		
16.56		0.98085		
16.57		0.98072		
16.58		0.98059		
16.59		0.98046		
16.6		0.98034		
16.61		0.98021		
16.62		0.98008		
16.63		0.97996		
16.64		0.97983		
16.65		0.9797		
16.66		0.97958		
16.67		0.97945		
16.68		0.97932		
16.69		0.9792		
16.7		0.97907		
16.71		0.97895		
16.72		0.97882		
16.73		0.9787		
16.74		0.97857		
16.75		0.97844		
16.76		0.97832		
16.77		0.97819		
16.78		0.97807		
16.79		0.97794		
16.8		0.97782		
16.81		0.97769		
16.82		0.97757		
16.83		0.97745		
16.84		0.97732		
16.85		0.9772		
16.86		0.97707		
16.87		0.97695		
16.88		0.97682		
16.89		0.9767		
16.9		0.97658		
16.91		0.97645		
16.92		0.97633		
16.93		0.97621		
16.94		0.97608		
16.95		0.97596		
16.96		0.97584		
16.97		0.97571		
16.98		0.97559		
16.99		0.97547		
17		0.97535		
17.01		0.97522		
17.02		0.9751		
17.03		0.97498		
17.04		0.97486		
17.05		0.97474		
17.06		0.97461		
17.07		0.97449		
17.08		0.97437		
17.09		0.97425		
17.1		0.97413		
17.11		0.97401		
17.12		0.97389		
17.13		0.97376		
17.14		0.97364		
17.15		0.97352		
17.16		0.9734		
17.17		0.97328		
17.18		0.97316		
17.19		0.97304		
17.2		0.97292		
17.21		0.9728		
17.22		0.97268		
17.23		0.97256		
17.24		0.97244		
17.25		0.97232		
17.26		0.9722		
17.27		0.97208		
17.28		0.97196		
17.29		0.97184		
17.3		0.97172		
17.31		0.9716		
17.32		0.97148		
17.33		0.97137		
17.34		0.97125		
17.35		0.97113		
17.36		0.97101		
17.37		0.97089		
17.38		0.97077		
17.39		0.97065		
17.4		0.97054		
17.41		0.97042		
17.42		0.9703		
17.43		0.97018		
17.44		0.97006		
17.45		0.96995		
17.46		0.96983		
17.47		0.96971		
17.48		0.9696		
17.49		0.96948		
17.5		0.96936		
17.51		0.96924		
17.52		0.96913		
17.53		0.96901		
17.54		0.96889		
17.55		0.96878		
17.56		0.96866		
17.57		0.96854		
17.58		0.96843		
17.59		0.96831		
17.6		0.9682		
17.61		0.96808		
17.62		0.96796		
17.63		0.96785		
17.64		0.96773		
17.65		0.96762		
17.66		0.9675		
17.67		0.96739		
17.68		0.96727		
17.69		0.96716		
17.7		0.96704		
17.71		0.96693		
17.72		0.96681		
17.73		0.9667		
17.74		0.96658		
17.75		0.96647		
17.76		0.96635		
17.77		0.96624		
17.78		0.96612		
17.79		0.96601		
17.8		0.9659		
17.81		0.96578		
17.82		0.96567		
17.83		0.96555		
17.84		0.96544		
17.85		0.96533		
17.86		0.96521		
17.87		0.9651		
17.88		0.96499		
17.89		0.96487		
17.9		0.96476		
17.91		0.96465		
17.92		0.96454		
17.93		0.96442		
17.94		0.96431		
17.95		0.9642		
17.96		0.96409		
17.97		0.96397		
17.98		0.96386		
17.99		0.96375		
18		0.96364		
18.01		0.96353		
18.02		0.96341		
18.03		0.9633		
18.04		0.96319		
18.05		0.96308		
18.06		0.96297		
18.07		0.96286		
18.08		0.96274		
18.09		0.96263		
18.1		0.96252		
18.11		0.96241		
18.12		0.9623		
18.13		0.96219		
18.14		0.96208		
18.15		0.96197		
18.16		0.96186		
18.17		0.96175		
18.18		0.96164		
18.19		0.96153		
18.2		0.96142		
18.21		0.96131		
18.22		0.9612		
18.23		0.96109		
18.24		0.96098		
18.25		0.96087		
18.26		0.96076		
18.27		0.96065		
18.28		0.96054		
18.29		0.96043		
18.3		0.96032		
18.31		0.96021		
18.32		0.9601		
18.33		0.95999		
18.34		0.95989		
18.35		0.95978		
18.36		0.95967		
18.37		0.95956		
18.38		0.95945		
18.39		0.95934		
18.4		0.95924		
18.41		0.95913		
18.42		0.95902		
18.43		0.95891		
18.44		0.9588		
18.45		0.9587		
18.46		0.95859		
18.47		0.95848		
18.48		0.95837		
18.49		0.95827		
18.5		0.95816		
18.51		0.95805		
18.52		0.95794		
18.53		0.95784		
18.54		0.95773		
18.55		0.95762		
18.56		0.95752		
18.57		0.95741		
18.58		0.9573		
18.59		0.9572		
18.6		0.95709		
18.61		0.95698		
18.62		0.95688		
18.63		0.95677		
18.64		0.95667		
18.65		0.95656		
18.66		0.95645		
18.67		0.95635		
18.68		0.95624		
18.69		0.95614		
18.7		0.95603		
18.71		0.95593		
18.72		0.95582		
18.73		0.95572		
18.74		0.95561		
18.75		0.95551		
18.76		0.9554		
18.77		0.9553		
18.78		0.95519		
18.79		0.95509		
18.8		0.95498		
18.81		0.95488		
18.82		0.95477		
18.83		0.95467		
18.84		0.95456		
18.85		0.95446		
18.86		0.95436		
18.87		0.95425		
18.88		0.95415		
18.89		0.95404		
18.9		0.95394		
18.91		0.95384		
18.92		0.95373		
18.93		0.95363		
18.94		0.95353		
18.95		0.95342		
18.96		0.95332		
18.97		0.95322		
18.98		0.95311		
18.99		0.95301		
19		0.95291		
19.01		0.9528		
19.02		0.9527		
19.03		0.9526		
19.04		0.9525		
19.05		0.95239		
19.06		0.95229		
19.07		0.95219		
19.08		0.95209		
19.09		0.95199		
19.1		0.95188		
19.11		0.95178		
19.12		0.95168		
19.13		0.95158		
19.14		0.95148		
19.15		0.95137		
19.16		0.95127		
19.17		0.95117		
19.18		0.95107		
19.19		0.95097		
19.2		0.95087		
19.21		0.95077		
19.22		0.95067		
19.23		0.95056		
19.24		0.95046		
19.25		0.95036		
19.26		0.95026		
19.27		0.95016		
19.28		0.95006		
19.29		0.94996		
19.3		0.94986		
19.31		0.94976		
19.32		0.94966		
19.33		0.94956		
19.34		0.94946		
19.35		0.94936		
19.36		0.94926		
19.37		0.94916		
19.38		0.94906		
19.39		0.94896		
19.4		0.94886		
19.41		0.94876		
19.42		0.94866		
19.43		0.94856		
19.44		0.94846		
19.45		0.94836		
19.46		0.94827		
19.47		0.94817		
19.48		0.94807		
19.49		0.94797		
19.5		0.94787		
19.51		0.94777		
19.52		0.94767		
19.53		0.94757		
19.54		0.94748		
19.55		0.94738		
19.56		0.94728		
19.57		0.94718		
19.58		0.94708		
19.59		0.94699		
19.6		0.94689		
19.61		0.94679		
19.62		0.94669		
19.63		0.94659		
19.64		0.9465		
19.65		0.9464		
19.66		0.9463		
19.67		0.9462		
19.68		0.94611		
19.69		0.94601		
19.7		0.94591		
19.71		0.94581		
19.72		0.94572		
19.73		0.94562		
19.74		0.94552		
19.75		0.94543		
19.76		0.94533		
19.77		0.94523		
19.78		0.94514		
19.79		0.94504		
19.8		0.94494		
19.81		0.94485		
19.82		0.94475		
19.83		0.94466		
19.84		0.94456		
19.85		0.94446		
19.86		0.94437		
19.87		0.94427		
19.88		0.94418		
19.89		0.94408		
19.9		0.94399		
19.91		0.94389		
19.92		0.94379		
19.93		0.9437		
19.94		0.9436		
19.95		0.94351		
19.96		0.94341		
19.97		0.94332		
19.98		0.94322		
19.99		0.94313		
20		0.94303		
20.01		0.94294		
20.02		0.94284		
20.03		0.94275		
20.04		0.94265		
20.05		0.94256		
20.06		0.94247		
20.07		0.94237		
20.08		0.94228		
20.09		0.94218		
20.1		0.94209		
20.11		0.94199		
20.12		0.9419		
20.13		0.94181		
20.14		0.94171		
20.15		0.94162		
20.16		0.94153		
20.17		0.94143		
20.18		0.94134		
20.19		0.94124		
20.2		0.94115		
20.21		0.94106		
20.22		0.94096		
20.23		0.94087		
20.24		0.94078		
20.25		0.94069		
20.26		0.94059		
20.27		0.9405		
20.28		0.94041		
20.29		0.94031		
20.3		0.94022		
20.31		0.94013		
20.32		0.94004		
20.33		0.93994		
20.34		0.93985		
20.35		0.93976		
20.36		0.93967		
20.37		0.93957		
20.38		0.93948		
20.39		0.93939		
20.4		0.9393		
20.41		0.93921		
20.42		0.93911		
20.43		0.93902		
20.44		0.93893		
20.45		0.93884		
20.46		0.93875		
20.47		0.93866		
20.48		0.93857		
20.49		0.93847		
20.5		0.93838		
20.51		0.93829		
20.52		0.9382		
20.53		0.93811		
20.54		0.93802		
20.55		0.93793		
20.56		0.93784		
20.57		0.93775		
20.58		0.93766		
20.59		0.93757		
20.6		0.93747		
20.61		0.93738		
20.62		0.93729		
20.63		0.9372		
20.64		0.93711		
20.65		0.93702		
20.66		0.93693		
20.67		0.93684		
20.68		0.93675		
20.69		0.93666		
20.7		0.93657		
20.71		0.93648		
20.72		0.93639		
20.73		0.9363		
20.74		0.93621		
20.75		0.93612		
20.76		0.93604		
20.77		0.93595		
20.78		0.93586		
20.79		0.93577		
20.8		0.93568		
20.81		0.93559		
20.82		0.9355		
20.83		0.93541		
20.84		0.93532		
20.85		0.93523		
20.86		0.93514		
20.87		0.93506		
20.88		0.93497		
20.89		0.93488		
20.9		0.93479		
20.91		0.9347		
20.92		0.93461		
20.93		0.93453		
20.94		0.93444		
20.95		0.93435		
20.96		0.93426		
20.97		0.93417		
20.98		0.93408		
20.99		0.934		
21		0.93391		
21.01		0.93382		
21.02		0.93373		
21.03		0.93365		
21.04		0.93356		
21.05		0.93347		
21.06		0.93338		
21.07		0.9333		
21.08		0.93321		
21.09		0.93312		
21.1		0.93303		
21.11		0.93295		
21.12		0.93286		
21.13		0.93277		
21.14		0.93269		
21.15		0.9326		
21.16		0.93251		
21.17		0.93243		
21.18		0.93234		
21.19		0.93225		
21.2		0.93217		
21.21		0.93208		
21.22		0.93199		
21.23		0.93191		
21.24		0.93182		
21.25		0.93173		
21.26		0.93165		
21.27		0.93156		
21.28		0.93148		
21.29		0.93139		
21.3		0.9313		
21.31		0.93122		
21.32		0.93113		
21.33		0.93105		
21.34		0.93096		
21.35		0.93088		
21.36		0.93079		
21.37		0.93071		
21.38		0.93062		
21.39		0.93053		
21.4		0.93045		
21.41		0.93036		
21.42		0.93028		
21.43		0.93019		
21.44		0.93011		
21.45		0.93002		
21.46		0.92994		
21.47		0.92985		
21.48		0.92977		
21.49		0.92969		
21.5		0.9296		
21.51		0.92952		
21.52		0.92943		
21.53		0.92935		
21.54		0.92926		
21.55		0.92918		
21.56		0.92909		
21.57		0.92901		
21.58		0.92893		
21.59		0.92884		
21.6		0.92876		
21.61		0.92867		
21.62		0.92859		
21.63		0.92851		
21.64		0.92842		
21.65		0.92834		
21.66		0.92826		
21.67		0.92817		
21.68		0.92809		
21.69		0.928		
21.7		0.92792		
21.71		0.92784		
21.72		0.92775		
21.73		0.92767		
21.74		0.92759		
21.75		0.92751		
21.76		0.92742		
21.77		0.92734		
21.78		0.92726		
21.79		0.92717		
21.8		0.92709		
21.81		0.92701		
21.82		0.92693		
21.83		0.92684		
21.84		0.92676		
21.85		0.92668		
21.86		0.9266		
21.87		0.92651		
21.88		0.92643		
21.89		0.92635		
21.9		0.92627		
21.91		0.92618		
21.92		0.9261		
21.93		0.92602		
21.94		0.92594		
21.95		0.92586		
21.96		0.92577		
21.97		0.92569		
21.98		0.92561		
21.99		0.92553		
22		0.92545		
22.01		0.92537		
22.02		0.92528		
22.03		0.9252		
22.04		0.92512		
22.05		0.92504		
22.06		0.92496		
22.07		0.92488		
22.08		0.9248		
22.09		0.92472		
22.1		0.92464		
22.11		0.92455		
22.12		0.92447		
22.13		0.92439		
22.14		0.92431		
22.15		0.92423		
22.16		0.92415		
22.17		0.92407		
22.18		0.92399		
22.19		0.92391		
22.2		0.92383		
22.21		0.92375		
22.22		0.92367		
22.23		0.92359		
22.24		0.92351		
22.25		0.92343		
22.26		0.92335		
22.27		0.92327		
22.28		0.92319		
22.29		0.92311		
22.3		0.92303		
22.31		0.92295		
22.32		0.92287		
22.33		0.92279		
22.34		0.92271		
22.35		0.92263		
22.36		0.92255		
22.37		0.92247		
22.38		0.92239		
22.39		0.92231		
22.4		0.92223		
22.41		0.92215		
22.42		0.92207		
22.43		0.92199		
22.44		0.92191		
22.45		0.92184		
22.46		0.92176		
22.47		0.92168		
22.48		0.9216		
22.49		0.92152		
22.5		0.92144		
22.51		0.92136		
22.52		0.92128		
22.53		0.92121		
22.54		0.92113		
22.55		0.92105		
22.56		0.92097		
22.57		0.92089		
22.58		0.92081		
22.59		0.92074		
22.6		0.92066		
22.61		0.92058		
22.62		0.9205		
22.63		0.92042		
22.64		0.92034		
22.65		0.92027		
22.66		0.92019		
22.67		0.92011		
22.68		0.92003		
22.69		0.91996		
22.7		0.91988		
22.71		0.9198		
22.72		0.91972		
22.73		0.91965		
22.74		0.91957		
22.75		0.91949		
22.76		0.91941		
22.77		0.91934		
22.78		0.91926		
22.79		0.91918		
22.8		0.9191		
22.81		0.91903		
22.82		0.91895		
22.83		0.91887		
22.84		0.9188		
22.85		0.91872		
22.86		0.91864		
22.87		0.91857		
22.88		0.91849		
22.89		0.91841		
22.9		0.91834		
22.91		0.91826		
22.92		0.91818		
22.93		0.91811		
22.94		0.91803		
22.95		0.91795		
22.96		0.91788		
22.97		0.9178		
22.98		0.91773		
22.99		0.91765		
23		0.91757		
23.01		0.9175		
23.02		0.91742		
23.03		0.91735		
23.04		0.91727		
23.05		0.91719		
23.06		0.91712		
23.07		0.91704		
23.08		0.91697		
23.09		0.91689		
23.1		0.91682		
23.11		0.91674		
23.12		0.91667		
23.13		0.91659		
23.14		0.91651		
23.15		0.91644		
23.16		0.91636		
23.17		0.91629		
23.18		0.91621		
23.19		0.91614		
23.2		0.91606		
23.21		0.91599		
23.22		0.91591		
23.23		0.91584		
23.24		0.91576		
23.25		0.91569		
23.26		0.91561		
23.27		0.91554		
23.28		0.91547		
23.29		0.91539		
23.3		0.91532		
23.31		0.91524		
23.32		0.91517		
23.33		0.91509		
23.34		0.91502		
23.35		0.91494		
23.36		0.91487		
23.37		0.9148		
23.38		0.91472		
23.39		0.91465		
23.4		0.91457		
23.41		0.9145		
23.42		0.91443		
23.43		0.91435		
23.44		0.91428		
23.45		0.9142		
23.46		0.91413		
23.47		0.91406		
23.48		0.91398		
23.49		0.91391		
23.5		0.91384		
23.51		0.91376		
23.52		0.91369		
23.53		0.91362		
23.54		0.91354		
23.55		0.91347		
23.56		0.9134		
23.57		0.91332		
23.58		0.91325		
23.59		0.91318		
23.6		0.9131		
23.61		0.91303		
23.62		0.91296		
23.63		0.91289		
23.64		0.91281		
23.65		0.91274		
23.66		0.91267		
23.67		0.91259		
23.68		0.91252		
23.69		0.91245		
23.7		0.91238		
23.71		0.9123		
23.72		0.91223		
23.73		0.91216		
23.74		0.91209		
23.75		0.91201		
23.76		0.91194		
23.77		0.91187		
23.78		0.9118		
23.79		0.91173		
23.8		0.91165		
23.81		0.91158		
23.82		0.91151		
23.83		0.91144		
23.84		0.91137		
23.85		0.91129		
23.86		0.91122		
23.87		0.91115		
23.88		0.91108		
23.89		0.91101		
23.9		0.91094		
23.91		0.91086		
23.92		0.91079		
23.93		0.91072		
23.94		0.91065		
23.95		0.91058		
23.96		0.91051		
23.97		0.91044		
23.98		0.91037		
23.99		0.91029		
24		0.91022		
24.01		0.91015		
24.02		0.91008		
24.03		0.91001		
24.04		0.90994		
24.05		0.90987		
24.06		0.9098		
24.07		0.90973		
24.08		0.90966		
24.09		0.90959		
24.1		0.90951		
24.11		0.90944		
24.12		0.90937		
24.13		0.9093		
24.14		0.90923		
24.15		0.90916		
24.16		0.90909		
24.17		0.90902		
24.18		0.90895		
24.19		0.90888		
24.2		0.90881		
24.21		0.90874		
24.22		0.90867		
24.23		0.9086		
24.24		0.90853		
24.25		0.90846		
24.26		0.90839		
24.27		0.90832		
24.28		0.90825		
24.29		0.90818		
24.3		0.90811		
24.31		0.90804		
24.32		0.90797		
24.33		0.9079		
24.34		0.90783		
24.35		0.90776		
24.36		0.90769		
24.37		0.90762		
24.38		0.90756		
24.39		0.90749		
24.4		0.90742		
24.41		0.90735		
24.42		0.90728		
24.43		0.90721		
24.44		0.90714		
24.45		0.90707		
24.46		0.907		
24.47		0.90693		
24.48		0.90686		
24.49		0.9068		
24.5		0.90673		
24.51		0.90666		
24.52		0.90659		
24.53		0.90652		
24.54		0.90645		
24.55		0.90638		
24.56		0.90631		
24.57		0.90625		
24.58		0.90618		
24.59		0.90611		
24.6		0.90604		
24.61		0.90597		
24.62		0.9059		
24.63		0.90584		
24.64		0.90577		
24.65		0.9057		
24.66		0.90563		
24.67		0.90556		
24.68		0.9055		
24.69		0.90543		
24.7		0.90536		
24.71		0.90529		
24.72		0.90522		
24.73		0.90516		
24.74		0.90509		
24.75		0.90502		
24.76		0.90495		
24.77		0.90489		
24.78		0.90482		
24.79		0.90475		
24.8		0.90468		
24.81		0.90461		
24.82		0.90455		
24.83		0.90448		
24.84		0.90441		
24.85		0.90435		
24.86		0.90428		
24.87		0.90421		
24.88		0.90414		
24.89		0.90408		
24.9		0.90401		
24.91		0.90394		
24.92		0.90388		
24.93		0.90381		
24.94		0.90374		
24.95		0.90367		
24.96		0.90361		
24.97		0.90354		
24.98		0.90347		
24.99		0.90341		
25		0.90334		
25.01		0.90327		
25.02		0.90321		
25.03		0.90314		
25.04		0.90307		
25.05		0.90301		
25.06		0.90294		
25.07		0.90288		
25.08		0.90281		
25.09		0.90274		
25.1		0.90268		
25.11		0.90261		
25.12		0.90254		
25.13		0.90248		
25.14		0.90241		
25.15		0.90235		
25.16		0.90228		
25.17		0.90221		
25.18		0.90215		
25.19		0.90208		
25.2		0.90202		
25.21		0.90195		
25.22		0.90188		
25.23		0.90182		
25.24		0.90175		
25.25		0.90169		
25.26		0.90162		
25.27		0.90156		
25.28		0.90149		
25.29		0.90143		
25.3		0.90136		
25.31		0.90129		
25.32		0.90123		
25.33		0.90116		
25.34		0.9011		
25.35		0.90103		
25.36		0.90097		
25.37		0.9009		
25.38		0.90084		
25.39		0.90077		
25.4		0.90071		
25.41		0.90064		
25.42		0.90058		
25.43		0.90051		
25.44		0.90045		
25.45		0.90038		
25.46		0.90032		
25.47		0.90025		
25.48		0.90019		
25.49		0.90012		
25.5		0.90006		
25.51		0.89999		
25.52		0.89993		
25.53		0.89987		
25.54		0.8998		
25.55		0.89974		
25.56		0.89967		
25.57		0.89961		
25.58		0.89954		
25.59		0.89948		
25.6		0.89942		
25.61		0.89935		
25.62		0.89929		
25.63		0.89922		
25.64		0.89916		
25.65		0.89909		
25.66		0.89903		
25.67		0.89897		
25.68		0.8989		
25.69		0.89884		
25.7		0.89877		
25.71		0.89871		
25.72		0.89865		
25.73		0.89858		
25.74		0.89852		
25.75		0.89846		
25.76		0.89839		
25.77		0.89833		
25.78		0.89827		
25.79		0.8982		
25.8		0.89814		
25.81		0.89808		
25.82		0.89801		
25.83		0.89795		
25.84		0.89788		
25.85		0.89782		
25.86		0.89776		
25.87		0.8977		
25.88		0.89763		
25.89		0.89757		
25.9		0.89751		
25.91		0.89744		
25.92		0.89738		
25.93		0.89732		
25.94		0.89725		
25.95		0.89719		
25.96		0.89713		
25.97		0.89707		
25.98		0.897		
25.99		0.89694		
26		0.89688		
26.01		0.89681		
26.02		0.89675		
26.03		0.89669		
26.04		0.89663		
26.05		0.89656		
26.06		0.8965		
26.07		0.89644		
26.08		0.89638		
26.09		0.89631		
26.1		0.89625		
26.11		0.89619		
26.12		0.89613		
26.13		0.89607		
26.14		0.896		
26.15		0.89594		
26.16		0.89588		
26.17		0.89582		
26.18		0.89575		
26.19		0.89569		
26.2		0.89563		
26.21		0.89557		
26.22		0.89551		
26.23		0.89544		
26.24		0.89538		
26.25		0.89532		
26.26		0.89526		
26.27		0.8952		
26.28		0.89514		
26.29		0.89507		
26.3		0.89501		
26.31		0.89495		
26.32		0.89489		
26.33		0.89483		
26.34		0.89477		
26.35		0.89471		
26.36		0.89464		
26.37		0.89458		
26.38		0.89452		
26.39		0.89446		
26.4		0.8944		
26.41		0.89434		
26.42		0.89428		
26.43		0.89422		
26.44		0.89415		
26.45		0.89409		
26.46		0.89403		
26.47		0.89397		
26.48		0.89391		
26.49		0.89385		
26.5		0.89379		
26.51		0.89373		
26.52		0.89367		
26.53		0.89361		
26.54		0.89355		
26.55		0.89348		
26.56		0.89342		
26.57		0.89336		
26.58		0.8933		
26.59		0.89324		
26.6		0.89318		
26.61		0.89312		
26.62		0.89306		
26.63		0.893		
26.64		0.89294		
26.65		0.89288		
26.66		0.89282		
26.67		0.89276		
26.68		0.8927		
26.69		0.89264		
26.7		0.89258		
26.71		0.89252		
26.72		0.89246		
26.73		0.8924		
26.74		0.89234		
26.75		0.89228		
26.76		0.89222		
26.77		0.89216		
26.78		0.8921		
26.79		0.89204		
26.8		0.89198		
26.81		0.89192		
26.82		0.89186		
26.83		0.8918		
26.84		0.89174		
26.85		0.89168		
26.86		0.89162		
26.87		0.89156		
26.88		0.8915		
26.89		0.89144		
26.9		0.89138		
26.91		0.89132		
26.92		0.89126		
26.93		0.8912		
26.94		0.89114		
26.95		0.89108		
26.96		0.89103		
26.97		0.89097		
26.98		0.89091		
26.99		0.89085		
27		0.89079		
27.01		0.89073		
27.02		0.89067		
27.03		0.89061		
27.04		0.89055		
27.05		0.89049		
27.06		0.89043		
27.07		0.89038		
27.08		0.89032		
27.09		0.89026		
27.1		0.8902		
27.11		0.89014		
27.12		0.89008		
27.13		0.89002		
27.14		0.88996		
27.15		0.88991		
27.16		0.88985		
27.17		0.88979		
27.18		0.88973		
27.19		0.88967		
27.2		0.88961		
27.21		0.88955		
27.22		0.8895		
27.23		0.88944		
27.24		0.88938		
27.25		0.88932		
27.26		0.88926		
27.27		0.8892		
27.28		0.88915		
27.29		0.88909		
27.3		0.88903		
27.31		0.88897		
27.32		0.88891		
27.33		0.88886		
27.34		0.8888		
27.35		0.88874		
27.36		0.88868		
27.37		0.88862		
27.38		0.88857		
27.39		0.88851		
27.4		0.88845		
27.41		0.88839		
27.42		0.88833		
27.43		0.88828		
27.44		0.88822		
27.45		0.88816		
27.46		0.8881		
27.47		0.88805		
27.48		0.88799		
27.49		0.88793		
27.5		0.88787		
27.51		0.88782		
27.52		0.88776		
27.53		0.8877		
27.54		0.88764		
27.55		0.88759		
27.56		0.88753		
27.57		0.88747		
27.58		0.88742		
27.59		0.88736		
27.6		0.8873		
27.61		0.88724		
27.62		0.88719		
27.63		0.88713		
27.64		0.88707		
27.65		0.88702		
27.66		0.88696		
27.67		0.8869		
27.68		0.88684		
27.69		0.88679		
27.7		0.88673		
27.71		0.88667		
27.72		0.88662		
27.73		0.88656		
27.74		0.8865		
27.75		0.88645		
27.76		0.88639		
27.77		0.88633		
27.78		0.88628		
27.79		0.88622		
27.8		0.88616		
27.81		0.88611		
27.82		0.88605		
27.83		0.88599		
27.84		0.88594		
27.85		0.88588		
27.86		0.88583		
27.87		0.88577		
27.88		0.88571		
27.89		0.88566		
27.9		0.8856		
27.91		0.88554		
27.92		0.88549		
27.93		0.88543		
27.94		0.88538		
27.95		0.88532		
27.96		0.88526		
27.97		0.88521		
27.98		0.88515		
27.99		0.8851		
28		0.88504		
28.01		0.88498		
28.02		0.88493		
28.03		0.88487		
28.04		0.88482		
28.05		0.88476		
28.06		0.8847		
28.07		0.88465		
28.08		0.88459		
28.09		0.88454		
28.1		0.88448		
28.11		0.88443		
28.12		0.88437		
28.13		0.88432		
28.14		0.88426		
28.15		0.8842		
28.16		0.88415		
28.17		0.88409		
28.18		0.88404		
28.19		0.88398		
28.2		0.88393		
28.21		0.88387		
28.22		0.88382		
28.23		0.88376		
28.24		0.88371		
28.25		0.88365		
28.26		0.8836		
28.27		0.88354		
28.28		0.88349		
28.29		0.88343		
28.3		0.88338		
28.31		0.88332		
28.32		0.88327		
28.33		0.88321		
28.34		0.88316		
28.35		0.8831		
28.36		0.88305		
28.37		0.88299		
28.38		0.88294		
28.39		0.88288		
28.4		0.88283		
28.41		0.88277		
28.42		0.88272		
28.43		0.88266		
28.44		0.88261		
28.45		0.88255		
28.46		0.8825		
28.47		0.88244		
28.48		0.88239		
28.49		0.88234		
28.5		0.88228		
28.51		0.88223		
28.52		0.88217		
28.53		0.88212		
28.54		0.88206		
28.55		0.88201		
28.56		0.88196		
28.57		0.8819		
28.58		0.88185		
28.59		0.88179		
28.6		0.88174		
28.61		0.88168		
28.62		0.88163		
28.63		0.88158		
28.64		0.88152		
28.65		0.88147		
28.66		0.88141		
28.67		0.88136		
28.68		0.88131		
28.69		0.88125		
28.7		0.8812		
28.71		0.88115		
28.72		0.88109		
28.73		0.88104		
28.74		0.88098		
28.75		0.88093		
28.76		0.88088		
28.77		0.88082		
28.78		0.88077		
28.79		0.88072		
28.8		0.88066		
28.81		0.88061		
28.82		0.88055		
28.83		0.8805		
28.84		0.88045		
28.85		0.88039		
28.86		0.88034		
28.87		0.88029		
28.88		0.88023		
28.89		0.88018		
28.9		0.88013		
28.91		0.88007		
28.92		0.88002		
28.93		0.87997		
28.94		0.87992		
28.95		0.87986		
28.96		0.87981		
28.97		0.87976		
28.98		0.8797		
28.99		0.87965		
29		0.8796		
29.01		0.87954		
29.02		0.87949		
29.03		0.87944		
29.04		0.87938		
29.05		0.87933		
29.06		0.87928		
29.07		0.87923		
29.08		0.87917		
29.09		0.87912		
29.1		0.87907		
29.11		0.87902		
29.12		0.87896		
29.13		0.87891		
29.14		0.87886		
29.15		0.8788		
29.16		0.87875		
29.17		0.8787		
29.18		0.87865		
29.19		0.87859		
29.2		0.87854		
29.21		0.87849		
29.22		0.87844		
29.23		0.87839		
29.24		0.87833		
29.25		0.87828		
29.26		0.87823		
29.27		0.87818		
29.28		0.87812		
29.29		0.87807		
29.3		0.87802		
29.31		0.87797		
29.32		0.87792		
29.33		0.87786		
29.34		0.87781		
29.35		0.87776		
29.36		0.87771		
29.37		0.87765		
29.38		0.8776		
29.39		0.87755		
29.4		0.8775		
29.41		0.87745		
29.42		0.8774		
29.43		0.87734		
29.44		0.87729		
29.45		0.87724		
29.46		0.87719		
29.47		0.87714		
29.48		0.87708		
29.49		0.87703		
29.5		0.87698		
29.51		0.87693		
29.52		0.87688		
29.53		0.87683		
29.54		0.87678		
29.55		0.87672		
29.56		0.87667		
29.57		0.87662		
29.58		0.87657		
29.59		0.87652		
29.6		0.87647		
29.61		0.87642		
29.62		0.87636		
29.63		0.87631		
29.64		0.87626		
29.65		0.87621		
29.66		0.87616		
29.67		0.87611		
29.68		0.87606		
29.69		0.87601		
29.7		0.87595		
29.71		0.8759		
29.72		0.87585		
29.73		0.8758		
29.74		0.87575		
29.75		0.8757		
29.76		0.87565		
29.77		0.8756		
29.78		0.87555		
29.79		0.8755		
29.8		0.87544		
29.81		0.87539		
29.82		0.87534		
29.83		0.87529		
29.84		0.87524		
29.85		0.87519		
29.86		0.87514		
29.87		0.87509		
29.88		0.87504		
29.89		0.87499		
29.9		0.87494		
29.91		0.87489		
29.92		0.87484		
29.93		0.87479		
29.94		0.87474		
29.95		0.87468		
29.96		0.87463		
29.97		0.87458		
29.98		0.87453		
29.99		0.87448		
30		0.87443		
